2 0 Left-Cerebral-White-Matter 245 245 245 255
4 1 Left-Lateral-Ventricle 120 18 134 255
3 2 Left-Cerebral-Cortex 205 62 78 255
0 3 Unknown 0 0 0 255
8 4 Left-Cerebellum-Cortex 230 148 34 255
7 5 Left-Cerebellum-White-Matter 220 248 164 255
16 6 Brain-Stem 119 159 176 255
31 7 Left-choroid-plexus 0 200 200 255
12 8 Left-Putamen 236 13 176 255
13 9 Left-Pallidum 12 48 255 255
11 10 Left-Caudate 122 186 220 255
26 11 Left-Accumbens-area 255 165 0 255
8115 12 Left-MGN 170 255 127 255
8109 13 Left-LGN 0 0 127 255
8121 14 Left-PuI 170 170 255 255
8123 15 Left-PuM 170 255 255 255
8111 16 Left-L-Sg 170 85 127 255
8133 17 Left-VPL 255 0 255 255
8106 18 Left-CM 170 170 0 255
8128 19 Left-VLa 85 170 0 255
8120 20 Left-PuA 0 170 255 255
8113 21 Left-MDm 170 170 127 255
8118 22 Left-Pf 0 85 255 255
8127 23 Left-VAmc 255 85 0 255
8112 24 Left-MDl 0 170 127 255
8104 25 Left-CeM 170 85 0 255
8126 26 Left-VA 85 85 0 255
8116 27 Left-MV(Re) 0 0 255 255
8125 28 Left-R 255 0 0 255
8130 29 Left-VM 85 255 0 255
8105 30 Left-CL 0 170 0 255
8122 31 Left-PuL 0 255 255 255
8119 32 Left-Pt 170 85 255 255
8103 33 Left-AV 0 85 0 255
8117 34 Left-Pc 170 0 255 255
8129 35 Left-VLp 255 170 0 255
8110 36 Left-LP 0 85 127 255
8209 37 Right-LGN 0 0 127 255
8215 38 Right-MGN 170 255 127 255
8221 39 Right-PuI 170 170 255 255
8223 40 Right-PuM 170 255 255 255
8211 41 Right-L-Sg 170 85 127 255
8233 42 Right-VPL 255 0 255 255
8206 43 Right-CM 170 170 0 255
8228 44 Right-VLa 85 170 0 255
8220 45 Right-PuA 0 170 255 255
8213 46 Right-MDm 170 170 127 255
8218 47 Right-Pf 0 85 255 255
8227 48 Right-VAmc 255 85 0 255
8212 49 Right-MDl 0 170 127 255
8225 50 Right-R 255 0 0 255
8226 51 Right-VA 85 85 0 255
8216 52 Right-MV(Re) 0 0 255 255
8204 53 Right-CeM 170 85 0 255
8230 54 Right-VM 85 255 0 255
8222 55 Right-PuL 0 255 255 255
8205 56 Right-CL 0 170 0 255
8229 57 Right-VLp 255 170 0 255
8217 58 Right-Pc 170 0 255 255
8219 59 Right-Pt 170 85 255 255
8203 60 Right-AV 0 85 0 255
8210 61 Right-LP 0 85 127 255
8108 62 Left-LD 170 255 0 255
8208 63 Right-LD 170 255 0 255
28 64 Left-VentralDC 165 42 42 255
60 65 Right-VentralDC 165 42 42 255
