#!ascii label  , from subject fsaverage3 vox2ras=TkReg 
76
245  -26.351  -13.887  54.690 1.0000000000
249  -19.810  -11.206  57.545 1.0000000000
221  -12.142  -19.896  72.820 0.3750000000
218  -31.327  -16.433  67.684 1.0000000000
220  -14.951  -16.372  63.389 1.0000000000
0  -36.785  -18.600  64.821 0.7500000000
227  -5.951  -18.065  70.045 0.3750000000
226  -6.989  -19.480  62.275 0.6250000000
164  -39.713  -12.734  57.495 0.6250000000
225  -9.246  -9.684  64.947 0.6250000000
244  -34.842  -11.111  57.945 1.0000000000
17  -11.724  -11.072  68.315 0.7500000000
60  -9.102  -10.868  57.407 0.8750000000
230  -6.511  -20.967  52.513 0.7500000000
250  -19.270  -5.784  64.783 1.0000000000
1  -11.605  -8.900  47.883 0.1250000000
65  -29.200  -8.845  45.358 0.8750000000
248  -21.529  -5.443  47.364 0.8750000000
228  -5.494  -9.827  51.401 0.8750000000
44  -41.290  -11.839  48.578 0.6250000000
270  -39.541  -7.503  51.230 0.7500000000
273  -36.216  -1.208  45.191 0.7500000000
66  -19.251  0.055  56.352 0.8750000000
272  -47.637  -4.914  46.478 1.0000000000
260  -19.920  7.433  64.248 0.7500000000
170  -48.162  -10.415  44.162 0.8750000000
14  -52.971  -6.025  38.708 1.0000000000
268  -8.065  1.271  58.411 1.0000000000
72  -40.613  3.491  47.695 0.6250000000
276  -47.638  -2.154  35.279 0.3750000000
271  -49.781  -0.147  44.518 0.3750000000
261  -13.623  -0.283  68.771 0.8750000000
265  -7.052  0.199  65.964 1.0000000000
274  -37.603  5.663  55.381 0.3750000000
269  -9.928  1.807  49.610 0.7500000000
186  -56.964  -1.452  33.549 0.7500000000
246  -28.739  0.458  49.531 0.3750000000
462  -11.781  -1.848  41.690 0.1250000000
284  -37.464  4.851  38.815 0.1250000000
262  -19.901  13.551  53.366 0.3750000000
488  -10.538  8.612  42.520 0.1250000000
247  -23.327  5.700  47.990 0.1250000000
50  -58.558  1.466  26.088 0.1250000000
191  -59.491  1.081  17.843 0.2500000000
70  -10.989  10.690  62.434 0.7500000000
71  -9.798  11.350  50.461 0.6250000000
275  -49.793  2.588  28.940 0.5000000000
3  -57.103  -0.080  10.125 0.2500000000
263  -16.845  19.229  57.328 0.3750000000
267  -6.698  13.230  61.397 0.8750000000
277  -52.873  3.144  13.357 0.3750000000
490  -10.120  17.851  41.788 0.1250000000
264  -7.847  23.726  58.717 0.5000000000
266  -7.894  22.608  49.809 0.5000000000
259  -13.746  31.572  48.897 0.3750000000
58  -23.575  -16.925  65.218 1.0000000000
222  -19.028  -21.825  71.664 0.3750000000
219  -23.952  -22.803  64.614 0.5000000000
59  -10.623  -29.876  66.333 0.1250000000
229  -11.988  -19.270  46.326 0.2500000000
223  -14.968  -29.714  57.627 0.1250000000
19  -30.616  9.827  54.153 0.1250000000
282  -42.242  14.096  45.594 0.1250000000
283  -35.338  20.571  49.488 0.1250000000
236  -5.272  -29.462  70.990 0.1250000000
62  -5.403  -29.019  62.226 0.1250000000
231  -5.595  -29.579  53.153 0.1250000000
278  -52.446  4.034  22.002 0.3750000000
20  -6.530  34.702  49.948 0.3750000000
489  -7.552  29.410  39.523 0.1250000000
494  -6.935  43.898  37.910 0.1250000000
258  -9.276  43.154  45.351 0.1250000000
74  -36.490  0.803  30.982 0.1250000000
253  -24.342  12.949  44.878 0.1250000000
69  -22.291  25.339  52.286 0.1250000000
257  -18.945  35.077  44.974 0.1250000000
