#!ascii label  , from subject fsaverage3 vox2ras=TkReg 
31
297  -49.166  14.207  21.732 0.6999999881
78  -53.876  21.510  16.586 0.6999999881
296  -52.552  14.523  8.128 0.8999999762
293  -48.473  8.823  8.430 0.8999999762
77  -48.916  7.189  0.985 0.8000000119
294  -43.156  10.984  5.160 0.1000000015
295  -47.053  19.329  10.684 0.8000000119
292  -55.952  3.956  3.448 0.2000000030
323  -44.001  -0.086  12.984 0.1000000015
3  -57.103  -0.080  10.125 0.3000000119
277  -52.873  3.144  13.357 0.3000000119
73  -43.135  6.900  17.789 0.8000000119
298  -43.093  21.159  19.149 0.1000000015
191  -59.491  1.081  17.843 0.2000000030
319  -48.397  -4.052  8.269 0.1000000015
278  -52.446  4.034  22.002 0.2000000030
22  -37.618  15.984  9.297 0.1000000015
279  -38.241  3.472  23.633 0.2000000030
285  -38.646  13.729  35.778 0.1000000015
74  -36.490  0.803  30.982 0.1000000015
281  -33.829  13.193  28.347 0.1000000015
280  -37.152  14.875  22.523 0.3000000119
282  -42.242  14.096  45.594 0.1000000015
186  -56.964  -1.452  33.549 0.1000000015
50  -58.558  1.466  26.088 0.1000000015
275  -49.793  2.588  28.940 0.1000000015
14  -52.971  -6.025  38.708 0.1000000015
276  -47.638  -2.154  35.279 0.1000000015
310  -52.048  27.063  6.122 0.1000000015
301  -42.144  25.490  6.778 0.1000000015
308  -43.509  27.265  12.006 0.1000000015
