#!ascii label  , from subject fsaverage3 vox2ras=TkReg 
51
235  -15.183  -38.016  73.775 0.1000000015
199  -20.519  -43.719  61.670 0.1000000015
201  -22.521  -40.956  55.234 0.2000000030
15  -21.135  -34.619  69.129 0.3000000119
52  -36.691  -33.416  64.662 0.6000000238
55  -32.235  -47.263  57.839 0.2000000030
208  -36.258  -36.560  53.889 1.0000000000
196  -30.850  -30.261  63.096 0.4000000060
197  -39.742  -28.513  61.487 0.4000000060
210  -28.895  -36.964  52.583 0.2000000030
195  -28.447  -33.248  66.142 0.5000000000
211  -34.956  -43.957  52.470 0.3000000119
56  -31.201  -40.530  44.306 0.4000000060
198  -43.886  -31.261  58.586 0.8999999762
209  -37.945  -33.640  46.371 0.5000000000
194  -22.659  -31.512  65.867 0.6000000238
193  -29.819  -29.690  49.725 0.1000000015
12  -47.837  -27.169  53.375 1.0000000000
165  -45.877  -21.695  59.105 0.3000000119
171  -40.892  -29.214  41.965 0.8999999762
173  -49.696  -24.600  46.054 0.8000000119
45  -40.131  -34.497  35.599 0.3000000119
166  -49.430  -17.691  52.652 0.3000000119
172  -43.991  -28.005  34.190 0.3000000119
177  -52.162  -30.024  34.281 0.3000000119
47  -50.092  -23.634  37.383 0.3000000119
182  -55.892  -18.686  46.499 0.6000000238
179  -53.901  -24.033  30.849 0.5000000000
183  -58.154  -17.016  39.440 0.6999999881
184  -59.013  -15.508  30.579 0.6000000238
200  -27.382  -48.521  61.689 0.1000000015
53  -20.312  -51.686  58.430 0.1000000015
239  -17.861  -47.902  69.182 0.1000000015
213  -33.239  -36.451  37.339 0.2000000030
180  -48.580  -17.433  34.417 0.3000000119
224  -14.797  -34.998  66.079 0.1000000015
187  -59.416  -19.789  24.472 0.1000000015
188  -62.479  -8.937  26.052 0.1000000015
48  -55.990  -11.840  31.050 0.3000000119
49  -62.900  -14.738  18.339 0.1000000015
51  -21.758  -29.454  52.518 0.1000000015
212  -32.810  -46.438  43.520 0.1000000015
46  -57.549  -33.881  40.273 0.1000000015
176  -48.949  -36.219  39.554 0.1000000015
215  -35.572  -44.085  37.685 0.1000000015
216  -40.893  -42.727  38.569 0.1000000015
178  -60.346  -30.099  32.999 0.1000000015
13  -57.928  -26.521  26.602 0.1000000015
349  -57.421  -37.518  34.923 0.1000000015
350  -61.426  -32.846  26.295 0.1000000015
345  -59.144  -27.301  18.358 0.1000000015
