#!ascii label  , from subject fsaverage3 vox2ras=TkReg 
36
235  -15.183  -38.016  73.775 0.4444440007
224  -14.797  -34.998  66.079 0.5555559993
15  -21.135  -34.619  69.129 0.4444440007
52  -36.691  -33.416  64.662 0.7777780294
196  -30.850  -30.261  63.096 0.6666669846
197  -39.742  -28.513  61.487 0.8888890147
195  -28.447  -33.248  66.142 0.7777780294
194  -22.659  -31.512  65.867 0.6666669846
201  -22.521  -40.956  55.234 0.1111110002
198  -43.886  -31.261  58.586 0.8888890147
165  -45.877  -21.695  59.105 0.8888890147
12  -47.837  -27.169  53.375 0.2222220004
173  -49.696  -24.600  46.054 0.3333329856
166  -49.430  -17.691  52.652 0.8888890147
182  -55.892  -18.686  46.499 1.0000000000
47  -50.092  -23.634  37.383 0.2222220004
183  -58.154  -17.016  39.440 0.6666669846
184  -59.013  -15.508  30.579 0.2222220004
48  -55.990  -11.840  31.050 0.2222220004
188  -62.479  -8.937  26.052 0.2222220004
187  -59.416  -19.789  24.472 0.2222220004
210  -28.895  -36.964  52.583 0.1111110002
42  -39.032  -27.171  49.576 0.1111110002
167  -38.906  -22.046  44.982 0.2222220004
180  -48.580  -17.433  34.417 0.3333329856
43  -42.244  -22.358  39.210 0.3333329856
172  -43.991  -28.005  34.190 0.1111110002
49  -62.900  -14.738  18.339 0.1111110002
190  -61.939  -8.674  10.813 0.1111110002
189  -57.689  -9.138  16.917 0.1111110002
234  -7.409  -39.013  71.010 0.1111110002
199  -20.519  -43.719  61.670 0.2222220004
179  -53.901  -24.033  30.849 0.1111110002
63  -14.477  -41.619  72.129 0.1111110002
239  -17.861  -47.902  69.182 0.1111110002
345  -59.144  -27.301  18.358 0.1111110002
