#!ascii label  , from subject fsaverage3 vox2ras=TkReg 
35
234  -7.409  -39.013  71.010 0.3333329856
224  -14.797  -34.998  66.079 0.5555559993
237  -4.448  -41.686  64.699 0.2222220004
236  -5.272  -29.462  70.990 0.2222220004
59  -10.623  -29.876  66.333 0.7777780294
223  -14.968  -29.714  57.627 0.7777780294
51  -21.758  -29.454  52.518 0.6666669846
42  -39.032  -27.171  49.576 0.2222220004
193  -29.819  -29.690  49.725 0.8888890147
162  -34.947  -24.595  50.756 0.8888890147
192  -28.468  -23.454  56.918 0.1111110002
163  -32.786  -19.292  47.535 0.5555559993
167  -38.906  -22.046  44.982 0.6666669846
168  -34.573  -16.895  38.538 1.0000000000
43  -42.244  -22.358  39.210 1.0000000000
44  -41.290  -11.839  48.578 0.1111110002
169  -39.691  -13.522  33.814 1.0000000000
180  -48.580  -17.433  34.417 0.7777780294
181  -45.536  -8.778  27.254 0.8888890147
48  -55.990  -11.840  31.050 0.6666669846
185  -51.273  -8.446  21.301 0.6666669846
14  -52.971  -6.025  38.708 0.1111110002
194  -22.659  -31.512  65.867 0.6666669846
170  -48.162  -10.415  44.162 0.1111110002
189  -57.689  -9.138  16.917 0.4444440007
191  -59.491  1.081  17.843 0.3333329856
3  -57.103  -0.080  10.125 0.1111110002
196  -30.850  -30.261  63.096 0.1111110002
197  -39.742  -28.513  61.487 0.2222220004
219  -23.952  -22.803  64.614 0.1111110002
166  -49.430  -17.691  52.652 0.1111110002
188  -62.479  -8.937  26.052 0.1111110002
186  -56.964  -1.452  33.549 0.1111110002
190  -61.939  -8.674  10.813 0.1111110002
50  -58.558  1.466  26.088 0.2222220004
