#!ascii label  , from subject fsaverage3 vox2ras=TkReg 
47
234  -7.409  -39.013  71.010 0.2222220004
235  -15.183  -38.016  73.775 0.3333329856
224  -14.797  -34.998  66.079 0.5555559993
15  -21.135  -34.619  69.129 0.4444440007
194  -22.659  -31.512  65.867 0.8888890147
195  -28.447  -33.248  66.142 0.3333329856
196  -30.850  -30.261  63.096 0.4444440007
197  -39.742  -28.513  61.487 0.3333329856
223  -14.968  -29.714  57.627 0.5555559993
193  -29.819  -29.690  49.725 1.0000000000
51  -21.758  -29.454  52.518 0.6666669846
42  -39.032  -27.171  49.576 0.8888890147
165  -45.877  -21.695  59.105 0.4444440007
167  -38.906  -22.046  44.982 1.0000000000
166  -49.430  -17.691  52.652 0.4444440007
43  -42.244  -22.358  39.210 0.7777780294
182  -55.892  -18.686  46.499 0.2222220004
180  -48.580  -17.433  34.417 0.7777780294
48  -55.990  -11.840  31.050 0.6666669846
181  -45.536  -8.778  27.254 0.4444440007
183  -58.154  -17.016  39.440 0.4444440007
185  -51.273  -8.446  21.301 0.4444440007
184  -59.013  -15.508  30.579 0.3333329856
188  -62.479  -8.937  26.052 0.3333329856
59  -10.623  -29.876  66.333 0.1111110002
189  -57.689  -9.138  16.917 0.6666669846
49  -62.900  -14.738  18.339 0.4444440007
52  -36.691  -33.416  64.662 0.2222220004
190  -61.939  -8.674  10.813 0.3333329856
198  -43.886  -31.261  58.586 0.1111110002
169  -39.691  -13.522  33.814 0.1111110002
168  -34.573  -16.895  38.538 0.1111110002
50  -58.558  1.466  26.088 0.1111110002
318  -53.649  -6.987  9.449 0.1111110002
344  -56.040  -15.522  14.672 0.1111110002
191  -59.491  1.081  17.843 0.1111110002
163  -32.786  -19.292  47.535 0.1111110002
13  -57.928  -26.521  26.602 0.1111110002
350  -61.426  -32.846  26.295 0.1111110002
178  -60.346  -30.099  32.999 0.1111110002
187  -59.416  -19.789  24.472 0.1111110002
179  -53.901  -24.033  30.849 0.1111110002
177  -52.162  -30.024  34.281 0.1111110002
47  -50.092  -23.634  37.383 0.1111110002
237  -4.448  -41.686  64.699 0.1111110002
236  -5.272  -29.462  70.990 0.1111110002
3  -57.103  -0.080  10.125 0.1111110002
