#!ascii label  , from subject fsaverage3 vox2ras=TkReg 
27
78  -53.876  21.510  16.586 0.6000000238
296  -52.552  14.523  8.128 0.4000000060
295  -47.053  19.329  10.684 0.4000000060
310  -52.048  27.063  6.122 0.8000000119
308  -43.509  27.265  12.006 1.0000000000
311  -45.066  35.225  4.781 0.8999999762
81  -49.430  30.745  -1.785 0.6999999881
301  -42.144  25.490  6.778 0.3000000119
298  -43.093  21.159  19.149 0.2000000030
297  -49.166  14.207  21.732 0.1000000015
73  -43.135  6.900  17.789 0.1000000015
280  -37.152  14.875  22.523 0.1000000015
300  -37.455  29.918  2.808 0.3000000119
305  -47.174  34.058  -8.466 0.2000000030
307  -43.759  37.625  -4.450 0.6999999881
22  -37.618  15.984  9.297 0.1000000015
82  -34.581  36.633  11.770 0.2000000030
312  -40.288  44.806  3.297 0.2000000030
299  -32.912  21.731  12.090 0.1000000015
79  -28.274  26.406  7.528 0.1000000015
309  -43.387  31.059  20.468 0.2000000030
313  -40.750  38.128  20.997 0.1000000015
315  -37.094  46.753  12.329 0.1000000015
314  -34.671  51.813  2.878 0.1000000015
306  -43.392  43.171  -13.208 0.1000000015
316  -35.969  45.756  19.139 0.1000000015
293  -48.473  8.823  8.430 0.1000000015
