#!ascii label  , from subject fsaverage3 vox2ras=TkReg 
45
237  -4.448  -41.686  64.699 0.1250000000
236  -5.272  -29.462  70.990 0.1250000000
234  -7.409  -39.013  71.010 0.1250000000
62  -5.403  -29.019  62.226 0.2500000000
59  -10.623  -29.876  66.333 0.1250000000
224  -14.797  -34.998  66.079 0.1250000000
233  -8.224  -38.331  56.590 0.3750000000
231  -5.595  -29.579  53.153 0.3750000000
227  -5.951  -18.065  70.045 1.0000000000
226  -6.989  -19.480  62.275 0.7500000000
221  -12.142  -19.896  72.820 1.0000000000
218  -31.327  -16.433  67.684 0.7500000000
230  -6.511  -20.967  52.513 0.7500000000
0  -36.785  -18.600  64.821 1.0000000000
219  -23.952  -22.803  64.614 0.7500000000
222  -19.028  -21.825  71.664 0.6250000000
223  -14.968  -29.714  57.627 0.2500000000
225  -9.246  -9.684  64.947 0.5000000000
164  -39.713  -12.734  57.495 0.7500000000
229  -11.988  -19.270  46.326 0.1250000000
60  -9.102  -10.868  57.407 0.7500000000
44  -41.290  -11.839  48.578 0.5000000000
228  -5.494  -9.827  51.401 0.2500000000
270  -39.541  -7.503  51.230 0.2500000000
272  -47.637  -4.914  46.478 0.1250000000
170  -48.162  -10.415  44.162 0.6250000000
14  -52.971  -6.025  38.708 0.7500000000
163  -32.786  -19.292  47.535 0.6250000000
192  -28.468  -23.454  56.918 0.5000000000
168  -34.573  -16.895  38.538 0.2500000000
186  -56.964  -1.452  33.549 0.5000000000
244  -34.842  -11.111  57.945 0.3750000000
58  -23.575  -16.925  65.218 0.2500000000
245  -26.351  -13.887  54.690 0.1250000000
249  -19.810  -11.206  57.545 0.1250000000
162  -34.947  -24.595  50.756 0.6250000000
220  -14.951  -16.372  63.389 0.3750000000
169  -39.691  -13.522  33.814 0.5000000000
181  -45.536  -8.778  27.254 0.2500000000
185  -51.273  -8.446  21.301 0.2500000000
50  -58.558  1.466  26.088 0.1250000000
189  -57.689  -9.138  16.917 0.1250000000
17  -11.724  -11.072  68.315 0.2500000000
191  -59.491  1.081  17.843 0.1250000000
3  -57.103  -0.080  10.125 0.1250000000
