#label , from subject ??
578
35  -11.668  53.893  1.293 0.0000000000
130  -7.060  39.154  12.291 0.0000000000
131  -5.983  35.819  -8.364 0.0000000000
500  -12.951  31.731  22.058 0.0000000000
501  -6.624  28.482  17.465 0.0000000000
503  -13.259  43.669  16.818 0.0000000000
504  -11.476  44.384  5.058 0.0000000000
506  -12.385  43.365  -3.105 0.0000000000
507  -6.486  39.848  0.621 0.0000000000
523  -6.533  51.164  -9.185 0.0000000000
527  -9.614  40.297  -13.086 0.0000000000
530  -8.458  28.612  -14.169 0.0000000000
33  -5.769  16.687  23.435 0.0000000000
120  -8.194  5.416  37.058 0.0000000000
127  -11.640  25.576  32.920 0.0000000000
464  -4.540  12.859  31.143 0.0000000000
465  -5.069  3.933  29.195 0.0000000000
488  -10.538  8.612  42.520 0.0000000000
490  -10.120  17.851  41.788 0.0000000000
491  -11.742  14.553  34.492 0.0000000000
492  -8.316  22.684  27.535 0.0000000000
1  -11.605  -8.900  47.883 0.0000000000
116  -7.958  -20.076  38.917 0.0000000000
229  -11.988  -19.270  46.326 0.0000000000
447  -13.200  -13.153  40.856 0.0000000000
448  -16.583  -23.399  38.235 0.0000000000
462  -11.781  -1.848  41.690 0.0000000000
463  -6.615  -7.251  40.906 0.0000000000
466  -4.073  -0.468  34.038 0.0000000000
467  -3.636  -14.174  35.850 0.0000000000
132  -16.448  58.963  -5.458 0.0000000000
135  -3.749  48.273  -22.542 0.0000000000
511  -28.555  52.177  -5.300 0.0000000000
512  -22.764  51.107  0.820 0.0000000000
513  -16.914  61.954  2.821 0.0000000000
514  -7.227  64.789  -3.921 0.0000000000
522  -6.246  59.739  -17.401 0.0000000000
524  -21.026  57.201  -13.497 0.0000000000
525  -12.558  48.361  -21.318 0.0000000000
145  -42.375  -81.928  -13.347 0.0000000000
567  -39.839  -69.905  -6.939 0.0000000000
568  -39.419  -75.650  -15.124 0.0000000000
569  -40.813  -60.097  -11.132 0.0000000000
59  -10.623  -29.876  66.333 0.0000000000
62  -5.403  -29.019  62.226 0.0000000000
63  -14.477  -41.619  72.129 0.0000000000
231  -5.595  -29.579  53.153 0.0000000000
233  -8.224  -38.331  56.590 0.0000000000
234  -7.409  -39.013  71.010 0.0000000000
235  -15.183  -38.016  73.775 0.0000000000
236  -5.272  -29.462  70.990 0.0000000000
237  -4.448  -41.686  64.699 0.0000000000
238  -15.715  -43.940  64.305 0.0000000000
241  -10.220  -51.467  68.683 0.0000000000
3  -57.103  -0.080  10.125 0.0000000000
49  -62.900  -14.738  18.339 0.0000000000
50  -58.558  1.466  26.088 0.0000000000
84  -47.626  -13.752  17.810 0.0000000000
187  -59.416  -19.789  24.472 0.0000000000
188  -62.479  -8.937  26.052 0.0000000000
189  -57.689  -9.138  16.917 0.0000000000
190  -61.939  -8.674  10.813 0.0000000000
191  -59.491  1.081  17.843 0.0000000000
318  -53.649  -6.987  9.449 0.0000000000
344  -56.040  -15.522  14.672 0.0000000000
346  -53.654  -20.013  21.643 0.0000000000
347  -45.973  -20.832  19.209 0.0000000000
32  -4.029  -33.392  30.695 0.0000000000
119  -5.264  -50.593  18.583 0.0000000000
450  -5.060  -26.335  37.205 0.0000000000
451  -4.818  -35.016  40.991 0.0000000000
458  -4.749  -43.056  27.392 0.0000000000
479  -8.353  -34.538  27.362 0.0000000000
126  -9.796  -46.760  6.501 0.0000000000
31  -13.008  -92.719  3.053 0.0000000000
112  -3.918  -76.238  21.026 0.0000000000
113  -12.083  -97.438  13.913 0.0000000000
427  -4.148  -73.039  11.445 0.0000000000
428  -11.367  -87.240  7.483 0.0000000000
429  -2.924  -86.270  11.489 0.0000000000
432  -5.286  -82.750  32.081 0.0000000000
433  -7.043  -86.800  18.835 0.0000000000
434  -5.191  -98.694  8.479 0.0000000000
77  -48.916  7.189  0.985 0.0000000000
292  -55.952  3.956  3.448 0.0000000000
293  -48.473  8.823  8.430 0.0000000000
294  -43.156  10.984  5.160 0.0000000000
295  -47.053  19.329  10.684 0.0000000000
296  -52.552  14.523  8.128 0.0000000000
297  -49.166  14.207  21.732 0.0000000000
319  -48.397  -4.052  8.269 0.0000000000
81  -49.430  30.745  -1.785 0.0000000000
300  -37.455  29.918  2.808 0.0000000000
301  -42.144  25.490  6.778 0.0000000000
305  -47.174  34.058  -8.466 0.0000000000
307  -43.759  37.625  -4.450 0.0000000000
310  -52.048  27.063  6.122 0.0000000000
311  -45.066  35.225  4.781 0.0000000000
72  -40.613  3.491  47.695 0.0000000000
75  -39.550  22.839  39.505 0.0000000000
76  -39.176  37.006  28.925 0.0000000000
82  -34.581  36.633  11.770 0.0000000000
83  -30.412  47.692  9.865 0.0000000000
273  -36.216  -1.208  45.191 0.0000000000
274  -37.603  5.663  55.381 0.0000000000
282  -42.242  14.096  45.594 0.0000000000
283  -35.338  20.571  49.488 0.0000000000
284  -37.464  4.851  38.815 0.0000000000
285  -38.646  13.729  35.778 0.0000000000
286  -44.896  23.292  32.335 0.0000000000
287  -32.014  28.057  40.650 0.0000000000
288  -45.286  30.536  26.427 0.0000000000
289  -38.565  28.892  32.867 0.0000000000
290  -30.460  34.200  34.465 0.0000000000
312  -40.288  44.806  3.297 0.0000000000
313  -40.750  38.128  20.997 0.0000000000
314  -34.671  51.813  2.878 0.0000000000
315  -37.094  46.753  12.329 0.0000000000
316  -35.969  45.756  19.139 0.0000000000
17  -11.724  -11.072  68.315 0.0000000000
20  -6.530  34.702  49.948 0.0000000000
60  -9.102  -10.868  57.407 0.0000000000
68  -15.088  46.575  38.698 0.0000000000
70  -10.989  10.690  62.434 0.0000000000
71  -9.798  11.350  50.461 0.0000000000
128  -14.566  60.798  12.085 0.0000000000
129  -8.661  50.680  25.078 0.0000000000
221  -12.142  -19.896  72.820 0.0000000000
225  -9.246  -9.684  64.947 0.0000000000
226  -6.989  -19.480  62.275 0.0000000000
227  -5.951  -18.065  70.045 0.0000000000
228  -5.494  -9.827  51.401 0.0000000000
230  -6.511  -20.967  52.513 0.0000000000
250  -19.270  -5.784  64.783 0.0000000000
256  -18.289  36.203  34.560 0.0000000000
257  -18.945  35.077  44.974 0.0000000000
258  -9.276  43.154  45.351 0.0000000000
259  -13.746  31.572  48.897 0.0000000000
260  -19.920  7.433  64.248 0.0000000000
261  -13.623  -0.283  68.771 0.0000000000
263  -16.845  19.229  57.328 0.0000000000
264  -7.847  23.726  58.717 0.0000000000
265  -7.052  0.199  65.964 0.0000000000
266  -7.894  22.608  49.809 0.0000000000
267  -6.698  13.230  61.397 0.0000000000
268  -8.065  1.271  58.411 0.0000000000
269  -9.928  1.807  49.610 0.0000000000
489  -7.552  29.410  39.523 0.0000000000
493  -7.945  54.253  34.813 0.0000000000
494  -6.935  43.898  37.910 0.0000000000
496  -13.482  53.491  24.667 0.0000000000
497  -7.990  61.299  20.745 0.0000000000
498  -8.717  63.239  7.644 0.0000000000
499  -9.390  53.816  13.072 0.0000000000
502  -6.832  37.827  28.475 0.0000000000
10  -36.338  -85.401  -2.178 0.0000000000
98  -44.391  -75.948  14.787 0.0000000000
106  -36.244  -83.424  26.565 0.0000000000
107  -29.270  -92.966  9.675 0.0000000000
376  -40.907  -81.082  6.552 0.0000000000
377  -42.923  -80.956  0.280 0.0000000000
378  -47.906  -74.393  6.767 0.0000000000
409  -42.192  -79.217  21.258 0.0000000000
411  -36.325  -86.945  14.734 0.0000000000
412  -35.629  -81.780  9.831 0.0000000000
413  -26.982  -85.702  1.691 0.0000000000
435  -21.773  -97.961  13.487 0.0000000000
439  -28.246  -95.352  -4.970 0.0000000000
565  -39.655  -87.356  -7.787 0.0000000000
566  -43.976  -74.001  -5.374 0.0000000000
109  -16.820  -86.627  36.611 0.0000000000
418  -17.302  -76.272  42.215 0.0000000000
419  -21.008  -78.819  39.017 0.0000000000
420  -21.544  -86.212  25.868 0.0000000000
430  -10.385  -90.520  27.869 0.0000000000
431  -16.579  -91.552  17.999 0.0000000000
39  -42.707  -64.533  -18.900 0.0000000000
148  -35.582  -43.868  -21.853 0.0000000000
574  -41.763  -48.318  -15.371 0.0000000000
576  -38.799  -53.531  -19.972 0.0000000000
577  -43.014  -38.955  -21.490 0.0000000000
578  -42.937  -30.965  -20.792 0.0000000000
579  -35.574  -32.638  -25.753 0.0000000000
584  -30.791  -79.357  -11.458 0.0000000000
593  -29.755  -68.888  -13.541 0.0000000000
597  -27.526  -58.537  -14.605 0.0000000000
600  -29.195  -42.779  -18.269 0.0000000000
40  -18.841  -57.969  -6.500 0.0000000000
149  -18.552  -89.236  -7.344 0.0000000000
151  -6.560  -80.136  -1.729 0.0000000000
581  -8.651  -96.571  -11.040 0.0000000000
585  -6.637  -81.117  3.385 0.0000000000
586  -5.444  -90.029  -3.465 0.0000000000
589  -3.751  -69.290  3.549 0.0000000000
590  -10.066  -59.267  -1.615 0.0000000000
591  -13.024  -70.989  -3.702 0.0000000000
592  -21.609  -80.030  -6.119 0.0000000000
594  -10.218  -86.220  -12.742 0.0000000000
595  -16.305  -73.945  -10.446 0.0000000000
606  -16.012  -47.080  -7.247 0.0000000000
615  -20.063  -41.290  -10.045 0.0000000000
11  -35.547  -23.495  -23.120 0.0000000000
158  -22.053  -22.147  -22.158 0.0000000000
557  -33.492  -14.687  -31.242 0.0000000000
623  -28.282  -23.475  -26.960 0.0000000000
641  -22.389  -15.288  -30.476 0.0000000000
23  -38.455  50.720  -4.815 0.0000000000
36  -14.370  27.239  -21.473 0.0000000000
80  -45.323  32.183  -14.949 0.0000000000
133  -29.844  22.779  -20.519 0.0000000000
134  -23.027  42.606  -11.214 0.0000000000
306  -43.392  43.171  -13.208 0.0000000000
515  -34.472  37.758  -8.784 0.0000000000
516  -32.423  50.219  -11.242 0.0000000000
518  -37.999  26.967  -15.922 0.0000000000
519  -24.209  32.041  -10.074 0.0000000000
520  -19.346  24.221  -17.067 0.0000000000
521  -17.001  35.418  -20.692 0.0000000000
629  -23.788  14.083  -21.912 0.0000000000
630  -16.508  13.738  -21.652 0.0000000000
5  -16.173  -66.895  59.408 0.0000000000
53  -20.312  -51.686  58.430 0.0000000000
199  -20.519  -43.719  61.670 0.0000000000
200  -27.382  -48.521  61.689 0.0000000000
202  -20.204  -58.690  62.978 0.0000000000
203  -21.234  -62.816  56.384 0.0000000000
204  -27.116  -57.112  62.796 0.0000000000
239  -17.861  -47.902  69.182 0.0000000000
242  -14.584  -53.936  62.017 0.0000000000
243  -13.757  -60.266  59.602 0.0000000000
399  -15.866  -66.491  48.385 0.0000000000
414  -10.106  -70.514  53.312 0.0000000000
415  -14.656  -74.428  45.623 0.0000000000
96  -50.336  -61.945  36.300 0.0000000000
103  -38.499  -67.409  46.395 0.0000000000
366  -50.041  -54.444  40.720 0.0000000000
392  -46.667  -57.526  40.792 0.0000000000
395  -44.293  -65.098  42.850 0.0000000000
396  -39.374  -70.177  38.132 0.0000000000
404  -34.030  -78.170  39.271 0.0000000000
405  -42.266  -74.963  30.261 0.0000000000
4  -50.077  -48.913  44.899 0.0000000000
13  -57.928  -26.521  26.602 0.0000000000
46  -57.549  -33.881  40.273 0.0000000000
91  -49.278  -28.447  18.818 0.0000000000
92  -55.783  -50.919  30.844 0.0000000000
93  -51.677  -40.730  30.251 0.0000000000
175  -53.760  -41.475  46.230 0.0000000000
178  -60.346  -30.099  32.999 0.0000000000
184  -59.013  -15.508  30.579 0.0000000000
217  -45.448  -50.469  40.572 0.0000000000
345  -59.144  -27.301  18.358 0.0000000000
349  -57.421  -37.518  34.923 0.0000000000
350  -61.426  -32.846  26.295 0.0000000000
351  -52.078  -48.360  38.236 0.0000000000
352  -56.204  -44.100  38.302 0.0000000000
353  -57.886  -46.448  30.660 0.0000000000
354  -59.011  -51.703  22.573 0.0000000000
358  -51.001  -32.821  24.022 0.0000000000
367  -48.106  -54.109  31.533 0.0000000000
12  -47.837  -27.169  53.375 0.0000000000
15  -21.135  -34.619  69.129 0.0000000000
52  -36.691  -33.416  64.662 0.0000000000
165  -45.877  -21.695  59.105 0.0000000000
166  -49.430  -17.691  52.652 0.0000000000
173  -49.696  -24.600  46.054 0.0000000000
182  -55.892  -18.686  46.499 0.0000000000
183  -58.154  -17.016  39.440 0.0000000000
194  -22.659  -31.512  65.867 0.0000000000
195  -28.447  -33.248  66.142 0.0000000000
196  -30.850  -30.261  63.096 0.0000000000
197  -39.742  -28.513  61.487 0.0000000000
198  -43.886  -31.261  58.586 0.0000000000
0  -36.785  -18.600  64.821 0.0000000000
14  -52.971  -6.025  38.708 0.0000000000
44  -41.290  -11.839  48.578 0.0000000000
58  -23.575  -16.925  65.218 0.0000000000
164  -39.713  -12.734  57.495 0.0000000000
170  -48.162  -10.415  44.162 0.0000000000
186  -56.964  -1.452  33.549 0.0000000000
192  -28.468  -23.454  56.918 0.0000000000
218  -31.327  -16.433  67.684 0.0000000000
219  -23.952  -22.803  64.614 0.0000000000
220  -14.951  -16.372  63.389 0.0000000000
222  -19.028  -21.825  71.664 0.0000000000
244  -34.842  -11.111  57.945 0.0000000000
270  -39.541  -7.503  51.230 0.0000000000
271  -49.781  -0.147  44.518 0.0000000000
272  -47.637  -4.914  46.478 0.0000000000
64  -8.856  -55.366  59.899 0.0000000000
108  -7.308  -73.346  46.686 0.0000000000
115  -9.658  -54.801  44.786 0.0000000000
240  -7.660  -49.519  59.291 0.0000000000
416  -7.591  -72.581  39.765 0.0000000000
440  -9.688  -63.282  54.813 0.0000000000
441  -7.379  -48.609  50.934 0.0000000000
442  -7.102  -55.045  52.909 0.0000000000
443  -7.679  -63.132  47.051 0.0000000000
444  -6.441  -64.524  38.988 0.0000000000
453  -3.819  -66.522  30.178 0.0000000000
457  -4.981  -65.449  23.194 0.0000000000
459  -9.351  -52.721  24.382 0.0000000000
460  -6.123  -61.872  17.482 0.0000000000
526  -9.285  39.159  -20.429 0.0000000000
528  -7.990  26.355  -21.435 0.0000000000
529  -2.762  35.633  -26.488 0.0000000000
37  -53.715  -18.292  -26.574 0.0000000000
146  -47.712  -58.552  -7.824 0.0000000000
147  -48.957  -41.385  -23.889 0.0000000000
553  -53.544  -18.873  -34.914 0.0000000000
570  -54.496  -41.807  -21.335 0.0000000000
571  -55.685  -31.116  -28.504 0.0000000000
572  -56.735  -52.736  -15.765 0.0000000000
573  -49.553  -50.557  -14.802 0.0000000000
575  -49.644  -30.772  -26.354 0.0000000000
28  -59.627  -55.768  -1.636 0.0000000000
144  -58.999  -37.838  -16.181 0.0000000000
388  -63.188  -44.865  -2.638 0.0000000000
544  -62.148  -15.365  -21.153 0.0000000000
559  -59.000  -46.141  -8.692 0.0000000000
560  -62.168  -37.854  -11.060 0.0000000000
561  -65.223  -26.411  -15.469 0.0000000000
562  -55.324  -27.067  -18.926 0.0000000000
564  -53.839  -58.627  -7.576 0.0000000000
86  -53.557  -23.089  0.241 0.0000000000
87  -59.120  -6.977  -2.553 0.0000000000
95  -62.531  -33.942  4.647 0.0000000000
326  -49.235  -22.152  6.529 0.0000000000
328  -64.321  -19.769  -0.082 0.0000000000
329  -58.094  -14.404  -5.380 0.0000000000
330  -59.902  -15.123  1.749 0.0000000000
331  -52.008  -13.611  2.112 0.0000000000
332  -55.987  -1.595  -4.426 0.0000000000
362  -63.574  -40.560  9.329 0.0000000000
363  -61.604  -33.434  9.206 0.0000000000
364  -63.813  -26.416  5.635 0.0000000000
365  -59.155  -28.763  -0.982 0.0000000000
540  -55.094  7.275  -11.911 0.0000000000
26  -61.879  -48.149  15.694 0.0000000000
355  -55.702  -48.336  22.649 0.0000000000
359  -46.885  -43.249  22.184 0.0000000000
360  -58.398  -40.740  14.614 0.0000000000
24  -32.687  -32.063  17.437 0.0000000000
94  -48.277  -39.037  11.855 0.0000000000
320  -37.842  -23.410  20.355 0.0000000000
321  -33.076  -22.158  17.878 0.0000000000
325  -41.725  -30.147  6.361 0.0000000000
327  -36.344  -28.032  9.566 0.0000000000
348  -40.086  -30.643  21.937 0.0000000000
356  -40.895  -36.843  20.338 0.0000000000
357  -38.732  -37.148  10.431 0.0000000000
361  -49.165  -31.847  4.823 0.0000000000
114  -20.206  -100.153  -7.890 0.0000000000
436  -15.129  -98.287  -3.665 0.0000000000
437  -12.110  -102.125  3.025 0.0000000000
438  -21.818  -97.390  1.334 0.0000000000
580  -28.743  -93.812  -14.715 0.0000000000
582  -17.146  -96.571  -15.906 0.0000000000
583  -28.245  -86.204  -16.930 0.0000000000
38  -26.812  6.137  -35.882 0.0000000000
141  -38.992  -0.463  -39.145 0.0000000000
143  -31.485  -4.789  -33.733 0.0000000000
537  -35.010  13.264  -34.422 0.0000000000
546  -38.948  13.866  -36.323 0.0000000000
547  -30.372  8.690  -39.231 0.0000000000
548  -48.585  11.737  -23.996 0.0000000000
549  -47.860  3.190  -34.284 0.0000000000
550  -46.366  -8.606  -34.486 0.0000000000
551  -32.874  -2.384  -43.127 0.0000000000
552  -26.969  1.940  -39.756 0.0000000000
554  -43.610  -9.559  -41.804 0.0000000000
555  -37.253  -8.069  -34.639 0.0000000000
6  -20.952  -61.960  8.060 0.0000000000
111  -13.872  -79.568  11.855 0.0000000000
150  -15.125  -63.902  0.707 0.0000000000
424  -19.933  -60.254  14.712 0.0000000000
425  -20.350  -71.809  7.875 0.0000000000
461  -7.668  -58.384  10.484 0.0000000000
486  -7.445  -49.957  11.231 0.0000000000
487  -14.933  -54.549  8.209 0.0000000000
587  -26.141  -65.349  2.989 0.0000000000
588  -15.674  -74.497  2.822 0.0000000000
602  -21.997  -53.999  2.800 0.0000000000
605  -20.085  -52.010  -3.864 0.0000000000
42  -39.032  -27.171  49.576 0.0000000000
43  -42.244  -22.358  39.210 0.0000000000
48  -55.990  -11.840  31.050 0.0000000000
51  -21.758  -29.454  52.518 0.0000000000
162  -34.947  -24.595  50.756 0.0000000000
163  -32.786  -19.292  47.535 0.0000000000
167  -38.906  -22.046  44.982 0.0000000000
168  -34.573  -16.895  38.538 0.0000000000
169  -39.691  -13.522  33.814 0.0000000000
180  -48.580  -17.433  34.417 0.0000000000
181  -45.536  -8.778  27.254 0.0000000000
185  -51.273  -8.446  21.301 0.0000000000
193  -29.819  -29.690  49.725 0.0000000000
223  -14.968  -29.714  57.627 0.0000000000
224  -14.797  -34.998  66.079 0.0000000000
18  -16.034  -45.650  55.491 0.0000000000
61  -13.658  -28.457  46.767 0.0000000000
117  -9.924  -39.286  42.404 0.0000000000
232  -15.859  -37.039  50.585 0.0000000000
445  -18.493  -35.563  40.613 0.0000000000
446  -14.767  -44.527  46.206 0.0000000000
449  -11.333  -30.310  38.916 0.0000000000
8  -26.444  23.375  -6.365 0.0000000000
138  -34.382  4.472  -15.268 0.0000000000
302  -27.182  26.239  -0.125 0.0000000000
303  -38.766  26.594  -9.807 0.0000000000
343  -34.866  13.343  -3.471 0.0000000000
517  -32.017  22.714  -15.403 0.0000000000
532  -36.786  1.802  -11.077 0.0000000000
533  -30.418  14.512  -8.384 0.0000000000
631  -25.057  16.535  -15.800 0.0000000000
25  -48.425  -9.043  -10.749 0.0000000000
88  -41.766  -25.205  1.740 0.0000000000
90  -36.091  -2.930  -6.493 0.0000000000
137  -43.848  12.566  -25.576 0.0000000000
333  -46.666  -19.279  -5.126 0.0000000000
336  -32.940  -21.741  8.838 0.0000000000
337  -34.891  -19.819  0.496 0.0000000000
338  -36.405  -16.617  -7.268 0.0000000000
340  -40.086  -11.920  -14.369 0.0000000000
534  -48.844  3.121  -17.216 0.0000000000
535  -42.140  -4.569  -20.773 0.0000000000
536  -39.653  3.086  -25.914 0.0000000000
22  -37.618  15.984  9.297 0.0000000000
79  -28.274  26.406  7.528 0.0000000000
85  -35.977  -9.684  16.871 0.0000000000
89  -36.811  -5.486  6.320 0.0000000000
299  -32.912  21.731  12.090 0.0000000000
304  -36.069  32.370  -4.303 0.0000000000
322  -41.269  -11.412  18.540 0.0000000000
323  -44.001  -0.086  12.984 0.0000000000
324  -37.902  3.151  13.530 0.0000000000
334  -34.210  -8.042  11.604 0.0000000000
335  -32.318  7.935  12.944 0.0000000000
339  -30.405  10.956  8.176 0.0000000000
341  -36.935  -4.374  -0.122 0.0000000000
342  -31.701  12.843  1.616 0.0000000000
142  -45.071  -18.124  -30.889 0.0000000000
556  -40.782  -17.266  -23.380 0.0000000000
21  -37.587  24.337  24.562 0.0000000000
78  -53.876  21.510  16.586 0.0000000000
280  -37.152  14.875  22.523 0.0000000000
281  -33.829  13.193  28.347 0.0000000000
298  -43.093  21.159  19.149 0.0000000000
308  -43.509  27.265  12.006 0.0000000000
309  -43.387  31.059  20.468 0.0000000000
2  -22.416  42.807  23.559 0.0000000000
254  -25.117  37.204  32.535 0.0000000000
255  -21.780  47.152  32.829 0.0000000000
291  -30.016  35.696  22.492 0.0000000000
317  -26.806  46.628  16.182 0.0000000000
495  -23.095  55.491  21.876 0.0000000000
510  -24.056  54.554  9.898 0.0000000000
19  -30.616  9.827  54.153 0.0000000000
66  -19.251  0.055  56.352 0.0000000000
67  -25.759  27.445  33.305 0.0000000000
69  -22.291  25.339  52.286 0.0000000000
247  -23.327  5.700  47.990 0.0000000000
251  -29.157  17.067  42.018 0.0000000000
252  -20.763  22.905  38.981 0.0000000000
253  -24.342  12.949  44.878 0.0000000000
262  -19.901  13.551  53.366 0.0000000000
16  -27.714  -51.358  39.566 0.0000000000
54  -25.319  -58.315  53.131 0.0000000000
57  -40.114  -50.369  35.357 0.0000000000
104  -18.659  -68.242  38.409 0.0000000000
105  -27.659  -64.757  37.292 0.0000000000
205  -34.726  -54.811  58.763 0.0000000000
206  -27.211  -54.733  47.985 0.0000000000
207  -34.547  -50.689  52.075 0.0000000000
212  -32.810  -46.438  43.520 0.0000000000
214  -33.067  -50.321  32.967 0.0000000000
215  -35.572  -44.085  37.685 0.0000000000
393  -34.584  -58.825  37.128 0.0000000000
394  -40.079  -58.682  39.786 0.0000000000
397  -27.414  -61.867  45.618 0.0000000000
398  -28.783  -59.394  39.997 0.0000000000
400  -22.928  -63.273  48.966 0.0000000000
401  -22.065  -61.199  35.204 0.0000000000
402  -23.682  -71.855  26.965 0.0000000000
403  -28.783  -67.206  24.312 0.0000000000
406  -32.404  -68.401  42.975 0.0000000000
407  -31.576  -75.011  31.539 0.0000000000
99  -40.214  -68.240  -0.289 0.0000000000
380  -51.050  -62.126  -1.743 0.0000000000
563  -47.481  -65.121  -5.348 0.0000000000
29  -23.804  -78.704  16.999 0.0000000000
408  -32.746  -78.632  16.681 0.0000000000
410  -25.646  -86.854  13.131 0.0000000000
152  -27.560  -66.125  -5.194 0.0000000000
153  -35.278  -41.365  -10.726 0.0000000000
596  -23.143  -60.469  -7.809 0.0000000000
598  -28.107  -49.047  -5.178 0.0000000000
599  -32.341  -54.152  -9.554 0.0000000000
601  -36.845  -31.896  -18.224 0.0000000000
619  -24.076  -37.175  -14.800 0.0000000000
622  -26.261  -30.580  -20.538 0.0000000000
30  -11.737  -67.495  34.873 0.0000000000
110  -20.492  -61.981  22.137 0.0000000000
417  -17.776  -78.046  33.163 0.0000000000
421  -16.599  -63.837  28.958 0.0000000000
422  -15.324  -72.503  16.453 0.0000000000
423  -15.233  -76.766  23.567 0.0000000000
426  -14.692  -67.747  9.332 0.0000000000
121  -6.430  -9.632  31.311 0.0000000000
468  -6.775  -22.626  31.292 0.0000000000
478  -3.427  -22.407  27.417 0.0000000000
45  -40.131  -34.497  35.599 0.0000000000
47  -50.092  -23.634  37.383 0.0000000000
55  -32.235  -47.263  57.839 0.0000000000
56  -31.201  -40.530  44.306 0.0000000000
171  -40.892  -29.214  41.965 0.0000000000
172  -43.991  -28.005  34.190 0.0000000000
174  -46.506  -41.565  41.031 0.0000000000
176  -48.949  -36.219  39.554 0.0000000000
177  -52.162  -30.024  34.281 0.0000000000
179  -53.901  -24.033  30.849 0.0000000000
201  -22.521  -40.956  55.234 0.0000000000
208  -36.258  -36.560  53.889 0.0000000000
209  -37.945  -33.640  46.371 0.0000000000
210  -28.895  -36.964  52.583 0.0000000000
211  -34.956  -43.957  52.470 0.0000000000
213  -33.239  -36.451  37.339 0.0000000000
216  -40.893  -42.727  38.569 0.0000000000
73  -43.135  6.900  17.789 0.0000000000
74  -36.490  0.803  30.982 0.0000000000
275  -49.793  2.588  28.940 0.0000000000
276  -47.638  -2.154  35.279 0.0000000000
277  -52.873  3.144  13.357 0.0000000000
278  -52.446  4.034  22.002 0.0000000000
279  -38.241  3.472  23.633 0.0000000000
65  -29.200  -8.845  45.358 0.0000000000
245  -26.351  -13.887  54.690 0.0000000000
246  -28.739  0.458  49.531 0.0000000000
248  -21.529  -5.443  47.364 0.0000000000
249  -19.810  -11.206  57.545 0.0000000000
118  -11.918  -55.857  29.637 0.0000000000
452  -9.343  -55.164  36.822 0.0000000000
454  -10.879  -48.491  43.832 0.0000000000
455  -14.854  -44.675  36.281 0.0000000000
456  -8.954  -44.131  31.109 0.0000000000
9  -53.472  -22.487  -4.517 0.0000000000
27  -41.524  -67.886  27.374 0.0000000000
97  -44.155  -54.019  21.969 0.0000000000
100  -44.890  -63.681  10.138 0.0000000000
101  -48.558  -48.148  4.303 0.0000000000
102  -53.619  -39.218  -7.177 0.0000000000
139  -58.856  -18.946  -15.983 0.0000000000
140  -49.481  -0.013  -26.389 0.0000000000
368  -41.734  -63.692  33.838 0.0000000000
369  -37.907  -59.596  26.027 0.0000000000
370  -48.069  -59.329  28.392 0.0000000000
371  -51.664  -54.494  24.830 0.0000000000
372  -53.624  -52.904  18.370 0.0000000000
373  -43.343  -70.459  22.173 0.0000000000
374  -41.551  -70.409  11.813 0.0000000000
375  -41.663  -65.368  17.766 0.0000000000
379  -42.031  -64.849  5.567 0.0000000000
381  -53.320  -61.120  5.684 0.0000000000
382  -43.642  -49.685  12.924 0.0000000000
383  -54.179  -45.424  10.840 0.0000000000
384  -39.687  -57.691  14.525 0.0000000000
385  -50.045  -57.765  8.768 0.0000000000
386  -57.189  -53.304  2.279 0.0000000000
387  -52.287  -40.303  4.677 0.0000000000
389  -53.162  -44.824  -1.267 0.0000000000
390  -49.332  -36.098  -0.401 0.0000000000
391  -46.703  -30.777  -7.104 0.0000000000
539  -52.158  -3.330  -14.869 0.0000000000
541  -49.306  -21.261  -13.042 0.0000000000
542  -50.241  -12.691  -14.782 0.0000000000
543  -53.901  -9.409  -23.430 0.0000000000
545  -56.884  -6.225  -28.570 0.0000000000
558  -55.087  -28.391  -12.361 0.0000000000
