#!ascii label  , from subject fsaverage3 vox2ras=TkReg 
64
7  -3.604  9.386  -3.540 0.0000000000
34  -7.870  -30.806  8.601 0.0000000000
41  -35.074  -24.945  -10.816 0.0000000000
122  -1.079  18.477  8.644 0.0000000000
123  -2.101  -14.610  0.631 0.0000000000
124  -0.911  -7.520  16.247 0.0000000000
125  0.019  -35.708  21.862 0.0000000000
136  -4.376  21.275  -22.255 0.0000000000
154  -14.751  -40.801  -2.386 0.0000000000
155  -5.666  -16.885  -20.022 0.0000000000
156  -20.128  -32.191  -5.966 0.0000000000
157  -24.295  -34.352  -12.497 0.0000000000
159  -15.105  -3.609  -13.037 0.0000000000
160  -25.075  3.986  -12.962 0.0000000000
161  -34.157  -13.065  -25.691 0.0000000000
469  -0.614  19.248  17.018 0.0000000000
470  -0.843  4.641  12.910 0.0000000000
471  -0.636  5.804  21.586 0.0000000000
472  -0.849  14.492  1.416 0.0000000000
473  -2.994  -3.782  -1.473 0.0000000000
474  -1.349  1.559  5.006 0.0000000000
475  -2.998  -7.124  9.742 0.0000000000
476  -3.734  -23.604  4.740 0.0000000000
477  -3.388  -20.770  12.632 0.0000000000
480  -0.284  -7.788  26.361 0.0000000000
481  -0.513  -21.698  19.523 0.0000000000
482  -0.297  -32.892  12.042 0.0000000000
483  -7.061  -43.547  21.300 0.0000000000
484  -6.203  -37.729  5.675 0.0000000000
485  0.110  -42.917  11.657 0.0000000000
505  -2.780  31.092  9.514 0.0000000000
508  -0.861  29.097  -0.668 0.0000000000
509  -5.691  24.121  -5.540 0.0000000000
531  -6.577  16.799  -10.435 0.0000000000
538  -33.517  3.101  -27.945 0.0000000000
603  -16.932  -38.433  4.228 0.0000000000
604  -11.596  -44.217  1.511 0.0000000000
607  -7.309  -26.009  -4.762 0.0000000000
608  -11.887  -33.257  -1.615 0.0000000000
609  -2.194  -6.469  -10.339 0.0000000000
610  0.992  -20.719  -10.415 0.0000000000
611  -11.611  -23.407  -12.128 0.0000000000
612  -17.278  -22.054  -16.414 0.0000000000
613  -27.690  -29.212  -9.211 0.0000000000
614  -21.192  -39.079  -7.086 0.0000000000
616  -26.190  -38.573  2.334 0.0000000000
617  -33.495  -38.065  -3.998 0.0000000000
618  -37.566  -34.627  -12.047 0.0000000000
620  -35.869  -26.849  -17.891 0.0000000000
621  -24.881  -28.526  -16.773 0.0000000000
624  -6.115  1.445  -11.470 0.0000000000
625  -13.176  14.621  -14.084 0.0000000000
626  -8.355  9.651  -15.770 0.0000000000
627  -11.295  -9.503  -14.447 0.0000000000
628  -22.128  -16.341  -12.156 0.0000000000
632  -30.024  4.520  -14.180 0.0000000000
633  -33.079  -2.412  -21.817 0.0000000000
634  -28.523  -11.679  -13.604 0.0000000000
635  -38.827  -19.198  -17.942 0.0000000000
636  -19.753  0.358  -11.913 0.0000000000
637  -31.329  -7.169  -19.140 0.0000000000
638  -27.251  -4.050  -30.194 0.0000000000
639  -28.125  -18.907  -25.831 0.0000000000
640  -21.529  -7.870  -30.920 0.0000000000
