#!ascii label  , from subject fsaverage3 vox2ras=TkReg 
22
565  -39.655  -87.356  -7.787 0.1000000015
145  -42.375  -81.928  -13.347 0.1000000015
566  -43.976  -74.001  -5.374 0.2000000030
567  -39.839  -69.905  -6.939 0.1000000015
568  -39.419  -75.650  -15.124 0.1000000015
569  -40.813  -60.097  -11.132 0.1000000015
146  -47.712  -58.552  -7.824 0.1000000015
378  -47.906  -74.393  6.767 0.5000000000
377  -42.923  -80.956  0.280 0.5000000000
99  -40.214  -68.240  -0.289 0.5000000000
379  -42.031  -64.849  5.567 0.5000000000
376  -40.907  -81.082  6.552 0.1000000015
563  -47.481  -65.121  -5.348 0.1000000015
381  -53.320  -61.120  5.684 0.1000000015
380  -51.050  -62.126  -1.743 0.1000000015
374  -41.551  -70.409  11.813 0.3000000119
100  -44.890  -63.681  10.138 0.1000000015
10  -36.338  -85.401  -2.178 0.2000000030
412  -35.629  -81.780  9.831 0.1000000015
98  -44.391  -75.948  14.787 0.1000000015
439  -28.246  -95.352  -4.970 0.1000000015
580  -28.743  -93.812  -14.715 0.1000000015
