#!ascii label  , from subject fsaverage3 vox2ras=TkReg 
31
437  -12.110  -102.125  3.025 0.6999999881
434  -5.191  -98.694  8.479 0.6000000238
114  -20.206  -100.153  -7.890 0.4000000060
436  -15.129  -98.287  -3.665 0.8999999762
31  -13.008  -92.719  3.053 1.0000000000
581  -8.651  -96.571  -11.040 1.0000000000
582  -17.146  -96.571  -15.906 0.5000000000
429  -2.924  -86.270  11.489 1.0000000000
586  -5.444  -90.029  -3.465 1.0000000000
594  -10.218  -86.220  -12.742 0.3000000119
428  -11.367  -87.240  7.483 1.0000000000
427  -4.148  -73.039  11.445 1.0000000000
111  -13.872  -79.568  11.855 1.0000000000
585  -6.637  -81.117  3.385 1.0000000000
151  -6.560  -80.136  -1.729 0.6999999881
425  -20.350  -71.809  7.875 1.0000000000
588  -15.674  -74.497  2.822 1.0000000000
589  -3.751  -69.290  3.549 0.4000000060
426  -14.692  -67.747  9.332 0.8999999762
587  -26.141  -65.349  2.989 1.0000000000
150  -15.125  -63.902  0.707 1.0000000000
590  -10.066  -59.267  -1.615 0.1000000015
605  -20.085  -52.010  -3.864 0.2000000030
6  -20.952  -61.960  8.060 0.1000000015
602  -21.997  -53.999  2.800 0.1000000015
438  -21.818  -97.390  1.334 0.1000000015
149  -18.552  -89.236  -7.344 0.1000000015
580  -28.743  -93.812  -14.715 0.1000000015
439  -28.246  -95.352  -4.970 0.2000000030
113  -12.083  -97.438  13.913 0.1000000015
433  -7.043  -86.800  18.835 0.1000000015
