#!ascii label  , from subject fsaverage3 vox2ras=TkReg 
54
437  -12.110  -102.125  3.025 0.4000000060
114  -20.206  -100.153  -7.890 0.8000000119
434  -5.191  -98.694  8.479 0.3000000119
438  -21.818  -97.390  1.334 1.0000000000
581  -8.651  -96.571  -11.040 0.6999999881
439  -28.246  -95.352  -4.970 0.5000000000
582  -17.146  -96.571  -15.906 0.6000000238
113  -12.083  -97.438  13.913 0.8000000119
433  -7.043  -86.800  18.835 0.8999999762
149  -18.552  -89.236  -7.344 0.8999999762
429  -2.924  -86.270  11.489 0.8999999762
594  -10.218  -86.220  -12.742 0.6999999881
413  -26.982  -85.702  1.691 0.2000000030
583  -28.245  -86.204  -16.930 0.6000000238
10  -36.338  -85.401  -2.178 0.1000000015
112  -3.918  -76.238  21.026 0.8999999762
584  -30.791  -79.357  -11.458 0.2000000030
592  -21.609  -80.030  -6.119 0.5000000000
427  -4.148  -73.039  11.445 0.8999999762
151  -6.560  -80.136  -1.729 0.8000000119
595  -16.305  -73.945  -10.446 0.2000000030
422  -15.324  -72.503  16.453 0.8000000119
426  -14.692  -67.747  9.332 0.5000000000
424  -19.933  -60.254  14.712 0.8000000119
425  -20.350  -71.809  7.875 0.6999999881
589  -3.751  -69.290  3.549 0.8000000119
591  -13.024  -70.989  -3.702 0.6000000238
6  -20.952  -61.960  8.060 0.6000000238
587  -26.141  -65.349  2.989 0.4000000060
150  -15.125  -63.902  0.707 0.3000000119
590  -10.066  -59.267  -1.615 0.8000000119
602  -21.997  -53.999  2.800 0.8000000119
605  -20.085  -52.010  -3.864 0.6999999881
606  -16.012  -47.080  -7.247 0.3000000119
580  -28.743  -93.812  -14.715 0.6999999881
586  -5.444  -90.029  -3.465 0.5000000000
487  -14.933  -54.549  8.209 0.6999999881
436  -15.129  -98.287  -3.665 0.1000000015
430  -10.385  -90.520  27.869 0.3000000119
431  -16.579  -91.552  17.999 0.3000000119
435  -21.773  -97.961  13.487 0.2000000030
585  -6.637  -81.117  3.385 0.2000000030
432  -5.286  -82.750  32.081 0.1000000015
111  -13.872  -79.568  11.855 0.1000000015
428  -11.367  -87.240  7.483 0.1000000015
588  -15.674  -74.497  2.822 0.2000000030
107  -29.270  -92.966  9.675 0.2000000030
145  -42.375  -81.928  -13.347 0.2000000030
565  -39.655  -87.356  -7.787 0.2000000030
110  -20.492  -61.981  22.137 0.2000000030
596  -23.143  -60.469  -7.809 0.3000000119
40  -18.841  -57.969  -6.500 0.1000000015
423  -15.233  -76.766  23.567 0.1000000015
152  -27.560  -66.125  -5.194 0.1000000015
