#!ascii label  , from subject fsaverage3 vox2ras=TkReg 
37
198  5.073  -36.805  70.084 0.1111110002
52  12.693  -34.487  68.045 0.1111110002
12  3.024  -33.549  65.386 0.2222220004
196  14.614  -30.723  57.792 0.2222220004
197  9.707  -28.807  66.863 0.5555559993
194  23.253  -30.955  55.516 0.5555559993
224  31.529  -29.985  56.011 0.5555559993
223  27.631  -23.418  50.304 0.7777780294
51  21.884  -23.628  56.797 0.8888890147
59  33.792  -26.191  46.069 0.5555559993
234  41.661  -26.246  59.871 0.2222220004
236  40.976  -20.949  47.306 0.3333329856
222  36.756  -18.794  54.798 0.2222220004
221  32.386  -17.125  45.470 1.0000000000
227  37.006  -19.234  35.996 0.3333329856
62  49.344  -16.087  49.501 0.1111110002
17  40.651  -11.102  42.756 0.2222220004
219  35.323  -20.230  63.682 0.1111110002
225  41.235  -10.273  34.684 0.6666669846
195  21.196  -30.841  68.735 0.1111110002
226  46.270  -17.372  35.645 0.5555559993
60  45.483  -10.376  27.479 0.4444440007
228  54.734  -10.602  28.166 0.2222220004
1  62.937  -9.121  28.103 0.1111110002
269  57.743  -8.183  17.953 0.1111110002
268  52.613  -3.523  24.392 0.4444440007
71  59.719  4.835  23.249 0.1111110002
193  18.183  -23.057  66.284 0.1111110002
230  55.861  -11.768  39.082 0.1111110002
201  21.486  -35.794  61.952 0.1111110002
15  29.519  -31.261  69.279 0.1111110002
488  62.251  -5.623  11.434 0.2222220004
220  40.664  -9.810  53.320 0.1111110002
462  64.175  -12.927  20.517 0.1111110002
208  11.556  -37.618  76.434 0.1111110002
120  59.460  -12.083  17.735 0.1111110002
491  56.997  -6.285  11.055 0.1111110002
