#!ascii label  , from subject fsaverage3 vox2ras=TkReg 
42
165  5.443  -25.949  72.709 0.6250000000
197  9.707  -28.807  66.863 0.5000000000
12  3.024  -33.549  65.386 0.6250000000
42  13.100  -20.372  72.632 0.7500000000
166  5.657  -21.254  66.931 0.7500000000
173  7.083  -30.401  56.993 0.5000000000
193  18.183  -23.057  66.284 0.7500000000
162  20.494  -16.691  68.786 0.5000000000
192  28.467  -19.851  68.452 0.2500000000
182  6.228  -18.673  58.735 0.8750000000
196  14.614  -30.723  57.792 0.2500000000
47  8.119  -26.833  49.849 0.6250000000
51  21.884  -23.628  56.797 0.6250000000
219  35.323  -20.230  63.682 0.6250000000
179  15.182  -23.188  44.571 0.1250000000
222  36.756  -18.794  54.798 0.5000000000
183  6.637  -15.289  50.797 0.1250000000
221  32.386  -17.125  45.470 0.1250000000
220  40.664  -9.810  53.320 0.7500000000
58  38.993  -9.469  61.021 0.3750000000
17  40.651  -11.102  42.756 0.6250000000
225  41.235  -10.273  34.684 0.2500000000
261  51.852  -4.843  43.583 0.6250000000
265  53.039  -4.265  34.727 0.6250000000
268  52.613  -3.523  24.392 0.3750000000
267  56.049  4.477  31.715 0.3750000000
198  5.073  -36.805  70.084 0.1250000000
223  27.631  -23.418  50.304 0.1250000000
43  8.054  -9.089  65.812 0.5000000000
60  45.483  -10.376  27.479 0.1250000000
163  14.564  -11.143  62.358 0.2500000000
167  8.799  -14.031  68.809 0.6250000000
164  19.704  -7.759  59.109 0.1250000000
0  27.198  -14.101  60.787 0.1250000000
168  14.503  -2.497  68.092 0.1250000000
70  51.259  -0.486  37.351 0.1250000000
269  57.743  -8.183  17.953 0.1250000000
71  59.719  4.835  23.249 0.1250000000
218  32.829  -13.397  60.614 0.2500000000
180  8.371  -5.024  59.804 0.1250000000
250  46.131  -4.784  50.213 0.5000000000
171  7.455  -39.161  60.483 0.1250000000
