#!ascii label  , from subject fsaverage3 vox2ras=TkReg 
43
493  42.131  23.689  20.426 0.2000000030
494  41.686  14.103  20.814 0.5000000000
502  48.778  9.686  12.338 0.8000000119
129  50.540  20.423  18.840 0.8000000119
127  57.658  4.457  8.058 0.5000000000
500  53.079  6.108  1.265 0.5000000000
503  54.748  13.970  9.115 0.8000000119
68  44.671  24.066  28.801 0.2000000030
497  46.868  27.291  13.655 0.2000000030
504  45.537  16.804  8.377 0.6000000238
499  54.869  23.693  12.072 0.2000000030
35  48.940  26.210  4.660 0.2000000030
490  58.662  5.417  15.551 0.3000000119
489  48.315  4.102  17.494 0.3000000119
71  59.719  4.835  23.249 0.2000000030
266  49.627  4.748  25.527 0.3000000119
267  56.049  4.477  31.715 0.2000000030
20  37.579  6.292  23.681 0.2000000030
264  42.377  1.947  30.472 0.1000000015
263  37.599  3.880  37.604 0.1000000015
259  32.793  10.790  31.197 0.2000000030
70  51.259  -0.486  37.351 0.1000000015
258  35.496  17.510  24.606 0.3000000119
257  39.987  19.290  32.025 0.2000000030
492  51.180  -5.802  8.925 0.2000000030
130  45.322  7.955  5.926 0.1000000015
507  39.250  11.058  11.144 0.3000000119
506  39.447  22.746  9.986 0.2000000030
252  37.695  24.266  38.069 0.1000000015
488  62.251  -5.623  11.434 0.1000000015
269  57.743  -8.183  17.953 0.1000000015
491  56.997  -6.285  11.055 0.1000000015
131  32.986  14.190  12.543 0.1000000015
527  31.265  25.407  8.353 0.1000000015
496  41.845  30.399  19.700 0.1000000015
523  41.023  30.415  1.951 0.1000000015
128  39.825  33.640  9.269 0.1000000015
498  51.762  30.504  5.184 0.1000000015
495  37.369  37.936  17.731 0.1000000015
514  51.793  32.941  -1.650 0.1000000015
255  46.677  33.504  26.732 0.1000000015
513  42.337  37.946  2.036 0.1000000015
501  46.757  -3.149  13.580 0.1000000015
