#!ascii label  , from subject fsaverage3 vox2ras=TkReg 
42
211  16.410  -46.516  66.863 0.1000000015
210  16.637  -35.865  69.430 0.4000000060
55  21.336  -44.978  60.020 0.3000000119
200  24.837  -42.914  57.201 0.3000000119
204  35.783  -46.236  59.499 0.1000000015
201  21.486  -35.794  61.952 0.3000000119
195  21.196  -30.841  68.735 0.4000000060
15  29.519  -31.261  69.279 0.2000000030
199  27.770  -35.360  58.649 0.6000000238
202  33.932  -44.945  51.629 0.1000000015
53  27.467  -41.313  52.571 0.2000000030
242  29.962  -39.821  45.548 0.2000000030
239  32.786  -35.696  53.180 0.4000000060
235  37.452  -33.862  64.199 0.6999999881
63  42.049  -31.896  55.792 0.6999999881
241  34.251  -32.785  44.775 0.1000000015
64  33.917  -37.559  38.363 0.1000000015
237  48.501  -21.519  57.507 0.5000000000
238  42.168  -28.490  46.880 0.8000000119
18  43.754  -27.490  37.838 0.3000000119
446  50.673  -32.052  42.470 0.1000000015
240  38.330  -31.739  38.075 0.2000000030
232  47.634  -23.113  38.230 0.4000000060
233  50.141  -21.898  48.286 0.8000000119
61  52.344  -18.950  36.371 0.4000000060
231  55.408  -15.892  46.109 1.0000000000
230  55.861  -11.768  39.082 0.6000000238
229  57.784  -14.428  34.635 0.6000000238
208  11.556  -37.618  76.434 0.1000000015
224  31.529  -29.985  56.011 0.3000000119
209  7.631  -40.331  70.269 0.1000000015
194  23.253  -30.955  55.516 0.1000000015
52  12.693  -34.487  68.045 0.2000000030
234  41.661  -26.246  59.871 0.3000000119
236  40.976  -20.949  47.306 0.1000000015
62  49.344  -16.087  49.501 0.4000000060
228  54.734  -10.602  28.166 0.2000000030
1  62.937  -9.121  28.103 0.1000000015
445  54.273  -26.595  38.803 0.1000000015
448  56.447  -23.537  31.664 0.1000000015
447  57.860  -18.672  26.951 0.1000000015
462  64.175  -12.927  20.517 0.1000000015
