#!ascii label  , from subject fsaverage3 vox2ras=TkReg 
69
192  28.467  -19.851  68.452 0.5000000000
219  35.323  -20.230  63.682 0.3750000000
218  32.829  -13.397  60.614 1.0000000000
58  38.993  -9.469  61.021 1.0000000000
164  19.704  -7.759  59.109 1.0000000000
0  27.198  -14.101  60.787 1.0000000000
168  14.503  -2.497  68.092 1.0000000000
43  8.054  -9.089  65.812 1.0000000000
163  14.564  -11.143  62.358 1.0000000000
245  30.080  -10.453  48.161 1.0000000000
182  6.228  -18.673  58.735 0.8750000000
183  6.637  -15.289  50.797 0.2500000000
169  9.399  2.636  67.212 0.8750000000
244  23.342  -10.345  50.501 1.0000000000
180  8.371  -5.024  59.804 0.8750000000
220  40.664  -9.810  53.320 0.8750000000
270  21.796  0.086  54.586 0.8750000000
249  37.784  -7.040  49.003 1.0000000000
44  22.056  0.848  64.860 0.8750000000
184  12.664  -10.809  47.182 0.5000000000
250  46.131  -4.784  50.213 1.0000000000
248  30.884  0.303  48.370 0.5000000000
17  40.651  -11.102  42.756 0.3750000000
65  25.001  0.226  46.461 0.1250000000
48  10.306  -1.525  53.987 0.6250000000
261  51.852  -4.843  43.583 0.5000000000
246  30.882  9.031  50.900 0.1250000000
247  37.300  9.905  55.842 0.1250000000
265  53.039  -4.265  34.727 1.0000000000
70  51.259  -0.486  37.351 0.8750000000
267  56.049  4.477  31.715 0.8750000000
170  17.169  7.903  61.546 0.7500000000
181  7.358  6.915  60.836 0.8750000000
273  22.689  8.681  46.875 0.1250000000
66  38.189  1.239  48.064 0.1250000000
272  21.053  9.567  57.475 0.5000000000
268  52.613  -3.523  24.392 0.7500000000
188  11.840  -0.004  46.911 0.5000000000
14  10.901  14.765  62.849 0.7500000000
260  44.780  2.743  43.916 0.5000000000
71  59.719  4.835  23.249 0.6250000000
185  9.406  8.947  51.183 0.7500000000
189  11.325  11.958  43.317 0.3750000000
271  18.277  18.285  58.132 0.6250000000
266  49.627  4.748  25.527 0.3750000000
490  58.662  5.417  15.551 0.3750000000
186  7.073  18.961  57.703 0.6250000000
276  9.952  26.322  56.493 0.1250000000
50  7.211  19.720  47.245 0.5000000000
284  18.458  29.696  53.491 0.1250000000
72  22.221  17.147  51.139 0.1250000000
275  6.922  30.773  50.871 0.2500000000
74  9.876  38.235  49.811 0.1250000000
269  57.743  -8.183  17.953 0.1250000000
42  13.100  -20.372  72.632 0.7500000000
162  20.494  -16.691  68.786 0.5000000000
167  8.799  -14.031  68.809 0.7500000000
166  5.657  -21.254  66.931 0.6250000000
193  18.183  -23.057  66.284 0.5000000000
222  36.756  -18.794  54.798 0.5000000000
263  37.599  3.880  37.604 0.1250000000
165  5.443  -25.949  72.709 0.3750000000
264  42.377  1.947  30.472 0.2500000000
197  9.707  -28.807  66.863 0.1250000000
187  10.835  -7.920  41.769 0.1250000000
51  21.884  -23.628  56.797 0.2500000000
191  9.655  22.676  38.803 0.1250000000
278  8.121  32.449  38.726 0.1250000000
279  6.807  43.511  41.709 0.1250000000
