#!ascii label  , from subject fsaverage3 vox2ras=TkReg 
36
497  46.868  27.291  13.655 0.8999999762
129  50.540  20.423  18.840 0.8999999762
493  42.131  23.689  20.426 0.5000000000
499  54.869  23.693  12.072 0.8999999762
496  41.845  30.399  19.700 0.3000000119
128  39.825  33.640  9.269 0.4000000060
35  48.940  26.210  4.660 0.8000000119
498  51.762  30.504  5.184 0.8999999762
514  51.793  32.941  -1.650 0.5000000000
513  42.337  37.946  2.036 0.5000000000
502  48.778  9.686  12.338 0.1000000015
500  53.079  6.108  1.265 0.1000000015
503  54.748  13.970  9.115 0.1000000015
130  45.322  7.955  5.926 0.1000000015
504  45.537  16.804  8.377 0.1000000015
257  39.987  19.290  32.025 0.1000000015
258  35.496  17.510  24.606 0.1000000015
494  41.686  14.103  20.814 0.1000000015
68  44.671  24.066  28.801 0.1000000015
506  39.447  22.746  9.986 0.1000000015
256  42.608  27.475  31.538 0.1000000015
255  46.677  33.504  26.732 0.1000000015
495  37.369  37.936  17.731 0.2000000030
523  41.023  30.415  1.951 0.2000000030
510  37.987  44.385  8.810 0.3000000119
522  49.416  33.168  -9.519 0.2000000030
132  41.428  40.178  -5.576 0.2000000030
527  31.265  25.407  8.353 0.1000000015
135  35.895  30.604  -2.082 0.1000000015
529  31.304  21.536  1.251 0.1000000015
525  45.137  28.520  -13.582 0.1000000015
524  41.726  42.619  -13.389 0.1000000015
526  30.910  27.248  -6.153 0.1000000015
521  37.930  25.609  -17.274 0.1000000015
134  32.569  34.985  -6.987 0.1000000015
512  39.879  49.819  1.881 0.1000000015
