#!ascii label  , from subject fsaverage3 vox2ras=TkReg 
35
165  5.443  -25.949  72.709 0.6250000000
198  5.073  -36.805  70.084 0.6250000000
12  3.024  -33.549  65.386 0.2500000000
197  9.707  -28.807  66.863 0.6250000000
52  12.693  -34.487  68.045 0.3750000000
196  14.614  -30.723  57.792 0.3750000000
193  18.183  -23.057  66.284 0.5000000000
194  23.253  -30.955  55.516 0.1250000000
51  21.884  -23.628  56.797 0.7500000000
223  27.631  -23.418  50.304 0.7500000000
219  35.323  -20.230  63.682 0.3750000000
222  36.756  -18.794  54.798 1.0000000000
59  33.792  -26.191  46.069 1.0000000000
221  32.386  -17.125  45.470 0.6250000000
227  37.006  -19.234  35.996 0.8750000000
220  40.664  -9.810  53.320 0.8750000000
17  40.651  -11.102  42.756 0.7500000000
225  41.235  -10.273  34.684 1.0000000000
60  45.483  -10.376  27.479 0.8750000000
265  53.039  -4.265  34.727 1.0000000000
268  52.613  -3.523  24.392 0.8750000000
267  56.049  4.477  31.715 0.1250000000
261  51.852  -4.843  43.583 0.5000000000
171  7.455  -39.161  60.483 0.1250000000
209  7.631  -40.331  70.269 0.1250000000
173  7.083  -30.401  56.993 0.1250000000
166  5.657  -21.254  66.931 0.1250000000
224  31.529  -29.985  56.011 0.1250000000
192  28.467  -19.851  68.452 0.3750000000
236  40.976  -20.949  47.306 0.1250000000
228  54.734  -10.602  28.166 0.1250000000
42  13.100  -20.372  72.632 0.1250000000
162  20.494  -16.691  68.786 0.1250000000
269  57.743  -8.183  17.953 0.1250000000
71  59.719  4.835  23.249 0.1250000000
