#!ascii label  , from subject fsaverage3 vox2ras=TkReg 
35
15  29.519  -31.261  69.279 0.5555559993
199  27.770  -35.360  58.649 0.2222220004
201  21.486  -35.794  61.952 0.1111110002
235  37.452  -33.862  64.199 0.4444440007
224  31.529  -29.985  56.011 0.3333329856
63  42.049  -31.896  55.792 0.5555559993
234  41.661  -26.246  59.871 0.5555559993
237  48.501  -21.519  57.507 0.7777780294
236  40.976  -20.949  47.306 0.2222220004
238  42.168  -28.490  46.880 0.2222220004
233  50.141  -21.898  48.286 0.2222220004
62  49.344  -16.087  49.501 0.8888890147
198  5.073  -36.805  70.084 0.1111110002
209  7.631  -40.331  70.269 0.1111110002
208  11.556  -37.618  76.434 0.1111110002
195  21.196  -30.841  68.735 0.2222220004
52  12.693  -34.487  68.045 0.3333329856
194  23.253  -30.955  55.516 0.1111110002
231  55.408  -15.892  46.109 0.7777780294
230  55.861  -11.768  39.082 0.4444440007
226  46.270  -17.372  35.645 0.2222220004
229  57.784  -14.428  34.635 0.3333329856
228  54.734  -10.602  28.166 0.2222220004
239  32.786  -35.696  53.180 0.1111110002
269  57.743  -8.183  17.953 0.1111110002
210  16.637  -35.865  69.430 0.2222220004
61  52.344  -18.950  36.371 0.2222220004
232  47.634  -23.113  38.230 0.3333329856
445  54.273  -26.595  38.803 0.1111110002
1  62.937  -9.121  28.103 0.2222220004
18  43.754  -27.490  37.838 0.1111110002
462  64.175  -12.927  20.517 0.1111110002
120  59.460  -12.083  17.735 0.1111110002
488  62.251  -5.623  11.434 0.1111110002
491  56.997  -6.285  11.055 0.1111110002
