#!ascii label  , from subject fsaverage3 vox2ras=TkReg 
36
208  11.556  -37.618  76.434 0.2222220004
209  7.631  -40.331  70.269 0.2222220004
195  21.196  -30.841  68.735 0.4444440007
210  16.637  -35.865  69.430 0.3333329856
198  5.073  -36.805  70.084 0.6666669846
52  12.693  -34.487  68.045 0.3333329856
196  14.614  -30.723  57.792 0.6666669846
194  23.253  -30.955  55.516 0.7777780294
15  29.519  -31.261  69.279 0.5555559993
224  31.529  -29.985  56.011 0.7777780294
235  37.452  -33.862  64.199 0.2222220004
59  33.792  -26.191  46.069 0.8888890147
234  41.661  -26.246  59.871 0.6666669846
236  40.976  -20.949  47.306 1.0000000000
227  37.006  -19.234  35.996 0.7777780294
62  49.344  -16.087  49.501 1.0000000000
237  48.501  -21.519  57.507 0.4444440007
226  46.270  -17.372  35.645 0.7777780294
231  55.408  -15.892  46.109 0.1111110002
230  55.861  -11.768  39.082 0.3333329856
60  45.483  -10.376  27.479 0.8888890147
228  54.734  -10.602  28.166 0.8888890147
229  57.784  -14.428  34.635 0.3333329856
1  62.937  -9.121  28.103 0.2222220004
268  52.613  -3.523  24.392 0.4444440007
269  57.743  -8.183  17.953 0.5555559993
462  64.175  -12.927  20.517 0.3333329856
233  50.141  -21.898  48.286 0.1111110002
223  27.631  -23.418  50.304 0.3333329856
225  41.235  -10.273  34.684 0.1111110002
197  9.707  -28.807  66.863 0.1111110002
51  21.884  -23.628  56.797 0.1111110002
199  27.770  -35.360  58.649 0.1111110002
201  21.486  -35.794  61.952 0.1111110002
488  62.251  -5.623  11.434 0.2222220004
120  59.460  -12.083  17.735 0.1111110002
