#label , from subject ??
575
22  7.657  36.413  -5.693 0.0000000000
77  6.474  37.147  14.523 0.0000000000
78  10.727  52.123  9.201 0.0000000000
81  7.189  56.351  -10.928 0.0000000000
277  11.351  33.319  29.853 0.0000000000
292  9.984  30.567  22.232 0.0000000000
293  14.585  38.706  20.149 0.0000000000
294  6.700  39.303  3.967 0.0000000000
295  14.868  44.149  0.019 0.0000000000
296  15.116  43.005  9.903 0.0000000000
297  9.384  47.815  19.531 0.0000000000
299  8.848  33.568  -13.399 0.0000000000
300  7.078  45.952  -16.810 0.0000000000
301  7.040  44.855  -8.240 0.0000000000
305  8.874  54.441  -21.156 0.0000000000
310  11.008  54.635  -0.382 0.0000000000
319  7.999  25.086  19.929 0.0000000000
3  13.888  23.401  29.991 0.0000000000
49  11.555  2.192  39.787 0.0000000000
84  7.839  13.587  26.374 0.0000000000
189  11.325  11.958  43.317 0.0000000000
190  12.610  13.319  35.482 0.0000000000
191  9.655  22.676  38.803 0.0000000000
318  5.929  20.627  29.558 0.0000000000
344  5.148  10.241  35.562 0.0000000000
13  13.802  -18.488  38.336 0.0000000000
91  5.608  -9.606  33.165 0.0000000000
93  6.142  -34.637  34.786 0.0000000000
179  15.182  -23.188  44.571 0.0000000000
184  12.664  -10.809  47.182 0.0000000000
187  10.835  -7.920  41.769 0.0000000000
188  11.840  -0.004  46.911 0.0000000000
345  5.583  -14.189  39.816 0.0000000000
346  4.897  -2.291  39.759 0.0000000000
347  7.559  2.635  31.320 0.0000000000
350  6.819  -28.317  40.774 0.0000000000
358  4.165  -23.411  33.712 0.0000000000
23  27.732  58.244  -9.789 0.0000000000
307  12.249  58.168  -13.635 0.0000000000
311  10.041  65.662  -3.776 0.0000000000
312  20.645  56.665  -2.762 0.0000000000
314  31.208  49.500  -2.151 0.0000000000
511  39.556  53.313  -6.263 0.0000000000
39  34.370  -74.147  -12.414 0.0000000000
149  43.958  -76.680  -9.359 0.0000000000
568  28.089  -85.820  -12.206 0.0000000000
569  23.507  -83.027  -9.374 0.0000000000
582  42.097  -83.714  -3.780 0.0000000000
583  39.043  -87.493  -13.629 0.0000000000
584  40.748  -76.729  -15.497 0.0000000000
592  44.971  -63.330  -10.246 0.0000000000
593  40.789  -63.881  -12.676 0.0000000000
12  3.024  -33.549  65.386 0.0000000000
165  5.443  -25.949  72.709 0.0000000000
166  5.657  -21.254  66.931 0.0000000000
171  7.455  -39.161  60.483 0.0000000000
173  7.083  -30.401  56.993 0.0000000000
198  5.073  -36.805  70.084 0.0000000000
208  11.556  -37.618  76.434 0.0000000000
209  7.631  -40.331  70.269 0.0000000000
1  62.937  -9.121  28.103 0.0000000000
71  59.719  4.835  23.249 0.0000000000
120  59.460  -12.083  17.735 0.0000000000
127  57.658  4.457  8.058 0.0000000000
228  54.734  -10.602  28.166 0.0000000000
268  52.613  -3.523  24.392 0.0000000000
269  57.743  -8.183  17.953 0.0000000000
462  64.175  -12.927  20.517 0.0000000000
464  51.187  -13.434  17.533 0.0000000000
488  62.251  -5.623  11.434 0.0000000000
490  58.662  5.417  15.551 0.0000000000
491  56.997  -6.285  11.055 0.0000000000
492  51.180  -5.802  8.925 0.0000000000
355  4.662  -45.291  30.439 0.0000000000
359  8.203  -34.132  29.600 0.0000000000
360  8.824  -44.583  23.442 0.0000000000
100  4.242  -73.508  20.185 0.0000000000
374  6.230  -82.775  22.123 0.0000000000
375  9.574  -79.366  28.581 0.0000000000
379  3.984  -84.950  9.130 0.0000000000
129  50.540  20.423  18.840 0.0000000000
130  45.322  7.955  5.926 0.0000000000
500  53.079  6.108  1.265 0.0000000000
502  48.778  9.686  12.338 0.0000000000
503  54.748  13.970  9.115 0.0000000000
522  49.416  33.168  -9.519 0.0000000000
525  45.137  28.520  -13.582 0.0000000000
35  48.940  26.210  4.660 0.0000000000
132  41.428  40.178  -5.576 0.0000000000
498  51.762  30.504  5.184 0.0000000000
499  54.869  23.693  12.072 0.0000000000
513  42.337  37.946  2.036 0.0000000000
514  51.793  32.941  -1.650 0.0000000000
523  41.023  30.415  1.951 0.0000000000
19  32.234  19.472  47.820 0.0000000000
67  33.033  29.412  35.600 0.0000000000
69  38.712  16.007  38.800 0.0000000000
247  37.300  9.905  55.842 0.0000000000
251  32.928  27.941  44.366 0.0000000000
252  37.695  24.266  38.069 0.0000000000
253  39.631  21.130  46.467 0.0000000000
254  36.967  34.011  29.897 0.0000000000
256  42.608  27.475  31.538 0.0000000000
262  38.931  9.569  46.578 0.0000000000
263  37.599  3.880  37.604 0.0000000000
14  10.901  14.765  62.849 0.0000000000
21  12.417  55.229  26.644 0.0000000000
43  8.054  -9.089  65.812 0.0000000000
44  22.056  0.848  64.860 0.0000000000
47  8.119  -26.833  49.849 0.0000000000
48  10.306  -1.525  53.987 0.0000000000
50  7.211  19.720  47.245 0.0000000000
73  8.714  42.545  29.708 0.0000000000
74  9.876  38.235  49.811 0.0000000000
82  21.037  61.364  4.797 0.0000000000
163  14.564  -11.143  62.358 0.0000000000
167  8.799  -14.031  68.809 0.0000000000
168  14.503  -2.497  68.092 0.0000000000
169  9.399  2.636  67.212 0.0000000000
170  17.169  7.903  61.546 0.0000000000
180  8.371  -5.024  59.804 0.0000000000
181  7.358  6.915  60.836 0.0000000000
182  6.228  -18.673  58.735 0.0000000000
183  6.637  -15.289  50.797 0.0000000000
185  9.406  8.947  51.183 0.0000000000
186  7.073  18.961  57.703 0.0000000000
271  18.277  18.285  58.132 0.0000000000
275  6.922  30.773  50.871 0.0000000000
276  9.952  26.322  56.493 0.0000000000
278  8.121  32.449  38.726 0.0000000000
279  6.807  43.511  41.709 0.0000000000
280  6.853  53.881  30.958 0.0000000000
281  11.018  48.747  39.804 0.0000000000
284  18.458  29.696  53.491 0.0000000000
285  17.544  38.353  43.206 0.0000000000
286  18.087  45.981  32.960 0.0000000000
288  22.404  54.095  26.095 0.0000000000
298  8.764  58.435  19.021 0.0000000000
308  9.498  64.011  7.965 0.0000000000
309  15.311  59.486  14.499 0.0000000000
626  37.856  -2.290  -11.758 0.0000000000
36  27.670  20.718  -8.984 0.0000000000
135  35.895  30.604  -2.082 0.0000000000
136  37.257  6.126  -2.433 0.0000000000
521  37.930  25.609  -17.274 0.0000000000
526  30.910  27.248  -6.153 0.0000000000
528  35.476  16.035  -5.161 0.0000000000
529  31.304  21.536  1.251 0.0000000000
625  36.545  6.458  -11.699 0.0000000000
113  43.922  -77.553  18.800 0.0000000000
114  35.604  -82.506  -0.232 0.0000000000
431  38.131  -82.317  26.070 0.0000000000
434  45.478  -72.543  13.120 0.0000000000
435  36.914  -84.581  15.153 0.0000000000
436  47.952  -78.375  5.473 0.0000000000
437  37.366  -76.307  9.121 0.0000000000
27  19.461  -81.319  37.160 0.0000000000
98  10.731  -89.830  20.404 0.0000000000
103  13.192  -73.186  50.258 0.0000000000
106  23.942  -79.296  28.817 0.0000000000
373  8.301  -85.050  35.333 0.0000000000
396  17.250  -75.606  44.265 0.0000000000
404  21.612  -71.810  41.066 0.0000000000
405  21.577  -84.574  38.519 0.0000000000
409  17.319  -87.295  25.723 0.0000000000
412  20.466  -91.716  18.190 0.0000000000
142  35.304  -31.480  -23.725 0.0000000000
148  41.552  -47.403  -20.243 0.0000000000
574  28.937  -71.024  -12.090 0.0000000000
576  38.757  -62.301  -17.892 0.0000000000
577  31.993  -54.816  -15.728 0.0000000000
578  34.931  -40.254  -21.860 0.0000000000
139  17.651  -38.354  -7.776 0.0000000000
144  13.096  -66.816  -1.830 0.0000000000
544  21.464  -41.684  -10.139 0.0000000000
558  20.176  -52.134  -3.752 0.0000000000
559  3.293  -71.173  5.677 0.0000000000
560  8.314  -60.546  4.019 0.0000000000
561  13.021  -50.708  -4.633 0.0000000000
564  3.609  -84.382  -4.703 0.0000000000
572  12.144  -77.580  -5.164 0.0000000000
141  22.522  -21.236  -23.607 0.0000000000
143  34.468  -9.653  -36.609 0.0000000000
547  23.680  -13.673  -27.576 0.0000000000
551  26.858  -15.857  -31.240 0.0000000000
552  25.088  -6.349  -34.370 0.0000000000
555  37.703  -18.981  -28.092 0.0000000000
8  14.360  25.501  -15.843 0.0000000000
133  23.455  20.218  -19.519 0.0000000000
303  12.859  34.280  -24.521 0.0000000000
304  8.762  42.806  -20.754 0.0000000000
512  39.879  49.819  1.881 0.0000000000
517  14.017  20.433  -25.072 0.0000000000
524  41.726  42.619  -13.389 0.0000000000
533  17.216  12.224  -14.885 0.0000000000
631  20.443  11.663  -18.962 0.0000000000
16  16.099  -60.544  63.601 0.0000000000
54  30.945  -54.517  58.800 0.0000000000
55  21.336  -44.978  60.020 0.0000000000
200  24.837  -42.914  57.201 0.0000000000
204  35.783  -46.236  59.499 0.0000000000
205  30.143  -48.191  64.410 0.0000000000
206  24.414  -57.941  63.833 0.0000000000
207  21.113  -51.390  58.913 0.0000000000
211  16.410  -46.516  66.863 0.0000000000
212  13.238  -51.974  62.138 0.0000000000
214  10.203  -61.153  61.749 0.0000000000
393  12.528  -67.617  56.149 0.0000000000
398  18.738  -60.727  54.623 0.0000000000
406  20.012  -66.790  50.183 0.0000000000
30  49.905  -53.881  35.241 0.0000000000
109  40.972  -67.111  37.888 0.0000000000
416  50.309  -55.233  43.760 0.0000000000
417  47.896  -60.452  35.916 0.0000000000
418  45.964  -60.774  44.418 0.0000000000
419  38.737  -66.074  47.896 0.0000000000
420  35.894  -76.199  38.971 0.0000000000
430  39.233  -72.420  29.747 0.0000000000
432  46.777  -65.742  28.269 0.0000000000
444  51.904  -49.645  40.180 0.0000000000
452  53.344  -44.655  38.638 0.0000000000
453  56.260  -51.283  31.320 0.0000000000
32  56.693  -38.592  27.927 0.0000000000
116  58.209  -26.415  28.041 0.0000000000
117  57.731  -31.455  45.115 0.0000000000
118  53.817  -44.483  29.150 0.0000000000
445  54.273  -26.595  38.803 0.0000000000
447  57.860  -18.672  26.951 0.0000000000
448  56.447  -23.537  31.664 0.0000000000
449  60.721  -27.017  36.642 0.0000000000
450  52.687  -31.735  32.527 0.0000000000
451  59.485  -35.159  36.714 0.0000000000
454  52.494  -38.935  45.876 0.0000000000
455  56.572  -39.529  37.584 0.0000000000
456  61.214  -39.795  27.031 0.0000000000
458  63.589  -37.880  19.383 0.0000000000
463  58.230  -20.319  20.344 0.0000000000
466  50.908  -21.812  17.226 0.0000000000
467  50.306  -25.820  25.093 0.0000000000
468  46.544  -34.647  27.621 0.0000000000
61  52.344  -18.950  36.371 0.0000000000
62  49.344  -16.087  49.501 0.0000000000
63  42.049  -31.896  55.792 0.0000000000
201  21.486  -35.794  61.952 0.0000000000
229  57.784  -14.428  34.635 0.0000000000
230  55.861  -11.768  39.082 0.0000000000
231  55.408  -15.892  46.109 0.0000000000
232  47.634  -23.113  38.230 0.0000000000
233  50.141  -21.898  48.286 0.0000000000
234  41.661  -26.246  59.871 0.0000000000
235  37.452  -33.862  64.199 0.0000000000
237  48.501  -21.519  57.507 0.0000000000
42  13.100  -20.372  72.632 0.0000000000
58  38.993  -9.469  61.021 0.0000000000
162  20.494  -16.691  68.786 0.0000000000
192  28.467  -19.851  68.452 0.0000000000
193  18.183  -23.057  66.284 0.0000000000
219  35.323  -20.230  63.682 0.0000000000
220  40.664  -9.810  53.320 0.0000000000
222  36.756  -18.794  54.798 0.0000000000
250  46.131  -4.784  50.213 0.0000000000
260  44.780  2.743  43.916 0.0000000000
261  51.852  -4.843  43.583 0.0000000000
265  53.039  -4.265  34.727 0.0000000000
4  9.184  -51.315  48.165 0.0000000000
45  15.420  -42.396  58.234 0.0000000000
56  11.151  -47.023  71.859 0.0000000000
57  7.291  -58.936  56.633 0.0000000000
96  5.996  -69.185  40.076 0.0000000000
213  13.064  -45.258  65.641 0.0000000000
215  8.136  -53.146  63.659 0.0000000000
216  7.024  -49.649  59.230 0.0000000000
217  8.269  -55.041  52.199 0.0000000000
366  9.015  -58.973  44.498 0.0000000000
367  7.417  -59.660  37.467 0.0000000000
392  8.151  -63.384  49.132 0.0000000000
394  8.118  -67.248  53.583 0.0000000000
395  7.460  -73.764  45.408 0.0000000000
79  5.464  33.989  -21.724 0.0000000000
302  7.090  30.010  -24.342 0.0000000000
339  6.892  20.982  -13.371 0.0000000000
342  5.400  17.277  -21.216 0.0000000000
343  10.322  14.640  -16.573 0.0000000000
152  48.835  -55.424  -14.816 0.0000000000
153  56.321  -29.737  -25.503 0.0000000000
595  56.714  -57.536  -11.941 0.0000000000
596  58.504  -46.794  -20.107 0.0000000000
597  42.326  -50.285  -12.508 0.0000000000
598  54.798  -33.222  -17.313 0.0000000000
599  53.294  -43.931  -21.286 0.0000000000
600  48.742  -37.856  -19.980 0.0000000000
601  53.154  -26.576  -29.141 0.0000000000
622  55.935  -16.328  -32.954 0.0000000000
623  48.033  -13.656  -37.973 0.0000000000
40  62.468  -33.475  -15.489 0.0000000000
151  53.878  -54.103  -5.418 0.0000000000
157  62.394  -8.023  -22.220 0.0000000000
585  56.364  -58.173  0.960 0.0000000000
589  63.160  -45.763  -4.946 0.0000000000
590  64.827  -34.832  -8.005 0.0000000000
591  57.208  -41.947  -11.090 0.0000000000
606  62.676  -26.149  -12.140 0.0000000000
615  63.872  -19.671  -16.956 0.0000000000
618  56.832  1.974  -27.861 0.0000000000
619  56.471  -18.928  -22.832 0.0000000000
620  48.757  5.062  -34.520 0.0000000000
621  51.978  -7.776  -27.861 0.0000000000
34  65.157  -16.154  2.382 0.0000000000
156  56.464  -3.379  -9.155 0.0000000000
476  56.214  -13.808  1.510 0.0000000000
482  63.329  -23.424  5.715 0.0000000000
607  58.605  -4.308  -1.920 0.0000000000
608  62.188  -9.190  -3.442 0.0000000000
611  57.050  5.644  -7.938 0.0000000000
612  52.604  12.071  -16.396 0.0000000000
613  51.772  1.755  -19.428 0.0000000000
125  59.987  -31.338  9.958 0.0000000000
479  56.979  -35.994  18.359 0.0000000000
483  65.329  -34.758  12.088 0.0000000000
33  44.407  -12.586  20.474 0.0000000000
121  43.139  -29.697  21.655 0.0000000000
124  37.834  -29.241  12.487 0.0000000000
465  42.894  -22.019  19.050 0.0000000000
469  37.369  -12.171  20.563 0.0000000000
470  31.963  -24.371  13.930 0.0000000000
471  34.788  -23.742  20.744 0.0000000000
474  34.216  -24.332  5.020 0.0000000000
475  42.432  -23.268  7.542 0.0000000000
477  51.371  -23.097  4.002 0.0000000000
478  45.716  -37.116  18.006 0.0000000000
480  36.586  -33.875  19.544 0.0000000000
481  47.432  -31.090  8.904 0.0000000000
501  46.757  -3.149  13.580 0.0000000000
10  20.835  -99.814  3.965 0.0000000000
99  15.029  -93.245  5.345 0.0000000000
145  25.567  -94.960  -14.185 0.0000000000
146  11.615  -87.217  -14.492 0.0000000000
376  14.738  -96.389  10.824 0.0000000000
377  12.335  -101.930  3.668 0.0000000000
378  5.991  -94.308  12.665 0.0000000000
413  25.047  -94.344  11.798 0.0000000000
439  26.355  -92.114  0.967 0.0000000000
563  8.137  -94.489  -6.379 0.0000000000
565  23.274  -99.413  -7.897 0.0000000000
566  16.790  -98.364  -9.210 0.0000000000
567  16.253  -92.143  -7.444 0.0000000000
580  30.952  -91.230  -6.385 0.0000000000
41  46.312  7.280  -27.508 0.0000000000
158  47.050  -5.090  -38.272 0.0000000000
159  43.373  1.643  -23.653 0.0000000000
161  31.050  11.230  -37.030 0.0000000000
627  47.221  -0.962  -18.805 0.0000000000
628  45.802  16.661  -23.561 0.0000000000
634  38.401  15.097  -32.360 0.0000000000
635  41.647  13.446  -36.919 0.0000000000
639  38.741  1.089  -37.226 0.0000000000
640  31.870  -0.034  -41.787 0.0000000000
641  40.347  -5.755  -41.818 0.0000000000
28  13.235  -77.615  3.936 0.0000000000
102  23.850  -62.373  0.716 0.0000000000
380  14.148  -86.735  5.327 0.0000000000
381  7.468  -76.749  13.268 0.0000000000
386  17.130  -69.587  10.757 0.0000000000
388  13.607  -69.851  4.856 0.0000000000
389  25.371  -65.774  6.771 0.0000000000
390  21.913  -54.859  6.887 0.0000000000
391  23.104  -50.710  1.531 0.0000000000
15  29.519  -31.261  69.279 0.0000000000
17  40.651  -11.102  42.756 0.0000000000
51  21.884  -23.628  56.797 0.0000000000
52  12.693  -34.487  68.045 0.0000000000
59  33.792  -26.191  46.069 0.0000000000
60  45.483  -10.376  27.479 0.0000000000
194  23.253  -30.955  55.516 0.0000000000
195  21.196  -30.841  68.735 0.0000000000
196  14.614  -30.723  57.792 0.0000000000
197  9.707  -28.807  66.863 0.0000000000
210  16.637  -35.865  69.430 0.0000000000
221  32.386  -17.125  45.470 0.0000000000
223  27.631  -23.418  50.304 0.0000000000
224  31.529  -29.985  56.011 0.0000000000
225  41.235  -10.273  34.684 0.0000000000
226  46.270  -17.372  35.645 0.0000000000
227  37.006  -19.234  35.996 0.0000000000
236  40.976  -20.949  47.306 0.0000000000
46  14.807  -40.065  40.562 0.0000000000
172  11.016  -35.253  52.608 0.0000000000
174  10.293  -48.141  52.402 0.0000000000
176  17.308  -42.979  48.782 0.0000000000
177  16.827  -33.013  44.380 0.0000000000
178  15.044  -30.217  36.605 0.0000000000
349  6.027  -37.613  42.181 0.0000000000
7  37.251  -12.712  1.762 0.0000000000
123  47.315  -18.558  1.707 0.0000000000
155  49.864  -4.309  -12.547 0.0000000000
472  38.186  -13.720  8.886 0.0000000000
473  38.630  -22.967  -2.907 0.0000000000
531  37.921  -4.147  -0.114 0.0000000000
609  39.678  -16.700  -9.184 0.0000000000
610  49.894  -12.891  -5.874 0.0000000000
624  37.809  -9.842  -11.003 0.0000000000
122  34.402  -13.820  15.269 0.0000000000
131  32.986  14.190  12.543 0.0000000000
504  45.537  16.804  8.377 0.0000000000
505  40.382  -0.959  17.172 0.0000000000
506  39.447  22.746  9.986 0.0000000000
507  39.250  11.058  11.144 0.0000000000
508  34.915  -0.225  14.699 0.0000000000
509  34.956  0.024  8.574 0.0000000000
527  31.265  25.407  8.353 0.0000000000
530  32.299  11.214  5.194 0.0000000000
11  47.737  -20.402  -27.537 0.0000000000
556  40.309  -27.333  -22.599 0.0000000000
557  40.148  -10.119  -28.271 0.0000000000
579  44.039  -35.086  -20.654 0.0000000000
2  39.002  41.020  23.984 0.0000000000
68  44.671  24.066  28.801 0.0000000000
128  39.825  33.640  9.269 0.0000000000
255  46.677  33.504  26.732 0.0000000000
257  39.987  19.290  32.025 0.0000000000
258  35.496  17.510  24.606 0.0000000000
493  42.131  23.689  20.426 0.0000000000
495  37.369  37.936  17.731 0.0000000000
496  41.845  30.399  19.700 0.0000000000
497  46.868  27.291  13.655 0.0000000000
510  37.987  44.385  8.810 0.0000000000
76  22.935  44.023  22.124 0.0000000000
83  35.389  50.787  7.381 0.0000000000
290  28.818  33.869  28.415 0.0000000000
291  30.684  40.970  20.699 0.0000000000
313  22.514  56.056  15.516 0.0000000000
315  24.331  51.026  5.349 0.0000000000
316  27.991  47.841  13.467 0.0000000000
317  37.464  49.879  16.951 0.0000000000
65  25.001  0.226  46.461 0.0000000000
72  22.221  17.147  51.139 0.0000000000
75  21.059  32.845  35.122 0.0000000000
246  30.882  9.031  50.900 0.0000000000
270  21.796  0.086  54.586 0.0000000000
272  21.053  9.567  57.475 0.0000000000
273  22.689  8.681  46.875 0.0000000000
274  25.884  15.534  42.759 0.0000000000
282  21.118  26.388  43.742 0.0000000000
283  27.092  24.787  39.420 0.0000000000
287  27.911  32.202  36.131 0.0000000000
289  24.352  40.804  31.816 0.0000000000
5  31.092  -47.566  44.575 0.0000000000
104  33.573  -62.378  46.238 0.0000000000
105  25.452  -61.624  47.605 0.0000000000
108  43.564  -53.405  43.334 0.0000000000
115  47.915  -42.798  37.500 0.0000000000
202  33.932  -44.945  51.629 0.0000000000
203  32.367  -50.268  52.444 0.0000000000
243  31.989  -43.728  40.906 0.0000000000
397  23.572  -56.679  50.679 0.0000000000
399  30.577  -54.580  40.191 0.0000000000
400  27.274  -55.913  46.523 0.0000000000
401  29.681  -61.864  45.313 0.0000000000
402  34.767  -67.997  39.216 0.0000000000
403  29.864  -62.060  34.592 0.0000000000
407  22.468  -63.080  35.018 0.0000000000
414  35.337  -51.010  37.850 0.0000000000
415  39.759  -57.722  40.974 0.0000000000
440  37.408  -45.674  35.343 0.0000000000
442  40.836  -39.999  35.989 0.0000000000
443  45.263  -48.464  38.733 0.0000000000
31  44.051  -68.896  6.383 0.0000000000
581  43.269  -74.089  0.226 0.0000000000
586  47.129  -60.145  1.756 0.0000000000
594  44.969  -62.399  -4.388 0.0000000000
438  29.178  -86.842  8.740 0.0000000000
29  34.451  -72.598  28.798 0.0000000000
107  27.401  -85.565  12.978 0.0000000000
408  29.051  -68.233  22.167 0.0000000000
410  33.660  -76.544  17.732 0.0000000000
411  23.599  -81.225  18.198 0.0000000000
37  30.848  -41.658  -9.110 0.0000000000
147  30.187  -64.278  -9.019 0.0000000000
550  26.337  -30.519  -19.823 0.0000000000
553  37.866  -37.741  -14.504 0.0000000000
554  32.635  -24.485  -22.582 0.0000000000
562  23.138  -54.669  -7.328 0.0000000000
570  22.182  -65.581  -5.945 0.0000000000
571  33.601  -52.820  -7.624 0.0000000000
573  21.522  -75.685  -8.814 0.0000000000
575  29.769  -46.064  -15.482 0.0000000000
80  15.178  43.337  -21.936 0.0000000000
134  32.569  34.985  -6.987 0.0000000000
306  19.573  52.235  -13.988 0.0000000000
515  23.625  38.541  -13.080 0.0000000000
516  30.815  46.481  -11.579 0.0000000000
518  19.975  29.692  -20.009 0.0000000000
519  27.339  28.319  -13.246 0.0000000000
26  8.292  -53.117  19.788 0.0000000000
97  12.634  -63.534  30.035 0.0000000000
101  23.259  -62.460  13.237 0.0000000000
362  5.470  -54.049  12.699 0.0000000000
368  16.582  -71.157  39.856 0.0000000000
369  19.346  -69.886  32.868 0.0000000000
370  8.059  -68.495  34.544 0.0000000000
371  5.485  -60.182  30.728 0.0000000000
372  4.889  -62.787  23.477 0.0000000000
382  21.800  -60.413  24.011 0.0000000000
383  13.097  -56.651  20.475 0.0000000000
384  18.947  -74.310  20.581 0.0000000000
385  13.419  -65.210  14.858 0.0000000000
387  16.390  -55.141  13.336 0.0000000000
18  43.754  -27.490  37.838 0.0000000000
53  27.467  -41.313  52.571 0.0000000000
64  33.917  -37.559  38.363 0.0000000000
199  27.770  -35.360  58.649 0.0000000000
238  42.168  -28.490  46.880 0.0000000000
239  32.786  -35.696  53.180 0.0000000000
240  38.330  -31.739  38.075 0.0000000000
241  34.251  -32.785  44.775 0.0000000000
242  29.962  -39.821  45.548 0.0000000000
441  45.205  -36.291  42.174 0.0000000000
446  50.673  -32.052  42.470 0.0000000000
20  37.579  6.292  23.681 0.0000000000
70  51.259  -0.486  37.351 0.0000000000
259  32.793  10.790  31.197 0.0000000000
264  42.377  1.947  30.472 0.0000000000
266  49.627  4.748  25.527 0.0000000000
267  56.049  4.477  31.715 0.0000000000
489  48.315  4.102  17.494 0.0000000000
494  41.686  14.103  20.814 0.0000000000
0  27.198  -14.101  60.787 0.0000000000
66  38.189  1.239  48.064 0.0000000000
164  19.704  -7.759  59.109 0.0000000000
218  32.829  -13.397  60.614 0.0000000000
244  23.342  -10.345  50.501 0.0000000000
245  30.080  -10.453  48.161 0.0000000000
248  30.884  0.303  48.370 0.0000000000
249  37.784  -7.040  49.003 0.0000000000
92  14.077  -52.334  34.365 0.0000000000
175  6.976  -44.927  46.246 0.0000000000
351  12.069  -52.830  41.697 0.0000000000
352  8.441  -45.374  40.067 0.0000000000
353  12.782  -42.617  33.261 0.0000000000
354  10.790  -52.610  27.330 0.0000000000
6  46.091  -43.959  7.236 0.0000000000
110  44.229  -49.419  20.707 0.0000000000
111  53.735  -57.564  5.979 0.0000000000
112  46.375  -60.959  20.470 0.0000000000
119  59.407  -39.986  14.101 0.0000000000
126  53.215  -31.128  1.439 0.0000000000
150  58.936  -40.881  -4.968 0.0000000000
154  46.739  -24.690  -11.228 0.0000000000
421  47.941  -52.503  27.131 0.0000000000
422  46.147  -56.442  20.729 0.0000000000
423  47.329  -59.353  27.009 0.0000000000
424  44.767  -48.149  13.101 0.0000000000
425  54.606  -50.981  7.119 0.0000000000
426  49.919  -54.662  13.293 0.0000000000
427  45.459  -57.038  12.087 0.0000000000
428  45.881  -60.942  6.283 0.0000000000
429  38.302  -62.055  12.999 0.0000000000
433  38.611  -67.318  22.469 0.0000000000
457  52.496  -48.079  24.756 0.0000000000
459  57.733  -44.078  20.629 0.0000000000
460  51.391  -44.698  17.574 0.0000000000
461  49.932  -39.654  11.926 0.0000000000
484  61.260  -23.234  -0.396 0.0000000000
485  66.133  -30.067  3.203 0.0000000000
486  57.877  -35.461  6.306 0.0000000000
487  46.138  -36.760  5.093 0.0000000000
587  51.372  -43.648  0.497 0.0000000000
588  61.927  -49.751  3.481 0.0000000000
602  45.040  -36.946  -2.708 0.0000000000
603  53.495  -19.444  -3.397 0.0000000000
604  45.970  -27.356  -2.513 0.0000000000
605  52.326  -32.853  -9.136 0.0000000000
614  56.400  -17.408  -16.761 0.0000000000
616  48.727  -14.335  -11.894 0.0000000000
617  49.742  -8.549  -21.988 0.0000000000
