#!ascii label  , from subject fsaverage3 vox2ras=TkReg 
67
9  12.566  -42.947  1.787 0.0000000000
24  1.025  -6.710  20.958 0.0000000000
25  10.479  -22.901  -16.793 0.0000000000
38  29.726  -8.693  -30.344 0.0000000000
85  1.382  17.989  10.570 0.0000000000
86  5.945  -28.027  13.180 0.0000000000
87  19.873  -34.708  -0.926 0.0000000000
88  2.033  -12.110  3.039 0.0000000000
89  5.387  8.257  -5.616 0.0000000000
90  11.132  -1.465  -13.847 0.0000000000
94  2.688  -33.761  25.273 0.0000000000
95  7.760  -50.163  8.412 0.0000000000
137  35.075  -19.018  -12.853 0.0000000000
138  24.091  -2.002  -12.836 0.0000000000
140  36.916  -37.258  -7.714 0.0000000000
160  33.769  1.376  -17.474 0.0000000000
320  0.182  4.336  24.833 0.0000000000
321  1.291  5.264  15.815 0.0000000000
322  0.291  16.934  19.830 0.0000000000
323  3.424  28.443  12.126 0.0000000000
324  0.032  29.265  2.639 0.0000000000
325  2.145  -18.097  16.196 0.0000000000
326  3.941  -19.613  9.127 0.0000000000
327  2.483  -7.816  11.993 0.0000000000
328  7.967  -36.020  6.471 0.0000000000
329  19.245  -36.876  5.458 0.0000000000
330  8.923  -31.136  4.457 0.0000000000
331  6.868  -25.882  -0.984 0.0000000000
332  15.918  -27.446  -6.747 0.0000000000
333  2.123  -23.616  -7.421 0.0000000000
334  1.840  14.088  0.874 0.0000000000
335  5.380  23.764  -6.293 0.0000000000
336  2.369  2.142  6.260 0.0000000000
337  3.936  -4.385  -2.702 0.0000000000
338  2.225  -11.502  -11.243 0.0000000000
340  9.231  -12.848  -17.430 0.0000000000
341  6.698  1.296  -10.649 0.0000000000
348  2.608  -6.934  29.611 0.0000000000
356  7.124  -21.062  29.066 0.0000000000
357  0.123  -19.988  24.128 0.0000000000
361  0.738  -31.176  17.808 0.0000000000
363  4.409  -43.593  17.552 0.0000000000
364  1.922  -40.739  8.612 0.0000000000
365  10.395  -47.420  4.500 0.0000000000
520  29.672  20.968  -18.466 0.0000000000
532  17.662  -1.321  -11.503 0.0000000000
534  21.850  -21.434  -12.836 0.0000000000
535  18.688  -12.510  -12.632 0.0000000000
536  29.255  -11.317  -13.009 0.0000000000
537  39.037  -14.804  -21.928 0.0000000000
538  35.780  -7.767  -22.534 0.0000000000
539  31.097  -34.900  0.558 0.0000000000
540  28.198  -29.822  -7.942 0.0000000000
541  15.075  -40.151  -2.791 0.0000000000
542  26.115  -40.469  1.964 0.0000000000
543  26.902  -39.049  -7.735 0.0000000000
545  21.771  -31.011  -12.697 0.0000000000
546  36.785  -23.277  -19.771 0.0000000000
548  38.676  -28.200  -10.374 0.0000000000
549  30.764  -29.519  -16.684 0.0000000000
629  25.344  12.089  -17.626 0.0000000000
630  30.478  12.306  -14.473 0.0000000000
632  29.695  -0.399  -13.550 0.0000000000
633  32.680  -2.818  -25.751 0.0000000000
636  37.261  3.714  -23.969 0.0000000000
637  31.323  6.711  -32.621 0.0000000000
638  26.231  2.673  -36.623 0.0000000000
