#!ascii label  , from subject fsaverage3 vox2ras=TkReg 
30
377  12.335  -101.930  3.668 0.8000000119
378  5.991  -94.308  12.665 0.6000000238
379  3.984  -84.950  9.130 0.8999999762
566  16.790  -98.364  -9.210 1.0000000000
565  23.274  -99.413  -7.897 1.0000000000
99  15.029  -93.245  5.345 1.0000000000
563  8.137  -94.489  -6.379 0.8999999762
564  3.609  -84.382  -4.703 0.8000000119
146  11.615  -87.217  -14.492 0.6000000238
380  14.148  -86.735  5.327 1.0000000000
145  25.567  -94.960  -14.185 0.6999999881
567  16.253  -92.143  -7.444 0.6000000238
381  7.468  -76.749  13.268 1.0000000000
28  13.235  -77.615  3.936 1.0000000000
559  3.293  -71.173  5.677 0.8999999762
386  17.130  -69.587  10.757 1.0000000000
388  13.607  -69.851  4.856 1.0000000000
100  4.242  -73.508  20.185 0.3000000119
385  13.419  -65.210  14.858 0.1000000015
389  25.371  -65.774  6.771 1.0000000000
560  8.314  -60.546  4.019 0.8000000119
102  23.850  -62.373  0.716 0.8999999762
387  16.390  -55.141  13.336 0.1000000015
390  21.913  -54.859  6.887 0.1000000015
558  20.176  -52.134  -3.752 0.8999999762
561  13.021  -50.708  -4.633 0.2000000030
391  23.104  -50.710  1.531 0.2000000030
10  20.835  -99.814  3.965 0.5000000000
376  14.738  -96.389  10.824 0.2000000030
101  23.259  -62.460  13.237 0.1000000015
