# Created by mkdefectlut 1.4 2008/11/25 23:26:35
# Created on Fri Feb 15 14:40:20 EST 2013

0   Unknown  0   0   0   0

1 Defect-001 252 115 43  0
2 Defect-002 15 177 25  0
3 Defect-003 251 155 157  0
4 Defect-004 235 48 87  0
5 Defect-005 87 203 46  0
6 Defect-006 85 67 33  0
7 Defect-007 230 94 106  0
8 Defect-008 218 51 200  0
9 Defect-009 221 111 253  0
10 Defect-010 14 68 218  0
11 Defect-011 193 250 124  0
12 Defect-012 194 121 135  0
13 Defect-013 205 246 66  0
14 Defect-014 186 251 218  0
15 Defect-015 49 57 151  0
16 Defect-016 245 254 65  0
17 Defect-017 186 23 174  0
18 Defect-018 174 218 54  0
19 Defect-019 2 165 114  0
20 Defect-020 169 170 192  0
21 Defect-021 176 167 205  0
22 Defect-022 114 93 93  0
23 Defect-023 122 78 64  0
24 Defect-024 103 183 68  0
25 Defect-025 93 119 166  0
26 Defect-026 115 54 252  0
27 Defect-027 110 226 220  0
28 Defect-028 66 216 174  0
29 Defect-029 209 145 21  0
30 Defect-030 248 216 149  0
31 Defect-031 56 215 111  0
32 Defect-032 24 71 9  0
33 Defect-033 248 232 217  0
34 Defect-034 62 128 54  0
35 Defect-035 177 55 193  0
36 Defect-036 203 163 85  0
37 Defect-037 99 206 55  0
38 Defect-038 247 16 222  0
39 Defect-039 144 81 131  0
40 Defect-040 75 239 53  0
41 Defect-041 23 219 158  0
42 Defect-042 177 187 9  0
43 Defect-043 91 122 79  0
44 Defect-044 109 71 136  0
45 Defect-045 12 101 61  0
46 Defect-046 241 48 177  0
47 Defect-047 130 203 18  0
48 Defect-048 125 179 232  0
49 Defect-049 106 137 204  0
50 Defect-050 27 232 204  0
51 Defect-051 52 55 111  0
52 Defect-052 129 208 54  0
53 Defect-053 203 233 248  0
54 Defect-054 191 222 164  0
55 Defect-055 45 96 2  0
56 Defect-056 39 103 18  0
57 Defect-057 121 174 5  0
58 Defect-058 31 250 201  0
59 Defect-059 181 42 63  0
60 Defect-060 59 39 64  0
61 Defect-061 16 96 193  0
62 Defect-062 140 112 112  0
63 Defect-063 192 120 128  0
64 Defect-064 132 47 220  0
65 Defect-065 209 228 94  0
66 Defect-066 160 69 57  0
67 Defect-067 74 37 72  0
68 Defect-068 85 184 8  0
69 Defect-069 241 146 11  0
70 Defect-070 115 187 210  0
71 Defect-071 8 109 198  0
72 Defect-072 253 228 91  0
73 Defect-073 226 150 135  0
74 Defect-074 131 151 217  0
75 Defect-075 108 66 0  0
76 Defect-076 58 116 116  0
77 Defect-077 105 19 225  0
78 Defect-078 173 200 202  0
79 Defect-079 142 122 238  0
80 Defect-080 178 33 74  0
81 Defect-081 13 196 73  0
82 Defect-082 184 139 110  0
83 Defect-083 185 181 128  0
84 Defect-084 109 132 141  0
85 Defect-085 211 105 75  0
86 Defect-086 138 28 111  0
87 Defect-087 0 254 68  0
88 Defect-088 216 127 224  0
89 Defect-089 62 140 95  0
90 Defect-090 172 98 139  0
91 Defect-091 21 6 127  0
92 Defect-092 103 35 242  0
93 Defect-093 55 11 212  0
94 Defect-094 40 120 43  0
95 Defect-095 39 95 39  0
96 Defect-096 133 80 199  0
97 Defect-097 39 175 137  0
98 Defect-098 251 208 25  0
99 Defect-099 93 235 19  0
100 Defect-100 165 85 159  0
101 Defect-101 152 231 68  0
102 Defect-102 70 107 5  0
103 Defect-103 203 228 213  0
104 Defect-104 221 173 253  0
105 Defect-105 109 91 112  0
106 Defect-106 117 156 170  0
107 Defect-107 132 253 174  0
108 Defect-108 198 59 147  0
109 Defect-109 60 119 213  0
110 Defect-110 235 250 40  0
111 Defect-111 205 43 56  0
112 Defect-112 99 166 101  0
113 Defect-113 22 158 41  0
114 Defect-114 234 197 230  0
115 Defect-115 77 135 136  0
116 Defect-116 39 252 203  0
117 Defect-117 158 138 36  0
118 Defect-118 180 215 199  0
119 Defect-119 109 235 32  0
120 Defect-120 101 9 2  0
121 Defect-121 97 153 20  0
122 Defect-122 139 171 182  0
123 Defect-123 53 234 42  0
124 Defect-124 0 174 216  0
125 Defect-125 48 119 183  0
126 Defect-126 52 101 196  0
127 Defect-127 42 218 188  0
128 Defect-128 237 120 236  0
129 Defect-129 19 213 225  0
130 Defect-130 6 244 248  0
131 Defect-131 205 206 7  0
132 Defect-132 161 26 154  0
133 Defect-133 182 77 87  0
134 Defect-134 183 152 147  0
135 Defect-135 172 250 130  0
136 Defect-136 191 216 112  0
137 Defect-137 194 65 93  0
138 Defect-138 121 135 103  0
139 Defect-139 199 191 42  0
140 Defect-140 104 1 32  0
141 Defect-141 219 232 184  0
142 Defect-142 81 53 46  0
143 Defect-143 163 14 12  0
144 Defect-144 60 247 83  0
145 Defect-145 107 12 195  0
146 Defect-146 102 214 198  0
147 Defect-147 211 183 237  0
148 Defect-148 248 28 108  0
149 Defect-149 56 74 128  0
150 Defect-150 90 185 47  0
151 Defect-151 117 251 24  0
152 Defect-152 197 12 50  0
153 Defect-153 194 120 32  0
154 Defect-154 158 213 165  0
155 Defect-155 91 145 127  0
156 Defect-156 244 85 227  0
157 Defect-157 106 252 215  0
158 Defect-158 32 92 204  0
159 Defect-159 241 170 125  0
160 Defect-160 56 5 40  0
161 Defect-161 182 142 226  0
162 Defect-162 29 49 108  0
163 Defect-163 197 187 124  0
164 Defect-164 200 43 37  0
165 Defect-165 31 188 83  0
166 Defect-166 83 142 165  0
167 Defect-167 61 235 125  0
168 Defect-168 33 134 251  0
169 Defect-169 72 13 161  0
170 Defect-170 17 88 108  0
171 Defect-171 207 73 38  0
172 Defect-172 78 169 6  0
173 Defect-173 54 142 72  0
174 Defect-174 221 127 68  0
175 Defect-175 8 8 179  0
176 Defect-176 40 34 243  0
177 Defect-177 96 73 35  0
178 Defect-178 160 247 145  0
179 Defect-179 119 252 209  0
180 Defect-180 17 193 113  0
181 Defect-181 56 65 86  0
182 Defect-182 7 6 155  0
183 Defect-183 233 86 70  0
184 Defect-184 125 70 79  0
185 Defect-185 233 180 173  0
186 Defect-186 147 51 211  0
187 Defect-187 144 251 195  0
188 Defect-188 122 246 150  0
189 Defect-189 149 25 25  0
190 Defect-190 145 15 146  0
191 Defect-191 48 240 5  0
192 Defect-192 141 171 106  0
193 Defect-193 177 12 133  0
194 Defect-194 211 82 138  0
195 Defect-195 69 77 250  0
196 Defect-196 155 83 123  0
197 Defect-197 43 4 138  0
198 Defect-198 58 55 17  0
199 Defect-199 120 151 210  0
200 Defect-200 233 37 175  0
201 Defect-201 22 51 146  0
202 Defect-202 187 205 177  0
203 Defect-203 199 176 230  0
204 Defect-204 79 10 20  0
205 Defect-205 217 51 66  0
206 Defect-206 124 6 139  0
207 Defect-207 33 184 15  0
208 Defect-208 39 190 80  0
209 Defect-209 193 181 94  0
210 Defect-210 213 12 227  0
211 Defect-211 58 128 77  0
212 Defect-212 33 163 150  0
213 Defect-213 22 171 233  0
214 Defect-214 159 222 117  0
215 Defect-215 132 243 70  0
216 Defect-216 114 216 120  0
217 Defect-217 31 35 175  0
218 Defect-218 44 252 199  0
219 Defect-219 157 191 113  0
220 Defect-220 196 206 74  0
221 Defect-221 152 129 124  0
222 Defect-222 234 15 111  0
223 Defect-223 23 57 249  0
224 Defect-224 176 36 58  0
225 Defect-225 200 23 92  0
226 Defect-226 43 60 81  0
227 Defect-227 209 121 237  0
228 Defect-228 68 52 209  0
229 Defect-229 22 123 118  0
230 Defect-230 142 120 70  0
231 Defect-231 112 202 234  0
232 Defect-232 22 154 229  0
233 Defect-233 43 187 244  0
234 Defect-234 228 176 42  0
235 Defect-235 147 122 31  0
236 Defect-236 228 171 114  0
237 Defect-237 135 174 225  0
238 Defect-238 137 152 110  0
239 Defect-239 82 209 227  0
240 Defect-240 252 238 188  0
241 Defect-241 67 60 70  0
242 Defect-242 39 154 183  0
243 Defect-243 138 208 87  0
244 Defect-244 137 130 202  0
245 Defect-245 83 36 169  0
246 Defect-246 155 189 229  0
247 Defect-247 178 101 159  0
248 Defect-248 59 81 178  0
249 Defect-249 235 48 221  0
250 Defect-250 92 178 190  0
251 Defect-251 204 19 87  0
252 Defect-252 235 161 34  0
253 Defect-253 58 126 85  0
254 Defect-254 82 163 33  0
255 Defect-255 36 120 15  0
256 Defect-256 144 105 126  0
257 Defect-257 198 137 29  0
258 Defect-258 98 184 29  0
259 Defect-259 163 218 16  0
260 Defect-260 98 201 174  0
261 Defect-261 11 77 245  0
262 Defect-262 74 113 84  0
263 Defect-263 206 96 231  0
264 Defect-264 165 72 67  0
265 Defect-265 120 83 84  0
266 Defect-266 91 233 149  0
267 Defect-267 164 109 246  0
268 Defect-268 235 74 77  0
269 Defect-269 159 9 253  0
270 Defect-270 242 55 240  0
271 Defect-271 64 58 81  0
272 Defect-272 45 153 110  0
273 Defect-273 104 49 173  0
274 Defect-274 25 207 21  0
275 Defect-275 64 47 126  0
276 Defect-276 85 84 145  0
277 Defect-277 248 49 114  0
278 Defect-278 56 135 20  0
279 Defect-279 237 123 124  0
280 Defect-280 135 6 101  0
281 Defect-281 56 115 246  0
282 Defect-282 79 97 163  0
283 Defect-283 13 133 113  0
284 Defect-284 70 121 51  0
285 Defect-285 48 87 144  0
286 Defect-286 10 21 47  0
287 Defect-287 46 199 158  0
288 Defect-288 146 197 230  0
289 Defect-289 140 224 195  0
290 Defect-290 193 175 226  0
291 Defect-291 34 197 217  0
292 Defect-292 208 156 43  0
293 Defect-293 21 84 228  0
294 Defect-294 51 172 249  0
295 Defect-295 190 93 205  0
296 Defect-296 183 182 93  0
297 Defect-297 240 88 43  0
298 Defect-298 179 237 104  0
299 Defect-299 9 215 224  0
300 Defect-300 40 56 35  0
301 Defect-301 33 195 75  0
302 Defect-302 103 63 58  0
303 Defect-303 184 139 167  0
304 Defect-304 54 109 184  0
305 Defect-305 122 121 223  0
306 Defect-306 235 156 150  0
307 Defect-307 252 240 42  0
308 Defect-308 5 186 104  0
309 Defect-309 223 247 86  0
310 Defect-310 187 11 179  0
311 Defect-311 79 69 242  0
312 Defect-312 68 41 185  0
313 Defect-313 64 206 83  0
314 Defect-314 143 5 111  0
315 Defect-315 52 211 105  0
316 Defect-316 31 152 10  0
317 Defect-317 254 174 113  0
318 Defect-318 135 252 70  0
319 Defect-319 226 83 150  0
320 Defect-320 22 103 230  0
321 Defect-321 63 123 26  0
322 Defect-322 197 118 33  0
323 Defect-323 220 16 85  0
324 Defect-324 203 224 216  0
325 Defect-325 117 23 233  0
326 Defect-326 192 235 165  0
327 Defect-327 222 239 59  0
328 Defect-328 221 130 159  0
329 Defect-329 99 146 11  0
330 Defect-330 196 124 90  0
331 Defect-331 162 172 40  0
332 Defect-332 192 95 17  0
333 Defect-333 247 178 216  0
334 Defect-334 32 247 32  0
335 Defect-335 202 55 133  0
336 Defect-336 218 237 251  0
337 Defect-337 168 230 155  0
338 Defect-338 105 191 201  0
339 Defect-339 60 220 72  0
340 Defect-340 222 74 96  0
341 Defect-341 134 95 194  0
342 Defect-342 219 200 210  0
343 Defect-343 19 219 110  0
344 Defect-344 11 156 48  0
345 Defect-345 173 204 242  0
346 Defect-346 248 76 130  0
347 Defect-347 150 201 147  0
348 Defect-348 46 205 88  0
349 Defect-349 6 32 187  0
350 Defect-350 203 32 28  0
351 Defect-351 162 242 169  0
352 Defect-352 110 21 6  0
353 Defect-353 54 224 249  0
354 Defect-354 32 199 19  0
355 Defect-355 96 152 154  0
356 Defect-356 162 253 66  0
357 Defect-357 242 153 39  0
358 Defect-358 231 224 202  0
359 Defect-359 183 70 215  0
360 Defect-360 139 244 190  0
361 Defect-361 93 141 128  0
362 Defect-362 144 44 196  0
363 Defect-363 166 91 49  0
364 Defect-364 223 217 135  0
365 Defect-365 151 165 68  0
366 Defect-366 210 24 143  0
367 Defect-367 240 177 118  0
368 Defect-368 101 45 80  0
369 Defect-369 81 52 59  0
370 Defect-370 194 249 120  0
371 Defect-371 119 11 63  0
372 Defect-372 12 247 44  0
373 Defect-373 6 80 231  0
374 Defect-374 142 246 163  0
375 Defect-375 223 164 9  0
376 Defect-376 24 52 231  0
377 Defect-377 117 59 154  0
378 Defect-378 237 111 91  0
379 Defect-379 239 119 112  0
380 Defect-380 190 52 113  0
381 Defect-381 47 123 133  0
382 Defect-382 22 5 57  0
383 Defect-383 249 156 228  0
384 Defect-384 208 122 216  0
385 Defect-385 150 206 98  0
386 Defect-386 19 30 233  0
387 Defect-387 70 25 83  0
388 Defect-388 223 230 105  0
389 Defect-389 69 113 150  0
390 Defect-390 79 29 72  0
391 Defect-391 7 120 220  0
392 Defect-392 85 224 88  0
393 Defect-393 128 227 111  0
394 Defect-394 15 237 174  0
395 Defect-395 50 186 154  0
396 Defect-396 41 35 128  0
397 Defect-397 248 191 75  0
398 Defect-398 158 85 83  0
399 Defect-399 62 140 11  0
400 Defect-400 195 48 150  0
401 Defect-401 218 137 191  0
402 Defect-402 153 207 146  0
403 Defect-403 25 87 224  0
404 Defect-404 141 131 140  0
405 Defect-405 28 225 204  0
406 Defect-406 4 241 193  0
407 Defect-407 175 69 25  0
408 Defect-408 19 58 95  0
409 Defect-409 217 210 73  0
410 Defect-410 98 173 187  0
411 Defect-411 37 158 49  0
412 Defect-412 21 62 26  0
413 Defect-413 192 0 103  0
414 Defect-414 93 30 139  0
415 Defect-415 26 25 73  0
416 Defect-416 120 86 62  0
417 Defect-417 34 212 5  0
418 Defect-418 105 232 188  0
419 Defect-419 110 119 15  0
420 Defect-420 193 25 149  0
421 Defect-421 39 40 142  0
422 Defect-422 134 6 250  0
423 Defect-423 56 4 232  0
424 Defect-424 125 166 47  0
425 Defect-425 221 243 247  0
426 Defect-426 193 78 40  0
427 Defect-427 221 162 213  0
428 Defect-428 91 128 143  0
429 Defect-429 194 102 249  0
430 Defect-430 19 124 29  0
431 Defect-431 81 108 52  0
432 Defect-432 60 2 230  0
433 Defect-433 149 119 69  0
434 Defect-434 8 225 89  0
435 Defect-435 80 154 93  0
436 Defect-436 16 110 187  0
437 Defect-437 123 48 59  0
438 Defect-438 131 3 5  0
439 Defect-439 28 56 97  0
440 Defect-440 35 226 47  0
441 Defect-441 86 37 166  0
442 Defect-442 41 130 204  0
443 Defect-443 36 78 240  0
444 Defect-444 81 86 46  0
445 Defect-445 53 150 69  0
446 Defect-446 106 139 253  0
447 Defect-447 94 12 30  0
448 Defect-448 5 57 43  0
449 Defect-449 114 102 160  0
450 Defect-450 252 239 150  0
451 Defect-451 2 79 221  0
452 Defect-452 18 205 231  0
453 Defect-453 53 95 203  0
454 Defect-454 101 83 147  0
455 Defect-455 144 198 60  0
456 Defect-456 25 50 44  0
457 Defect-457 129 116 51  0
458 Defect-458 114 12 75  0
459 Defect-459 159 157 155  0
460 Defect-460 84 67 175  0
461 Defect-461 4 72 177  0
462 Defect-462 67 85 119  0
463 Defect-463 151 136 166  0
464 Defect-464 65 103 156  0
465 Defect-465 189 140 50  0
466 Defect-466 133 178 199  0
467 Defect-467 39 213 167  0
468 Defect-468 78 141 87  0
469 Defect-469 179 157 91  0
470 Defect-470 168 32 74  0
471 Defect-471 73 192 62  0
472 Defect-472 7 65 43  0
473 Defect-473 14 127 126  0
474 Defect-474 137 146 105  0
475 Defect-475 200 157 212  0
476 Defect-476 216 239 212  0
477 Defect-477 24 115 211  0
478 Defect-478 68 73 198  0
479 Defect-479 21 108 222  0
480 Defect-480 138 131 35  0
481 Defect-481 83 46 22  0
482 Defect-482 42 209 133  0
483 Defect-483 219 74 229  0
484 Defect-484 242 181 49  0
485 Defect-485 191 40 25  0
486 Defect-486 65 1 35  0
487 Defect-487 119 17 42  0
488 Defect-488 63 116 49  0
489 Defect-489 62 114 197  0
490 Defect-490 250 151 188  0
491 Defect-491 215 23 202  0
492 Defect-492 59 77 202  0
493 Defect-493 49 195 88  0
494 Defect-494 38 37 61  0
495 Defect-495 54 31 150  0
496 Defect-496 50 242 1  0
497 Defect-497 70 147 135  0
498 Defect-498 88 97 247  0
499 Defect-499 70 94 165  0
500 Defect-500 6 107 40  0

1001 LH-Defect-001 252 115 43  0
1002 LH-Defect-002 15 177 25  0
1003 LH-Defect-003 251 155 157  0
1004 LH-Defect-004 235 48 87  0
1005 LH-Defect-005 87 203 46  0
1006 LH-Defect-006 85 67 33  0
1007 LH-Defect-007 230 94 106  0
1008 LH-Defect-008 218 51 200  0
1009 LH-Defect-009 221 111 253  0
1010 LH-Defect-010 14 68 218  0
1011 LH-Defect-011 193 250 124  0
1012 LH-Defect-012 194 121 135  0
1013 LH-Defect-013 205 246 66  0
1014 LH-Defect-014 186 251 218  0
1015 LH-Defect-015 49 57 151  0
1016 LH-Defect-016 245 254 65  0
1017 LH-Defect-017 186 23 174  0
1018 LH-Defect-018 174 218 54  0
1019 LH-Defect-019 2 165 114  0
1020 LH-Defect-020 169 170 192  0
1021 LH-Defect-021 176 167 205  0
1022 LH-Defect-022 114 93 93  0
1023 LH-Defect-023 122 78 64  0
1024 LH-Defect-024 103 183 68  0
1025 LH-Defect-025 93 119 166  0
1026 LH-Defect-026 115 54 252  0
1027 LH-Defect-027 110 226 220  0
1028 LH-Defect-028 66 216 174  0
1029 LH-Defect-029 209 145 21  0
1030 LH-Defect-030 248 216 149  0
1031 LH-Defect-031 56 215 111  0
1032 LH-Defect-032 24 71 9  0
1033 LH-Defect-033 248 232 217  0
1034 LH-Defect-034 62 128 54  0
1035 LH-Defect-035 177 55 193  0
1036 LH-Defect-036 203 163 85  0
1037 LH-Defect-037 99 206 55  0
1038 LH-Defect-038 247 16 222  0
1039 LH-Defect-039 144 81 131  0
1040 LH-Defect-040 75 239 53  0
1041 LH-Defect-041 23 219 158  0
1042 LH-Defect-042 177 187 9  0
1043 LH-Defect-043 91 122 79  0
1044 LH-Defect-044 109 71 136  0
1045 LH-Defect-045 12 101 61  0
1046 LH-Defect-046 241 48 177  0
1047 LH-Defect-047 130 203 18  0
1048 LH-Defect-048 125 179 232  0
1049 LH-Defect-049 106 137 204  0
1050 LH-Defect-050 27 232 204  0
1051 LH-Defect-051 52 55 111  0
1052 LH-Defect-052 129 208 54  0
1053 LH-Defect-053 203 233 248  0
1054 LH-Defect-054 191 222 164  0
1055 LH-Defect-055 45 96 2  0
1056 LH-Defect-056 39 103 18  0
1057 LH-Defect-057 121 174 5  0
1058 LH-Defect-058 31 250 201  0
1059 LH-Defect-059 181 42 63  0
1060 LH-Defect-060 59 39 64  0
1061 LH-Defect-061 16 96 193  0
1062 LH-Defect-062 140 112 112  0
1063 LH-Defect-063 192 120 128  0
1064 LH-Defect-064 132 47 220  0
1065 LH-Defect-065 209 228 94  0
1066 LH-Defect-066 160 69 57  0
1067 LH-Defect-067 74 37 72  0
1068 LH-Defect-068 85 184 8  0
1069 LH-Defect-069 241 146 11  0
1070 LH-Defect-070 115 187 210  0
1071 LH-Defect-071 8 109 198  0
1072 LH-Defect-072 253 228 91  0
1073 LH-Defect-073 226 150 135  0
1074 LH-Defect-074 131 151 217  0
1075 LH-Defect-075 108 66 0  0
1076 LH-Defect-076 58 116 116  0
1077 LH-Defect-077 105 19 225  0
1078 LH-Defect-078 173 200 202  0
1079 LH-Defect-079 142 122 238  0
1080 LH-Defect-080 178 33 74  0
1081 LH-Defect-081 13 196 73  0
1082 LH-Defect-082 184 139 110  0
1083 LH-Defect-083 185 181 128  0
1084 LH-Defect-084 109 132 141  0
1085 LH-Defect-085 211 105 75  0
1086 LH-Defect-086 138 28 111  0
1087 LH-Defect-087 0 254 68  0
1088 LH-Defect-088 216 127 224  0
1089 LH-Defect-089 62 140 95  0
1090 LH-Defect-090 172 98 139  0
1091 LH-Defect-091 21 6 127  0
1092 LH-Defect-092 103 35 242  0
1093 LH-Defect-093 55 11 212  0
1094 LH-Defect-094 40 120 43  0
1095 LH-Defect-095 39 95 39  0
1096 LH-Defect-096 133 80 199  0
1097 LH-Defect-097 39 175 137  0
1098 LH-Defect-098 251 208 25  0
1099 LH-Defect-099 93 235 19  0
1100 LH-Defect-100 165 85 159  0
1101 LH-Defect-101 152 231 68  0
1102 LH-Defect-102 70 107 5  0
1103 LH-Defect-103 203 228 213  0
1104 LH-Defect-104 221 173 253  0
1105 LH-Defect-105 109 91 112  0
1106 LH-Defect-106 117 156 170  0
1107 LH-Defect-107 132 253 174  0
1108 LH-Defect-108 198 59 147  0
1109 LH-Defect-109 60 119 213  0
1110 LH-Defect-110 235 250 40  0
1111 LH-Defect-111 205 43 56  0
1112 LH-Defect-112 99 166 101  0
1113 LH-Defect-113 22 158 41  0
1114 LH-Defect-114 234 197 230  0
1115 LH-Defect-115 77 135 136  0
1116 LH-Defect-116 39 252 203  0
1117 LH-Defect-117 158 138 36  0
1118 LH-Defect-118 180 215 199  0
1119 LH-Defect-119 109 235 32  0
1120 LH-Defect-120 101 9 2  0
1121 LH-Defect-121 97 153 20  0
1122 LH-Defect-122 139 171 182  0
1123 LH-Defect-123 53 234 42  0
1124 LH-Defect-124 0 174 216  0
1125 LH-Defect-125 48 119 183  0
1126 LH-Defect-126 52 101 196  0
1127 LH-Defect-127 42 218 188  0
1128 LH-Defect-128 237 120 236  0
1129 LH-Defect-129 19 213 225  0
1130 LH-Defect-130 6 244 248  0
1131 LH-Defect-131 205 206 7  0
1132 LH-Defect-132 161 26 154  0
1133 LH-Defect-133 182 77 87  0
1134 LH-Defect-134 183 152 147  0
1135 LH-Defect-135 172 250 130  0
1136 LH-Defect-136 191 216 112  0
1137 LH-Defect-137 194 65 93  0
1138 LH-Defect-138 121 135 103  0
1139 LH-Defect-139 199 191 42  0
1140 LH-Defect-140 104 1 32  0
1141 LH-Defect-141 219 232 184  0
1142 LH-Defect-142 81 53 46  0
1143 LH-Defect-143 163 14 12  0
1144 LH-Defect-144 60 247 83  0
1145 LH-Defect-145 107 12 195  0
1146 LH-Defect-146 102 214 198  0
1147 LH-Defect-147 211 183 237  0
1148 LH-Defect-148 248 28 108  0
1149 LH-Defect-149 56 74 128  0
1150 LH-Defect-150 90 185 47  0
1151 LH-Defect-151 117 251 24  0
1152 LH-Defect-152 197 12 50  0
1153 LH-Defect-153 194 120 32  0
1154 LH-Defect-154 158 213 165  0
1155 LH-Defect-155 91 145 127  0
1156 LH-Defect-156 244 85 227  0
1157 LH-Defect-157 106 252 215  0
1158 LH-Defect-158 32 92 204  0
1159 LH-Defect-159 241 170 125  0
1160 LH-Defect-160 56 5 40  0
1161 LH-Defect-161 182 142 226  0
1162 LH-Defect-162 29 49 108  0
1163 LH-Defect-163 197 187 124  0
1164 LH-Defect-164 200 43 37  0
1165 LH-Defect-165 31 188 83  0
1166 LH-Defect-166 83 142 165  0
1167 LH-Defect-167 61 235 125  0
1168 LH-Defect-168 33 134 251  0
1169 LH-Defect-169 72 13 161  0
1170 LH-Defect-170 17 88 108  0
1171 LH-Defect-171 207 73 38  0
1172 LH-Defect-172 78 169 6  0
1173 LH-Defect-173 54 142 72  0
1174 LH-Defect-174 221 127 68  0
1175 LH-Defect-175 8 8 179  0
1176 LH-Defect-176 40 34 243  0
1177 LH-Defect-177 96 73 35  0
1178 LH-Defect-178 160 247 145  0
1179 LH-Defect-179 119 252 209  0
1180 LH-Defect-180 17 193 113  0
1181 LH-Defect-181 56 65 86  0
1182 LH-Defect-182 7 6 155  0
1183 LH-Defect-183 233 86 70  0
1184 LH-Defect-184 125 70 79  0
1185 LH-Defect-185 233 180 173  0
1186 LH-Defect-186 147 51 211  0
1187 LH-Defect-187 144 251 195  0
1188 LH-Defect-188 122 246 150  0
1189 LH-Defect-189 149 25 25  0
1190 LH-Defect-190 145 15 146  0
1191 LH-Defect-191 48 240 5  0
1192 LH-Defect-192 141 171 106  0
1193 LH-Defect-193 177 12 133  0
1194 LH-Defect-194 211 82 138  0
1195 LH-Defect-195 69 77 250  0
1196 LH-Defect-196 155 83 123  0
1197 LH-Defect-197 43 4 138  0
1198 LH-Defect-198 58 55 17  0
1199 LH-Defect-199 120 151 210  0
1200 LH-Defect-200 233 37 175  0
1201 LH-Defect-201 22 51 146  0
1202 LH-Defect-202 187 205 177  0
1203 LH-Defect-203 199 176 230  0
1204 LH-Defect-204 79 10 20  0
1205 LH-Defect-205 217 51 66  0
1206 LH-Defect-206 124 6 139  0
1207 LH-Defect-207 33 184 15  0
1208 LH-Defect-208 39 190 80  0
1209 LH-Defect-209 193 181 94  0
1210 LH-Defect-210 213 12 227  0
1211 LH-Defect-211 58 128 77  0
1212 LH-Defect-212 33 163 150  0
1213 LH-Defect-213 22 171 233  0
1214 LH-Defect-214 159 222 117  0
1215 LH-Defect-215 132 243 70  0
1216 LH-Defect-216 114 216 120  0
1217 LH-Defect-217 31 35 175  0
1218 LH-Defect-218 44 252 199  0
1219 LH-Defect-219 157 191 113  0
1220 LH-Defect-220 196 206 74  0
1221 LH-Defect-221 152 129 124  0
1222 LH-Defect-222 234 15 111  0
1223 LH-Defect-223 23 57 249  0
1224 LH-Defect-224 176 36 58  0
1225 LH-Defect-225 200 23 92  0
1226 LH-Defect-226 43 60 81  0
1227 LH-Defect-227 209 121 237  0
1228 LH-Defect-228 68 52 209  0
1229 LH-Defect-229 22 123 118  0
1230 LH-Defect-230 142 120 70  0
1231 LH-Defect-231 112 202 234  0
1232 LH-Defect-232 22 154 229  0
1233 LH-Defect-233 43 187 244  0
1234 LH-Defect-234 228 176 42  0
1235 LH-Defect-235 147 122 31  0
1236 LH-Defect-236 228 171 114  0
1237 LH-Defect-237 135 174 225  0
1238 LH-Defect-238 137 152 110  0
1239 LH-Defect-239 82 209 227  0
1240 LH-Defect-240 252 238 188  0
1241 LH-Defect-241 67 60 70  0
1242 LH-Defect-242 39 154 183  0
1243 LH-Defect-243 138 208 87  0
1244 LH-Defect-244 137 130 202  0
1245 LH-Defect-245 83 36 169  0
1246 LH-Defect-246 155 189 229  0
1247 LH-Defect-247 178 101 159  0
1248 LH-Defect-248 59 81 178  0
1249 LH-Defect-249 235 48 221  0
1250 LH-Defect-250 92 178 190  0
1251 LH-Defect-251 204 19 87  0
1252 LH-Defect-252 235 161 34  0
1253 LH-Defect-253 58 126 85  0
1254 LH-Defect-254 82 163 33  0
1255 LH-Defect-255 36 120 15  0
1256 LH-Defect-256 144 105 126  0
1257 LH-Defect-257 198 137 29  0
1258 LH-Defect-258 98 184 29  0
1259 LH-Defect-259 163 218 16  0
1260 LH-Defect-260 98 201 174  0
1261 LH-Defect-261 11 77 245  0
1262 LH-Defect-262 74 113 84  0
1263 LH-Defect-263 206 96 231  0
1264 LH-Defect-264 165 72 67  0
1265 LH-Defect-265 120 83 84  0
1266 LH-Defect-266 91 233 149  0
1267 LH-Defect-267 164 109 246  0
1268 LH-Defect-268 235 74 77  0
1269 LH-Defect-269 159 9 253  0
1270 LH-Defect-270 242 55 240  0
1271 LH-Defect-271 64 58 81  0
1272 LH-Defect-272 45 153 110  0
1273 LH-Defect-273 104 49 173  0
1274 LH-Defect-274 25 207 21  0
1275 LH-Defect-275 64 47 126  0
1276 LH-Defect-276 85 84 145  0
1277 LH-Defect-277 248 49 114  0
1278 LH-Defect-278 56 135 20  0
1279 LH-Defect-279 237 123 124  0
1280 LH-Defect-280 135 6 101  0
1281 LH-Defect-281 56 115 246  0
1282 LH-Defect-282 79 97 163  0
1283 LH-Defect-283 13 133 113  0
1284 LH-Defect-284 70 121 51  0
1285 LH-Defect-285 48 87 144  0
1286 LH-Defect-286 10 21 47  0
1287 LH-Defect-287 46 199 158  0
1288 LH-Defect-288 146 197 230  0
1289 LH-Defect-289 140 224 195  0
1290 LH-Defect-290 193 175 226  0
1291 LH-Defect-291 34 197 217  0
1292 LH-Defect-292 208 156 43  0
1293 LH-Defect-293 21 84 228  0
1294 LH-Defect-294 51 172 249  0
1295 LH-Defect-295 190 93 205  0
1296 LH-Defect-296 183 182 93  0
1297 LH-Defect-297 240 88 43  0
1298 LH-Defect-298 179 237 104  0
1299 LH-Defect-299 9 215 224  0
1300 LH-Defect-300 40 56 35  0
1301 LH-Defect-301 33 195 75  0
1302 LH-Defect-302 103 63 58  0
1303 LH-Defect-303 184 139 167  0
1304 LH-Defect-304 54 109 184  0
1305 LH-Defect-305 122 121 223  0
1306 LH-Defect-306 235 156 150  0
1307 LH-Defect-307 252 240 42  0
1308 LH-Defect-308 5 186 104  0
1309 LH-Defect-309 223 247 86  0
1310 LH-Defect-310 187 11 179  0
1311 LH-Defect-311 79 69 242  0
1312 LH-Defect-312 68 41 185  0
1313 LH-Defect-313 64 206 83  0
1314 LH-Defect-314 143 5 111  0
1315 LH-Defect-315 52 211 105  0
1316 LH-Defect-316 31 152 10  0
1317 LH-Defect-317 254 174 113  0
1318 LH-Defect-318 135 252 70  0
1319 LH-Defect-319 226 83 150  0
1320 LH-Defect-320 22 103 230  0
1321 LH-Defect-321 63 123 26  0
1322 LH-Defect-322 197 118 33  0
1323 LH-Defect-323 220 16 85  0
1324 LH-Defect-324 203 224 216  0
1325 LH-Defect-325 117 23 233  0
1326 LH-Defect-326 192 235 165  0
1327 LH-Defect-327 222 239 59  0
1328 LH-Defect-328 221 130 159  0
1329 LH-Defect-329 99 146 11  0
1330 LH-Defect-330 196 124 90  0
1331 LH-Defect-331 162 172 40  0
1332 LH-Defect-332 192 95 17  0
1333 LH-Defect-333 247 178 216  0
1334 LH-Defect-334 32 247 32  0
1335 LH-Defect-335 202 55 133  0
1336 LH-Defect-336 218 237 251  0
1337 LH-Defect-337 168 230 155  0
1338 LH-Defect-338 105 191 201  0
1339 LH-Defect-339 60 220 72  0
1340 LH-Defect-340 222 74 96  0
1341 LH-Defect-341 134 95 194  0
1342 LH-Defect-342 219 200 210  0
1343 LH-Defect-343 19 219 110  0
1344 LH-Defect-344 11 156 48  0
1345 LH-Defect-345 173 204 242  0
1346 LH-Defect-346 248 76 130  0
1347 LH-Defect-347 150 201 147  0
1348 LH-Defect-348 46 205 88  0
1349 LH-Defect-349 6 32 187  0
1350 LH-Defect-350 203 32 28  0
1351 LH-Defect-351 162 242 169  0
1352 LH-Defect-352 110 21 6  0
1353 LH-Defect-353 54 224 249  0
1354 LH-Defect-354 32 199 19  0
1355 LH-Defect-355 96 152 154  0
1356 LH-Defect-356 162 253 66  0
1357 LH-Defect-357 242 153 39  0
1358 LH-Defect-358 231 224 202  0
1359 LH-Defect-359 183 70 215  0
1360 LH-Defect-360 139 244 190  0
1361 LH-Defect-361 93 141 128  0
1362 LH-Defect-362 144 44 196  0
1363 LH-Defect-363 166 91 49  0
1364 LH-Defect-364 223 217 135  0
1365 LH-Defect-365 151 165 68  0
1366 LH-Defect-366 210 24 143  0
1367 LH-Defect-367 240 177 118  0
1368 LH-Defect-368 101 45 80  0
1369 LH-Defect-369 81 52 59  0
1370 LH-Defect-370 194 249 120  0
1371 LH-Defect-371 119 11 63  0
1372 LH-Defect-372 12 247 44  0
1373 LH-Defect-373 6 80 231  0
1374 LH-Defect-374 142 246 163  0
1375 LH-Defect-375 223 164 9  0
1376 LH-Defect-376 24 52 231  0
1377 LH-Defect-377 117 59 154  0
1378 LH-Defect-378 237 111 91  0
1379 LH-Defect-379 239 119 112  0
1380 LH-Defect-380 190 52 113  0
1381 LH-Defect-381 47 123 133  0
1382 LH-Defect-382 22 5 57  0
1383 LH-Defect-383 249 156 228  0
1384 LH-Defect-384 208 122 216  0
1385 LH-Defect-385 150 206 98  0
1386 LH-Defect-386 19 30 233  0
1387 LH-Defect-387 70 25 83  0
1388 LH-Defect-388 223 230 105  0
1389 LH-Defect-389 69 113 150  0
1390 LH-Defect-390 79 29 72  0
1391 LH-Defect-391 7 120 220  0
1392 LH-Defect-392 85 224 88  0
1393 LH-Defect-393 128 227 111  0
1394 LH-Defect-394 15 237 174  0
1395 LH-Defect-395 50 186 154  0
1396 LH-Defect-396 41 35 128  0
1397 LH-Defect-397 248 191 75  0
1398 LH-Defect-398 158 85 83  0
1399 LH-Defect-399 62 140 11  0
1400 LH-Defect-400 195 48 150  0
1401 LH-Defect-401 218 137 191  0
1402 LH-Defect-402 153 207 146  0
1403 LH-Defect-403 25 87 224  0
1404 LH-Defect-404 141 131 140  0
1405 LH-Defect-405 28 225 204  0
1406 LH-Defect-406 4 241 193  0
1407 LH-Defect-407 175 69 25  0
1408 LH-Defect-408 19 58 95  0
1409 LH-Defect-409 217 210 73  0
1410 LH-Defect-410 98 173 187  0
1411 LH-Defect-411 37 158 49  0
1412 LH-Defect-412 21 62 26  0
1413 LH-Defect-413 192 0 103  0
1414 LH-Defect-414 93 30 139  0
1415 LH-Defect-415 26 25 73  0
1416 LH-Defect-416 120 86 62  0
1417 LH-Defect-417 34 212 5  0
1418 LH-Defect-418 105 232 188  0
1419 LH-Defect-419 110 119 15  0
1420 LH-Defect-420 193 25 149  0
1421 LH-Defect-421 39 40 142  0
1422 LH-Defect-422 134 6 250  0
1423 LH-Defect-423 56 4 232  0
1424 LH-Defect-424 125 166 47  0
1425 LH-Defect-425 221 243 247  0
1426 LH-Defect-426 193 78 40  0
1427 LH-Defect-427 221 162 213  0
1428 LH-Defect-428 91 128 143  0
1429 LH-Defect-429 194 102 249  0
1430 LH-Defect-430 19 124 29  0
1431 LH-Defect-431 81 108 52  0
1432 LH-Defect-432 60 2 230  0
1433 LH-Defect-433 149 119 69  0
1434 LH-Defect-434 8 225 89  0
1435 LH-Defect-435 80 154 93  0
1436 LH-Defect-436 16 110 187  0
1437 LH-Defect-437 123 48 59  0
1438 LH-Defect-438 131 3 5  0
1439 LH-Defect-439 28 56 97  0
1440 LH-Defect-440 35 226 47  0
1441 LH-Defect-441 86 37 166  0
1442 LH-Defect-442 41 130 204  0
1443 LH-Defect-443 36 78 240  0
1444 LH-Defect-444 81 86 46  0
1445 LH-Defect-445 53 150 69  0
1446 LH-Defect-446 106 139 253  0
1447 LH-Defect-447 94 12 30  0
1448 LH-Defect-448 5 57 43  0
1449 LH-Defect-449 114 102 160  0
1450 LH-Defect-450 252 239 150  0
1451 LH-Defect-451 2 79 221  0
1452 LH-Defect-452 18 205 231  0
1453 LH-Defect-453 53 95 203  0
1454 LH-Defect-454 101 83 147  0
1455 LH-Defect-455 144 198 60  0
1456 LH-Defect-456 25 50 44  0
1457 LH-Defect-457 129 116 51  0
1458 LH-Defect-458 114 12 75  0
1459 LH-Defect-459 159 157 155  0
1460 LH-Defect-460 84 67 175  0
1461 LH-Defect-461 4 72 177  0
1462 LH-Defect-462 67 85 119  0
1463 LH-Defect-463 151 136 166  0
1464 LH-Defect-464 65 103 156  0
1465 LH-Defect-465 189 140 50  0
1466 LH-Defect-466 133 178 199  0
1467 LH-Defect-467 39 213 167  0
1468 LH-Defect-468 78 141 87  0
1469 LH-Defect-469 179 157 91  0
1470 LH-Defect-470 168 32 74  0
1471 LH-Defect-471 73 192 62  0
1472 LH-Defect-472 7 65 43  0
1473 LH-Defect-473 14 127 126  0
1474 LH-Defect-474 137 146 105  0
1475 LH-Defect-475 200 157 212  0
1476 LH-Defect-476 216 239 212  0
1477 LH-Defect-477 24 115 211  0
1478 LH-Defect-478 68 73 198  0
1479 LH-Defect-479 21 108 222  0
1480 LH-Defect-480 138 131 35  0
1481 LH-Defect-481 83 46 22  0
1482 LH-Defect-482 42 209 133  0
1483 LH-Defect-483 219 74 229  0
1484 LH-Defect-484 242 181 49  0
1485 LH-Defect-485 191 40 25  0
1486 LH-Defect-486 65 1 35  0
1487 LH-Defect-487 119 17 42  0
1488 LH-Defect-488 63 116 49  0
1489 LH-Defect-489 62 114 197  0
1490 LH-Defect-490 250 151 188  0
1491 LH-Defect-491 215 23 202  0
1492 LH-Defect-492 59 77 202  0
1493 LH-Defect-493 49 195 88  0
1494 LH-Defect-494 38 37 61  0
1495 LH-Defect-495 54 31 150  0
1496 LH-Defect-496 50 242 1  0
1497 LH-Defect-497 70 147 135  0
1498 LH-Defect-498 88 97 247  0
1499 LH-Defect-499 70 94 165  0
1500 LH-Defect-500 6 107 40  0

2001 RH-Defect-001 252 115 43  0
2002 RH-Defect-002 15 177 25  0
2003 RH-Defect-003 251 155 157  0
2004 RH-Defect-004 235 48 87  0
2005 RH-Defect-005 87 203 46  0
2006 RH-Defect-006 85 67 33  0
2007 RH-Defect-007 230 94 106  0
2008 RH-Defect-008 218 51 200  0
2009 RH-Defect-009 221 111 253  0
2010 RH-Defect-010 14 68 218  0
2011 RH-Defect-011 193 250 124  0
2012 RH-Defect-012 194 121 135  0
2013 RH-Defect-013 205 246 66  0
2014 RH-Defect-014 186 251 218  0
2015 RH-Defect-015 49 57 151  0
2016 RH-Defect-016 245 254 65  0
2017 RH-Defect-017 186 23 174  0
2018 RH-Defect-018 174 218 54  0
2019 RH-Defect-019 2 165 114  0
2020 RH-Defect-020 169 170 192  0
2021 RH-Defect-021 176 167 205  0
2022 RH-Defect-022 114 93 93  0
2023 RH-Defect-023 122 78 64  0
2024 RH-Defect-024 103 183 68  0
2025 RH-Defect-025 93 119 166  0
2026 RH-Defect-026 115 54 252  0
2027 RH-Defect-027 110 226 220  0
2028 RH-Defect-028 66 216 174  0
2029 RH-Defect-029 209 145 21  0
2030 RH-Defect-030 248 216 149  0
2031 RH-Defect-031 56 215 111  0
2032 RH-Defect-032 24 71 9  0
2033 RH-Defect-033 248 232 217  0
2034 RH-Defect-034 62 128 54  0
2035 RH-Defect-035 177 55 193  0
2036 RH-Defect-036 203 163 85  0
2037 RH-Defect-037 99 206 55  0
2038 RH-Defect-038 247 16 222  0
2039 RH-Defect-039 144 81 131  0
2040 RH-Defect-040 75 239 53  0
2041 RH-Defect-041 23 219 158  0
2042 RH-Defect-042 177 187 9  0
2043 RH-Defect-043 91 122 79  0
2044 RH-Defect-044 109 71 136  0
2045 RH-Defect-045 12 101 61  0
2046 RH-Defect-046 241 48 177  0
2047 RH-Defect-047 130 203 18  0
2048 RH-Defect-048 125 179 232  0
2049 RH-Defect-049 106 137 204  0
2050 RH-Defect-050 27 232 204  0
2051 RH-Defect-051 52 55 111  0
2052 RH-Defect-052 129 208 54  0
2053 RH-Defect-053 203 233 248  0
2054 RH-Defect-054 191 222 164  0
2055 RH-Defect-055 45 96 2  0
2056 RH-Defect-056 39 103 18  0
2057 RH-Defect-057 121 174 5  0
2058 RH-Defect-058 31 250 201  0
2059 RH-Defect-059 181 42 63  0
2060 RH-Defect-060 59 39 64  0
2061 RH-Defect-061 16 96 193  0
2062 RH-Defect-062 140 112 112  0
2063 RH-Defect-063 192 120 128  0
2064 RH-Defect-064 132 47 220  0
2065 RH-Defect-065 209 228 94  0
2066 RH-Defect-066 160 69 57  0
2067 RH-Defect-067 74 37 72  0
2068 RH-Defect-068 85 184 8  0
2069 RH-Defect-069 241 146 11  0
2070 RH-Defect-070 115 187 210  0
2071 RH-Defect-071 8 109 198  0
2072 RH-Defect-072 253 228 91  0
2073 RH-Defect-073 226 150 135  0
2074 RH-Defect-074 131 151 217  0
2075 RH-Defect-075 108 66 0  0
2076 RH-Defect-076 58 116 116  0
2077 RH-Defect-077 105 19 225  0
2078 RH-Defect-078 173 200 202  0
2079 RH-Defect-079 142 122 238  0
2080 RH-Defect-080 178 33 74  0
2081 RH-Defect-081 13 196 73  0
2082 RH-Defect-082 184 139 110  0
2083 RH-Defect-083 185 181 128  0
2084 RH-Defect-084 109 132 141  0
2085 RH-Defect-085 211 105 75  0
2086 RH-Defect-086 138 28 111  0
2087 RH-Defect-087 0 254 68  0
2088 RH-Defect-088 216 127 224  0
2089 RH-Defect-089 62 140 95  0
2090 RH-Defect-090 172 98 139  0
2091 RH-Defect-091 21 6 127  0
2092 RH-Defect-092 103 35 242  0
2093 RH-Defect-093 55 11 212  0
2094 RH-Defect-094 40 120 43  0
2095 RH-Defect-095 39 95 39  0
2096 RH-Defect-096 133 80 199  0
2097 RH-Defect-097 39 175 137  0
2098 RH-Defect-098 251 208 25  0
2099 RH-Defect-099 93 235 19  0
2100 RH-Defect-100 165 85 159  0
2101 RH-Defect-101 152 231 68  0
2102 RH-Defect-102 70 107 5  0
2103 RH-Defect-103 203 228 213  0
2104 RH-Defect-104 221 173 253  0
2105 RH-Defect-105 109 91 112  0
2106 RH-Defect-106 117 156 170  0
2107 RH-Defect-107 132 253 174  0
2108 RH-Defect-108 198 59 147  0
2109 RH-Defect-109 60 119 213  0
2110 RH-Defect-110 235 250 40  0
2111 RH-Defect-111 205 43 56  0
2112 RH-Defect-112 99 166 101  0
2113 RH-Defect-113 22 158 41  0
2114 RH-Defect-114 234 197 230  0
2115 RH-Defect-115 77 135 136  0
2116 RH-Defect-116 39 252 203  0
2117 RH-Defect-117 158 138 36  0
2118 RH-Defect-118 180 215 199  0
2119 RH-Defect-119 109 235 32  0
2120 RH-Defect-120 101 9 2  0
2121 RH-Defect-121 97 153 20  0
2122 RH-Defect-122 139 171 182  0
2123 RH-Defect-123 53 234 42  0
2124 RH-Defect-124 0 174 216  0
2125 RH-Defect-125 48 119 183  0
2126 RH-Defect-126 52 101 196  0
2127 RH-Defect-127 42 218 188  0
2128 RH-Defect-128 237 120 236  0
2129 RH-Defect-129 19 213 225  0
2130 RH-Defect-130 6 244 248  0
2131 RH-Defect-131 205 206 7  0
2132 RH-Defect-132 161 26 154  0
2133 RH-Defect-133 182 77 87  0
2134 RH-Defect-134 183 152 147  0
2135 RH-Defect-135 172 250 130  0
2136 RH-Defect-136 191 216 112  0
2137 RH-Defect-137 194 65 93  0
2138 RH-Defect-138 121 135 103  0
2139 RH-Defect-139 199 191 42  0
2140 RH-Defect-140 104 1 32  0
2141 RH-Defect-141 219 232 184  0
2142 RH-Defect-142 81 53 46  0
2143 RH-Defect-143 163 14 12  0
2144 RH-Defect-144 60 247 83  0
2145 RH-Defect-145 107 12 195  0
2146 RH-Defect-146 102 214 198  0
2147 RH-Defect-147 211 183 237  0
2148 RH-Defect-148 248 28 108  0
2149 RH-Defect-149 56 74 128  0
2150 RH-Defect-150 90 185 47  0
2151 RH-Defect-151 117 251 24  0
2152 RH-Defect-152 197 12 50  0
2153 RH-Defect-153 194 120 32  0
2154 RH-Defect-154 158 213 165  0
2155 RH-Defect-155 91 145 127  0
2156 RH-Defect-156 244 85 227  0
2157 RH-Defect-157 106 252 215  0
2158 RH-Defect-158 32 92 204  0
2159 RH-Defect-159 241 170 125  0
2160 RH-Defect-160 56 5 40  0
2161 RH-Defect-161 182 142 226  0
2162 RH-Defect-162 29 49 108  0
2163 RH-Defect-163 197 187 124  0
2164 RH-Defect-164 200 43 37  0
2165 RH-Defect-165 31 188 83  0
2166 RH-Defect-166 83 142 165  0
2167 RH-Defect-167 61 235 125  0
2168 RH-Defect-168 33 134 251  0
2169 RH-Defect-169 72 13 161  0
2170 RH-Defect-170 17 88 108  0
2171 RH-Defect-171 207 73 38  0
2172 RH-Defect-172 78 169 6  0
2173 RH-Defect-173 54 142 72  0
2174 RH-Defect-174 221 127 68  0
2175 RH-Defect-175 8 8 179  0
2176 RH-Defect-176 40 34 243  0
2177 RH-Defect-177 96 73 35  0
2178 RH-Defect-178 160 247 145  0
2179 RH-Defect-179 119 252 209  0
2180 RH-Defect-180 17 193 113  0
2181 RH-Defect-181 56 65 86  0
2182 RH-Defect-182 7 6 155  0
2183 RH-Defect-183 233 86 70  0
2184 RH-Defect-184 125 70 79  0
2185 RH-Defect-185 233 180 173  0
2186 RH-Defect-186 147 51 211  0
2187 RH-Defect-187 144 251 195  0
2188 RH-Defect-188 122 246 150  0
2189 RH-Defect-189 149 25 25  0
2190 RH-Defect-190 145 15 146  0
2191 RH-Defect-191 48 240 5  0
2192 RH-Defect-192 141 171 106  0
2193 RH-Defect-193 177 12 133  0
2194 RH-Defect-194 211 82 138  0
2195 RH-Defect-195 69 77 250  0
2196 RH-Defect-196 155 83 123  0
2197 RH-Defect-197 43 4 138  0
2198 RH-Defect-198 58 55 17  0
2199 RH-Defect-199 120 151 210  0
2200 RH-Defect-200 233 37 175  0
2201 RH-Defect-201 22 51 146  0
2202 RH-Defect-202 187 205 177  0
2203 RH-Defect-203 199 176 230  0
2204 RH-Defect-204 79 10 20  0
2205 RH-Defect-205 217 51 66  0
2206 RH-Defect-206 124 6 139  0
2207 RH-Defect-207 33 184 15  0
2208 RH-Defect-208 39 190 80  0
2209 RH-Defect-209 193 181 94  0
2210 RH-Defect-210 213 12 227  0
2211 RH-Defect-211 58 128 77  0
2212 RH-Defect-212 33 163 150  0
2213 RH-Defect-213 22 171 233  0
2214 RH-Defect-214 159 222 117  0
2215 RH-Defect-215 132 243 70  0
2216 RH-Defect-216 114 216 120  0
2217 RH-Defect-217 31 35 175  0
2218 RH-Defect-218 44 252 199  0
2219 RH-Defect-219 157 191 113  0
2220 RH-Defect-220 196 206 74  0
2221 RH-Defect-221 152 129 124  0
2222 RH-Defect-222 234 15 111  0
2223 RH-Defect-223 23 57 249  0
2224 RH-Defect-224 176 36 58  0
2225 RH-Defect-225 200 23 92  0
2226 RH-Defect-226 43 60 81  0
2227 RH-Defect-227 209 121 237  0
2228 RH-Defect-228 68 52 209  0
2229 RH-Defect-229 22 123 118  0
2230 RH-Defect-230 142 120 70  0
2231 RH-Defect-231 112 202 234  0
2232 RH-Defect-232 22 154 229  0
2233 RH-Defect-233 43 187 244  0
2234 RH-Defect-234 228 176 42  0
2235 RH-Defect-235 147 122 31  0
2236 RH-Defect-236 228 171 114  0
2237 RH-Defect-237 135 174 225  0
2238 RH-Defect-238 137 152 110  0
2239 RH-Defect-239 82 209 227  0
2240 RH-Defect-240 252 238 188  0
2241 RH-Defect-241 67 60 70  0
2242 RH-Defect-242 39 154 183  0
2243 RH-Defect-243 138 208 87  0
2244 RH-Defect-244 137 130 202  0
2245 RH-Defect-245 83 36 169  0
2246 RH-Defect-246 155 189 229  0
2247 RH-Defect-247 178 101 159  0
2248 RH-Defect-248 59 81 178  0
2249 RH-Defect-249 235 48 221  0
2250 RH-Defect-250 92 178 190  0
2251 RH-Defect-251 204 19 87  0
2252 RH-Defect-252 235 161 34  0
2253 RH-Defect-253 58 126 85  0
2254 RH-Defect-254 82 163 33  0
2255 RH-Defect-255 36 120 15  0
2256 RH-Defect-256 144 105 126  0
2257 RH-Defect-257 198 137 29  0
2258 RH-Defect-258 98 184 29  0
2259 RH-Defect-259 163 218 16  0
2260 RH-Defect-260 98 201 174  0
2261 RH-Defect-261 11 77 245  0
2262 RH-Defect-262 74 113 84  0
2263 RH-Defect-263 206 96 231  0
2264 RH-Defect-264 165 72 67  0
2265 RH-Defect-265 120 83 84  0
2266 RH-Defect-266 91 233 149  0
2267 RH-Defect-267 164 109 246  0
2268 RH-Defect-268 235 74 77  0
2269 RH-Defect-269 159 9 253  0
2270 RH-Defect-270 242 55 240  0
2271 RH-Defect-271 64 58 81  0
2272 RH-Defect-272 45 153 110  0
2273 RH-Defect-273 104 49 173  0
2274 RH-Defect-274 25 207 21  0
2275 RH-Defect-275 64 47 126  0
2276 RH-Defect-276 85 84 145  0
2277 RH-Defect-277 248 49 114  0
2278 RH-Defect-278 56 135 20  0
2279 RH-Defect-279 237 123 124  0
2280 RH-Defect-280 135 6 101  0
2281 RH-Defect-281 56 115 246  0
2282 RH-Defect-282 79 97 163  0
2283 RH-Defect-283 13 133 113  0
2284 RH-Defect-284 70 121 51  0
2285 RH-Defect-285 48 87 144  0
2286 RH-Defect-286 10 21 47  0
2287 RH-Defect-287 46 199 158  0
2288 RH-Defect-288 146 197 230  0
2289 RH-Defect-289 140 224 195  0
2290 RH-Defect-290 193 175 226  0
2291 RH-Defect-291 34 197 217  0
2292 RH-Defect-292 208 156 43  0
2293 RH-Defect-293 21 84 228  0
2294 RH-Defect-294 51 172 249  0
2295 RH-Defect-295 190 93 205  0
2296 RH-Defect-296 183 182 93  0
2297 RH-Defect-297 240 88 43  0
2298 RH-Defect-298 179 237 104  0
2299 RH-Defect-299 9 215 224  0
2300 RH-Defect-300 40 56 35  0
2301 RH-Defect-301 33 195 75  0
2302 RH-Defect-302 103 63 58  0
2303 RH-Defect-303 184 139 167  0
2304 RH-Defect-304 54 109 184  0
2305 RH-Defect-305 122 121 223  0
2306 RH-Defect-306 235 156 150  0
2307 RH-Defect-307 252 240 42  0
2308 RH-Defect-308 5 186 104  0
2309 RH-Defect-309 223 247 86  0
2310 RH-Defect-310 187 11 179  0
2311 RH-Defect-311 79 69 242  0
2312 RH-Defect-312 68 41 185  0
2313 RH-Defect-313 64 206 83  0
2314 RH-Defect-314 143 5 111  0
2315 RH-Defect-315 52 211 105  0
2316 RH-Defect-316 31 152 10  0
2317 RH-Defect-317 254 174 113  0
2318 RH-Defect-318 135 252 70  0
2319 RH-Defect-319 226 83 150  0
2320 RH-Defect-320 22 103 230  0
2321 RH-Defect-321 63 123 26  0
2322 RH-Defect-322 197 118 33  0
2323 RH-Defect-323 220 16 85  0
2324 RH-Defect-324 203 224 216  0
2325 RH-Defect-325 117 23 233  0
2326 RH-Defect-326 192 235 165  0
2327 RH-Defect-327 222 239 59  0
2328 RH-Defect-328 221 130 159  0
2329 RH-Defect-329 99 146 11  0
2330 RH-Defect-330 196 124 90  0
2331 RH-Defect-331 162 172 40  0
2332 RH-Defect-332 192 95 17  0
2333 RH-Defect-333 247 178 216  0
2334 RH-Defect-334 32 247 32  0
2335 RH-Defect-335 202 55 133  0
2336 RH-Defect-336 218 237 251  0
2337 RH-Defect-337 168 230 155  0
2338 RH-Defect-338 105 191 201  0
2339 RH-Defect-339 60 220 72  0
2340 RH-Defect-340 222 74 96  0
2341 RH-Defect-341 134 95 194  0
2342 RH-Defect-342 219 200 210  0
2343 RH-Defect-343 19 219 110  0
2344 RH-Defect-344 11 156 48  0
2345 RH-Defect-345 173 204 242  0
2346 RH-Defect-346 248 76 130  0
2347 RH-Defect-347 150 201 147  0
2348 RH-Defect-348 46 205 88  0
2349 RH-Defect-349 6 32 187  0
2350 RH-Defect-350 203 32 28  0
2351 RH-Defect-351 162 242 169  0
2352 RH-Defect-352 110 21 6  0
2353 RH-Defect-353 54 224 249  0
2354 RH-Defect-354 32 199 19  0
2355 RH-Defect-355 96 152 154  0
2356 RH-Defect-356 162 253 66  0
2357 RH-Defect-357 242 153 39  0
2358 RH-Defect-358 231 224 202  0
2359 RH-Defect-359 183 70 215  0
2360 RH-Defect-360 139 244 190  0
2361 RH-Defect-361 93 141 128  0
2362 RH-Defect-362 144 44 196  0
2363 RH-Defect-363 166 91 49  0
2364 RH-Defect-364 223 217 135  0
2365 RH-Defect-365 151 165 68  0
2366 RH-Defect-366 210 24 143  0
2367 RH-Defect-367 240 177 118  0
2368 RH-Defect-368 101 45 80  0
2369 RH-Defect-369 81 52 59  0
2370 RH-Defect-370 194 249 120  0
2371 RH-Defect-371 119 11 63  0
2372 RH-Defect-372 12 247 44  0
2373 RH-Defect-373 6 80 231  0
2374 RH-Defect-374 142 246 163  0
2375 RH-Defect-375 223 164 9  0
2376 RH-Defect-376 24 52 231  0
2377 RH-Defect-377 117 59 154  0
2378 RH-Defect-378 237 111 91  0
2379 RH-Defect-379 239 119 112  0
2380 RH-Defect-380 190 52 113  0
2381 RH-Defect-381 47 123 133  0
2382 RH-Defect-382 22 5 57  0
2383 RH-Defect-383 249 156 228  0
2384 RH-Defect-384 208 122 216  0
2385 RH-Defect-385 150 206 98  0
2386 RH-Defect-386 19 30 233  0
2387 RH-Defect-387 70 25 83  0
2388 RH-Defect-388 223 230 105  0
2389 RH-Defect-389 69 113 150  0
2390 RH-Defect-390 79 29 72  0
2391 RH-Defect-391 7 120 220  0
2392 RH-Defect-392 85 224 88  0
2393 RH-Defect-393 128 227 111  0
2394 RH-Defect-394 15 237 174  0
2395 RH-Defect-395 50 186 154  0
2396 RH-Defect-396 41 35 128  0
2397 RH-Defect-397 248 191 75  0
2398 RH-Defect-398 158 85 83  0
2399 RH-Defect-399 62 140 11  0
2400 RH-Defect-400 195 48 150  0
2401 RH-Defect-401 218 137 191  0
2402 RH-Defect-402 153 207 146  0
2403 RH-Defect-403 25 87 224  0
2404 RH-Defect-404 141 131 140  0
2405 RH-Defect-405 28 225 204  0
2406 RH-Defect-406 4 241 193  0
2407 RH-Defect-407 175 69 25  0
2408 RH-Defect-408 19 58 95  0
2409 RH-Defect-409 217 210 73  0
2410 RH-Defect-410 98 173 187  0
2411 RH-Defect-411 37 158 49  0
2412 RH-Defect-412 21 62 26  0
2413 RH-Defect-413 192 0 103  0
2414 RH-Defect-414 93 30 139  0
2415 RH-Defect-415 26 25 73  0
2416 RH-Defect-416 120 86 62  0
2417 RH-Defect-417 34 212 5  0
2418 RH-Defect-418 105 232 188  0
2419 RH-Defect-419 110 119 15  0
2420 RH-Defect-420 193 25 149  0
2421 RH-Defect-421 39 40 142  0
2422 RH-Defect-422 134 6 250  0
2423 RH-Defect-423 56 4 232  0
2424 RH-Defect-424 125 166 47  0
2425 RH-Defect-425 221 243 247  0
2426 RH-Defect-426 193 78 40  0
2427 RH-Defect-427 221 162 213  0
2428 RH-Defect-428 91 128 143  0
2429 RH-Defect-429 194 102 249  0
2430 RH-Defect-430 19 124 29  0
2431 RH-Defect-431 81 108 52  0
2432 RH-Defect-432 60 2 230  0
2433 RH-Defect-433 149 119 69  0
2434 RH-Defect-434 8 225 89  0
2435 RH-Defect-435 80 154 93  0
2436 RH-Defect-436 16 110 187  0
2437 RH-Defect-437 123 48 59  0
2438 RH-Defect-438 131 3 5  0
2439 RH-Defect-439 28 56 97  0
2440 RH-Defect-440 35 226 47  0
2441 RH-Defect-441 86 37 166  0
2442 RH-Defect-442 41 130 204  0
2443 RH-Defect-443 36 78 240  0
2444 RH-Defect-444 81 86 46  0
2445 RH-Defect-445 53 150 69  0
2446 RH-Defect-446 106 139 253  0
2447 RH-Defect-447 94 12 30  0
2448 RH-Defect-448 5 57 43  0
2449 RH-Defect-449 114 102 160  0
2450 RH-Defect-450 252 239 150  0
2451 RH-Defect-451 2 79 221  0
2452 RH-Defect-452 18 205 231  0
2453 RH-Defect-453 53 95 203  0
2454 RH-Defect-454 101 83 147  0
2455 RH-Defect-455 144 198 60  0
2456 RH-Defect-456 25 50 44  0
2457 RH-Defect-457 129 116 51  0
2458 RH-Defect-458 114 12 75  0
2459 RH-Defect-459 159 157 155  0
2460 RH-Defect-460 84 67 175  0
2461 RH-Defect-461 4 72 177  0
2462 RH-Defect-462 67 85 119  0
2463 RH-Defect-463 151 136 166  0
2464 RH-Defect-464 65 103 156  0
2465 RH-Defect-465 189 140 50  0
2466 RH-Defect-466 133 178 199  0
2467 RH-Defect-467 39 213 167  0
2468 RH-Defect-468 78 141 87  0
2469 RH-Defect-469 179 157 91  0
2470 RH-Defect-470 168 32 74  0
2471 RH-Defect-471 73 192 62  0
2472 RH-Defect-472 7 65 43  0
2473 RH-Defect-473 14 127 126  0
2474 RH-Defect-474 137 146 105  0
2475 RH-Defect-475 200 157 212  0
2476 RH-Defect-476 216 239 212  0
2477 RH-Defect-477 24 115 211  0
2478 RH-Defect-478 68 73 198  0
2479 RH-Defect-479 21 108 222  0
2480 RH-Defect-480 138 131 35  0
2481 RH-Defect-481 83 46 22  0
2482 RH-Defect-482 42 209 133  0
2483 RH-Defect-483 219 74 229  0
2484 RH-Defect-484 242 181 49  0
2485 RH-Defect-485 191 40 25  0
2486 RH-Defect-486 65 1 35  0
2487 RH-Defect-487 119 17 42  0
2488 RH-Defect-488 63 116 49  0
2489 RH-Defect-489 62 114 197  0
2490 RH-Defect-490 250 151 188  0
2491 RH-Defect-491 215 23 202  0
2492 RH-Defect-492 59 77 202  0
2493 RH-Defect-493 49 195 88  0
2494 RH-Defect-494 38 37 61  0
2495 RH-Defect-495 54 31 150  0
2496 RH-Defect-496 50 242 1  0
2497 RH-Defect-497 70 147 135  0
2498 RH-Defect-498 88 97 247  0
2499 RH-Defect-499 70 94 165  0
2500 RH-Defect-500 6 107 40  0

