# Created by mkdefectlut 1.4 2008/11/25 23:26:35
# Created on Tue Nov 25 18:26:41 EST 2008

0   Unknown  0   0   0   0

1 Defect-001 255 0 255   0
2 Defect-002 255 0 255   0
3 Defect-003 255 0 255   0
4 Defect-004 255 0 255   0
5 Defect-005 255 0 255   0
6 Defect-006 255 0 255   0
7 Defect-007 255 0 255   0
8 Defect-008 255 0 255   0
9 Defect-009 255 0 255   0
10 Defect-010 255 0 255   0
11 Defect-011 255 0 255   0
12 Defect-012 255 0 255   0
13 Defect-013 255 0 255   0
14 Defect-014 255 0 255   0
15 Defect-015 255 0 255   0
16 Defect-016 255 0 255   0
17 Defect-017 255 0 255   0
18 Defect-018 255 0 255   0
19 Defect-019 255 0 255   0
20 Defect-020 255 0 255   0
21 Defect-021 255 0 255   0
22 Defect-022 255 0 255   0
23 Defect-023 255 0 255   0
24 Defect-024 255 0 255   0
25 Defect-025 255 0 255   0
26 Defect-026 255 0 255   0
27 Defect-027 255 0 255   0
28 Defect-028 255 0 255   0
29 Defect-029 255 0 255   0
30 Defect-030 255 0 255   0
31 Defect-031 255 0 255   0
32 Defect-032 255 0 255   0
33 Defect-033 255 0 255   0
34 Defect-034 255 0 255   0
35 Defect-035 255 0 255   0
36 Defect-036 255 0 255   0
37 Defect-037 255 0 255   0
38 Defect-038 255 0 255   0
39 Defect-039 255 0 255   0
40 Defect-040 255 0 255   0
41 Defect-041 255 0 255   0
42 Defect-042 255 0 255   0
43 Defect-043 255 0 255   0
44 Defect-044 255 0 255   0
45 Defect-045 255 0 255   0
46 Defect-046 255 0 255   0
47 Defect-047 255 0 255   0
48 Defect-048 255 0 255   0
49 Defect-049 255 0 255   0
50 Defect-050 255 0 255   0
51 Defect-051 255 0 255   0
52 Defect-052 255 0 255   0
53 Defect-053 255 0 255   0
54 Defect-054 255 0 255   0
55 Defect-055 255 0 255   0
56 Defect-056 255 0 255   0
57 Defect-057 255 0 255   0
58 Defect-058 255 0 255   0
59 Defect-059 255 0 255   0
60 Defect-060 255 0 255   0
61 Defect-061 255 0 255   0
62 Defect-062 255 0 255   0
63 Defect-063 255 0 255   0
64 Defect-064 255 0 255   0
65 Defect-065 255 0 255   0
66 Defect-066 255 0 255   0
67 Defect-067 255 0 255   0
68 Defect-068 255 0 255   0
69 Defect-069 255 0 255   0
70 Defect-070 255 0 255   0
71 Defect-071 255 0 255   0
72 Defect-072 255 0 255   0
73 Defect-073 255 0 255   0
74 Defect-074 255 0 255   0
75 Defect-075 255 0 255   0
76 Defect-076 255 0 255   0
77 Defect-077 255 0 255   0
78 Defect-078 255 0 255   0
79 Defect-079 255 0 255   0
80 Defect-080 255 0 255   0
81 Defect-081 255 0 255   0
82 Defect-082 255 0 255   0
83 Defect-083 255 0 255   0
84 Defect-084 255 0 255   0
85 Defect-085 255 0 255   0
86 Defect-086 255 0 255   0
87 Defect-087 255 0 255   0
88 Defect-088 255 0 255   0
89 Defect-089 255 0 255   0
90 Defect-090 255 0 255   0
91 Defect-091 255 0 255   0
92 Defect-092 255 0 255   0
93 Defect-093 255 0 255   0
94 Defect-094 255 0 255   0
95 Defect-095 255 0 255   0
96 Defect-096 255 0 255   0
97 Defect-097 255 0 255   0
98 Defect-098 255 0 255   0
99 Defect-099 255 0 255   0
100 Defect-100 255 0 255   0
101 Defect-101 255 0 255   0
102 Defect-102 255 0 255   0
103 Defect-103 255 0 255   0
104 Defect-104 255 0 255   0
105 Defect-105 255 0 255   0
106 Defect-106 255 0 255   0
107 Defect-107 255 0 255   0
108 Defect-108 255 0 255   0
109 Defect-109 255 0 255   0
110 Defect-110 255 0 255   0
111 Defect-111 255 0 255   0
112 Defect-112 255 0 255   0
113 Defect-113 255 0 255   0
114 Defect-114 255 0 255   0
115 Defect-115 255 0 255   0
116 Defect-116 255 0 255   0
117 Defect-117 255 0 255   0
118 Defect-118 255 0 255   0
119 Defect-119 255 0 255   0
120 Defect-120 255 0 255   0
121 Defect-121 255 0 255   0
122 Defect-122 255 0 255   0
123 Defect-123 255 0 255   0
124 Defect-124 255 0 255   0
125 Defect-125 255 0 255   0
126 Defect-126 255 0 255   0
127 Defect-127 255 0 255   0
128 Defect-128 255 0 255   0
129 Defect-129 255 0 255   0
130 Defect-130 255 0 255   0
131 Defect-131 255 0 255   0
132 Defect-132 255 0 255   0
133 Defect-133 255 0 255   0
134 Defect-134 255 0 255   0
135 Defect-135 255 0 255   0
136 Defect-136 255 0 255   0
137 Defect-137 255 0 255   0
138 Defect-138 255 0 255   0
139 Defect-139 255 0 255   0
140 Defect-140 255 0 255   0
141 Defect-141 255 0 255   0
142 Defect-142 255 0 255   0
143 Defect-143 255 0 255   0
144 Defect-144 255 0 255   0
145 Defect-145 255 0 255   0
146 Defect-146 255 0 255   0
147 Defect-147 255 0 255   0
148 Defect-148 255 0 255   0
149 Defect-149 255 0 255   0
150 Defect-150 255 0 255   0
151 Defect-151 255 0 255   0
152 Defect-152 255 0 255   0
153 Defect-153 255 0 255   0
154 Defect-154 255 0 255   0
155 Defect-155 255 0 255   0
156 Defect-156 255 0 255   0
157 Defect-157 255 0 255   0
158 Defect-158 255 0 255   0
159 Defect-159 255 0 255   0
160 Defect-160 255 0 255   0
161 Defect-161 255 0 255   0
162 Defect-162 255 0 255   0
163 Defect-163 255 0 255   0
164 Defect-164 255 0 255   0
165 Defect-165 255 0 255   0
166 Defect-166 255 0 255   0
167 Defect-167 255 0 255   0
168 Defect-168 255 0 255   0
169 Defect-169 255 0 255   0
170 Defect-170 255 0 255   0
171 Defect-171 255 0 255   0
172 Defect-172 255 0 255   0
173 Defect-173 255 0 255   0
174 Defect-174 255 0 255   0
175 Defect-175 255 0 255   0
176 Defect-176 255 0 255   0
177 Defect-177 255 0 255   0
178 Defect-178 255 0 255   0
179 Defect-179 255 0 255   0
180 Defect-180 255 0 255   0
181 Defect-181 255 0 255   0
182 Defect-182 255 0 255   0
183 Defect-183 255 0 255   0
184 Defect-184 255 0 255   0
185 Defect-185 255 0 255   0
186 Defect-186 255 0 255   0
187 Defect-187 255 0 255   0
188 Defect-188 255 0 255   0
189 Defect-189 255 0 255   0
190 Defect-190 255 0 255   0
191 Defect-191 255 0 255   0
192 Defect-192 255 0 255   0
193 Defect-193 255 0 255   0
194 Defect-194 255 0 255   0
195 Defect-195 255 0 255   0
196 Defect-196 255 0 255   0
197 Defect-197 255 0 255   0
198 Defect-198 255 0 255   0
199 Defect-199 255 0 255   0
200 Defect-200 255 0 255   0
201 Defect-201 255 0 255   0
202 Defect-202 255 0 255   0
203 Defect-203 255 0 255   0
204 Defect-204 255 0 255   0
205 Defect-205 255 0 255   0
206 Defect-206 255 0 255   0
207 Defect-207 255 0 255   0
208 Defect-208 255 0 255   0
209 Defect-209 255 0 255   0
210 Defect-210 255 0 255   0
211 Defect-211 255 0 255   0
212 Defect-212 255 0 255   0
213 Defect-213 255 0 255   0
214 Defect-214 255 0 255   0
215 Defect-215 255 0 255   0
216 Defect-216 255 0 255   0
217 Defect-217 255 0 255   0
218 Defect-218 255 0 255   0
219 Defect-219 255 0 255   0
220 Defect-220 255 0 255   0
221 Defect-221 255 0 255   0
222 Defect-222 255 0 255   0
223 Defect-223 255 0 255   0
224 Defect-224 255 0 255   0
225 Defect-225 255 0 255   0
226 Defect-226 255 0 255   0
227 Defect-227 255 0 255   0
228 Defect-228 255 0 255   0
229 Defect-229 255 0 255   0
230 Defect-230 255 0 255   0
231 Defect-231 255 0 255   0
232 Defect-232 255 0 255   0
233 Defect-233 255 0 255   0
234 Defect-234 255 0 255   0
235 Defect-235 255 0 255   0
236 Defect-236 255 0 255   0
237 Defect-237 255 0 255   0
238 Defect-238 255 0 255   0
239 Defect-239 255 0 255   0
240 Defect-240 255 0 255   0
241 Defect-241 255 0 255   0
242 Defect-242 255 0 255   0
243 Defect-243 255 0 255   0
244 Defect-244 255 0 255   0
245 Defect-245 255 0 255   0
246 Defect-246 255 0 255   0
247 Defect-247 255 0 255   0
248 Defect-248 255 0 255   0
249 Defect-249 255 0 255   0
250 Defect-250 255 0 255   0
251 Defect-251 255 0 255   0
252 Defect-252 255 0 255   0
253 Defect-253 255 0 255   0
254 Defect-254 255 0 255   0
255 Defect-255 255 0 255   0
256 Defect-256 255 0 255   0
257 Defect-257 255 0 255   0
258 Defect-258 255 0 255   0
259 Defect-259 255 0 255   0
260 Defect-260 255 0 255   0
261 Defect-261 255 0 255   0
262 Defect-262 255 0 255   0
263 Defect-263 255 0 255   0
264 Defect-264 255 0 255   0
265 Defect-265 255 0 255   0
266 Defect-266 255 0 255   0
267 Defect-267 255 0 255   0
268 Defect-268 255 0 255   0
269 Defect-269 255 0 255   0
270 Defect-270 255 0 255   0
271 Defect-271 255 0 255   0
272 Defect-272 255 0 255   0
273 Defect-273 255 0 255   0
274 Defect-274 255 0 255   0
275 Defect-275 255 0 255   0
276 Defect-276 255 0 255   0
277 Defect-277 255 0 255   0
278 Defect-278 255 0 255   0
279 Defect-279 255 0 255   0
280 Defect-280 255 0 255   0
281 Defect-281 255 0 255   0
282 Defect-282 255 0 255   0
283 Defect-283 255 0 255   0
284 Defect-284 255 0 255   0
285 Defect-285 255 0 255   0
286 Defect-286 255 0 255   0
287 Defect-287 255 0 255   0
288 Defect-288 255 0 255   0
289 Defect-289 255 0 255   0
290 Defect-290 255 0 255   0
291 Defect-291 255 0 255   0
292 Defect-292 255 0 255   0
293 Defect-293 255 0 255   0
294 Defect-294 255 0 255   0
295 Defect-295 255 0 255   0
296 Defect-296 255 0 255   0
297 Defect-297 255 0 255   0
298 Defect-298 255 0 255   0
299 Defect-299 255 0 255   0
300 Defect-300 255 0 255   0
301 Defect-301 255 0 255   0
302 Defect-302 255 0 255   0
303 Defect-303 255 0 255   0
304 Defect-304 255 0 255   0
305 Defect-305 255 0 255   0
306 Defect-306 255 0 255   0
307 Defect-307 255 0 255   0
308 Defect-308 255 0 255   0
309 Defect-309 255 0 255   0
310 Defect-310 255 0 255   0
311 Defect-311 255 0 255   0
312 Defect-312 255 0 255   0
313 Defect-313 255 0 255   0
314 Defect-314 255 0 255   0
315 Defect-315 255 0 255   0
316 Defect-316 255 0 255   0
317 Defect-317 255 0 255   0
318 Defect-318 255 0 255   0
319 Defect-319 255 0 255   0
320 Defect-320 255 0 255   0
321 Defect-321 255 0 255   0
322 Defect-322 255 0 255   0
323 Defect-323 255 0 255   0
324 Defect-324 255 0 255   0
325 Defect-325 255 0 255   0
326 Defect-326 255 0 255   0
327 Defect-327 255 0 255   0
328 Defect-328 255 0 255   0
329 Defect-329 255 0 255   0
330 Defect-330 255 0 255   0
331 Defect-331 255 0 255   0
332 Defect-332 255 0 255   0
333 Defect-333 255 0 255   0
334 Defect-334 255 0 255   0
335 Defect-335 255 0 255   0
336 Defect-336 255 0 255   0
337 Defect-337 255 0 255   0
338 Defect-338 255 0 255   0
339 Defect-339 255 0 255   0
340 Defect-340 255 0 255   0
341 Defect-341 255 0 255   0
342 Defect-342 255 0 255   0
343 Defect-343 255 0 255   0
344 Defect-344 255 0 255   0
345 Defect-345 255 0 255   0
346 Defect-346 255 0 255   0
347 Defect-347 255 0 255   0
348 Defect-348 255 0 255   0
349 Defect-349 255 0 255   0
350 Defect-350 255 0 255   0
351 Defect-351 255 0 255   0
352 Defect-352 255 0 255   0
353 Defect-353 255 0 255   0
354 Defect-354 255 0 255   0
355 Defect-355 255 0 255   0
356 Defect-356 255 0 255   0
357 Defect-357 255 0 255   0
358 Defect-358 255 0 255   0
359 Defect-359 255 0 255   0
360 Defect-360 255 0 255   0
361 Defect-361 255 0 255   0
362 Defect-362 255 0 255   0
363 Defect-363 255 0 255   0
364 Defect-364 255 0 255   0
365 Defect-365 255 0 255   0
366 Defect-366 255 0 255   0
367 Defect-367 255 0 255   0
368 Defect-368 255 0 255   0
369 Defect-369 255 0 255   0
370 Defect-370 255 0 255   0
371 Defect-371 255 0 255   0
372 Defect-372 255 0 255   0
373 Defect-373 255 0 255   0
374 Defect-374 255 0 255   0
375 Defect-375 255 0 255   0
376 Defect-376 255 0 255   0
377 Defect-377 255 0 255   0
378 Defect-378 255 0 255   0
379 Defect-379 255 0 255   0
380 Defect-380 255 0 255   0
381 Defect-381 255 0 255   0
382 Defect-382 255 0 255   0
383 Defect-383 255 0 255   0
384 Defect-384 255 0 255   0
385 Defect-385 255 0 255   0
386 Defect-386 255 0 255   0
387 Defect-387 255 0 255   0
388 Defect-388 255 0 255   0
389 Defect-389 255 0 255   0
390 Defect-390 255 0 255   0
391 Defect-391 255 0 255   0
392 Defect-392 255 0 255   0
393 Defect-393 255 0 255   0
394 Defect-394 255 0 255   0
395 Defect-395 255 0 255   0
396 Defect-396 255 0 255   0
397 Defect-397 255 0 255   0
398 Defect-398 255 0 255   0
399 Defect-399 255 0 255   0
400 Defect-400 255 0 255   0
401 Defect-401 255 0 255   0
402 Defect-402 255 0 255   0
403 Defect-403 255 0 255   0
404 Defect-404 255 0 255   0
405 Defect-405 255 0 255   0
406 Defect-406 255 0 255   0
407 Defect-407 255 0 255   0
408 Defect-408 255 0 255   0
409 Defect-409 255 0 255   0
410 Defect-410 255 0 255   0
411 Defect-411 255 0 255   0
412 Defect-412 255 0 255   0
413 Defect-413 255 0 255   0
414 Defect-414 255 0 255   0
415 Defect-415 255 0 255   0
416 Defect-416 255 0 255   0
417 Defect-417 255 0 255   0
418 Defect-418 255 0 255   0
419 Defect-419 255 0 255   0
420 Defect-420 255 0 255   0
421 Defect-421 255 0 255   0
422 Defect-422 255 0 255   0
423 Defect-423 255 0 255   0
424 Defect-424 255 0 255   0
425 Defect-425 255 0 255   0
426 Defect-426 255 0 255   0
427 Defect-427 255 0 255   0
428 Defect-428 255 0 255   0
429 Defect-429 255 0 255   0
430 Defect-430 255 0 255   0
431 Defect-431 255 0 255   0
432 Defect-432 255 0 255   0
433 Defect-433 255 0 255   0
434 Defect-434 255 0 255   0
435 Defect-435 255 0 255   0
436 Defect-436 255 0 255   0
437 Defect-437 255 0 255   0
438 Defect-438 255 0 255   0
439 Defect-439 255 0 255   0
440 Defect-440 255 0 255   0
441 Defect-441 255 0 255   0
442 Defect-442 255 0 255   0
443 Defect-443 255 0 255   0
444 Defect-444 255 0 255   0
445 Defect-445 255 0 255   0
446 Defect-446 255 0 255   0
447 Defect-447 255 0 255   0
448 Defect-448 255 0 255   0
449 Defect-449 255 0 255   0
450 Defect-450 255 0 255   0
451 Defect-451 255 0 255   0
452 Defect-452 255 0 255   0
453 Defect-453 255 0 255   0
454 Defect-454 255 0 255   0
455 Defect-455 255 0 255   0
456 Defect-456 255 0 255   0
457 Defect-457 255 0 255   0
458 Defect-458 255 0 255   0
459 Defect-459 255 0 255   0
460 Defect-460 255 0 255   0
461 Defect-461 255 0 255   0
462 Defect-462 255 0 255   0
463 Defect-463 255 0 255   0
464 Defect-464 255 0 255   0
465 Defect-465 255 0 255   0
466 Defect-466 255 0 255   0
467 Defect-467 255 0 255   0
468 Defect-468 255 0 255   0
469 Defect-469 255 0 255   0
470 Defect-470 255 0 255   0
471 Defect-471 255 0 255   0
472 Defect-472 255 0 255   0
473 Defect-473 255 0 255   0
474 Defect-474 255 0 255   0
475 Defect-475 255 0 255   0
476 Defect-476 255 0 255   0
477 Defect-477 255 0 255   0
478 Defect-478 255 0 255   0
479 Defect-479 255 0 255   0
480 Defect-480 255 0 255   0
481 Defect-481 255 0 255   0
482 Defect-482 255 0 255   0
483 Defect-483 255 0 255   0
484 Defect-484 255 0 255   0
485 Defect-485 255 0 255   0
486 Defect-486 255 0 255   0
487 Defect-487 255 0 255   0
488 Defect-488 255 0 255   0
489 Defect-489 255 0 255   0
490 Defect-490 255 0 255   0
491 Defect-491 255 0 255   0
492 Defect-492 255 0 255   0
493 Defect-493 255 0 255   0
494 Defect-494 255 0 255   0
495 Defect-495 255 0 255   0
496 Defect-496 255 0 255   0
497 Defect-497 255 0 255   0
498 Defect-498 255 0 255   0
499 Defect-499 255 0 255   0
500 Defect-500 255 0 255   0

1001 LH-Defect-001 255 0 255   0
1002 LH-Defect-002 255 0 255   0
1003 LH-Defect-003 255 0 255   0
1004 LH-Defect-004 255 0 255   0
1005 LH-Defect-005 255 0 255   0
1006 LH-Defect-006 255 0 255   0
1007 LH-Defect-007 255 0 255   0
1008 LH-Defect-008 255 0 255   0
1009 LH-Defect-009 255 0 255   0
1010 LH-Defect-010 255 0 255   0
1011 LH-Defect-011 255 0 255   0
1012 LH-Defect-012 255 0 255   0
1013 LH-Defect-013 255 0 255   0
1014 LH-Defect-014 255 0 255   0
1015 LH-Defect-015 255 0 255   0
1016 LH-Defect-016 255 0 255   0
1017 LH-Defect-017 255 0 255   0
1018 LH-Defect-018 255 0 255   0
1019 LH-Defect-019 255 0 255   0
1020 LH-Defect-020 255 0 255   0
1021 LH-Defect-021 255 0 255   0
1022 LH-Defect-022 255 0 255   0
1023 LH-Defect-023 255 0 255   0
1024 LH-Defect-024 255 0 255   0
1025 LH-Defect-025 255 0 255   0
1026 LH-Defect-026 255 0 255   0
1027 LH-Defect-027 255 0 255   0
1028 LH-Defect-028 255 0 255   0
1029 LH-Defect-029 255 0 255   0
1030 LH-Defect-030 255 0 255   0
1031 LH-Defect-031 255 0 255   0
1032 LH-Defect-032 255 0 255   0
1033 LH-Defect-033 255 0 255   0
1034 LH-Defect-034 255 0 255   0
1035 LH-Defect-035 255 0 255   0
1036 LH-Defect-036 255 0 255   0
1037 LH-Defect-037 255 0 255   0
1038 LH-Defect-038 255 0 255   0
1039 LH-Defect-039 255 0 255   0
1040 LH-Defect-040 255 0 255   0
1041 LH-Defect-041 255 0 255   0
1042 LH-Defect-042 255 0 255   0
1043 LH-Defect-043 255 0 255   0
1044 LH-Defect-044 255 0 255   0
1045 LH-Defect-045 255 0 255   0
1046 LH-Defect-046 255 0 255   0
1047 LH-Defect-047 255 0 255   0
1048 LH-Defect-048 255 0 255   0
1049 LH-Defect-049 255 0 255   0
1050 LH-Defect-050 255 0 255   0
1051 LH-Defect-051 255 0 255   0
1052 LH-Defect-052 255 0 255   0
1053 LH-Defect-053 255 0 255   0
1054 LH-Defect-054 255 0 255   0
1055 LH-Defect-055 255 0 255   0
1056 LH-Defect-056 255 0 255   0
1057 LH-Defect-057 255 0 255   0
1058 LH-Defect-058 255 0 255   0
1059 LH-Defect-059 255 0 255   0
1060 LH-Defect-060 255 0 255   0
1061 LH-Defect-061 255 0 255   0
1062 LH-Defect-062 255 0 255   0
1063 LH-Defect-063 255 0 255   0
1064 LH-Defect-064 255 0 255   0
1065 LH-Defect-065 255 0 255   0
1066 LH-Defect-066 255 0 255   0
1067 LH-Defect-067 255 0 255   0
1068 LH-Defect-068 255 0 255   0
1069 LH-Defect-069 255 0 255   0
1070 LH-Defect-070 255 0 255   0
1071 LH-Defect-071 255 0 255   0
1072 LH-Defect-072 255 0 255   0
1073 LH-Defect-073 255 0 255   0
1074 LH-Defect-074 255 0 255   0
1075 LH-Defect-075 255 0 255   0
1076 LH-Defect-076 255 0 255   0
1077 LH-Defect-077 255 0 255   0
1078 LH-Defect-078 255 0 255   0
1079 LH-Defect-079 255 0 255   0
1080 LH-Defect-080 255 0 255   0
1081 LH-Defect-081 255 0 255   0
1082 LH-Defect-082 255 0 255   0
1083 LH-Defect-083 255 0 255   0
1084 LH-Defect-084 255 0 255   0
1085 LH-Defect-085 255 0 255   0
1086 LH-Defect-086 255 0 255   0
1087 LH-Defect-087 255 0 255   0
1088 LH-Defect-088 255 0 255   0
1089 LH-Defect-089 255 0 255   0
1090 LH-Defect-090 255 0 255   0
1091 LH-Defect-091 255 0 255   0
1092 LH-Defect-092 255 0 255   0
1093 LH-Defect-093 255 0 255   0
1094 LH-Defect-094 255 0 255   0
1095 LH-Defect-095 255 0 255   0
1096 LH-Defect-096 255 0 255   0
1097 LH-Defect-097 255 0 255   0
1098 LH-Defect-098 255 0 255   0
1099 LH-Defect-099 255 0 255   0
1100 LH-Defect-100 255 0 255   0
1101 LH-Defect-101 255 0 255   0
1102 LH-Defect-102 255 0 255   0
1103 LH-Defect-103 255 0 255   0
1104 LH-Defect-104 255 0 255   0
1105 LH-Defect-105 255 0 255   0
1106 LH-Defect-106 255 0 255   0
1107 LH-Defect-107 255 0 255   0
1108 LH-Defect-108 255 0 255   0
1109 LH-Defect-109 255 0 255   0
1110 LH-Defect-110 255 0 255   0
1111 LH-Defect-111 255 0 255   0
1112 LH-Defect-112 255 0 255   0
1113 LH-Defect-113 255 0 255   0
1114 LH-Defect-114 255 0 255   0
1115 LH-Defect-115 255 0 255   0
1116 LH-Defect-116 255 0 255   0
1117 LH-Defect-117 255 0 255   0
1118 LH-Defect-118 255 0 255   0
1119 LH-Defect-119 255 0 255   0
1120 LH-Defect-120 255 0 255   0
1121 LH-Defect-121 255 0 255   0
1122 LH-Defect-122 255 0 255   0
1123 LH-Defect-123 255 0 255   0
1124 LH-Defect-124 255 0 255   0
1125 LH-Defect-125 255 0 255   0
1126 LH-Defect-126 255 0 255   0
1127 LH-Defect-127 255 0 255   0
1128 LH-Defect-128 255 0 255   0
1129 LH-Defect-129 255 0 255   0
1130 LH-Defect-130 255 0 255   0
1131 LH-Defect-131 255 0 255   0
1132 LH-Defect-132 255 0 255   0
1133 LH-Defect-133 255 0 255   0
1134 LH-Defect-134 255 0 255   0
1135 LH-Defect-135 255 0 255   0
1136 LH-Defect-136 255 0 255   0
1137 LH-Defect-137 255 0 255   0
1138 LH-Defect-138 255 0 255   0
1139 LH-Defect-139 255 0 255   0
1140 LH-Defect-140 255 0 255   0
1141 LH-Defect-141 255 0 255   0
1142 LH-Defect-142 255 0 255   0
1143 LH-Defect-143 255 0 255   0
1144 LH-Defect-144 255 0 255   0
1145 LH-Defect-145 255 0 255   0
1146 LH-Defect-146 255 0 255   0
1147 LH-Defect-147 255 0 255   0
1148 LH-Defect-148 255 0 255   0
1149 LH-Defect-149 255 0 255   0
1150 LH-Defect-150 255 0 255   0
1151 LH-Defect-151 255 0 255   0
1152 LH-Defect-152 255 0 255   0
1153 LH-Defect-153 255 0 255   0
1154 LH-Defect-154 255 0 255   0
1155 LH-Defect-155 255 0 255   0
1156 LH-Defect-156 255 0 255   0
1157 LH-Defect-157 255 0 255   0
1158 LH-Defect-158 255 0 255   0
1159 LH-Defect-159 255 0 255   0
1160 LH-Defect-160 255 0 255   0
1161 LH-Defect-161 255 0 255   0
1162 LH-Defect-162 255 0 255   0
1163 LH-Defect-163 255 0 255   0
1164 LH-Defect-164 255 0 255   0
1165 LH-Defect-165 255 0 255   0
1166 LH-Defect-166 255 0 255   0
1167 LH-Defect-167 255 0 255   0
1168 LH-Defect-168 255 0 255   0
1169 LH-Defect-169 255 0 255   0
1170 LH-Defect-170 255 0 255   0
1171 LH-Defect-171 255 0 255   0
1172 LH-Defect-172 255 0 255   0
1173 LH-Defect-173 255 0 255   0
1174 LH-Defect-174 255 0 255   0
1175 LH-Defect-175 255 0 255   0
1176 LH-Defect-176 255 0 255   0
1177 LH-Defect-177 255 0 255   0
1178 LH-Defect-178 255 0 255   0
1179 LH-Defect-179 255 0 255   0
1180 LH-Defect-180 255 0 255   0
1181 LH-Defect-181 255 0 255   0
1182 LH-Defect-182 255 0 255   0
1183 LH-Defect-183 255 0 255   0
1184 LH-Defect-184 255 0 255   0
1185 LH-Defect-185 255 0 255   0
1186 LH-Defect-186 255 0 255   0
1187 LH-Defect-187 255 0 255   0
1188 LH-Defect-188 255 0 255   0
1189 LH-Defect-189 255 0 255   0
1190 LH-Defect-190 255 0 255   0
1191 LH-Defect-191 255 0 255   0
1192 LH-Defect-192 255 0 255   0
1193 LH-Defect-193 255 0 255   0
1194 LH-Defect-194 255 0 255   0
1195 LH-Defect-195 255 0 255   0
1196 LH-Defect-196 255 0 255   0
1197 LH-Defect-197 255 0 255   0
1198 LH-Defect-198 255 0 255   0
1199 LH-Defect-199 255 0 255   0
1200 LH-Defect-200 255 0 255   0
1201 LH-Defect-201 255 0 255   0
1202 LH-Defect-202 255 0 255   0
1203 LH-Defect-203 255 0 255   0
1204 LH-Defect-204 255 0 255   0
1205 LH-Defect-205 255 0 255   0
1206 LH-Defect-206 255 0 255   0
1207 LH-Defect-207 255 0 255   0
1208 LH-Defect-208 255 0 255   0
1209 LH-Defect-209 255 0 255   0
1210 LH-Defect-210 255 0 255   0
1211 LH-Defect-211 255 0 255   0
1212 LH-Defect-212 255 0 255   0
1213 LH-Defect-213 255 0 255   0
1214 LH-Defect-214 255 0 255   0
1215 LH-Defect-215 255 0 255   0
1216 LH-Defect-216 255 0 255   0
1217 LH-Defect-217 255 0 255   0
1218 LH-Defect-218 255 0 255   0
1219 LH-Defect-219 255 0 255   0
1220 LH-Defect-220 255 0 255   0
1221 LH-Defect-221 255 0 255   0
1222 LH-Defect-222 255 0 255   0
1223 LH-Defect-223 255 0 255   0
1224 LH-Defect-224 255 0 255   0
1225 LH-Defect-225 255 0 255   0
1226 LH-Defect-226 255 0 255   0
1227 LH-Defect-227 255 0 255   0
1228 LH-Defect-228 255 0 255   0
1229 LH-Defect-229 255 0 255   0
1230 LH-Defect-230 255 0 255   0
1231 LH-Defect-231 255 0 255   0
1232 LH-Defect-232 255 0 255   0
1233 LH-Defect-233 255 0 255   0
1234 LH-Defect-234 255 0 255   0
1235 LH-Defect-235 255 0 255   0
1236 LH-Defect-236 255 0 255   0
1237 LH-Defect-237 255 0 255   0
1238 LH-Defect-238 255 0 255   0
1239 LH-Defect-239 255 0 255   0
1240 LH-Defect-240 255 0 255   0
1241 LH-Defect-241 255 0 255   0
1242 LH-Defect-242 255 0 255   0
1243 LH-Defect-243 255 0 255   0
1244 LH-Defect-244 255 0 255   0
1245 LH-Defect-245 255 0 255   0
1246 LH-Defect-246 255 0 255   0
1247 LH-Defect-247 255 0 255   0
1248 LH-Defect-248 255 0 255   0
1249 LH-Defect-249 255 0 255   0
1250 LH-Defect-250 255 0 255   0
1251 LH-Defect-251 255 0 255   0
1252 LH-Defect-252 255 0 255   0
1253 LH-Defect-253 255 0 255   0
1254 LH-Defect-254 255 0 255   0
1255 LH-Defect-255 255 0 255   0
1256 LH-Defect-256 255 0 255   0
1257 LH-Defect-257 255 0 255   0
1258 LH-Defect-258 255 0 255   0
1259 LH-Defect-259 255 0 255   0
1260 LH-Defect-260 255 0 255   0
1261 LH-Defect-261 255 0 255   0
1262 LH-Defect-262 255 0 255   0
1263 LH-Defect-263 255 0 255   0
1264 LH-Defect-264 255 0 255   0
1265 LH-Defect-265 255 0 255   0
1266 LH-Defect-266 255 0 255   0
1267 LH-Defect-267 255 0 255   0
1268 LH-Defect-268 255 0 255   0
1269 LH-Defect-269 255 0 255   0
1270 LH-Defect-270 255 0 255   0
1271 LH-Defect-271 255 0 255   0
1272 LH-Defect-272 255 0 255   0
1273 LH-Defect-273 255 0 255   0
1274 LH-Defect-274 255 0 255   0
1275 LH-Defect-275 255 0 255   0
1276 LH-Defect-276 255 0 255   0
1277 LH-Defect-277 255 0 255   0
1278 LH-Defect-278 255 0 255   0
1279 LH-Defect-279 255 0 255   0
1280 LH-Defect-280 255 0 255   0
1281 LH-Defect-281 255 0 255   0
1282 LH-Defect-282 255 0 255   0
1283 LH-Defect-283 255 0 255   0
1284 LH-Defect-284 255 0 255   0
1285 LH-Defect-285 255 0 255   0
1286 LH-Defect-286 255 0 255   0
1287 LH-Defect-287 255 0 255   0
1288 LH-Defect-288 255 0 255   0
1289 LH-Defect-289 255 0 255   0
1290 LH-Defect-290 255 0 255   0
1291 LH-Defect-291 255 0 255   0
1292 LH-Defect-292 255 0 255   0
1293 LH-Defect-293 255 0 255   0
1294 LH-Defect-294 255 0 255   0
1295 LH-Defect-295 255 0 255   0
1296 LH-Defect-296 255 0 255   0
1297 LH-Defect-297 255 0 255   0
1298 LH-Defect-298 255 0 255   0
1299 LH-Defect-299 255 0 255   0
1300 LH-Defect-300 255 0 255   0
1301 LH-Defect-301 255 0 255   0
1302 LH-Defect-302 255 0 255   0
1303 LH-Defect-303 255 0 255   0
1304 LH-Defect-304 255 0 255   0
1305 LH-Defect-305 255 0 255   0
1306 LH-Defect-306 255 0 255   0
1307 LH-Defect-307 255 0 255   0
1308 LH-Defect-308 255 0 255   0
1309 LH-Defect-309 255 0 255   0
1310 LH-Defect-310 255 0 255   0
1311 LH-Defect-311 255 0 255   0
1312 LH-Defect-312 255 0 255   0
1313 LH-Defect-313 255 0 255   0
1314 LH-Defect-314 255 0 255   0
1315 LH-Defect-315 255 0 255   0
1316 LH-Defect-316 255 0 255   0
1317 LH-Defect-317 255 0 255   0
1318 LH-Defect-318 255 0 255   0
1319 LH-Defect-319 255 0 255   0
1320 LH-Defect-320 255 0 255   0
1321 LH-Defect-321 255 0 255   0
1322 LH-Defect-322 255 0 255   0
1323 LH-Defect-323 255 0 255   0
1324 LH-Defect-324 255 0 255   0
1325 LH-Defect-325 255 0 255   0
1326 LH-Defect-326 255 0 255   0
1327 LH-Defect-327 255 0 255   0
1328 LH-Defect-328 255 0 255   0
1329 LH-Defect-329 255 0 255   0
1330 LH-Defect-330 255 0 255   0
1331 LH-Defect-331 255 0 255   0
1332 LH-Defect-332 255 0 255   0
1333 LH-Defect-333 255 0 255   0
1334 LH-Defect-334 255 0 255   0
1335 LH-Defect-335 255 0 255   0
1336 LH-Defect-336 255 0 255   0
1337 LH-Defect-337 255 0 255   0
1338 LH-Defect-338 255 0 255   0
1339 LH-Defect-339 255 0 255   0
1340 LH-Defect-340 255 0 255   0
1341 LH-Defect-341 255 0 255   0
1342 LH-Defect-342 255 0 255   0
1343 LH-Defect-343 255 0 255   0
1344 LH-Defect-344 255 0 255   0
1345 LH-Defect-345 255 0 255   0
1346 LH-Defect-346 255 0 255   0
1347 LH-Defect-347 255 0 255   0
1348 LH-Defect-348 255 0 255   0
1349 LH-Defect-349 255 0 255   0
1350 LH-Defect-350 255 0 255   0
1351 LH-Defect-351 255 0 255   0
1352 LH-Defect-352 255 0 255   0
1353 LH-Defect-353 255 0 255   0
1354 LH-Defect-354 255 0 255   0
1355 LH-Defect-355 255 0 255   0
1356 LH-Defect-356 255 0 255   0
1357 LH-Defect-357 255 0 255   0
1358 LH-Defect-358 255 0 255   0
1359 LH-Defect-359 255 0 255   0
1360 LH-Defect-360 255 0 255   0
1361 LH-Defect-361 255 0 255   0
1362 LH-Defect-362 255 0 255   0
1363 LH-Defect-363 255 0 255   0
1364 LH-Defect-364 255 0 255   0
1365 LH-Defect-365 255 0 255   0
1366 LH-Defect-366 255 0 255   0
1367 LH-Defect-367 255 0 255   0
1368 LH-Defect-368 255 0 255   0
1369 LH-Defect-369 255 0 255   0
1370 LH-Defect-370 255 0 255   0
1371 LH-Defect-371 255 0 255   0
1372 LH-Defect-372 255 0 255   0
1373 LH-Defect-373 255 0 255   0
1374 LH-Defect-374 255 0 255   0
1375 LH-Defect-375 255 0 255   0
1376 LH-Defect-376 255 0 255   0
1377 LH-Defect-377 255 0 255   0
1378 LH-Defect-378 255 0 255   0
1379 LH-Defect-379 255 0 255   0
1380 LH-Defect-380 255 0 255   0
1381 LH-Defect-381 255 0 255   0
1382 LH-Defect-382 255 0 255   0
1383 LH-Defect-383 255 0 255   0
1384 LH-Defect-384 255 0 255   0
1385 LH-Defect-385 255 0 255   0
1386 LH-Defect-386 255 0 255   0
1387 LH-Defect-387 255 0 255   0
1388 LH-Defect-388 255 0 255   0
1389 LH-Defect-389 255 0 255   0
1390 LH-Defect-390 255 0 255   0
1391 LH-Defect-391 255 0 255   0
1392 LH-Defect-392 255 0 255   0
1393 LH-Defect-393 255 0 255   0
1394 LH-Defect-394 255 0 255   0
1395 LH-Defect-395 255 0 255   0
1396 LH-Defect-396 255 0 255   0
1397 LH-Defect-397 255 0 255   0
1398 LH-Defect-398 255 0 255   0
1399 LH-Defect-399 255 0 255   0
1400 LH-Defect-400 255 0 255   0
1401 LH-Defect-401 255 0 255   0
1402 LH-Defect-402 255 0 255   0
1403 LH-Defect-403 255 0 255   0
1404 LH-Defect-404 255 0 255   0
1405 LH-Defect-405 255 0 255   0
1406 LH-Defect-406 255 0 255   0
1407 LH-Defect-407 255 0 255   0
1408 LH-Defect-408 255 0 255   0
1409 LH-Defect-409 255 0 255   0
1410 LH-Defect-410 255 0 255   0
1411 LH-Defect-411 255 0 255   0
1412 LH-Defect-412 255 0 255   0
1413 LH-Defect-413 255 0 255   0
1414 LH-Defect-414 255 0 255   0
1415 LH-Defect-415 255 0 255   0
1416 LH-Defect-416 255 0 255   0
1417 LH-Defect-417 255 0 255   0
1418 LH-Defect-418 255 0 255   0
1419 LH-Defect-419 255 0 255   0
1420 LH-Defect-420 255 0 255   0
1421 LH-Defect-421 255 0 255   0
1422 LH-Defect-422 255 0 255   0
1423 LH-Defect-423 255 0 255   0
1424 LH-Defect-424 255 0 255   0
1425 LH-Defect-425 255 0 255   0
1426 LH-Defect-426 255 0 255   0
1427 LH-Defect-427 255 0 255   0
1428 LH-Defect-428 255 0 255   0
1429 LH-Defect-429 255 0 255   0
1430 LH-Defect-430 255 0 255   0
1431 LH-Defect-431 255 0 255   0
1432 LH-Defect-432 255 0 255   0
1433 LH-Defect-433 255 0 255   0
1434 LH-Defect-434 255 0 255   0
1435 LH-Defect-435 255 0 255   0
1436 LH-Defect-436 255 0 255   0
1437 LH-Defect-437 255 0 255   0
1438 LH-Defect-438 255 0 255   0
1439 LH-Defect-439 255 0 255   0
1440 LH-Defect-440 255 0 255   0
1441 LH-Defect-441 255 0 255   0
1442 LH-Defect-442 255 0 255   0
1443 LH-Defect-443 255 0 255   0
1444 LH-Defect-444 255 0 255   0
1445 LH-Defect-445 255 0 255   0
1446 LH-Defect-446 255 0 255   0
1447 LH-Defect-447 255 0 255   0
1448 LH-Defect-448 255 0 255   0
1449 LH-Defect-449 255 0 255   0
1450 LH-Defect-450 255 0 255   0
1451 LH-Defect-451 255 0 255   0
1452 LH-Defect-452 255 0 255   0
1453 LH-Defect-453 255 0 255   0
1454 LH-Defect-454 255 0 255   0
1455 LH-Defect-455 255 0 255   0
1456 LH-Defect-456 255 0 255   0
1457 LH-Defect-457 255 0 255   0
1458 LH-Defect-458 255 0 255   0
1459 LH-Defect-459 255 0 255   0
1460 LH-Defect-460 255 0 255   0
1461 LH-Defect-461 255 0 255   0
1462 LH-Defect-462 255 0 255   0
1463 LH-Defect-463 255 0 255   0
1464 LH-Defect-464 255 0 255   0
1465 LH-Defect-465 255 0 255   0
1466 LH-Defect-466 255 0 255   0
1467 LH-Defect-467 255 0 255   0
1468 LH-Defect-468 255 0 255   0
1469 LH-Defect-469 255 0 255   0
1470 LH-Defect-470 255 0 255   0
1471 LH-Defect-471 255 0 255   0
1472 LH-Defect-472 255 0 255   0
1473 LH-Defect-473 255 0 255   0
1474 LH-Defect-474 255 0 255   0
1475 LH-Defect-475 255 0 255   0
1476 LH-Defect-476 255 0 255   0
1477 LH-Defect-477 255 0 255   0
1478 LH-Defect-478 255 0 255   0
1479 LH-Defect-479 255 0 255   0
1480 LH-Defect-480 255 0 255   0
1481 LH-Defect-481 255 0 255   0
1482 LH-Defect-482 255 0 255   0
1483 LH-Defect-483 255 0 255   0
1484 LH-Defect-484 255 0 255   0
1485 LH-Defect-485 255 0 255   0
1486 LH-Defect-486 255 0 255   0
1487 LH-Defect-487 255 0 255   0
1488 LH-Defect-488 255 0 255   0
1489 LH-Defect-489 255 0 255   0
1490 LH-Defect-490 255 0 255   0
1491 LH-Defect-491 255 0 255   0
1492 LH-Defect-492 255 0 255   0
1493 LH-Defect-493 255 0 255   0
1494 LH-Defect-494 255 0 255   0
1495 LH-Defect-495 255 0 255   0
1496 LH-Defect-496 255 0 255   0
1497 LH-Defect-497 255 0 255   0
1498 LH-Defect-498 255 0 255   0
1499 LH-Defect-499 255 0 255   0
1500 LH-Defect-500 255 0 255   0

2001 RH-Defect-001 255 0 255   0
2002 RH-Defect-002 255 0 255   0
2003 RH-Defect-003 255 0 255   0
2004 RH-Defect-004 255 0 255   0
2005 RH-Defect-005 255 0 255   0
2006 RH-Defect-006 255 0 255   0
2007 RH-Defect-007 255 0 255   0
2008 RH-Defect-008 255 0 255   0
2009 RH-Defect-009 255 0 255   0
2010 RH-Defect-010 255 0 255   0
2011 RH-Defect-011 255 0 255   0
2012 RH-Defect-012 255 0 255   0
2013 RH-Defect-013 255 0 255   0
2014 RH-Defect-014 255 0 255   0
2015 RH-Defect-015 255 0 255   0
2016 RH-Defect-016 255 0 255   0
2017 RH-Defect-017 255 0 255   0
2018 RH-Defect-018 255 0 255   0
2019 RH-Defect-019 255 0 255   0
2020 RH-Defect-020 255 0 255   0
2021 RH-Defect-021 255 0 255   0
2022 RH-Defect-022 255 0 255   0
2023 RH-Defect-023 255 0 255   0
2024 RH-Defect-024 255 0 255   0
2025 RH-Defect-025 255 0 255   0
2026 RH-Defect-026 255 0 255   0
2027 RH-Defect-027 255 0 255   0
2028 RH-Defect-028 255 0 255   0
2029 RH-Defect-029 255 0 255   0
2030 RH-Defect-030 255 0 255   0
2031 RH-Defect-031 255 0 255   0
2032 RH-Defect-032 255 0 255   0
2033 RH-Defect-033 255 0 255   0
2034 RH-Defect-034 255 0 255   0
2035 RH-Defect-035 255 0 255   0
2036 RH-Defect-036 255 0 255   0
2037 RH-Defect-037 255 0 255   0
2038 RH-Defect-038 255 0 255   0
2039 RH-Defect-039 255 0 255   0
2040 RH-Defect-040 255 0 255   0
2041 RH-Defect-041 255 0 255   0
2042 RH-Defect-042 255 0 255   0
2043 RH-Defect-043 255 0 255   0
2044 RH-Defect-044 255 0 255   0
2045 RH-Defect-045 255 0 255   0
2046 RH-Defect-046 255 0 255   0
2047 RH-Defect-047 255 0 255   0
2048 RH-Defect-048 255 0 255   0
2049 RH-Defect-049 255 0 255   0
2050 RH-Defect-050 255 0 255   0
2051 RH-Defect-051 255 0 255   0
2052 RH-Defect-052 255 0 255   0
2053 RH-Defect-053 255 0 255   0
2054 RH-Defect-054 255 0 255   0
2055 RH-Defect-055 255 0 255   0
2056 RH-Defect-056 255 0 255   0
2057 RH-Defect-057 255 0 255   0
2058 RH-Defect-058 255 0 255   0
2059 RH-Defect-059 255 0 255   0
2060 RH-Defect-060 255 0 255   0
2061 RH-Defect-061 255 0 255   0
2062 RH-Defect-062 255 0 255   0
2063 RH-Defect-063 255 0 255   0
2064 RH-Defect-064 255 0 255   0
2065 RH-Defect-065 255 0 255   0
2066 RH-Defect-066 255 0 255   0
2067 RH-Defect-067 255 0 255   0
2068 RH-Defect-068 255 0 255   0
2069 RH-Defect-069 255 0 255   0
2070 RH-Defect-070 255 0 255   0
2071 RH-Defect-071 255 0 255   0
2072 RH-Defect-072 255 0 255   0
2073 RH-Defect-073 255 0 255   0
2074 RH-Defect-074 255 0 255   0
2075 RH-Defect-075 255 0 255   0
2076 RH-Defect-076 255 0 255   0
2077 RH-Defect-077 255 0 255   0
2078 RH-Defect-078 255 0 255   0
2079 RH-Defect-079 255 0 255   0
2080 RH-Defect-080 255 0 255   0
2081 RH-Defect-081 255 0 255   0
2082 RH-Defect-082 255 0 255   0
2083 RH-Defect-083 255 0 255   0
2084 RH-Defect-084 255 0 255   0
2085 RH-Defect-085 255 0 255   0
2086 RH-Defect-086 255 0 255   0
2087 RH-Defect-087 255 0 255   0
2088 RH-Defect-088 255 0 255   0
2089 RH-Defect-089 255 0 255   0
2090 RH-Defect-090 255 0 255   0
2091 RH-Defect-091 255 0 255   0
2092 RH-Defect-092 255 0 255   0
2093 RH-Defect-093 255 0 255   0
2094 RH-Defect-094 255 0 255   0
2095 RH-Defect-095 255 0 255   0
2096 RH-Defect-096 255 0 255   0
2097 RH-Defect-097 255 0 255   0
2098 RH-Defect-098 255 0 255   0
2099 RH-Defect-099 255 0 255   0
2100 RH-Defect-100 255 0 255   0
2101 RH-Defect-101 255 0 255   0
2102 RH-Defect-102 255 0 255   0
2103 RH-Defect-103 255 0 255   0
2104 RH-Defect-104 255 0 255   0
2105 RH-Defect-105 255 0 255   0
2106 RH-Defect-106 255 0 255   0
2107 RH-Defect-107 255 0 255   0
2108 RH-Defect-108 255 0 255   0
2109 RH-Defect-109 255 0 255   0
2110 RH-Defect-110 255 0 255   0
2111 RH-Defect-111 255 0 255   0
2112 RH-Defect-112 255 0 255   0
2113 RH-Defect-113 255 0 255   0
2114 RH-Defect-114 255 0 255   0
2115 RH-Defect-115 255 0 255   0
2116 RH-Defect-116 255 0 255   0
2117 RH-Defect-117 255 0 255   0
2118 RH-Defect-118 255 0 255   0
2119 RH-Defect-119 255 0 255   0
2120 RH-Defect-120 255 0 255   0
2121 RH-Defect-121 255 0 255   0
2122 RH-Defect-122 255 0 255   0
2123 RH-Defect-123 255 0 255   0
2124 RH-Defect-124 255 0 255   0
2125 RH-Defect-125 255 0 255   0
2126 RH-Defect-126 255 0 255   0
2127 RH-Defect-127 255 0 255   0
2128 RH-Defect-128 255 0 255   0
2129 RH-Defect-129 255 0 255   0
2130 RH-Defect-130 255 0 255   0
2131 RH-Defect-131 255 0 255   0
2132 RH-Defect-132 255 0 255   0
2133 RH-Defect-133 255 0 255   0
2134 RH-Defect-134 255 0 255   0
2135 RH-Defect-135 255 0 255   0
2136 RH-Defect-136 255 0 255   0
2137 RH-Defect-137 255 0 255   0
2138 RH-Defect-138 255 0 255   0
2139 RH-Defect-139 255 0 255   0
2140 RH-Defect-140 255 0 255   0
2141 RH-Defect-141 255 0 255   0
2142 RH-Defect-142 255 0 255   0
2143 RH-Defect-143 255 0 255   0
2144 RH-Defect-144 255 0 255   0
2145 RH-Defect-145 255 0 255   0
2146 RH-Defect-146 255 0 255   0
2147 RH-Defect-147 255 0 255   0
2148 RH-Defect-148 255 0 255   0
2149 RH-Defect-149 255 0 255   0
2150 RH-Defect-150 255 0 255   0
2151 RH-Defect-151 255 0 255   0
2152 RH-Defect-152 255 0 255   0
2153 RH-Defect-153 255 0 255   0
2154 RH-Defect-154 255 0 255   0
2155 RH-Defect-155 255 0 255   0
2156 RH-Defect-156 255 0 255   0
2157 RH-Defect-157 255 0 255   0
2158 RH-Defect-158 255 0 255   0
2159 RH-Defect-159 255 0 255   0
2160 RH-Defect-160 255 0 255   0
2161 RH-Defect-161 255 0 255   0
2162 RH-Defect-162 255 0 255   0
2163 RH-Defect-163 255 0 255   0
2164 RH-Defect-164 255 0 255   0
2165 RH-Defect-165 255 0 255   0
2166 RH-Defect-166 255 0 255   0
2167 RH-Defect-167 255 0 255   0
2168 RH-Defect-168 255 0 255   0
2169 RH-Defect-169 255 0 255   0
2170 RH-Defect-170 255 0 255   0
2171 RH-Defect-171 255 0 255   0
2172 RH-Defect-172 255 0 255   0
2173 RH-Defect-173 255 0 255   0
2174 RH-Defect-174 255 0 255   0
2175 RH-Defect-175 255 0 255   0
2176 RH-Defect-176 255 0 255   0
2177 RH-Defect-177 255 0 255   0
2178 RH-Defect-178 255 0 255   0
2179 RH-Defect-179 255 0 255   0
2180 RH-Defect-180 255 0 255   0
2181 RH-Defect-181 255 0 255   0
2182 RH-Defect-182 255 0 255   0
2183 RH-Defect-183 255 0 255   0
2184 RH-Defect-184 255 0 255   0
2185 RH-Defect-185 255 0 255   0
2186 RH-Defect-186 255 0 255   0
2187 RH-Defect-187 255 0 255   0
2188 RH-Defect-188 255 0 255   0
2189 RH-Defect-189 255 0 255   0
2190 RH-Defect-190 255 0 255   0
2191 RH-Defect-191 255 0 255   0
2192 RH-Defect-192 255 0 255   0
2193 RH-Defect-193 255 0 255   0
2194 RH-Defect-194 255 0 255   0
2195 RH-Defect-195 255 0 255   0
2196 RH-Defect-196 255 0 255   0
2197 RH-Defect-197 255 0 255   0
2198 RH-Defect-198 255 0 255   0
2199 RH-Defect-199 255 0 255   0
2200 RH-Defect-200 255 0 255   0
2201 RH-Defect-201 255 0 255   0
2202 RH-Defect-202 255 0 255   0
2203 RH-Defect-203 255 0 255   0
2204 RH-Defect-204 255 0 255   0
2205 RH-Defect-205 255 0 255   0
2206 RH-Defect-206 255 0 255   0
2207 RH-Defect-207 255 0 255   0
2208 RH-Defect-208 255 0 255   0
2209 RH-Defect-209 255 0 255   0
2210 RH-Defect-210 255 0 255   0
2211 RH-Defect-211 255 0 255   0
2212 RH-Defect-212 255 0 255   0
2213 RH-Defect-213 255 0 255   0
2214 RH-Defect-214 255 0 255   0
2215 RH-Defect-215 255 0 255   0
2216 RH-Defect-216 255 0 255   0
2217 RH-Defect-217 255 0 255   0
2218 RH-Defect-218 255 0 255   0
2219 RH-Defect-219 255 0 255   0
2220 RH-Defect-220 255 0 255   0
2221 RH-Defect-221 255 0 255   0
2222 RH-Defect-222 255 0 255   0
2223 RH-Defect-223 255 0 255   0
2224 RH-Defect-224 255 0 255   0
2225 RH-Defect-225 255 0 255   0
2226 RH-Defect-226 255 0 255   0
2227 RH-Defect-227 255 0 255   0
2228 RH-Defect-228 255 0 255   0
2229 RH-Defect-229 255 0 255   0
2230 RH-Defect-230 255 0 255   0
2231 RH-Defect-231 255 0 255   0
2232 RH-Defect-232 255 0 255   0
2233 RH-Defect-233 255 0 255   0
2234 RH-Defect-234 255 0 255   0
2235 RH-Defect-235 255 0 255   0
2236 RH-Defect-236 255 0 255   0
2237 RH-Defect-237 255 0 255   0
2238 RH-Defect-238 255 0 255   0
2239 RH-Defect-239 255 0 255   0
2240 RH-Defect-240 255 0 255   0
2241 RH-Defect-241 255 0 255   0
2242 RH-Defect-242 255 0 255   0
2243 RH-Defect-243 255 0 255   0
2244 RH-Defect-244 255 0 255   0
2245 RH-Defect-245 255 0 255   0
2246 RH-Defect-246 255 0 255   0
2247 RH-Defect-247 255 0 255   0
2248 RH-Defect-248 255 0 255   0
2249 RH-Defect-249 255 0 255   0
2250 RH-Defect-250 255 0 255   0
2251 RH-Defect-251 255 0 255   0
2252 RH-Defect-252 255 0 255   0
2253 RH-Defect-253 255 0 255   0
2254 RH-Defect-254 255 0 255   0
2255 RH-Defect-255 255 0 255   0
2256 RH-Defect-256 255 0 255   0
2257 RH-Defect-257 255 0 255   0
2258 RH-Defect-258 255 0 255   0
2259 RH-Defect-259 255 0 255   0
2260 RH-Defect-260 255 0 255   0
2261 RH-Defect-261 255 0 255   0
2262 RH-Defect-262 255 0 255   0
2263 RH-Defect-263 255 0 255   0
2264 RH-Defect-264 255 0 255   0
2265 RH-Defect-265 255 0 255   0
2266 RH-Defect-266 255 0 255   0
2267 RH-Defect-267 255 0 255   0
2268 RH-Defect-268 255 0 255   0
2269 RH-Defect-269 255 0 255   0
2270 RH-Defect-270 255 0 255   0
2271 RH-Defect-271 255 0 255   0
2272 RH-Defect-272 255 0 255   0
2273 RH-Defect-273 255 0 255   0
2274 RH-Defect-274 255 0 255   0
2275 RH-Defect-275 255 0 255   0
2276 RH-Defect-276 255 0 255   0
2277 RH-Defect-277 255 0 255   0
2278 RH-Defect-278 255 0 255   0
2279 RH-Defect-279 255 0 255   0
2280 RH-Defect-280 255 0 255   0
2281 RH-Defect-281 255 0 255   0
2282 RH-Defect-282 255 0 255   0
2283 RH-Defect-283 255 0 255   0
2284 RH-Defect-284 255 0 255   0
2285 RH-Defect-285 255 0 255   0
2286 RH-Defect-286 255 0 255   0
2287 RH-Defect-287 255 0 255   0
2288 RH-Defect-288 255 0 255   0
2289 RH-Defect-289 255 0 255   0
2290 RH-Defect-290 255 0 255   0
2291 RH-Defect-291 255 0 255   0
2292 RH-Defect-292 255 0 255   0
2293 RH-Defect-293 255 0 255   0
2294 RH-Defect-294 255 0 255   0
2295 RH-Defect-295 255 0 255   0
2296 RH-Defect-296 255 0 255   0
2297 RH-Defect-297 255 0 255   0
2298 RH-Defect-298 255 0 255   0
2299 RH-Defect-299 255 0 255   0
2300 RH-Defect-300 255 0 255   0
2301 RH-Defect-301 255 0 255   0
2302 RH-Defect-302 255 0 255   0
2303 RH-Defect-303 255 0 255   0
2304 RH-Defect-304 255 0 255   0
2305 RH-Defect-305 255 0 255   0
2306 RH-Defect-306 255 0 255   0
2307 RH-Defect-307 255 0 255   0
2308 RH-Defect-308 255 0 255   0
2309 RH-Defect-309 255 0 255   0
2310 RH-Defect-310 255 0 255   0
2311 RH-Defect-311 255 0 255   0
2312 RH-Defect-312 255 0 255   0
2313 RH-Defect-313 255 0 255   0
2314 RH-Defect-314 255 0 255   0
2315 RH-Defect-315 255 0 255   0
2316 RH-Defect-316 255 0 255   0
2317 RH-Defect-317 255 0 255   0
2318 RH-Defect-318 255 0 255   0
2319 RH-Defect-319 255 0 255   0
2320 RH-Defect-320 255 0 255   0
2321 RH-Defect-321 255 0 255   0
2322 RH-Defect-322 255 0 255   0
2323 RH-Defect-323 255 0 255   0
2324 RH-Defect-324 255 0 255   0
2325 RH-Defect-325 255 0 255   0
2326 RH-Defect-326 255 0 255   0
2327 RH-Defect-327 255 0 255   0
2328 RH-Defect-328 255 0 255   0
2329 RH-Defect-329 255 0 255   0
2330 RH-Defect-330 255 0 255   0
2331 RH-Defect-331 255 0 255   0
2332 RH-Defect-332 255 0 255   0
2333 RH-Defect-333 255 0 255   0
2334 RH-Defect-334 255 0 255   0
2335 RH-Defect-335 255 0 255   0
2336 RH-Defect-336 255 0 255   0
2337 RH-Defect-337 255 0 255   0
2338 RH-Defect-338 255 0 255   0
2339 RH-Defect-339 255 0 255   0
2340 RH-Defect-340 255 0 255   0
2341 RH-Defect-341 255 0 255   0
2342 RH-Defect-342 255 0 255   0
2343 RH-Defect-343 255 0 255   0
2344 RH-Defect-344 255 0 255   0
2345 RH-Defect-345 255 0 255   0
2346 RH-Defect-346 255 0 255   0
2347 RH-Defect-347 255 0 255   0
2348 RH-Defect-348 255 0 255   0
2349 RH-Defect-349 255 0 255   0
2350 RH-Defect-350 255 0 255   0
2351 RH-Defect-351 255 0 255   0
2352 RH-Defect-352 255 0 255   0
2353 RH-Defect-353 255 0 255   0
2354 RH-Defect-354 255 0 255   0
2355 RH-Defect-355 255 0 255   0
2356 RH-Defect-356 255 0 255   0
2357 RH-Defect-357 255 0 255   0
2358 RH-Defect-358 255 0 255   0
2359 RH-Defect-359 255 0 255   0
2360 RH-Defect-360 255 0 255   0
2361 RH-Defect-361 255 0 255   0
2362 RH-Defect-362 255 0 255   0
2363 RH-Defect-363 255 0 255   0
2364 RH-Defect-364 255 0 255   0
2365 RH-Defect-365 255 0 255   0
2366 RH-Defect-366 255 0 255   0
2367 RH-Defect-367 255 0 255   0
2368 RH-Defect-368 255 0 255   0
2369 RH-Defect-369 255 0 255   0
2370 RH-Defect-370 255 0 255   0
2371 RH-Defect-371 255 0 255   0
2372 RH-Defect-372 255 0 255   0
2373 RH-Defect-373 255 0 255   0
2374 RH-Defect-374 255 0 255   0
2375 RH-Defect-375 255 0 255   0
2376 RH-Defect-376 255 0 255   0
2377 RH-Defect-377 255 0 255   0
2378 RH-Defect-378 255 0 255   0
2379 RH-Defect-379 255 0 255   0
2380 RH-Defect-380 255 0 255   0
2381 RH-Defect-381 255 0 255   0
2382 RH-Defect-382 255 0 255   0
2383 RH-Defect-383 255 0 255   0
2384 RH-Defect-384 255 0 255   0
2385 RH-Defect-385 255 0 255   0
2386 RH-Defect-386 255 0 255   0
2387 RH-Defect-387 255 0 255   0
2388 RH-Defect-388 255 0 255   0
2389 RH-Defect-389 255 0 255   0
2390 RH-Defect-390 255 0 255   0
2391 RH-Defect-391 255 0 255   0
2392 RH-Defect-392 255 0 255   0
2393 RH-Defect-393 255 0 255   0
2394 RH-Defect-394 255 0 255   0
2395 RH-Defect-395 255 0 255   0
2396 RH-Defect-396 255 0 255   0
2397 RH-Defect-397 255 0 255   0
2398 RH-Defect-398 255 0 255   0
2399 RH-Defect-399 255 0 255   0
2400 RH-Defect-400 255 0 255   0
2401 RH-Defect-401 255 0 255   0
2402 RH-Defect-402 255 0 255   0
2403 RH-Defect-403 255 0 255   0
2404 RH-Defect-404 255 0 255   0
2405 RH-Defect-405 255 0 255   0
2406 RH-Defect-406 255 0 255   0
2407 RH-Defect-407 255 0 255   0
2408 RH-Defect-408 255 0 255   0
2409 RH-Defect-409 255 0 255   0
2410 RH-Defect-410 255 0 255   0
2411 RH-Defect-411 255 0 255   0
2412 RH-Defect-412 255 0 255   0
2413 RH-Defect-413 255 0 255   0
2414 RH-Defect-414 255 0 255   0
2415 RH-Defect-415 255 0 255   0
2416 RH-Defect-416 255 0 255   0
2417 RH-Defect-417 255 0 255   0
2418 RH-Defect-418 255 0 255   0
2419 RH-Defect-419 255 0 255   0
2420 RH-Defect-420 255 0 255   0
2421 RH-Defect-421 255 0 255   0
2422 RH-Defect-422 255 0 255   0
2423 RH-Defect-423 255 0 255   0
2424 RH-Defect-424 255 0 255   0
2425 RH-Defect-425 255 0 255   0
2426 RH-Defect-426 255 0 255   0
2427 RH-Defect-427 255 0 255   0
2428 RH-Defect-428 255 0 255   0
2429 RH-Defect-429 255 0 255   0
2430 RH-Defect-430 255 0 255   0
2431 RH-Defect-431 255 0 255   0
2432 RH-Defect-432 255 0 255   0
2433 RH-Defect-433 255 0 255   0
2434 RH-Defect-434 255 0 255   0
2435 RH-Defect-435 255 0 255   0
2436 RH-Defect-436 255 0 255   0
2437 RH-Defect-437 255 0 255   0
2438 RH-Defect-438 255 0 255   0
2439 RH-Defect-439 255 0 255   0
2440 RH-Defect-440 255 0 255   0
2441 RH-Defect-441 255 0 255   0
2442 RH-Defect-442 255 0 255   0
2443 RH-Defect-443 255 0 255   0
2444 RH-Defect-444 255 0 255   0
2445 RH-Defect-445 255 0 255   0
2446 RH-Defect-446 255 0 255   0
2447 RH-Defect-447 255 0 255   0
2448 RH-Defect-448 255 0 255   0
2449 RH-Defect-449 255 0 255   0
2450 RH-Defect-450 255 0 255   0
2451 RH-Defect-451 255 0 255   0
2452 RH-Defect-452 255 0 255   0
2453 RH-Defect-453 255 0 255   0
2454 RH-Defect-454 255 0 255   0
2455 RH-Defect-455 255 0 255   0
2456 RH-Defect-456 255 0 255   0
2457 RH-Defect-457 255 0 255   0
2458 RH-Defect-458 255 0 255   0
2459 RH-Defect-459 255 0 255   0
2460 RH-Defect-460 255 0 255   0
2461 RH-Defect-461 255 0 255   0
2462 RH-Defect-462 255 0 255   0
2463 RH-Defect-463 255 0 255   0
2464 RH-Defect-464 255 0 255   0
2465 RH-Defect-465 255 0 255   0
2466 RH-Defect-466 255 0 255   0
2467 RH-Defect-467 255 0 255   0
2468 RH-Defect-468 255 0 255   0
2469 RH-Defect-469 255 0 255   0
2470 RH-Defect-470 255 0 255   0
2471 RH-Defect-471 255 0 255   0
2472 RH-Defect-472 255 0 255   0
2473 RH-Defect-473 255 0 255   0
2474 RH-Defect-474 255 0 255   0
2475 RH-Defect-475 255 0 255   0
2476 RH-Defect-476 255 0 255   0
2477 RH-Defect-477 255 0 255   0
2478 RH-Defect-478 255 0 255   0
2479 RH-Defect-479 255 0 255   0
2480 RH-Defect-480 255 0 255   0
2481 RH-Defect-481 255 0 255   0
2482 RH-Defect-482 255 0 255   0
2483 RH-Defect-483 255 0 255   0
2484 RH-Defect-484 255 0 255   0
2485 RH-Defect-485 255 0 255   0
2486 RH-Defect-486 255 0 255   0
2487 RH-Defect-487 255 0 255   0
2488 RH-Defect-488 255 0 255   0
2489 RH-Defect-489 255 0 255   0
2490 RH-Defect-490 255 0 255   0
2491 RH-Defect-491 255 0 255   0
2492 RH-Defect-492 255 0 255   0
2493 RH-Defect-493 255 0 255   0
2494 RH-Defect-494 255 0 255   0
2495 RH-Defect-495 255 0 255   0
2496 RH-Defect-496 255 0 255   0
2497 RH-Defect-497 255 0 255   0
2498 RH-Defect-498 255 0 255   0
2499 RH-Defect-499 255 0 255   0
2500 RH-Defect-500 255 0 255   0
