#!ascii label  , from subject  vox2ras=TkReg coords=orig
1038
120766  17.282  -14.922  -24.965 0.2500000000
143546  17.079  -15.107  -25.100 0.2500000000
17417  17.041  -15.640  -25.178 0.7500000000
11566  17.016  -12.318  -25.205 0.2500000000
120770  17.025  -12.956  -25.199 0.1250000000
57739  16.622  -12.675  -25.427 0.3750000000
25427  17.057  -13.539  -25.221 0.2500000000
120767  17.298  -14.398  -25.052 0.2500000000
75294  16.898  -14.824  -25.649 0.7500000000
25426  16.940  -14.600  -25.286 0.3750000000
105079  17.246  -15.894  -25.636 0.8750000000
143547  17.051  -15.338  -25.631 0.8750000000
7937  17.525  -16.105  -26.252 0.8750000000
120771  16.666  -13.115  -25.428 0.3750000000
120769  16.774  -13.753  -25.423 0.3750000000
3886  16.718  -13.929  -26.015 0.8750000000
75293  16.808  -14.294  -25.568 0.7500000000
75297  17.620  -14.791  -27.159 1.0000000000
143549  17.132  -14.626  -26.629 1.0000000000
75295  16.751  -14.438  -26.081 0.8750000000
143551  17.645  -15.676  -26.751 1.0000000000
34160  17.085  -15.019  -26.166 0.8750000000
143552  18.195  -15.806  -27.333 1.0000000000
57738  16.669  -12.110  -25.376 0.2500000000
25428  16.462  -12.906  -25.807 0.7500000000
120773  16.387  -13.063  -26.201 0.8750000000
105080  16.690  -13.536  -26.355 0.8750000000
120772  16.685  -13.341  -25.866 0.7500000000
75296  17.711  -14.399  -27.546 1.0000000000
17419  17.233  -14.314  -27.010 1.0000000000
105082  16.883  -13.727  -26.931 1.0000000000
75300  18.665  -15.060  -28.116 1.0000000000
75298  18.032  -14.953  -27.556 1.0000000000
75299  18.499  -15.443  -27.823 1.0000000000
34161  17.850  -15.341  -27.208 1.0000000000
94548  17.135  -11.938  -25.361 0.1250000000
57740  16.468  -12.297  -25.660 0.6250000000
120774  16.460  -12.752  -26.708 1.0000000000
57741  16.378  -12.545  -26.148 0.8750000000
17418  16.664  -13.199  -26.824 1.0000000000
105085  18.469  -14.095  -28.405 1.0000000000
105084  17.914  -14.013  -27.913 1.0000000000
105083  17.364  -13.900  -27.431 1.0000000000
48139  16.980  -13.293  -27.395 1.0000000000
75302  18.945  -14.633  -28.570 1.0000000000
7938  18.285  -14.518  -28.036 1.0000000000
143557  20.422  -15.030  -29.455 1.0000000000
75301  19.527  -15.188  -28.799 1.0000000000
130643  15.688  -9.058  -24.754 0.2500000000
94549  16.824  -11.626  -25.493 0.2500000000
143566  16.323  -11.410  -25.534 0.3750000000
3887  16.403  -11.840  -25.586 0.5000000000
143570  16.017  -11.744  -26.330 1.0000000000
143569  16.138  -11.567  -25.861 0.6250000000
25429  16.227  -12.305  -26.508 1.0000000000
1757  16.645  -12.491  -27.517 1.0000000000
120775  16.346  -12.451  -27.063 1.0000000000
17421  18.775  -13.738  -28.865 1.0000000000
105086  18.111  -13.650  -28.368 1.0000000000
48142  17.097  -12.586  -28.014 1.0000000000
75303  19.005  -13.352  -29.376 1.0000000000
143559  19.992  -14.469  -29.509 1.0000000000
75305  19.707  -13.535  -29.812 1.0000000000
34164  20.234  -14.036  -29.855 1.0000000000
17423  15.185  -9.278  -25.081 0.5000000000
105089  15.544  -9.602  -25.238 0.3750000000
105090  15.692  -10.117  -25.428 0.3750000000
143567  15.788  -10.690  -25.704 0.5000000000
17424  15.462  -10.343  -25.781 0.5000000000
75313  15.712  -11.012  -26.460 0.8750000000
75314  15.949  -11.443  -26.631 1.0000000000
7940  15.574  -10.671  -26.827 1.0000000000
143581  16.767  -12.121  -27.820 1.0000000000
34168  16.129  -11.515  -27.152 1.0000000000
143583  17.925  -12.249  -28.895 1.0000000000
143582  17.271  -12.174  -28.324 1.0000000000
143587  19.703  -12.556  -30.129 1.0000000000
7939  19.167  -12.937  -29.711 1.0000000000
75306  20.684  -13.677  -30.320 0.8750000000
130644  15.541  -8.850  -24.930 0.5000000000
105091  15.169  -9.864  -25.481 0.5000000000
48144  15.019  -9.521  -25.580 0.6250000000
17425  15.110  -9.739  -26.185 0.6250000000
105093  15.298  -10.172  -26.539 1.0000000000
75311  15.292  -10.588  -26.318 0.7500000000
143578  15.918  -10.714  -27.428 1.0000000000
105099  18.230  -10.925  -29.646 1.0000000000
7941  17.552  -10.867  -29.097 1.0000000000
75323  17.211  -11.249  -28.678 1.0000000000
75322  16.657  -11.231  -28.123 1.0000000000
143585  18.728  -11.425  -29.845 1.0000000000
34172  18.278  -11.848  -29.273 1.0000000000
75324  17.637  -11.746  -28.794 1.0000000000
75327  19.559  -11.585  -30.335 0.8750000000
143586  19.009  -11.940  -29.765 1.0000000000
143588  20.545  -12.722  -30.514 0.8750000000
48143  15.132  -9.134  -25.413 0.5000000000
48145  15.194  -9.337  -26.191 0.8750000000
75318  16.076  -9.523  -27.864 1.0000000000
34169  15.776  -9.864  -27.532 1.0000000000
105098  17.985  -10.498  -29.726 1.0000000000
17427  16.706  -9.978  -28.669 1.0000000000
34170  16.332  -10.698  -28.067 1.0000000000
48147  17.532  -9.677  -29.632 1.0000000000
75326  20.042  -11.104  -30.782 1.0000000000
17429  18.971  -10.998  -30.192 1.0000000000
17428  18.267  -10.198  -30.023 1.0000000000
105101  19.692  -10.673  -30.821 1.0000000000
130645  15.323  -8.858  -25.050 0.5000000000
816  15.197  -8.951  -25.630 0.8750000000
120777  15.207  -9.030  -26.238 1.0000000000
25432  15.762  -8.343  -27.544 1.0000000000
75316  15.803  -9.139  -27.521 1.0000000000
25431  15.382  -9.048  -26.762 1.0000000000
57749  17.631  -8.295  -29.894 1.0000000000
120784  17.049  -8.771  -29.190 1.0000000000
120786  18.800  -8.805  -30.691 1.0000000000
120785  17.772  -8.801  -29.878 1.0000000000
17426  17.340  -9.174  -29.627 1.0000000000
48150  19.626  -9.719  -31.078 1.0000000000
48146  18.146  -9.166  -30.188 1.0000000000
17430  20.244  -10.233  -31.238 0.8750000000
98878  14.842  -4.323  -25.454 1.0000000000
44691  15.385  -5.021  -24.375 0.3750000000
64953  14.869  -5.157  -25.924 0.8750000000
3888  15.283  -7.317  -27.037 1.0000000000
57748  17.201  -7.890  -29.483 1.0000000000
57747  16.537  -7.901  -28.666 1.0000000000
89543  14.976  -3.066  -24.970 0.8750000000
160703  15.076  -3.776  -26.134 1.0000000000
6079  14.949  -4.426  -26.351 1.0000000000
64955  15.143  -5.238  -26.619 1.0000000000
64957  15.335  -4.595  -27.247 1.0000000000
94550  15.628  -6.717  -27.618 1.0000000000
57746  16.908  -7.348  -29.237 1.0000000000
94553  16.736  -6.857  -29.086 1.0000000000
3890  17.681  -7.361  -30.136 1.0000000000
89542  15.283  -2.598  -24.902 0.7500000000
160706  15.357  -4.010  -27.025 1.0000000000
29545  15.854  -4.796  -27.945 1.0000000000
42290  17.110  -5.694  -29.652 1.0000000000
42288  16.483  -5.591  -28.866 1.0000000000
42289  16.627  -6.226  -28.995 1.0000000000
160705  15.524  -3.406  -27.025 1.0000000000
160707  15.781  -4.159  -27.786 1.0000000000
130663  16.361  -4.966  -28.586 1.0000000000
13146  19.044  2.417  -27.678 0.1250000000
97390  19.257  2.765  -27.867 0.1250000000
97393  18.548  2.082  -28.181 0.2500000000
97392  18.889  2.529  -28.313 0.1250000000
97395  18.578  2.093  -28.889 0.3750000000
43866  19.213  2.892  -29.130 0.2500000000
97396  18.776  1.942  -29.733 0.5000000000
43868  19.004  2.402  -29.771 0.2500000000
13149  19.200  2.363  -30.572 0.3750000000
13145  19.562  3.334  -29.213 0.2500000000
43867  19.262  2.885  -29.979 0.2500000000
43865  19.566  3.354  -30.082 0.2500000000
43863  19.878  3.814  -31.099 0.2500000000
43869  19.458  2.868  -30.704 0.2500000000
136649  19.889  3.270  -31.717 0.2500000000
160710  19.767  2.804  -31.459 0.3750000000
602  19.690  3.314  -31.025 0.2500000000
89551  20.106  2.692  -32.321 0.3750000000
31751  20.166  3.301  -32.541 0.2500000000
120765  17.827  -14.748  -24.874 0.1250000000
120768  17.014  -14.079  -25.272 0.2500000000
57737  17.454  -13.316  -25.162 0.1250000000
143555  19.849  -15.736  -28.732 1.0000000000
143573  15.307  -9.401  -26.642 0.8750000000
105094  16.711  -9.216  -28.871 1.0000000000
48133  18.222  -15.427  -24.612 0.1250000000
105078  17.333  -16.242  -25.225 0.6250000000
75289  17.659  -16.937  -25.598 0.7500000000
94546  17.537  -12.816  -25.255 0.1250000000
34158  18.040  -17.089  -26.166 1.0000000000
25425  17.822  -14.163  -25.037 0.1250000000
34159  18.506  -16.314  -27.286 1.0000000000
143554  19.509  -16.134  -28.274 1.0000000000
28409  20.602  -16.026  -29.064 1.0000000000
143565  16.789  -11.170  -25.569 0.3750000000
6076  16.055  -9.854  -25.228 0.2500000000
75310  16.207  -10.424  -25.417 0.2500000000
143561  21.242  -14.271  -30.231 0.8750000000
75329  20.974  -12.291  -30.758 0.8750000000
34165  21.050  -13.286  -30.574 0.8750000000
7942  21.163  -11.247  -31.246 0.8750000000
44690  16.021  -5.088  -24.164 0.1250000000
13970  15.827  -5.548  -24.298 0.1250000000
130653  15.309  -8.358  -24.810 0.3750000000
130655  14.925  -8.188  -25.326 0.6250000000
1758  19.202  -9.222  -30.788 1.0000000000
105102  20.635  -10.811  -31.221 0.8750000000
13972  15.014  -4.284  -24.611 0.5000000000
160702  14.993  -3.660  -25.130 0.8750000000
98876  14.876  -5.526  -24.384 0.3750000000
130658  14.621  -6.320  -25.288 0.8750000000
57750  18.000  -7.874  -30.377 1.0000000000
57752  18.599  -7.419  -30.987 1.0000000000
94555  18.392  -6.916  -31.029 1.0000000000
39915  15.169  -3.224  -26.112 1.0000000000
11570  17.012  -6.292  -29.595 1.0000000000
9892  15.490  -2.523  -25.786 0.8750000000
22168  16.283  -2.590  -27.558 1.0000000000
89548  16.377  -3.766  -28.439 1.0000000000
337  16.893  -5.102  -29.250 1.0000000000
62477  19.492  2.624  -27.238 0.1250000000
62480  18.482  1.724  -26.513 0.1250000000
127417  17.445  0.865  -27.474 0.6250000000
13148  18.261  1.625  -28.721 0.6250000000
5469  18.781  1.270  -30.256 0.5000000000
97391  19.218  2.841  -28.434 0.2500000000
160712  19.397  1.689  -31.148 0.5000000000
97388  19.841  3.656  -29.329 0.2500000000
43864  19.829  3.785  -30.229 0.2500000000
160711  19.587  2.261  -31.434 0.5000000000
39918  19.963  2.238  -32.145 0.5000000000
13143  20.127  4.304  -31.036 0.1250000000
136648  20.015  3.811  -31.967 0.2500000000
136651  20.528  3.813  -33.691 0.2500000000
89552  20.565  2.688  -33.227 0.3750000000
136652  21.010  3.811  -34.550 0.2500000000
136647  20.219  4.352  -32.064 0.1250000000
1755  17.663  -15.181  -24.779 0.1250000000
48137  17.324  -15.387  -24.925 0.3750000000
48136  17.406  -16.062  -24.768 0.5000000000
57736  17.299  -13.912  -25.036 0.1250000000
75288  17.483  -16.401  -25.833 0.7500000000
143548  17.240  -15.522  -26.122 0.8750000000
75290  17.846  -16.545  -26.395 1.0000000000
75292  17.891  -16.189  -26.835 1.0000000000
105081  16.860  -14.132  -26.480 1.0000000000
143550  17.392  -15.191  -26.729 1.0000000000
143553  18.763  -15.939  -27.789 1.0000000000
34162  19.146  -15.510  -28.336 1.0000000000
57742  16.274  -12.132  -26.017 0.8750000000
48138  16.713  -12.913  -27.238 1.0000000000
143558  19.128  -14.274  -28.940 1.0000000000
17420  17.460  -13.541  -27.927 1.0000000000
48140  17.055  -12.999  -27.770 1.0000000000
34163  19.583  -14.846  -28.967 1.0000000000
143556  20.248  -15.362  -29.173 1.0000000000
34166  16.313  -10.916  -25.619 0.3750000000
143568  16.010  -11.112  -25.813 0.5000000000
34167  15.876  -11.312  -26.105 0.8750000000
143571  16.122  -11.916  -26.769 1.0000000000
143572  16.381  -12.040  -27.270 1.0000000000
75304  19.451  -13.870  -29.437 1.0000000000
105087  18.182  -13.188  -28.785 1.0000000000
48141  17.477  -13.092  -28.226 1.0000000000
17422  17.662  -12.682  -28.515 1.0000000000
105088  18.372  -12.801  -29.100 1.0000000000
75307  19.982  -13.087  -30.193 1.0000000000
75312  15.662  -10.836  -26.025 0.6250000000
105092  15.163  -10.039  -25.983 0.6250000000
75315  15.914  -11.133  -27.093 1.0000000000
143575  15.479  -10.277  -27.081 1.0000000000
34171  17.058  -11.688  -28.245 1.0000000000
143580  16.535  -11.637  -27.684 1.0000000000
143579  16.231  -11.191  -27.599 1.0000000000
143584  18.667  -12.322  -29.442 1.0000000000
34173  19.928  -12.069  -30.358 0.8750000000
143562  21.582  -13.807  -30.532 0.8750000000
143574  15.493  -9.866  -26.976 1.0000000000
143577  15.966  -10.323  -27.729 1.0000000000
105100  18.802  -10.550  -30.284 1.0000000000
75325  17.923  -11.328  -29.298 1.0000000000
75321  16.895  -10.833  -28.559 1.0000000000
75319  17.208  -10.466  -29.007 1.0000000000
75328  20.576  -11.680  -30.765 0.8750000000
3889  16.239  -9.200  -28.208 1.0000000000
75317  15.613  -9.466  -27.199 1.0000000000
105095  16.540  -9.594  -28.516 1.0000000000
143576  16.154  -9.898  -28.075 1.0000000000
105097  17.448  -10.102  -29.334 1.0000000000
75320  16.537  -10.396  -28.351 1.0000000000
105096  16.997  -9.635  -29.091 1.0000000000
48148  18.573  -9.660  -30.480 1.0000000000
48149  19.262  -10.189  -30.840 1.0000000000
130654  15.031  -8.516  -25.099 0.6250000000
120776  14.940  -8.593  -25.508 0.7500000000
120778  15.190  -8.689  -26.403 1.0000000000
120779  15.583  -8.761  -27.259 1.0000000000
57744  15.318  -8.351  -26.878 1.0000000000
120780  16.021  -8.786  -27.964 1.0000000000
57745  15.487  -7.813  -27.228 1.0000000000
120781  16.028  -7.885  -28.015 1.0000000000
120782  16.324  -8.329  -28.290 1.0000000000
25434  18.468  -8.345  -30.565 1.0000000000
25433  16.920  -8.320  -29.059 1.0000000000
120783  16.480  -8.755  -28.577 1.0000000000
98877  14.996  -5.042  -24.994 0.7500000000
64954  14.827  -5.805  -25.897 1.0000000000
13971  14.740  -5.682  -25.149 0.7500000000
57743  15.096  -7.807  -26.385 1.0000000000
94551  15.845  -7.347  -27.775 1.0000000000
130657  14.893  -7.243  -26.307 1.0000000000
130660  15.161  -6.626  -26.858 1.0000000000
11569  16.367  -7.362  -28.493 1.0000000000
89544  15.355  -2.712  -25.769 0.8750000000
29544  15.080  -5.922  -26.653 1.0000000000
64956  15.507  -5.355  -27.379 1.0000000000
11568  16.104  -6.147  -28.289 1.0000000000
94552  16.176  -6.789  -28.341 1.0000000000
130661  15.521  -6.065  -27.492 1.0000000000
94554  17.485  -6.899  -30.014 1.0000000000
39916  15.950  -3.594  -27.766 1.0000000000
130662  15.946  -5.485  -28.143 1.0000000000
160708  16.320  -4.324  -28.487 1.0000000000
89546  16.119  -3.090  -27.656 1.0000000000
160704  15.672  -2.889  -26.768 1.0000000000
127406  19.236  2.320  -27.014 0.1250000000
62478  18.644  2.067  -27.430 0.1250000000
62479  18.863  1.985  -26.812 0.1250000000
97389  19.594  3.165  -28.497 0.2500000000
13147  18.923  2.485  -29.060 0.2500000000
5467  18.225  1.791  -27.193 0.3750000000
97394  18.162  1.748  -27.977 0.5000000000
97397  19.044  1.800  -30.464 0.5000000000
62485  18.471  1.449  -29.493 0.7500000000
136650  20.204  3.819  -32.811 0.2500000000
89550  20.550  3.345  -33.370 0.2500000000
48135  17.657  -15.748  -24.653 0.2500000000
17413  18.906  -15.883  -24.557 0.1250000000
48134  18.183  -16.079  -24.439 0.1250000000
105077  17.582  -16.493  -24.783 0.6250000000
17416  17.496  -16.653  -25.243 0.7500000000
75291  18.336  -16.706  -26.873 1.0000000000
98874  15.569  -6.137  -24.353 0.5000000000
29542  15.029  -7.988  -24.722 0.6250000000
25430  15.042  -8.324  -26.054 0.8750000000
64951  14.714  -7.545  -24.668 0.7500000000
130656  14.833  -7.817  -25.502 0.8750000000
98875  14.943  -6.222  -24.665 0.7500000000
64952  14.858  -6.858  -24.815 0.8750000000
29543  14.747  -7.058  -25.541 1.0000000000
130659  14.800  -6.511  -26.116 1.0000000000
113630  15.803  -2.494  -26.643 1.0000000000
89545  16.761  -2.698  -28.409 1.0000000000
39917  16.983  -3.947  -29.209 1.0000000000
62482  18.089  1.487  -26.154 0.3750000000
28276  17.619  0.684  -28.260 0.7500000000
62486  17.956  1.216  -28.496 0.7500000000
127416  17.821  1.348  -27.563 0.5000000000
62487  18.252  0.934  -29.354 0.7500000000
7025  20.948  3.311  -34.086 0.2500000000
113635  21.048  2.711  -33.872 0.3750000000
93468  19.729  -20.295  -25.294 0.7500000000
55942  21.419  -20.584  -26.291 0.7500000000
41686  19.010  -20.067  -24.881 0.7500000000
41687  18.617  -19.569  -24.895 0.7500000000
161499  20.928  -19.980  -26.367 0.7500000000
93469  20.020  -19.992  -25.634 0.7500000000
161495  19.351  -19.435  -25.587 0.7500000000
161494  18.699  -19.228  -25.201 0.7500000000
40181  21.177  -19.641  -26.732 0.7500000000
161498  20.378  -19.368  -26.430 0.7500000000
40180  19.609  -19.091  -26.092 0.7500000000
34157  17.930  -17.788  -25.272 0.7500000000
143540  17.671  -17.235  -25.053 0.6250000000
90205  19.243  -18.579  -26.237 0.7500000000
7936  18.835  -18.109  -26.256 0.8750000000
143539  18.333  -17.918  -25.904 0.8750000000
90208  21.488  -19.291  -27.176 0.7500000000
90207  20.690  -19.048  -26.953 0.7500000000
22389  20.140  -18.505  -27.037 0.7500000000
114026  19.144  -17.727  -26.838 0.8750000000
143543  18.645  -17.256  -26.753 0.8750000000
114030  21.368  -18.459  -27.880 0.7500000000
114029  20.488  -18.161  -27.563 0.7500000000
53109  20.115  -17.574  -27.700 0.8750000000
143544  18.870  -16.845  -27.296 0.8750000000
161503  21.269  -17.543  -28.487 0.7500000000
53110  20.523  -17.232  -28.208 0.8750000000
1756  20.061  -16.689  -28.272 0.8750000000
127730  22.093  -16.903  -29.308 0.8750000000
127729  21.034  -16.524  -28.986 0.8750000000
62709  21.612  -16.274  -29.438 0.8750000000
62708  21.072  -15.597  -29.515 0.8750000000
62711  24.478  -15.882  -29.860 0.3750000000
13224  23.311  -15.730  -29.989 0.6250000000
97530  22.404  -15.517  -29.955 0.7500000000
5543  21.439  -15.285  -29.868 0.7500000000
97533  24.902  -15.559  -29.874 0.5000000000
97532  24.039  -15.416  -30.094 0.5000000000
43944  23.286  -14.739  -30.364 0.7500000000
13223  22.167  -14.492  -30.406 0.7500000000
90227  25.930  -14.678  -30.133 0.1250000000
161521  24.712  -14.559  -30.356 0.3750000000
43945  23.726  -14.367  -30.537 0.6250000000
43943  22.706  -14.117  -30.585 0.6250000000
143563  22.200  -13.485  -30.775 0.6250000000
7071  27.469  -14.520  -30.280 0.1250000000
90226  26.679  -14.374  -30.230 0.1250000000
136936  24.967  -13.523  -30.666 0.1250000000
69909  25.771  -13.061  -30.576 0.1250000000
143591  23.306  -12.698  -31.067 0.6250000000
75331  22.870  -12.054  -31.240 0.6250000000
75330  21.625  -11.807  -31.154 0.7500000000
31858  26.700  -13.286  -30.589 0.1250000000
101850  27.003  -12.292  -30.564 0.1250000000
143593  24.569  -11.843  -31.186 0.1250000000
34175  23.440  -11.618  -31.356 0.5000000000
75332  22.502  -11.486  -31.547 0.6250000000
105103  21.826  -10.939  -31.543 0.7500000000
136940  27.843  -13.546  -30.555 0.1250000000
143595  24.244  -11.213  -31.545 0.5000000000
75334  23.850  -10.688  -31.758 0.5000000000
17431  22.623  -10.478  -31.802 0.6250000000
105104  21.327  -10.325  -31.556 0.7500000000
89540  15.526  -2.491  -25.011 0.6250000000
160695  15.972  -1.484  -24.979 0.5000000000
89538  15.737  -1.940  -25.618 0.7500000000
105106  22.764  -9.590  -32.199 0.6250000000
143600  21.118  -8.939  -31.866 0.6250000000
120787  19.867  -8.872  -31.318 0.8750000000
143602  23.612  -9.192  -32.361 0.5000000000
143601  22.381  -9.025  -32.258 0.6250000000
75339  21.976  -8.580  -32.349 0.6250000000
25435  20.685  -8.501  -31.880 0.7500000000
22166  15.942  -1.501  -25.716 0.7500000000
120788  19.444  -8.427  -31.153 0.8750000000
94556  17.760  -6.340  -30.447 0.8750000000
42291  17.801  -5.792  -30.485 0.8750000000
120789  20.293  -8.073  -32.001 0.7500000000
120791  19.434  -6.941  -31.801 0.8750000000
11571  18.914  -6.391  -31.380 0.8750000000
94557  18.511  -5.883  -31.301 0.8750000000
11572  18.426  -5.287  -31.066 0.8750000000
143604  24.487  -8.797  -32.618 0.3750000000
34178  23.235  -8.685  -32.526 0.5000000000
75340  22.635  -8.219  -32.551 0.5000000000
120790  21.005  -7.634  -32.392 0.6250000000
75342  25.102  -8.420  -32.510 0.2500000000
143603  23.857  -8.313  -32.502 0.3750000000
3891  22.334  -7.693  -32.459 0.5000000000
113626  16.340  -0.868  -25.887 0.6250000000
113627  16.572  -0.901  -26.900 0.7500000000
113629  16.069  -1.983  -26.576 0.8750000000
113628  16.183  -1.508  -26.653 0.7500000000
113631  16.497  -2.086  -27.548 0.8750000000
160709  16.983  -4.619  -29.208 0.8750000000
160735  17.713  -4.133  -30.063 0.7500000000
160737  18.627  -4.771  -31.049 0.8750000000
120792  20.561  -7.037  -32.170 0.6250000000
57754  20.307  -6.466  -32.221 0.7500000000
105108  23.651  -7.739  -32.536 0.3750000000
105107  23.409  -7.268  -32.406 0.5000000000
3892  20.628  -5.452  -32.510 0.7500000000
17434  24.981  -7.751  -32.586 0.2500000000
5468  16.659  -0.271  -26.436 0.6250000000
22167  16.593  -1.559  -27.562 0.8750000000
113632  16.927  -2.246  -28.385 0.8750000000
9893  17.121  -2.748  -29.085 0.8750000000
22169  17.524  -1.730  -29.251 0.7500000000
160734  17.707  -3.479  -30.017 0.8750000000
89573  19.634  -4.438  -31.775 0.7500000000
57755  21.144  -6.033  -32.283 0.5000000000
48153  25.017  -6.215  -32.682 0.2500000000
120795  23.715  -6.172  -32.580 0.5000000000
120794  22.840  -6.692  -32.447 0.5000000000
105110  25.536  -7.347  -32.544 0.2500000000
127415  17.015  0.342  -26.480 0.5000000000
127418  17.029  0.257  -27.323 0.5000000000
127419  17.355  0.021  -28.055 0.6250000000
52885  17.492  -0.612  -28.741 0.7500000000
52889  17.766  -1.256  -29.422 0.7500000000
2445  17.947  -0.765  -29.581 0.7500000000
160728  18.355  -1.376  -30.266 0.7500000000
39924  18.986  -2.102  -31.015 0.7500000000
160729  18.140  -1.932  -30.191 0.7500000000
160727  18.470  -0.906  -30.351 0.7500000000
160732  18.875  -2.598  -31.113 0.7500000000
89570  19.840  -3.289  -31.700 0.7500000000
89569  19.692  -2.689  -31.728 0.7500000000
160741  22.222  -4.506  -32.751 0.5000000000
160740  22.055  -3.983  -32.557 0.3750000000
89574  20.836  -3.875  -32.344 0.6250000000
120796  24.567  -5.565  -32.727 0.2500000000
160743  23.375  -5.048  -32.728 0.3750000000
39928  23.390  -4.510  -32.839 0.3750000000
62488  17.905  0.434  -29.135 0.6250000000
127420  17.707  -0.131  -28.864 0.7500000000
160718  18.703  -0.466  -30.604 0.7500000000
39923  19.165  -1.085  -31.165 0.7500000000
89567  20.026  -1.789  -32.069 0.7500000000
22176  20.932  -2.286  -32.563 0.6250000000
22178  23.289  -3.289  -32.957 0.3750000000
113647  22.055  -2.781  -32.929 0.3750000000
160745  25.836  -5.121  -32.932 0.1250000000
89579  25.627  -3.891  -33.104 0.1250000000
89577  24.259  -3.875  -32.869 0.2500000000
28277  18.232  0.210  -29.881 0.6250000000
160717  18.758  0.047  -30.739 0.7500000000
160726  19.465  -0.585  -31.471 0.6250000000
89565  20.042  -1.209  -32.028 0.7500000000
113646  21.918  -2.279  -33.077 0.3750000000
113644  20.852  -1.794  -32.642 0.3750000000
160731  19.909  -2.229  -31.839 0.7500000000
113650  24.176  -2.764  -33.403 0.2500000000
113649  23.064  -2.789  -33.233 0.3750000000
89568  20.850  -2.749  -32.378 0.6250000000
39931  26.923  -3.893  -34.616 0.1250000000
160751  26.221  -3.631  -33.962 0.1250000000
160753  26.685  -4.707  -33.495 0.1250000000
62489  18.552  0.693  -30.127 0.6250000000
160716  18.957  0.524  -30.887 0.6250000000
160725  20.140  -0.118  -32.260 0.3750000000
39920  19.400  -0.023  -31.559 0.3750000000
89563  20.899  -0.728  -32.829 0.3750000000
52895  23.816  -1.069  -33.856 0.2500000000
113645  21.840  -1.772  -33.119 0.3750000000
9895  20.903  -1.286  -32.725 0.3750000000
160747  25.862  -2.247  -34.248 0.1250000000
52898  24.092  -2.154  -33.575 0.3750000000
22177  23.005  -2.200  -33.391 0.3750000000
89585  27.210  -4.351  -35.427 0.1250000000
113651  25.091  -2.804  -33.614 0.1250000000
89554  20.495  1.616  -32.724 0.3750000000
160715  19.274  1.109  -31.101 0.3750000000
89556  19.522  0.470  -31.720 0.3750000000
160724  20.841  0.460  -33.090 0.3750000000
89557  20.163  0.448  -32.449 0.3750000000
22174  22.586  0.058  -33.839 0.3750000000
89562  21.745  -0.044  -33.418 0.3750000000
39922  20.983  -0.115  -32.928 0.3750000000
52894  23.751  -0.528  -34.006 0.3750000000
22175  22.798  -1.157  -33.566 0.3750000000
89561  21.774  -0.643  -33.228 0.3750000000
89580  26.160  -1.679  -36.193 0.1250000000
52899  24.961  -1.632  -34.081 0.1250000000
2446  24.700  -1.031  -34.182 0.2500000000
160749  26.685  -3.014  -35.774 0.1250000000
113638  21.761  1.630  -33.968 0.2500000000
39921  22.517  1.189  -34.266 0.2500000000
160721  21.724  1.076  -33.739 0.3750000000
9894  21.086  1.054  -33.201 0.3750000000
113639  24.066  0.666  -35.020 0.1250000000
160722  22.550  0.579  -34.054 0.3750000000
160723  21.632  0.521  -33.642 0.3750000000
22173  24.181  0.029  -34.791 0.1250000000
113641  23.375  0.075  -34.311 0.2500000000
62498  25.538  -0.573  -36.821 0.1250000000
52893  24.465  -0.503  -34.467 0.1250000000
22171  21.047  2.178  -33.583 0.3750000000
89553  21.039  1.593  -33.362 0.3750000000
160720  22.371  1.686  -34.447 0.2500000000
5471  23.875  1.258  -35.370 0.1250000000
89558  23.676  1.832  -35.692 0.1250000000
127429  24.292  1.165  -36.087 0.1250000000
127426  24.006  1.719  -36.468 0.1250000000
28284  25.845  -0.860  -37.468 0.1250000000
62495  24.944  0.690  -37.378 0.1250000000
127424  23.448  2.620  -37.173 0.1250000000
62494  24.706  1.111  -37.817 0.1250000000
28280  24.155  1.928  -37.554 0.1250000000
97403  25.538  0.045  -38.545 0.1250000000
127437  25.783  -0.538  -38.324 0.1250000000
53108  19.681  -17.017  -27.796 0.8750000000
28411  22.492  -16.520  -29.538 0.6250000000
75333  23.263  -10.101  -31.941 0.6250000000
25436  19.661  -7.508  -31.770 0.8750000000
25437  21.556  -6.602  -32.464 0.5000000000
105109  24.402  -7.292  -32.438 0.3750000000
113625  16.815  -0.329  -27.146 0.6250000000
52886  16.887  -1.013  -27.688 0.8750000000
52888  17.020  -1.625  -28.390 0.8750000000
52887  17.265  -1.136  -28.457 0.7500000000
113633  17.473  -2.375  -29.273 0.8750000000
160730  18.093  -2.486  -30.159 0.7500000000
39925  18.725  -3.153  -30.962 0.7500000000
89571  18.640  -3.693  -30.754 0.7500000000
57757  22.011  -5.564  -32.635 0.5000000000
160742  22.060  -5.065  -32.661 0.5000000000
160739  20.801  -5.013  -32.385 0.7500000000
25438  23.308  -5.588  -32.697 0.5000000000
127434  25.571  -0.866  -35.917 0.1250000000
89560  23.278  1.309  -34.753 0.2500000000
127428  24.361  1.472  -37.165 0.1250000000
5472  25.276  0.287  -38.078 0.1250000000
136934  23.949  -13.335  -30.883 0.5000000000
143590  22.569  -13.064  -30.964 0.6250000000
143589  21.456  -12.843  -30.809 0.7500000000
75335  24.534  -10.193  -31.810 0.3750000000
7943  24.012  -9.800  -32.171 0.3750000000
34179  25.709  -8.909  -32.314 0.2500000000
94558  19.437  -5.357  -31.874 0.7500000000
127431  24.830  -0.099  -35.533 0.1250000000
75343  26.215  -8.508  -32.436 0.1250000000
118250  20.388  -21.388  -25.089 0.7500000000
93466  19.707  -21.137  -24.780 0.7500000000
10965  18.851  -20.327  -24.355 0.7500000000
41685  18.556  -19.834  -24.363 0.7500000000
24348  21.612  -21.386  -25.847 0.7500000000
55938  20.329  -20.573  -25.642 0.7500000000
24349  22.157  -20.813  -26.492 0.7500000000
75286  17.932  -18.127  -24.585 0.6250000000
34156  18.513  -18.682  -25.289 0.7500000000
90209  22.125  -19.885  -27.002 0.6250000000
9982  21.803  -18.963  -27.582 0.7500000000
161505  22.284  -18.685  -28.002 0.6250000000
90212  22.208  -17.832  -28.734 0.6250000000
127731  22.944  -17.099  -29.265 0.5000000000
28412  24.441  -16.884  -29.407 0.3750000000
127733  23.469  -16.676  -29.528 0.5000000000
5545  25.425  -16.151  -29.675 0.1250000000
40189  26.467  -15.301  -29.808 0.1250000000
90228  26.978  -14.883  -30.043 0.1250000000
114040  28.163  -14.791  -30.243 0.1250000000
31859  28.444  -13.820  -30.681 0.1250000000
69912  28.158  -13.170  -30.723 0.1250000000
15624  27.992  -12.564  -30.551 0.1250000000
89539  15.656  -2.009  -24.864 0.3750000000
101851  27.458  -11.769  -30.735 0.1250000000
101849  26.495  -11.571  -30.773 0.1250000000
75336  25.672  -10.371  -31.513 0.1250000000
75337  25.254  -9.909  -31.920 0.2500000000
143605  24.814  -9.356  -32.331 0.2500000000
89535  16.753  -0.309  -25.646 0.5000000000
105111  27.022  -7.446  -32.860 0.1250000000
75341  26.014  -7.801  -32.601 0.2500000000
48156  27.303  -6.524  -33.128 0.1250000000
160754  26.766  -5.339  -33.328 0.1250000000
39932  27.153  -5.072  -34.258 0.1250000000
28275  17.354  0.925  -26.820 0.3750000000
89587  27.290  -4.931  -35.185 0.1250000000
89583  27.138  -4.103  -36.189 0.1250000000
9898  27.389  -4.791  -36.070 0.1250000000
5473  26.351  -2.124  -36.813 0.1250000000
127440  26.416  -2.069  -38.151 0.1250000000
62471  19.960  3.463  -28.601 0.1250000000
52891  22.108  2.780  -35.092 0.2500000000
52892  22.573  2.851  -35.708 0.1250000000
1343  22.812  3.253  -36.791 0.1250000000
127427  24.450  1.694  -38.148 0.1250000000
62491  23.803  2.401  -37.908 0.1250000000
62493  25.098  0.858  -38.401 0.1250000000
62501  25.978  -0.810  -38.771 0.1250000000
97402  25.405  0.605  -38.888 0.1250000000
143560  20.921  -14.694  -30.032 0.7500000000
48152  20.495  -9.326  -31.501 0.7500000000
48151  20.820  -9.802  -31.525 0.7500000000
39914  15.495  -3.003  -24.167 0.3750000000
42292  17.568  -5.229  -30.135 0.8750000000
127727  20.313  -16.331  -28.704 0.8750000000
143541  17.964  -17.438  -25.754 0.7500000000
143542  18.537  -17.610  -26.308 0.8750000000
143545  19.172  -16.480  -27.761 0.8750000000
97529  21.721  -14.851  -30.162 0.7500000000
34174  22.079  -12.524  -30.930 0.6250000000
57751  19.027  -7.970  -31.288 0.8750000000
89547  16.596  -3.226  -28.431 0.8750000000
89549  17.115  -3.359  -29.205 0.8750000000
160736  17.738  -4.704  -30.156 0.8750000000
160714  19.900  1.593  -31.943 0.3750000000
160713  20.444  2.181  -32.896 0.3750000000
113634  21.492  3.342  -34.852 0.1250000000
113636  21.529  2.749  -34.441 0.2500000000
10967  19.205  -19.815  -25.265 0.7500000000
93467  19.493  -20.619  -24.855 0.7500000000
10966  20.027  -20.869  -25.194 0.7500000000
3287  20.668  -20.287  -25.988 0.7500000000
55940  21.020  -20.868  -25.863 0.7500000000
55941  21.905  -21.096  -26.178 0.7500000000
161500  21.785  -20.186  -26.664 0.7500000000
152  18.300  -19.334  -24.311 0.7500000000
143536  18.346  -18.981  -24.762 0.7500000000
161496  20.135  -19.681  -26.006 0.7500000000
90204  19.105  -18.899  -25.820 0.7500000000
161497  19.946  -18.812  -26.614 0.7500000000
143538  18.222  -18.239  -25.245 0.7500000000
75287  17.697  -17.546  -24.705 0.6250000000
90203  18.665  -18.363  -25.786 0.7500000000
114027  19.490  -18.252  -26.723 0.8750000000
90206  20.974  -18.766  -27.376 0.7500000000
114028  19.758  -17.915  -27.228 0.8750000000
22388  19.344  -17.397  -27.264 0.8750000000
22390  20.811  -17.817  -28.004 0.7500000000
161504  21.797  -18.129  -28.294 0.7500000000
28410  21.713  -17.189  -28.899 0.7500000000
127728  20.894  -16.901  -28.672 0.8750000000
90211  22.530  -17.467  -28.999 0.6250000000
62710  21.999  -15.913  -29.751 0.7500000000
62713  24.904  -16.517  -29.462 0.2500000000
62712  24.017  -16.334  -29.640 0.5000000000
127732  23.058  -16.149  -29.801 0.6250000000
97531  22.904  -15.110  -30.213 0.7500000000
13225  24.383  -14.936  -30.208 0.5000000000
161522  25.401  -15.092  -30.025 0.2500000000
161523  26.077  -15.757  -29.646 0.1250000000
31857  25.459  -14.173  -30.437 0.2500000000
136935  24.347  -14.001  -30.679 0.3750000000
336  23.317  -13.707  -30.826 0.6250000000
136938  27.087  -13.923  -30.391 0.1250000000
136941  27.940  -14.207  -30.402 0.1250000000
136937  26.005  -13.687  -30.501 0.1250000000
31856  24.585  -12.868  -30.942 0.5000000000
69908  25.211  -12.474  -30.872 0.1250000000
69910  26.232  -12.683  -30.628 0.1250000000
143592  24.396  -12.270  -31.067 0.5000000000
136939  27.388  -12.874  -30.516 0.1250000000
7070  25.893  -12.081  -30.821 0.1250000000
143596  25.367  -11.383  -31.124 0.1250000000
143594  22.961  -11.061  -31.632 0.6250000000
34176  25.018  -10.845  -31.516 0.1250000000
105105  22.007  -9.985  -31.859 0.6250000000
17432  21.587  -9.463  -31.970 0.6250000000
75338  21.548  -8.157  -32.452 0.6250000000
57753  19.783  -5.958  -31.925 0.7500000000
160738  19.640  -4.861  -31.806 0.7500000000
120793  21.860  -7.158  -32.374 0.5000000000
22165  17.120  -0.451  -27.879 0.6250000000
39926  18.552  -4.322  -31.020 0.7500000000
17433  24.093  -6.726  -32.383 0.3750000000
160733  17.803  -2.964  -30.098 0.7500000000
39927  20.877  -4.495  -32.348 0.6250000000
89572  19.710  -3.819  -31.581 0.7500000000
57756  22.551  -6.109  -32.474 0.5000000000
1759  25.757  -5.653  -32.766 0.1250000000
48155  26.229  -6.308  -32.836 0.1250000000
48154  25.320  -6.682  -32.455 0.2500000000
17435  26.553  -6.847  -32.800 0.1250000000
127421  18.116  -0.262  -29.688 0.7500000000
89566  19.095  -1.569  -31.128 0.7500000000
9896  20.926  -3.279  -32.331 0.6250000000
89576  23.096  -3.942  -32.705 0.3750000000
113648  22.138  -3.293  -32.731 0.3750000000
160744  24.702  -5.042  -32.733 0.1250000000
89578  24.659  -4.481  -32.909 0.3750000000
89564  20.158  -0.661  -32.183 0.3750000000
89575  24.242  -3.296  -33.164 0.3750000000
39929  25.817  -4.517  -33.091 0.1250000000
9897  25.299  -3.429  -33.478 0.1250000000
160752  26.454  -4.140  -33.729 0.1250000000
52896  22.972  -1.716  -33.497 0.3750000000
113643  21.859  -1.299  -33.271 0.3750000000
22179  25.061  -2.097  -33.643 0.2500000000
160750  26.673  -3.244  -34.693 0.1250000000
89584  27.056  -3.671  -35.522 0.1250000000
89586  26.989  -4.506  -34.452 0.1250000000
160748  25.970  -2.925  -33.926 0.1250000000
39919  19.742  1.041  -31.806 0.3750000000
52897  23.960  -1.608  -33.741 0.2500000000
39930  26.409  -2.543  -34.945 0.1250000000
89581  26.138  -1.899  -35.240 0.1250000000
160746  25.720  -1.726  -34.550 0.1250000000
89555  20.321  1.080  -32.527 0.3750000000
113640  23.449  0.627  -34.509 0.3750000000
113642  22.741  -0.586  -33.614 0.3750000000
89582  26.421  -2.424  -35.958 0.1250000000
28283  25.808  -1.399  -35.575 0.1250000000
127435  25.718  -1.152  -36.557 0.1250000000
127436  26.085  -1.423  -37.081 0.1250000000
127433  25.374  -1.169  -34.901 0.1250000000
127432  25.142  -0.611  -35.133 0.1250000000
22181  26.825  -3.511  -36.372 0.1250000000
113653  26.648  -2.820  -36.611 0.1250000000
22172  22.290  2.283  -34.816 0.2500000000
113637  21.629  2.189  -34.162 0.2500000000
89559  23.084  1.783  -35.058 0.2500000000
127430  24.563  0.512  -35.813 0.1250000000
62497  25.242  0.082  -37.129 0.1250000000
28282  25.211  -0.326  -36.160 0.1250000000
62499  25.574  -0.166  -37.726 0.1250000000
160719  22.919  2.384  -35.318 0.1250000000
28279  23.341  2.337  -36.036 0.1250000000
127425  23.751  2.157  -36.780 0.1250000000
28281  24.618  0.974  -36.832 0.1250000000
127438  26.098  -1.095  -37.970 0.1250000000
62496  24.863  0.320  -36.444 0.1250000000
127422  23.264  3.116  -37.551 0.1250000000
127423  23.026  2.808  -36.428 0.1250000000
55937  20.084  -21.612  -24.707 0.7500000000
55939  20.687  -21.153  -25.455 0.7500000000
118251  21.219  -21.639  -25.483 0.7500000000
93465  19.188  -20.888  -24.387 0.7500000000
3285  19.434  -21.371  -24.328 0.7500000000
34155  17.998  -18.327  -24.086 0.5000000000
143537  18.210  -18.560  -24.750 0.6250000000
40183  22.717  -18.338  -28.412 0.6250000000
5544  23.521  -17.690  -29.053 0.5000000000
15623  27.315  -11.146  -30.993 0.1250000000
46344  28.150  -11.393  -31.085 0.1250000000
143597  26.159  -11.007  -31.174 0.1250000000
48157  26.798  -5.886  -33.194 0.1250000000
113652  26.548  -2.452  -37.449 0.1250000000
127439  26.377  -1.702  -37.565 0.1250000000
55931  19.020  -21.069  -23.804 0.7500000000
41683  18.400  -19.575  -23.690 0.5000000000
118248  21.271  -22.324  -24.900 0.6250000000
118249  21.657  -22.092  -25.330 0.6250000000
15618  23.266  -21.897  -26.180 0.3750000000
118253  22.493  -21.624  -26.112 0.6250000000
1367  24.110  -21.226  -26.832 0.2500000000
118255  23.194  -21.035  -26.763 0.3750000000
127734  23.915  -17.335  -29.259 0.3750000000
89537  16.509  -0.853  -25.246 0.3750000000
127414  17.130  0.360  -25.862 0.2500000000
62484  17.881  1.461  -26.745 0.2500000000
24347  20.967  -21.907  -25.123 0.6250000000
40182  22.851  -20.143  -27.139 0.5000000000
161508  22.686  -19.251  -27.641 0.5000000000
161507  23.160  -18.949  -28.025 0.3750000000
101842  23.773  -22.415  -25.899 0.5000000000
101840  22.790  -22.150  -25.808 0.6250000000
90213  23.072  -17.998  -28.725 0.5000000000
118246  21.500  -23.094  -24.399 0.6250000000
10963  18.593  -19.778  -23.194 0.3750000000
10964  18.876  -20.792  -23.237 0.3750000000
118247  21.001  -22.595  -24.544 0.6250000000
55936  20.575  -22.088  -24.677 0.6250000000
55933  19.238  -21.588  -23.756 0.6250000000
136919  23.852  -23.244  -25.207 0.3750000000
69895  22.957  -22.997  -25.239 0.5000000000
24346  21.789  -22.883  -24.795 0.6250000000
41682  18.626  -19.300  -23.159 0.2500000000
101843  24.657  -22.687  -25.849 0.3750000000
161511  24.541  -20.892  -27.100 0.2500000000
46340  24.596  -21.797  -26.546 0.2500000000
105076  17.639  -16.969  -24.594 0.3750000000
161510  23.977  -20.330  -27.275 0.2500000000
40184  23.766  -19.413  -27.739 0.3750000000
90215  24.132  -19.163  -28.006 0.2500000000
114032  24.135  -18.197  -28.702 0.2500000000
114031  24.549  -17.892  -28.956 0.2500000000
75308  16.665  -10.214  -25.479 0.1250000000
29539  15.670  -8.559  -24.883 0.2500000000
62714  25.435  -17.092  -29.231 0.2500000000
6078  15.438  -6.762  -24.347 0.3750000000
64949  15.490  -7.803  -24.538 0.2500000000
160701  15.230  -3.642  -24.383 0.2500000000
62483  17.571  0.874  -26.104 0.2500000000
130642  16.123  -9.388  -25.174 0.1250000000
75309  16.736  -10.740  -25.544 0.2500000000
105075  17.831  -16.756  -24.188 0.2500000000
64950  15.103  -7.331  -24.397 0.3750000000
90210  22.419  -19.582  -27.322 0.5000000000
93464  18.822  -20.653  -23.781 0.5000000000
41684  18.565  -20.042  -23.727 0.5000000000
118252  21.995  -21.899  -25.676 0.6250000000
118254  22.812  -21.366  -26.379 0.5000000000
161501  22.493  -20.504  -26.809 0.5000000000
127735  24.900  -17.502  -29.134 0.2500000000
41681  18.303  -19.075  -23.754 0.3750000000
143535  18.151  -18.757  -24.210 0.3750000000
7935  17.736  -17.322  -24.196 0.2500000000
55935  19.775  -21.867  -24.235 0.6250000000
143534  18.294  -18.523  -23.613 0.3750000000
161506  23.772  -18.571  -28.422 0.2500000000
69893  22.105  -22.648  -25.137 0.6250000000
3286  22.540  -22.407  -25.522 0.5000000000
46338  23.751  -21.538  -26.538 0.2500000000
46339  24.230  -22.088  -26.208 0.2500000000
46342  25.085  -21.471  -26.811 0.2500000000
161502  23.548  -20.714  -27.052 0.3750000000
161509  23.362  -19.826  -27.456 0.3750000000
101841  23.380  -22.729  -25.576 0.5000000000
15619  24.274  -22.960  -25.508 0.3750000000
93463  18.710  -20.271  -23.148 0.3750000000
24345  20.230  -22.309  -24.273 0.6250000000
31850  23.327  -23.536  -24.887 0.3750000000
69894  22.595  -23.205  -24.917 0.5000000000
90217  24.323  -20.010  -27.513 0.2500000000
22392  24.502  -18.758  -28.301 0.2500000000
29536  17.360  -10.498  -25.771 0.1250000000
46332  20.179  -23.244  -23.089 0.5000000000
136917  22.981  -23.716  -24.567 0.2500000000
46336  22.268  -24.232  -23.880 0.3750000000
46337  21.933  -23.652  -24.194 0.5000000000
46331  20.468  -23.052  -23.614 0.5000000000
101830  19.892  -23.339  -22.454 0.3750000000
101827  19.388  -22.476  -22.694 0.5000000000
118244  20.022  -22.568  -23.750 0.5000000000
15611  19.722  -22.748  -23.074 0.5000000000
24344  19.181  -21.758  -23.193 0.3750000000
55934  19.601  -22.107  -23.776 0.5000000000
69877  19.775  -23.494  -20.405 0.1250000000
69874  19.750  -23.430  -21.837 0.3750000000
118241  19.070  -21.393  -22.575 0.2500000000
28387  19.813  -24.950  -20.243 0.1250000000
69878  19.722  -23.983  -20.989 0.2500000000
101832  20.390  -24.359  -22.214 0.3750000000
101838  23.033  -24.520  -23.916 0.2500000000
101834  21.499  -24.550  -23.170 0.3750000000
46334  21.071  -24.057  -23.287 0.5000000000
136896  19.838  -23.981  -19.706 0.1250000000
7064  19.926  -23.986  -21.656 0.3750000000
101833  20.642  -24.156  -22.794 0.3750000000
136892  19.973  -22.531  -20.669 0.1250000000
69871  19.601  -21.632  -21.553 0.1250000000
143606  26.168  -9.442  -31.991 0.1250000000
55932  18.980  -21.285  -23.203 0.3750000000
136916  22.259  -23.443  -24.537 0.3750000000
118245  20.742  -22.850  -24.105 0.5000000000
1365  21.192  -23.310  -24.016 0.5000000000
118240  19.030  -20.885  -22.688 0.2500000000
93462  18.950  -20.484  -22.734 0.2500000000
136918  23.860  -24.000  -24.497 0.2500000000
15613  20.427  -23.744  -22.883 0.5000000000
46333  20.811  -23.530  -23.521 0.5000000000
101829  19.642  -22.887  -22.477 0.5000000000
15617  22.582  -23.927  -24.243 0.3750000000
46335  21.587  -23.841  -23.806 0.3750000000
15615  21.845  -24.388  -23.527 0.3750000000
101831  20.173  -23.923  -22.265 0.3750000000
15612  19.554  -22.952  -21.868 0.2500000000
101828  19.367  -22.558  -21.951 0.1250000000
3284  19.294  -22.015  -21.971 0.1250000000
118242  19.151  -21.899  -22.647 0.1250000000
118243  19.476  -22.288  -23.243 0.5000000000
31842  19.732  -23.972  -20.377 0.1250000000
136895  20.024  -23.517  -19.832 0.1250000000
69876  19.721  -23.527  -21.155 0.2500000000
31841  19.921  -22.971  -20.573 0.1250000000
136894  20.174  -23.058  -19.991 0.1250000000
69875  19.615  -22.895  -21.265 0.1250000000
118239  19.287  -21.530  -21.983 0.1250000000
127675  19.753  -24.445  -19.504 0.1250000000
136897  19.741  -24.441  -20.262 0.1250000000
69880  20.173  -24.451  -21.633 0.3750000000
101835  22.351  -24.996  -23.233 0.2500000000
136891  19.620  -22.548  -21.302 0.1250000000
69873  19.605  -22.090  -21.471 0.1250000000
31843  20.324  -25.005  -21.534 0.2500000000
69882  21.367  -25.339  -22.416 0.2500000000
75284  18.098  -18.085  -23.591 0.2500000000
101837  22.624  -24.763  -23.575 0.2500000000
136898  20.000  -25.009  -20.877 0.1250000000
69879  19.979  -24.535  -21.027 0.1250000000
15614  21.126  -24.796  -22.666 0.2500000000
136900  20.741  -24.971  -22.137 0.2500000000
136901  20.968  -25.520  -21.952 0.1250000000
34154  18.488  -17.791  -23.401 0.1250000000
39913  15.810  -2.453  -24.531 0.1250000000
89541  15.607  -2.571  -24.346 0.1250000000
160696  16.155  -2.000  -24.547 0.1250000000
160694  16.726  -1.990  -24.544 0.1250000000
160693  17.000  -1.484  -24.729 0.1250000000
28274  17.173  -0.377  -25.271 0.1250000000
39912  16.500  -1.447  -24.659 0.1250000000
52884  17.731  -1.075  -25.001 0.1250000000
160692  17.253  -0.926  -24.847 0.1250000000
28273  17.887  0.754  -25.639 0.1250000000
160698  16.114  -2.672  -24.356 0.1250000000
127412  17.585  -0.498  -25.096 0.1250000000
127411  17.861  0.100  -25.356 0.1250000000
22158  18.932  0.304  -25.153 0.1250000000
160700  15.806  -3.719  -23.982 0.1250000000
160699  16.113  -3.096  -23.954 0.1250000000
130652  15.767  -8.123  -24.766 0.1250000000
93461  18.948  -19.939  -22.760 0.1250000000
93457  19.094  -18.446  -23.085 0.1250000000
64946  16.116  -6.749  -24.449 0.1250000000
160691  16.517  -3.824  -24.228 0.1250000000
89534  16.727  -2.821  -24.643 0.1250000000
9891  16.932  -2.439  -24.778 0.1250000000
52883  18.052  -1.667  -25.247 0.1250000000
52879  19.101  -0.335  -25.369 0.1250000000
113612  19.278  0.709  -25.127 0.1250000000
127409  18.727  1.012  -25.395 0.1250000000
44692  15.665  -4.347  -24.186 0.1250000000
17415  17.787  -16.310  -24.424 0.1250000000
105074  18.184  -16.646  -24.245 0.1250000000
75285  17.830  -17.805  -24.026 0.1250000000
89536  16.835  -0.870  -24.899 0.1250000000
127413  17.426  0.300  -25.523 0.1250000000
10961  18.643  -18.716  -23.214 0.1250000000
93459  19.108  -18.905  -22.893 0.1250000000
64948  15.784  -7.210  -24.456 0.1250000000
75281  18.066  -16.973  -23.954 0.1250000000
75283  18.084  -17.514  -23.700 0.1250000000
143533  18.521  -18.251  -23.294 0.1250000000
143531  19.157  -17.538  -23.505 0.1250000000
143532  18.985  -18.008  -23.275 0.1250000000
160697  16.316  -2.456  -24.522 0.1250000000
113624  17.273  -2.029  -24.834 0.1250000000
2444  17.999  -0.620  -25.127 0.1250000000
52882  18.276  -1.190  -25.256 0.1250000000
127410  18.402  0.507  -25.321 0.1250000000
52878  18.442  -0.133  -25.280 0.1250000000
22162  18.714  -1.714  -25.796 0.1250000000
5466  19.788  0.973  -25.149 0.1250000000
69897  24.723  -23.571  -25.120 0.1250000000
101844  25.557  -22.961  -25.692 0.1250000000
15620  25.049  -22.383  -26.116 0.1250000000
46341  25.481  -22.070  -26.397 0.1250000000
161512  25.507  -21.136  -27.055 0.1250000000
40185  24.995  -20.546  -27.376 0.1250000000
90218  25.305  -20.221  -27.557 0.1250000000
90216  24.762  -19.677  -27.740 0.1250000000
114037  26.894  -19.655  -28.027 0.1250000000
114035  25.973  -19.527  -28.051 0.1250000000
90214  25.082  -19.224  -28.018 0.1250000000
53113  26.904  -18.791  -28.529 0.1250000000
114033  25.052  -18.389  -28.629 0.1250000000
2476  27.217  -18.351  -28.680 0.1250000000
53111  26.313  -18.237  -28.698 0.1250000000
127736  25.900  -17.702  -28.963 0.1250000000
101836  23.119  -25.299  -23.293 0.1250000000
69881  21.877  -25.177  -22.841 0.1250000000
15616  23.503  -25.088  -23.573 0.1250000000
69888  23.982  -24.808  -23.876 0.1250000000
136921  24.761  -24.383  -24.350 0.1250000000
7068  26.063  -23.675  -25.226 0.1250000000
69898  25.579  -23.834  -24.945 0.1250000000
101846  25.994  -22.641  -25.963 0.1250000000
101848  26.799  -22.036  -26.514 0.1250000000
40186  26.794  -20.949  -27.284 0.1250000000
90220  26.220  -20.422  -27.610 0.1250000000
22394  27.388  -20.281  -27.845 0.1250000000
53115  27.565  -18.968  -28.492 0.1250000000
28413  26.273  -17.305  -29.168 0.1250000000
161528  27.345  -17.511  -29.123 0.1250000000
161529  27.627  -18.056  -28.885 0.1250000000
62715  25.932  -16.723  -29.355 0.1250000000
136920  24.294  -23.776  -24.841 0.1250000000
69896  25.163  -23.178  -25.429 0.1250000000
22391  25.517  -18.062  -28.814 0.1250000000
15622  25.942  -21.723  -26.687 0.1250000000
114034  25.450  -18.903  -28.180 0.1250000000
101839  23.383  -24.258  -24.218 0.1250000000
7067  24.251  -24.569  -24.054 0.1250000000
7065  22.549  -25.448  -22.948 0.1250000000
31851  25.309  -24.118  -24.692 0.1250000000
101847  26.381  -22.373  -26.226 0.1250000000
90219  25.899  -20.763  -27.315 0.1250000000
161513  26.385  -21.338  -26.999 0.1250000000
9983  25.665  -19.853  -27.785 0.1250000000
22393  26.296  -19.105  -28.300 0.1250000000
114036  26.628  -20.068  -27.861 0.1250000000
53114  27.252  -19.349  -28.299 0.1250000000
53112  25.814  -18.594  -28.506 0.1250000000
127737  26.702  -17.865  -28.885 0.1250000000
161538  28.223  -18.606  -28.762 0.1250000000
69887  23.515  -25.818  -22.924 0.1250000000
69889  24.267  -25.441  -23.414 0.1250000000
15621  26.793  -23.039  -25.780 0.1250000000
40191  28.032  -17.763  -29.196 0.1250000000
