#!ascii label  , from subject rh.EC_average vox2ras=TkReg coords=white
546
152  18.631  -19.281  -24.263 0.7500000000
336  23.297  -13.708  -30.601 0.6250000000
337  17.204  -5.131  -29.499 1.0000000000
816  15.292  -8.832  -25.682 0.8750000000
1365  21.165  -23.337  -23.812 0.5000000000
1756  20.049  -16.711  -28.148 0.8750000000
1757  16.860  -12.489  -27.525 1.0000000000
1758  19.401  -9.300  -30.827 1.0000000000
2445  18.050  -0.778  -29.564 0.7500000000
3285  19.680  -21.332  -24.215 0.7500000000
3286  22.527  -22.414  -25.377 0.5000000000
3287  20.669  -20.265  -25.938 0.7500000000
3886  16.911  -13.912  -26.039 0.8750000000
3887  16.543  -11.874  -25.800 0.5000000000
3888  15.506  -7.194  -27.088 1.0000000000
3889  16.342  -9.143  -28.207 1.0000000000
3890  17.920  -7.376  -30.168 1.0000000000
3891  22.358  -7.651  -32.281 0.5000000000
3892  21.066  -5.476  -32.151 0.7500000000
5468  16.952  -0.355  -26.461 0.6250000000
5469  18.870  1.331  -30.251 0.5000000000
5543  21.470  -15.270  -29.669 0.7500000000
5544  23.554  -17.635  -28.902 0.5000000000
6079  15.326  -4.582  -26.398 1.0000000000
7936  18.974  -18.090  -26.217 0.8750000000
7937  17.708  -16.023  -26.236 0.8750000000
7938  18.354  -14.535  -28.038 1.0000000000
7939  19.339  -12.954  -29.605 1.0000000000
7940  15.785  -10.608  -26.823 1.0000000000
7941  17.645  -10.905  -29.105 1.0000000000
7942  21.265  -11.330  -31.018 0.8750000000
9892  15.883  -2.399  -25.958 0.8750000000
9893  17.414  -2.850  -29.285 0.8750000000
9896  20.895  -3.278  -32.174 0.6250000000
9982  21.938  -18.989  -27.523 0.7500000000
10965  19.103  -20.314  -24.268 0.7500000000
10966  20.120  -20.840  -25.127 0.7500000000
10967  19.352  -19.769  -25.202 0.7500000000
11568  16.160  -6.133  -28.240 1.0000000000
11569  16.491  -7.303  -28.607 1.0000000000
11570  17.420  -6.291  -29.793 1.0000000000
11571  19.235  -6.424  -31.279 0.8750000000
11572  18.860  -5.330  -31.029 0.8750000000
13148  18.383  1.575  -28.697 0.6250000000
13223  22.296  -14.500  -30.215 0.7500000000
13224  23.416  -15.714  -29.838 0.6250000000
13225  24.375  -14.931  -30.168 0.5000000000
13971  15.159  -5.685  -25.347 0.7500000000
13972  15.413  -4.403  -25.040 0.5000000000
15611  20.003  -22.701  -23.046 0.5000000000
15613  20.581  -23.694  -22.805 0.5000000000
17416  17.724  -16.688  -25.265 0.7500000000
17417  17.421  -15.647  -25.334 0.7500000000
17418  16.811  -13.216  -26.791 1.0000000000
17419  17.350  -14.251  -27.011 1.0000000000
17420  17.559  -13.493  -27.819 1.0000000000
17421  18.783  -13.756  -28.845 1.0000000000
17422  17.877  -12.699  -28.575 1.0000000000
17423  15.617  -9.370  -25.459 0.5000000000
17424  15.702  -10.315  -25.895 0.5000000000
17425  15.425  -9.705  -26.306 0.6250000000
17426  17.594  -9.205  -29.551 1.0000000000
17427  16.917  -10.006  -28.723 1.0000000000
17428  18.377  -10.114  -29.966 1.0000000000
17429  19.247  -11.075  -30.212 1.0000000000
17430  20.318  -10.274  -31.027 0.8750000000
17431  22.589  -10.530  -31.567 0.6250000000
17432  21.651  -9.481  -31.725 0.6250000000
22165  17.225  -0.527  -27.915 0.6250000000
22166  16.354  -1.440  -26.092 0.7500000000
22167  16.763  -1.577  -27.639 0.8750000000
22168  16.389  -2.580  -27.600 1.0000000000
22169  17.713  -1.808  -29.351 0.7500000000
22176  20.895  -2.205  -32.346 0.6250000000
22388  19.440  -17.413  -27.205 0.8750000000
22389  20.300  -18.509  -27.011 0.7500000000
22390  20.964  -17.850  -27.917 0.7500000000
24345  20.385  -22.327  -24.083 0.6250000000
24346  21.812  -22.898  -24.646 0.6250000000
24347  20.939  -21.871  -24.963 0.6250000000
24348  21.598  -21.356  -25.735 0.7500000000
24349  22.288  -20.766  -26.450 0.7500000000
25428  16.684  -12.867  -25.900 0.7500000000
25429  16.387  -12.226  -26.523 1.0000000000
25430  15.234  -8.130  -26.184 0.8750000000
25431  15.537  -9.046  -26.871 1.0000000000
25432  15.880  -8.255  -27.613 1.0000000000
25433  16.986  -8.301  -29.078 1.0000000000
25434  18.598  -8.362  -30.528 1.0000000000
25435  20.762  -8.496  -31.692 0.7500000000
25436  19.937  -7.494  -31.534 0.8750000000
25437  21.595  -6.571  -32.216 0.5000000000
25438  23.524  -5.597  -32.676 0.5000000000
28276  17.771  0.558  -28.308 0.7500000000
28277  18.432  0.266  -29.894 0.6250000000
28409  20.732  -16.003  -28.977 1.0000000000
28410  21.718  -17.177  -28.732 0.7500000000
28411  22.530  -16.469  -29.376 0.6250000000
29542  15.318  -7.870  -25.131 0.6250000000
29543  15.080  -6.986  -25.670 1.0000000000
29544  15.315  -5.916  -26.725 1.0000000000
29545  16.027  -4.863  -27.953 1.0000000000
31856  24.516  -12.890  -30.830 0.5000000000
34155  18.284  -18.273  -24.261 0.5000000000
34156  18.680  -18.719  -25.226 0.7500000000
34157  18.139  -17.709  -25.226 0.7500000000
34158  18.283  -17.058  -26.254 1.0000000000
34159  18.656  -16.343  -27.258 1.0000000000
34160  17.250  -14.974  -26.160 0.8750000000
34161  17.967  -15.297  -27.179 1.0000000000
34162  19.179  -15.602  -28.176 1.0000000000
34163  19.750  -14.855  -28.997 1.0000000000
34164  20.381  -14.089  -29.745 1.0000000000
34165  21.178  -13.296  -30.371 0.8750000000
34167  16.027  -11.270  -26.247 0.8750000000
34168  16.294  -11.532  -27.200 1.0000000000
34169  15.926  -9.893  -27.484 1.0000000000
34170  16.476  -10.774  -27.946 1.0000000000
34171  17.127  -11.703  -28.272 1.0000000000
34172  18.429  -11.880  -29.359 1.0000000000
34173  20.154  -12.139  -30.326 0.8750000000
34174  22.253  -12.488  -30.865 0.6250000000
34175  23.552  -11.669  -31.224 0.5000000000
34178  23.186  -8.686  -32.246 0.5000000000
39915  15.535  -3.384  -26.093 1.0000000000
39916  16.112  -3.647  -27.732 1.0000000000
39917  17.217  -3.959  -29.324 1.0000000000
39918  20.006  2.236  -32.161 0.5000000000
39923  19.301  -1.012  -31.178 0.7500000000
39924  19.094  -2.059  -30.991 0.7500000000
39925  18.918  -3.117  -30.874 0.7500000000
39926  18.822  -4.225  -30.874 0.7500000000
39927  20.904  -4.385  -32.112 0.6250000000
40180  19.770  -19.152  -26.095 0.7500000000
40181  21.261  -19.636  -26.730 0.7500000000
40182  23.007  -20.119  -27.117 0.5000000000
40183  22.721  -18.327  -28.275 0.6250000000
41683  18.740  -19.526  -23.797 0.5000000000
41684  18.898  -20.035  -23.787 0.5000000000
41685  18.851  -19.796  -24.271 0.7500000000
41686  19.199  -20.055  -24.746 0.7500000000
41687  18.890  -19.528  -24.749 0.7500000000
42288  16.623  -5.617  -28.854 1.0000000000
42289  16.736  -6.219  -29.008 1.0000000000
42290  17.277  -5.716  -29.634 1.0000000000
42291  18.059  -5.801  -30.415 0.8750000000
42292  17.962  -5.239  -30.282 0.8750000000
43943  22.767  -14.107  -30.428 0.6250000000
43944  23.329  -14.717  -30.242 0.7500000000
43945  23.834  -14.321  -30.404 0.6250000000
46331  20.514  -23.025  -23.477 0.5000000000
46332  20.290  -23.192  -22.939 0.5000000000
46333  20.860  -23.529  -23.332 0.5000000000
46334  21.199  -24.048  -23.152 0.5000000000
46337  21.892  -23.648  -24.030 0.5000000000
48136  17.649  -15.965  -24.965 0.5000000000
48138  16.815  -12.860  -27.164 1.0000000000
48139  17.116  -13.362  -27.303 1.0000000000
48140  17.191  -12.985  -27.680 1.0000000000
48141  17.696  -13.101  -28.200 1.0000000000
48142  17.307  -12.594  -28.047 1.0000000000
48143  15.414  -9.109  -25.541 0.5000000000
48144  15.422  -9.554  -25.810 0.6250000000
48145  15.335  -9.268  -26.000 0.8750000000
48146  18.426  -9.244  -30.212 1.0000000000
48147  17.964  -9.656  -29.771 1.0000000000
48148  18.845  -9.708  -30.393 1.0000000000
48149  19.293  -10.183  -30.540 1.0000000000
48150  19.851  -9.779  -30.949 1.0000000000
48151  20.953  -9.875  -31.390 0.7500000000
48152  20.489  -9.378  -31.348 0.7500000000
52885  17.580  -0.649  -28.733 0.7500000000
52886  16.983  -1.060  -27.751 0.8750000000
52887  17.375  -1.170  -28.590 0.7500000000
52888  17.184  -1.684  -28.494 0.8750000000
52889  17.878  -1.293  -29.437 0.7500000000
53108  19.731  -17.063  -27.687 0.8750000000
53109  20.166  -17.619  -27.600 0.8750000000
53110  20.502  -17.279  -28.058 0.8750000000
55931  19.299  -21.043  -23.748 0.7500000000
55933  19.548  -21.540  -23.712 0.6250000000
55934  19.840  -22.034  -23.660 0.5000000000
55935  20.015  -21.830  -24.162 0.6250000000
55936  20.644  -22.106  -24.540 0.6250000000
55937  20.247  -21.604  -24.627 0.7500000000
55938  20.388  -20.561  -25.540 0.7500000000
55939  20.821  -21.098  -25.463 0.7500000000
55940  21.133  -20.817  -25.849 0.7500000000
55941  21.941  -21.070  -26.098 0.7500000000
55942  21.450  -20.518  -26.223 0.7500000000
57740  16.607  -12.363  -25.843 0.6250000000
57741  16.512  -12.547  -26.202 0.8750000000
57742  16.383  -12.056  -26.102 0.8750000000
57743  15.321  -7.688  -26.589 1.0000000000
57744  15.487  -8.208  -26.885 1.0000000000
57745  15.676  -7.754  -27.330 1.0000000000
57746  17.139  -7.338  -29.385 1.0000000000
57747  16.724  -7.821  -28.835 1.0000000000
57748  17.413  -7.845  -29.600 1.0000000000
57749  17.718  -8.324  -29.814 1.0000000000
57750  18.245  -7.880  -30.357 1.0000000000
57751  19.227  -7.933  -31.052 0.8750000000
57752  18.856  -7.426  -30.908 1.0000000000
57753  20.084  -5.951  -31.752 0.7500000000
57754  20.369  -6.497  -31.839 0.7500000000
57755  21.285  -6.022  -32.182 0.5000000000
57756  22.535  -6.088  -32.449 0.5000000000
57757  22.294  -5.535  -32.466 0.5000000000
62485  18.570  1.461  -29.469 0.7500000000
62486  18.072  1.082  -28.505 0.7500000000
62487  18.302  0.943  -29.284 0.7500000000
62488  18.044  0.412  -29.095 0.6250000000
62489  18.647  0.798  -30.072 0.6250000000
62708  21.093  -15.642  -29.340 0.8750000000
62709  21.606  -16.236  -29.237 0.8750000000
62710  22.007  -15.871  -29.548 0.7500000000
62712  23.943  -16.311  -29.601 0.5000000000
64951  15.151  -7.461  -25.319 0.7500000000
64952  15.197  -6.858  -25.138 0.8750000000
64953  15.164  -5.124  -25.825 0.8750000000
64954  15.122  -5.795  -25.991 1.0000000000
64955  15.295  -5.243  -26.564 1.0000000000
64956  15.615  -5.374  -27.328 1.0000000000
64957  15.603  -4.718  -27.181 1.0000000000
69893  22.160  -22.662  -25.020 0.6250000000
69894  22.606  -23.192  -24.770 0.5000000000
69895  22.985  -22.950  -25.114 0.5000000000
75286  18.168  -18.003  -24.728 0.6250000000
75287  17.993  -17.499  -24.751 0.6250000000
75288  17.676  -16.364  -25.747 0.7500000000
75289  17.913  -16.881  -25.743 0.7500000000
75290  17.980  -16.541  -26.252 1.0000000000
75291  18.443  -16.706  -26.763 1.0000000000
75292  18.113  -16.185  -26.753 1.0000000000
75293  17.040  -14.256  -25.693 0.7500000000
75294  17.148  -14.788  -25.719 0.7500000000
75295  17.065  -14.444  -26.104 0.8750000000
75296  17.795  -14.396  -27.527 1.0000000000
75297  17.651  -14.775  -27.102 1.0000000000
75298  18.155  -14.919  -27.618 1.0000000000
75299  18.523  -15.443  -27.690 1.0000000000
75300  18.763  -15.065  -28.121 1.0000000000
75301  19.461  -15.230  -28.596 1.0000000000
75302  19.009  -14.684  -28.535 1.0000000000
75303  19.036  -13.358  -29.232 1.0000000000
75304  19.538  -13.911  -29.329 1.0000000000
75305  19.849  -13.515  -29.699 1.0000000000
75306  20.750  -13.695  -30.076 0.8750000000
75307  20.215  -13.114  -30.043 1.0000000000
75311  15.657  -10.480  -26.316 0.7500000000
75312  15.851  -10.794  -26.087 0.6250000000
75313  15.860  -10.948  -26.520 0.8750000000
75314  16.083  -11.416  -26.695 1.0000000000
75315  16.032  -11.067  -27.025 1.0000000000
75316  15.885  -9.103  -27.536 1.0000000000
75317  15.716  -9.468  -27.196 1.0000000000
75318  16.108  -9.526  -27.834 1.0000000000
75319  17.270  -10.449  -28.935 1.0000000000
75320  16.669  -10.390  -28.332 1.0000000000
75321  17.005  -10.838  -28.524 1.0000000000
75322  16.795  -11.231  -28.120 1.0000000000
75323  17.358  -11.302  -28.680 1.0000000000
75324  17.724  -11.784  -28.817 1.0000000000
75325  18.029  -11.380  -29.239 1.0000000000
75326  20.208  -11.190  -30.674 1.0000000000
75327  19.689  -11.592  -30.276 0.8750000000
75328  20.675  -11.733  -30.681 0.8750000000
75329  21.164  -12.303  -30.668 0.8750000000
75330  21.751  -11.897  -30.953 0.7500000000
75331  22.886  -12.079  -31.064 0.6250000000
75332  22.392  -11.492  -31.204 0.6250000000
75333  23.306  -10.135  -31.779 0.6250000000
75334  23.769  -10.686  -31.582 0.5000000000
75338  21.537  -8.085  -32.040 0.6250000000
75339  21.964  -8.586  -32.053 0.6250000000
75340  22.767  -8.171  -32.288 0.5000000000
89535  17.070  -0.336  -25.927 0.5000000000
89538  16.101  -1.933  -25.990 0.7500000000
89540  15.917  -2.366  -25.324 0.6250000000
89542  15.714  -2.819  -25.311 0.7500000000
89543  15.535  -3.308  -25.367 0.8750000000
89544  15.695  -2.871  -25.995 0.8750000000
89545  16.847  -2.709  -28.451 1.0000000000
89546  16.234  -3.097  -27.652 1.0000000000
89547  16.707  -3.242  -28.480 0.8750000000
89548  16.606  -3.803  -28.533 1.0000000000
89549  17.295  -3.393  -29.290 0.8750000000
89565  20.068  -1.096  -31.909 0.7500000000
89566  19.197  -1.537  -31.073 0.7500000000
89567  20.007  -1.628  -31.807 0.7500000000
89568  20.894  -2.735  -32.252 0.6250000000
89569  19.898  -2.677  -31.641 0.7500000000
89570  19.859  -3.215  -31.579 0.7500000000
89571  18.859  -3.666  -30.854 0.7500000000
89572  19.831  -3.765  -31.550 0.7500000000
89573  19.813  -4.318  -31.559 0.7500000000
89574  20.896  -3.832  -32.126 0.6250000000
90203  18.804  -18.411  -25.719 0.7500000000
90204  19.158  -18.930  -25.689 0.7500000000
90205  19.357  -18.614  -26.165 0.7500000000
90206  21.086  -18.746  -27.305 0.7500000000
90207  20.767  -19.069  -26.872 0.7500000000
90208  21.585  -19.313  -27.128 0.7500000000
90209  22.107  -19.882  -26.956 0.6250000000
90210  22.463  -19.555  -27.314 0.5000000000
90211  22.622  -17.414  -28.866 0.6250000000
90212  22.216  -17.757  -28.526 0.6250000000
90213  23.132  -17.986  -28.610 0.5000000000
93464  19.084  -20.542  -23.772 0.5000000000
93465  19.379  -20.827  -24.249 0.7500000000
93466  19.877  -21.098  -24.687 0.7500000000
93467  19.530  -20.580  -24.726 0.7500000000
93468  19.730  -20.308  -25.173 0.7500000000
93469  19.960  -20.014  -25.598 0.7500000000
94550  15.789  -6.667  -27.648 1.0000000000
94551  15.948  -7.258  -27.844 1.0000000000
94552  16.300  -6.739  -28.409 1.0000000000
94553  16.908  -6.796  -29.185 1.0000000000
94554  17.638  -6.846  -29.975 1.0000000000
94555  18.520  -6.900  -30.742 1.0000000000
94556  18.246  -6.356  -30.572 0.8750000000
94557  18.996  -5.878  -31.146 0.8750000000
94558  19.903  -5.408  -31.671 0.7500000000
97394  18.323  1.642  -27.960 0.5000000000
97396  18.837  1.956  -29.650 0.5000000000
97397  19.092  1.856  -30.430 0.5000000000
97529  21.868  -14.889  -29.962 0.7500000000
97530  22.426  -15.494  -29.818 0.7500000000
97531  22.863  -15.108  -30.048 0.7500000000
97532  23.884  -15.325  -30.015 0.5000000000
97533  24.905  -15.536  -29.914 0.5000000000
98874  15.729  -6.137  -24.763 0.5000000000
98875  15.299  -6.231  -25.005 0.7500000000
98877  15.269  -5.033  -25.193 0.7500000000
98878  15.251  -4.472  -25.651 1.0000000000
101827  19.706  -22.357  -22.566 0.5000000000
101829  19.906  -22.837  -22.473 0.5000000000
101840  22.908  -22.149  -25.722 0.6250000000
101841  23.378  -22.693  -25.447 0.5000000000
101842  23.778  -22.418  -25.771 0.5000000000
105077  17.740  -16.481  -24.880 0.6250000000
105078  17.559  -16.170  -25.300 0.6250000000
105079  17.468  -15.843  -25.746 0.8750000000
105080  16.840  -13.565  -26.411 0.8750000000
105081  17.046  -14.090  -26.505 1.0000000000
105082  17.068  -13.729  -26.909 1.0000000000
105083  17.446  -13.876  -27.423 1.0000000000
105084  17.951  -14.011  -27.937 1.0000000000
105085  18.561  -14.148  -28.446 1.0000000000
105086  18.120  -13.620  -28.335 1.0000000000
105087  18.315  -13.222  -28.721 1.0000000000
105088  18.558  -12.816  -29.102 1.0000000000
105091  15.617  -9.836  -25.677 0.5000000000
105092  15.502  -10.013  -26.075 0.6250000000
105093  15.575  -10.153  -26.583 1.0000000000
105094  16.906  -9.175  -28.878 1.0000000000
105095  16.608  -9.572  -28.478 1.0000000000
105096  17.220  -9.613  -29.125 1.0000000000
105097  17.585  -10.058  -29.350 1.0000000000
105098  17.983  -10.512  -29.537 1.0000000000
105099  18.392  -10.982  -29.676 1.0000000000
105100  18.811  -10.585  -30.115 1.0000000000
105101  19.750  -10.675  -30.634 1.0000000000
105102  20.789  -10.790  -31.048 0.8750000000
105103  21.907  -10.929  -31.316 0.7500000000
105104  21.427  -10.391  -31.381 0.7500000000
105105  22.116  -9.995  -31.673 0.6250000000
105106  22.849  -9.603  -31.928 0.6250000000
105107  23.213  -7.192  -32.442 0.5000000000
113625  17.007  -0.423  -27.142 0.6250000000
113626  16.641  -0.910  -26.256 0.6250000000
113627  16.727  -0.970  -26.955 0.7500000000
113628  16.473  -1.494  -26.818 0.7500000000
113629  16.249  -1.990  -26.749 0.8750000000
113630  16.054  -2.473  -26.749 1.0000000000
113631  16.566  -2.080  -27.591 0.8750000000
113632  17.008  -2.194  -28.451 0.8750000000
113633  17.557  -2.325  -29.303 0.8750000000
114026  19.186  -17.757  -26.713 0.8750000000
114027  19.590  -18.289  -26.645 0.8750000000
114028  19.860  -17.957  -27.126 0.8750000000
114029  20.615  -18.181  -27.469 0.7500000000
114030  21.439  -18.421  -27.732 0.7500000000
118243  19.733  -22.212  -23.126 0.5000000000
118244  20.168  -22.528  -23.585 0.5000000000
118245  20.775  -22.828  -23.969 0.5000000000
118246  21.482  -23.124  -24.247 0.6250000000
118247  21.062  -22.610  -24.417 0.6250000000
118248  21.373  -22.381  -24.828 0.6250000000
118249  21.709  -22.140  -25.214 0.6250000000
118250  20.521  -21.360  -25.059 0.7500000000
118251  21.261  -21.622  -25.359 0.7500000000
118252  22.063  -21.885  -25.582 0.6250000000
118253  22.428  -21.611  -25.937 0.6250000000
118254  22.799  -21.318  -26.278 0.5000000000
120772  16.784  -13.385  -25.968 0.7500000000
120773  16.662  -13.050  -26.308 0.8750000000
120774  16.584  -12.715  -26.660 1.0000000000
120775  16.549  -12.370  -27.011 1.0000000000
120776  15.231  -8.511  -25.888 0.7500000000
120777  15.326  -8.959  -26.234 1.0000000000
120778  15.375  -8.609  -26.523 1.0000000000
120779  15.679  -8.672  -27.212 1.0000000000
120780  16.104  -8.711  -27.914 1.0000000000
120781  16.149  -7.795  -28.079 1.0000000000
120782  16.381  -8.282  -28.344 1.0000000000
120783  16.632  -8.736  -28.616 1.0000000000
120784  17.273  -8.758  -29.319 1.0000000000
120785  18.052  -8.786  -30.018 1.0000000000
120786  18.982  -8.831  -30.683 1.0000000000
120787  20.045  -8.897  -31.270 0.8750000000
120788  19.624  -8.420  -31.172 0.8750000000
120789  20.340  -8.004  -31.627 0.7500000000
120790  21.123  -7.571  -31.993 0.6250000000
120791  19.561  -6.965  -31.414 0.8750000000
120792  20.727  -7.040  -31.923 0.6250000000
120793  21.963  -7.117  -32.251 0.5000000000
120794  22.851  -6.643  -32.439 0.5000000000
120795  23.772  -6.159  -32.624 0.5000000000
127415  17.284  0.200  -26.678 0.5000000000
127416  17.972  1.181  -27.761 0.5000000000
127417  17.631  0.673  -27.559 0.6250000000
127418  17.308  0.131  -27.351 0.5000000000
127419  17.488  0.016  -28.108 0.6250000000
127420  17.803  -0.122  -28.907 0.7500000000
127421  18.233  -0.259  -29.721 0.7500000000
127727  20.384  -16.358  -28.579 0.8750000000
127728  20.856  -16.936  -28.489 0.8750000000
127729  21.224  -16.590  -28.883 0.8750000000
127730  22.115  -16.829  -29.078 0.8750000000
127731  23.043  -17.059  -29.159 0.5000000000
127732  22.965  -16.096  -29.628 0.6250000000
127733  23.484  -16.690  -29.402 0.5000000000
130644  15.693  -8.920  -25.271 0.5000000000
130645  15.460  -8.666  -25.291 0.5000000000
130654  15.284  -8.373  -25.381 0.6250000000
130655  15.166  -8.016  -25.571 0.6250000000
130656  15.129  -7.589  -25.894 0.8750000000
130657  15.199  -7.102  -26.348 1.0000000000
130658  15.092  -6.343  -25.499 0.8750000000
130659  15.132  -6.463  -26.157 1.0000000000
130660  15.385  -6.575  -26.892 1.0000000000
130661  15.678  -6.032  -27.481 1.0000000000
130662  16.069  -5.501  -28.089 1.0000000000
130663  16.563  -5.004  -28.721 1.0000000000
136934  23.886  -13.302  -30.734 0.5000000000
143536  18.616  -19.011  -24.741 0.7500000000
143537  18.376  -18.504  -24.730 0.6250000000
143538  18.395  -18.213  -25.226 0.7500000000
143539  18.479  -17.902  -25.734 0.8750000000
143540  17.916  -17.201  -25.238 0.6250000000
143541  18.181  -17.394  -25.739 0.7500000000
143542  18.616  -17.574  -26.244 0.8750000000
143543  18.803  -17.230  -26.751 0.8750000000
143544  19.037  -16.875  -27.249 0.8750000000
143545  19.309  -16.513  -27.730 0.8750000000
143547  17.291  -15.317  -25.736 0.8750000000
143548  17.465  -15.501  -26.205 0.8750000000
143549  17.278  -14.618  -26.588 1.0000000000
143550  17.533  -15.144  -26.660 1.0000000000
143551  17.811  -15.666  -26.717 1.0000000000
143552  18.300  -15.818  -27.234 1.0000000000
143553  18.907  -15.974  -27.731 1.0000000000
143554  19.608  -16.151  -28.187 1.0000000000
143555  19.919  -15.788  -28.614 1.0000000000
143556  20.240  -15.423  -29.013 1.0000000000
143557  20.573  -15.053  -29.388 1.0000000000
143558  19.263  -14.300  -28.938 1.0000000000
143559  20.052  -14.475  -29.382 1.0000000000
143560  20.924  -14.674  -29.736 0.7500000000
143561  21.305  -14.287  -30.050 0.8750000000
143562  21.730  -13.894  -30.324 0.8750000000
143563  22.215  -13.497  -30.558 0.6250000000
143567  16.015  -10.613  -25.774 0.5000000000
143568  16.136  -11.096  -25.903 0.5000000000
143569  16.261  -11.575  -26.006 0.6250000000
143570  16.206  -11.745  -26.387 1.0000000000
143571  16.310  -11.889  -26.854 1.0000000000
143572  16.566  -12.005  -27.363 1.0000000000
143573  15.447  -9.386  -26.573 0.8750000000
143574  15.604  -9.815  -26.879 1.0000000000
143575  15.811  -10.254  -27.147 1.0000000000
143576  16.366  -9.953  -28.100 1.0000000000
143577  16.181  -10.328  -27.734 1.0000000000
143578  16.065  -10.701  -27.375 1.0000000000
143579  16.349  -11.157  -27.566 1.0000000000
143580  16.647  -11.623  -27.731 1.0000000000
143581  16.961  -12.102  -27.888 1.0000000000
143582  17.482  -12.192  -28.421 1.0000000000
143583  18.119  -12.290  -28.957 1.0000000000
143584  18.864  -12.407  -29.483 1.0000000000
143585  18.806  -11.475  -29.781 1.0000000000
143586  19.240  -11.997  -29.874 1.0000000000
143587  19.709  -12.546  -29.967 1.0000000000
143588  20.650  -12.709  -30.364 0.8750000000
143589  21.678  -12.894  -30.633 0.7500000000
143590  22.769  -13.094  -30.752 0.6250000000
143591  23.385  -12.686  -30.907 0.6250000000
143592  24.037  -12.272  -31.026 0.5000000000
143594  23.069  -11.087  -31.412 0.6250000000
143595  24.236  -11.260  -31.354 0.5000000000
143600  21.200  -8.984  -31.727 0.6250000000
143601  22.401  -9.089  -32.018 0.6250000000
143602  23.614  -9.207  -32.138 0.5000000000
160695  16.434  -1.416  -25.536 0.5000000000
160702  15.378  -3.860  -25.489 0.8750000000
160703  15.409  -3.956  -26.235 1.0000000000
160704  15.884  -2.968  -26.808 1.0000000000
160705  15.743  -3.503  -26.910 1.0000000000
160706  15.646  -4.088  -27.039 1.0000000000
160707  16.040  -4.239  -27.833 1.0000000000
160708  16.557  -4.394  -28.612 1.0000000000
160709  17.186  -4.542  -29.393 0.8750000000
160711  19.612  2.294  -31.392 0.5000000000
160712  19.447  1.758  -31.206 0.5000000000
160716  19.093  0.675  -30.854 0.6250000000
160717  18.924  0.141  -30.688 0.7500000000
160718  18.770  -0.383  -30.529 0.7500000000
160726  19.405  -0.484  -31.308 0.6250000000
160727  18.625  -0.902  -30.387 0.7500000000
160728  18.485  -1.420  -30.273 0.7500000000
160729  18.348  -1.939  -30.190 0.7500000000
160730  18.217  -2.460  -30.134 0.7500000000
160731  19.949  -2.152  -31.719 0.7500000000
160732  18.998  -2.583  -30.924 0.7500000000
160733  18.100  -2.991  -30.098 0.7500000000
160734  18.010  -3.539  -30.087 0.8750000000
160735  17.954  -4.103  -30.112 0.7500000000
160736  17.935  -4.673  -30.178 0.8750000000
160737  18.814  -4.780  -30.935 0.8750000000
160738  19.825  -4.866  -31.603 0.7500000000
160739  20.947  -4.932  -32.125 0.7500000000
160741  22.057  -4.434  -32.514 0.5000000000
160742  22.140  -4.985  -32.487 0.5000000000
161494  18.998  -19.237  -25.219 0.7500000000
161495  19.546  -19.466  -25.647 0.7500000000
161496  20.211  -19.705  -26.017 0.7500000000
161497  20.020  -18.832  -26.550 0.7500000000
161498  20.478  -19.389  -26.442 0.7500000000
161499  20.959  -19.954  -26.333 0.7500000000
161500  21.772  -20.204  -26.592 0.7500000000
161501  22.642  -20.447  -26.789 0.5000000000
161503  21.334  -17.516  -28.342 0.7500000000
161504  21.820  -18.092  -28.143 0.7500000000
161505  22.320  -18.661  -27.908 0.6250000000
161508  22.841  -19.224  -27.665 0.5000000000
