#!ascii label  , from subject rh.EC_average vox2ras=TkReg coords=white
428
609  20.354  -28.375  -13.957 0.0000000000
1356  22.675  -30.962  -11.282 0.0000000000
2460  19.299  -33.974  -7.568 0.0000000000
2461  18.303  -32.159  -10.517 0.0000000000
2462  19.303  -31.953  -13.215 0.0000000000
2463  22.407  -32.250  -14.880 0.0000000000
2471  20.270  -28.246  -18.125 0.0000000000
5506  18.621  -32.887  -8.880 0.0000000000
5507  21.196  -32.627  -9.231 0.0000000000
5508  21.505  -29.466  -12.521 0.0000000000
5509  19.326  -30.259  -12.085 0.0000000000
5510  19.090  -29.909  -13.766 0.0000000000
5511  20.703  -32.195  -14.124 0.0000000000
5512  19.654  -30.071  -15.453 0.0000000000
5534  22.988  -30.135  -17.692 0.0000000000
7051  23.734  -28.904  -13.504 0.0000000000
9937  17.681  -34.293  -9.471 0.0000000000
9938  18.111  -34.186  -10.813 0.0000000000
9939  18.972  -34.265  -11.744 0.0000000000
9940  20.117  -31.251  -10.562 0.0000000000
9941  18.486  -31.824  -12.057 0.0000000000
9942  20.283  -34.291  -11.930 0.0000000000
9966  22.161  -27.213  -14.729 0.0000000000
9968  20.586  -26.224  -16.474 0.0000000000
9969  19.629  -27.969  -15.963 0.0000000000
9970  21.101  -30.244  -16.811 0.0000000000
13186  21.688  -33.382  -8.618 0.0000000000
13188  20.921  -28.851  -13.192 0.0000000000
13189  19.894  -29.350  -12.970 0.0000000000
13190  19.595  -29.076  -13.793 0.0000000000
13191  19.277  -29.954  -14.618 0.0000000000
13192  19.436  -28.964  -14.719 0.0000000000
22275  18.173  -34.214  -7.693 0.0000000000
22276  17.593  -34.472  -8.742 0.0000000000
22277  17.987  -33.778  -8.386 0.0000000000
22278  18.414  -32.478  -9.677 0.0000000000
22279  17.917  -33.196  -9.874 0.0000000000
22280  18.036  -33.033  -10.658 0.0000000000
22281  18.473  -34.217  -11.375 0.0000000000
22282  18.268  -32.959  -11.386 0.0000000000
22284  21.981  -31.829  -10.232 0.0000000000
22285  21.371  -31.066  -10.837 0.0000000000
22286  18.754  -30.836  -12.875 0.0000000000
22287  18.695  -30.925  -12.074 0.0000000000
22288  18.826  -31.851  -12.683 0.0000000000
22289  19.161  -32.981  -12.334 0.0000000000
22290  19.804  -33.067  -12.598 0.0000000000
22291  21.041  -34.304  -11.980 0.0000000000
22292  20.514  -33.144  -12.835 0.0000000000
22293  21.525  -32.258  -14.526 0.0000000000
22294  22.187  -33.222  -13.391 0.0000000000
22295  23.086  -33.205  -13.706 0.0000000000
22350  23.115  -26.695  -15.213 0.0000000000
22354  20.059  -27.202  -18.549 0.0000000000
22355  20.128  -26.102  -17.615 0.0000000000
22356  19.844  -27.069  -17.369 0.0000000000
22357  20.007  -27.050  -16.194 0.0000000000
22358  19.770  -28.069  -17.083 0.0000000000
22359  19.896  -29.106  -16.708 0.0000000000
22360  20.615  -29.246  -17.535 0.0000000000
22361  24.669  -30.930  -17.014 0.0000000000
22362  23.656  -31.108  -16.656 0.0000000000
28341  20.709  -33.992  -7.697 0.0000000000
28342  18.922  -33.380  -8.185 0.0000000000
28343  20.247  -33.297  -8.290 0.0000000000
28344  19.812  -32.666  -8.945 0.0000000000
28345  19.401  -32.094  -9.672 0.0000000000
28346  22.087  -30.181  -11.889 0.0000000000
28347  20.820  -30.387  -11.487 0.0000000000
28348  20.321  -29.794  -12.208 0.0000000000
28349  19.110  -29.996  -12.919 0.0000000000
28350  19.004  -30.884  -13.634 0.0000000000
28351  19.938  -32.080  -13.687 0.0000000000
28352  19.470  -31.010  -14.332 0.0000000000
28353  20.087  -31.157  -14.964 0.0000000000
28354  20.836  -31.248  -15.505 0.0000000000
28391  21.018  -28.335  -19.012 0.0000000000
28392  21.481  -29.297  -18.201 0.0000000000
28393  22.415  -29.193  -18.750 0.0000000000
28394  24.006  -29.920  -18.066 0.0000000000
31812  22.676  -29.193  -12.977 0.0000000000
31813  21.958  -28.424  -13.589 0.0000000000
40046  17.839  -35.379  -9.807 0.0000000000
40047  18.029  -35.414  -10.449 0.0000000000
40048  17.895  -33.442  -9.111 0.0000000000
40049  17.859  -34.213  -10.166 0.0000000000
40050  18.313  -35.504  -10.996 0.0000000000
40051  18.713  -35.599  -11.397 0.0000000000
40052  19.273  -35.684  -11.571 0.0000000000
40055  20.655  -31.915  -9.875 0.0000000000
40056  19.037  -31.585  -10.452 0.0000000000
40057  19.664  -30.688  -11.291 0.0000000000
40058  18.788  -31.177  -11.259 0.0000000000
40059  18.314  -31.931  -11.330 0.0000000000
40060  18.636  -32.939  -11.955 0.0000000000
40061  19.580  -34.279  -11.897 0.0000000000
40066  21.314  -33.198  -13.099 0.0000000000
40133  22.970  -28.013  -14.071 0.0000000000
40134  21.226  -27.769  -14.294 0.0000000000
40139  21.335  -25.472  -16.804 0.0000000000
40140  22.196  -25.968  -15.929 0.0000000000
40141  21.302  -26.591  -15.512 0.0000000000
40142  20.520  -27.284  -15.157 0.0000000000
40143  19.872  -28.070  -14.885 0.0000000000
40144  19.495  -28.985  -15.731 0.0000000000
40145  20.260  -30.178  -16.206 0.0000000000
40146  21.716  -31.259  -15.938 0.0000000000
40147  22.043  -30.241  -17.281 0.0000000000
40148  22.674  -31.214  -16.302 0.0000000000
43908  20.633  -28.593  -13.559 0.0000000000
43909  20.166  -28.878  -13.439 0.0000000000
43910  19.955  -28.711  -13.851 0.0000000000
43911  19.495  -29.001  -14.242 0.0000000000
43912  19.770  -28.586  -14.299 0.0000000000
52995  18.684  -34.060  -7.600 0.0000000000
52996  18.073  -33.987  -8.036 0.0000000000
52997  18.532  -33.789  -7.922 0.0000000000
52998  18.346  -32.307  -10.096 0.0000000000
52999  18.093  -32.662  -10.170 0.0000000000
53000  18.113  -32.557  -10.585 0.0000000000
53001  18.137  -32.987  -11.036 0.0000000000
53002  18.163  -32.475  -10.988 0.0000000000
53003  22.983  -31.376  -10.994 0.0000000000
53004  22.331  -31.401  -10.744 0.0000000000
53005  22.023  -31.008  -11.037 0.0000000000
53006  18.906  -31.359  -13.138 0.0000000000
53007  18.745  -31.327  -12.800 0.0000000000
53008  19.047  -31.896  -12.959 0.0000000000
53009  19.246  -32.450  -12.733 0.0000000000
53010  19.544  -32.503  -12.922 0.0000000000
53011  20.150  -33.108  -12.715 0.0000000000
53012  19.867  -32.557  -13.099 0.0000000000
53013  21.959  -32.261  -14.709 0.0000000000
53014  22.309  -32.739  -14.132 0.0000000000
53015  22.755  -32.727  -14.298 0.0000000000
53016  23.540  -33.185  -13.871 0.0000000000
53017  23.211  -32.707  -14.464 0.0000000000
53074  20.147  -27.731  -18.357 0.0000000000
53075  19.905  -27.133  -17.968 0.0000000000
53076  19.922  -27.647  -17.809 0.0000000000
53077  19.782  -27.564  -17.234 0.0000000000
53078  19.981  -28.159  -17.621 0.0000000000
53079  20.082  -28.670  -17.399 0.0000000000
53080  20.426  -28.750  -17.850 0.0000000000
62596  20.477  -33.634  -7.990 0.0000000000
62598  21.447  -32.999  -8.923 0.0000000000
62599  20.734  -32.978  -8.747 0.0000000000
62600  20.499  -32.636  -9.069 0.0000000000
62601  19.605  -32.373  -9.301 0.0000000000
62602  20.257  -32.306  -9.402 0.0000000000
62603  21.796  -29.813  -12.203 0.0000000000
62604  21.173  -29.933  -12.000 0.0000000000
62605  20.901  -29.617  -12.343 0.0000000000
62606  19.353  -29.542  -13.346 0.0000000000
62607  19.456  -29.650  -12.930 0.0000000000
62608  19.073  -29.933  -13.342 0.0000000000
62609  18.904  -30.368  -13.324 0.0000000000
62610  18.992  -30.380  -13.731 0.0000000000
62611  19.213  -30.941  -13.991 0.0000000000
62612  19.137  -30.418  -14.129 0.0000000000
62613  19.440  -30.009  -15.041 0.0000000000
62614  19.564  -30.546  -14.891 0.0000000000
62615  19.839  -30.618  -15.250 0.0000000000
62616  20.444  -31.214  -15.248 0.0000000000
62617  20.159  -30.677  -15.584 0.0000000000
62677  20.812  -27.821  -19.346 0.0000000000
62678  21.455  -28.312  -19.400 0.0000000000
62679  21.688  -28.797  -18.963 0.0000000000
62680  22.167  -28.723  -19.268 0.0000000000
62682  23.719  -29.425  -18.630 0.0000000000
69815  23.216  -29.052  -13.237 0.0000000000
69816  22.320  -28.797  -13.276 0.0000000000
69817  22.840  -28.625  -13.524 0.0000000000
89868  17.626  -34.367  -9.108 0.0000000000
89869  17.654  -34.853  -9.289 0.0000000000
89870  17.725  -34.807  -9.643 0.0000000000
89871  17.922  -35.384  -10.137 0.0000000000
89872  17.817  -34.791  -9.985 0.0000000000
89873  18.759  -33.122  -8.519 0.0000000000
89874  18.276  -33.317  -8.598 0.0000000000
89875  18.191  -33.121  -8.963 0.0000000000
89876  17.934  -33.619  -10.377 0.0000000000
89877  17.846  -33.675  -10.017 0.0000000000
89878  17.976  -34.193  -10.496 0.0000000000
89879  18.059  -34.809  -10.618 0.0000000000
89880  18.208  -34.831  -10.902 0.0000000000
89881  18.494  -35.551  -11.219 0.0000000000
89882  18.383  -34.860  -11.159 0.0000000000
89883  18.707  -34.243  -11.589 0.0000000000
89884  18.849  -34.938  -11.541 0.0000000000
89885  19.137  -34.972  -11.642 0.0000000000
89887  19.447  -34.990  -11.686 0.0000000000
89891  21.019  -31.494  -10.356 0.0000000000
89892  21.315  -31.863  -10.038 0.0000000000
89893  20.380  -31.574  -10.214 0.0000000000
89894  19.771  -31.683  -10.111 0.0000000000
89895  19.546  -31.394  -10.484 0.0000000000
89896  19.994  -30.248  -11.736 0.0000000000
89897  20.216  -30.521  -11.364 0.0000000000
89898  19.482  -30.456  -11.681 0.0000000000
89899  18.540  -31.347  -12.072 0.0000000000
89900  18.722  -31.030  -11.666 0.0000000000
89901  18.496  -31.412  -11.685 0.0000000000
89902  18.495  -31.519  -11.287 0.0000000000
89903  18.377  -31.859  -11.706 0.0000000000
89904  18.362  -32.370  -11.714 0.0000000000
89905  18.523  -32.353  -12.022 0.0000000000
89906  19.703  -33.630  -12.198 0.0000000000
89907  19.370  -33.605  -12.120 0.0000000000
89908  19.921  -34.284  -11.919 0.0000000000
89909  20.114  -34.981  -11.658 0.0000000000
89910  20.475  -34.970  -11.621 0.0000000000
89912  20.855  -34.958  -11.592 0.0000000000
89918  20.311  -32.142  -13.909 0.0000000000
89919  20.608  -32.655  -13.443 0.0000000000
89920  21.018  -32.695  -13.616 0.0000000000
90086  23.069  -27.359  -14.635 0.0000000000
90087  23.473  -27.803  -14.328 0.0000000000
90088  22.577  -27.597  -14.386 0.0000000000
90089  22.083  -27.838  -14.148 0.0000000000
90090  21.690  -27.487  -14.503 0.0000000000
90102  20.321  -26.138  -17.026 0.0000000000
90103  20.616  -25.713  -17.163 0.0000000000
90104  20.946  -25.838  -16.631 0.0000000000
90105  21.756  -25.690  -16.342 0.0000000000
90106  21.321  -26.023  -16.148 0.0000000000
90107  21.736  -26.272  -15.714 0.0000000000
90108  20.915  -26.373  -15.968 0.0000000000
90109  19.792  -27.497  -16.074 0.0000000000
90110  20.225  -27.132  -15.654 0.0000000000
90111  19.942  -27.548  -15.525 0.0000000000
90112  20.174  -27.664  -15.010 0.0000000000
90113  19.709  -27.992  -15.411 0.0000000000
90114  19.535  -28.463  -15.309 0.0000000000
90115  19.527  -28.466  -15.849 0.0000000000
90116  20.417  -29.696  -16.855 0.0000000000
90117  20.047  -29.639  -16.475 0.0000000000
90118  20.657  -30.217  -16.529 0.0000000000
90119  20.942  -30.742  -16.158 0.0000000000
90120  21.394  -30.751  -16.397 0.0000000000
90121  22.211  -29.732  -17.993 0.0000000000
90122  21.750  -29.767  -17.748 0.0000000000
90123  22.513  -30.203  -17.491 0.0000000000
90125  23.163  -31.170  -16.478 0.0000000000
90126  23.500  -31.665  -15.947 0.0000000000
90127  23.007  -31.709  -15.772 0.0000000000
97466  21.213  -29.144  -12.849 0.0000000000
97467  20.640  -29.334  -12.692 0.0000000000
97468  20.394  -29.087  -13.056 0.0000000000
97469  19.728  -29.192  -13.371 0.0000000000
97470  19.297  -29.474  -13.774 0.0000000000
97471  19.160  -29.918  -14.191 0.0000000000
97472  19.285  -29.445  -14.216 0.0000000000
97473  19.316  -29.449  -14.672 0.0000000000
97474  19.397  -29.478  -15.138 0.0000000000
113823  17.796  -34.443  -7.837 0.0000000000
113824  17.578  -34.604  -8.376 0.0000000000
113825  17.751  -34.257  -8.193 0.0000000000
113826  17.720  -34.089  -8.556 0.0000000000
113827  17.711  -33.948  -8.923 0.0000000000
113828  18.506  -32.672  -9.268 0.0000000000
113829  18.133  -32.946  -9.350 0.0000000000
113830  18.100  -32.792  -9.755 0.0000000000
113831  17.963  -33.102  -10.266 0.0000000000
113832  18.045  -33.581  -10.732 0.0000000000
113833  18.275  -34.195  -11.111 0.0000000000
113834  18.185  -33.565  -11.073 0.0000000000
113835  18.356  -33.565  -11.383 0.0000000000
113836  18.560  -33.572  -11.647 0.0000000000
113840  21.673  -31.438  -10.533 0.0000000000
113841  20.730  -31.144  -10.680 0.0000000000
113842  18.895  -30.454  -12.492 0.0000000000
113843  18.958  -30.562  -12.074 0.0000000000
113844  18.705  -30.861  -12.479 0.0000000000
113845  18.624  -31.321  -12.445 0.0000000000
113846  18.637  -31.824  -12.383 0.0000000000
113847  18.728  -32.365  -12.290 0.0000000000
113848  18.972  -32.401  -12.525 0.0000000000
113849  19.473  -33.023  -12.475 0.0000000000
113850  20.057  -33.658  -12.262 0.0000000000
113851  20.658  -34.299  -11.946 0.0000000000
113852  20.421  -33.684  -12.326 0.0000000000
113853  20.793  -33.704  -12.400 0.0000000000
113854  21.180  -33.719  -12.491 0.0000000000
113855  21.108  -32.235  -14.331 0.0000000000
113856  21.440  -32.724  -13.790 0.0000000000
113857  21.871  -32.739  -13.962 0.0000000000
113858  22.635  -33.218  -13.546 0.0000000000
113958  22.635  -26.949  -14.965 0.0000000000
113966  19.937  -26.616  -18.104 0.0000000000
113967  19.958  -26.582  -17.495 0.0000000000
113968  20.072  -26.578  -16.897 0.0000000000
113969  20.271  -26.627  -16.327 0.0000000000
113970  19.878  -27.034  -16.771 0.0000000000
113971  19.738  -27.507  -16.649 0.0000000000
113972  19.649  -27.999  -16.524 0.0000000000
113973  19.617  -28.509  -16.388 0.0000000000
113974  19.806  -28.583  -16.909 0.0000000000
113975  20.226  -29.181  -17.144 0.0000000000
113976  20.840  -29.743  -17.189 0.0000000000
113977  23.810  -30.531  -17.354 0.0000000000
113978  23.316  -30.618  -17.173 0.0000000000
113979  24.157  -31.028  -16.837 0.0000000000
127569  19.985  -33.952  -7.603 0.0000000000
127570  19.105  -33.665  -7.872 0.0000000000
127571  19.765  -33.616  -7.896 0.0000000000
127572  19.552  -33.303  -8.200 0.0000000000
127573  19.354  -33.013  -8.524 0.0000000000
127574  20.969  -33.332  -8.437 0.0000000000
127575  20.025  -32.974  -8.608 0.0000000000
127576  19.172  -32.741  -8.876 0.0000000000
127577  19.007  -32.487  -9.253 0.0000000000
127578  18.857  -32.251  -9.648 0.0000000000
127579  18.724  -32.034  -10.054 0.0000000000
127580  22.378  -30.565  -11.581 0.0000000000
127581  21.730  -30.634  -11.343 0.0000000000
127582  21.449  -30.275  -11.665 0.0000000000
127583  20.565  -30.077  -11.841 0.0000000000
127584  19.788  -30.006  -12.124 0.0000000000
127585  20.093  -29.550  -12.584 0.0000000000
127586  19.605  -29.805  -12.523 0.0000000000
127587  19.199  -30.104  -12.499 0.0000000000
127588  18.874  -30.390  -12.910 0.0000000000
127589  18.851  -30.846  -13.261 0.0000000000
127590  19.114  -31.412  -13.459 0.0000000000
127591  19.599  -32.016  -13.457 0.0000000000
127592  19.374  -31.477  -13.763 0.0000000000
127593  19.681  -31.548  -14.051 0.0000000000
127594  20.021  -31.619  -14.324 0.0000000000
127595  19.330  -30.476  -14.516 0.0000000000
127596  19.763  -31.085  -14.657 0.0000000000
127597  20.384  -31.684  -14.584 0.0000000000
127598  20.767  -31.734  -14.827 0.0000000000
127599  21.174  -31.762  -15.049 0.0000000000
127600  21.605  -31.770  -15.249 0.0000000000
127683  20.302  -27.257  -19.103 0.0000000000
127684  20.447  -27.795  -18.870 0.0000000000
127685  20.620  -28.310  -18.589 0.0000000000
127686  20.817  -28.806  -18.258 0.0000000000
127687  21.239  -28.824  -18.628 0.0000000000
127688  21.937  -29.266  -18.488 0.0000000000
127689  22.686  -29.661  -18.220 0.0000000000
127690  22.923  -29.082  -18.991 0.0000000000
127691  23.188  -29.557  -18.431 0.0000000000
127692  23.483  -30.040  -17.883 0.0000000000
127693  24.324  -30.423  -17.530 0.0000000000
136816  22.104  -29.329  -12.735 0.0000000000
136817  21.779  -28.968  -13.046 0.0000000000
136818  21.445  -28.633  -13.374 0.0000000000
136819  21.109  -28.330  -13.724 0.0000000000
161092  17.598  -34.930  -8.931 0.0000000000
161093  17.772  -35.406  -9.465 0.0000000000
161096  18.140  -36.065  -10.576 0.0000000000
161097  18.257  -36.128  -10.847 0.0000000000
161098  18.392  -33.539  -8.253 0.0000000000
161099  17.925  -33.596  -8.744 0.0000000000
161100  17.730  -33.836  -9.290 0.0000000000
161101  17.893  -33.309  -9.488 0.0000000000
161102  17.777  -33.748  -9.654 0.0000000000
161103  17.760  -34.245  -9.825 0.0000000000
161104  17.929  -34.795  -10.312 0.0000000000
161105  18.159  -35.457  -10.737 0.0000000000
161106  18.408  -36.197  -11.084 0.0000000000
161107  18.593  -36.262  -11.281 0.0000000000
161108  18.815  -36.318  -11.428 0.0000000000
161109  19.077  -36.365  -11.515 0.0000000000
161110  18.596  -34.898  -11.377 0.0000000000
161111  18.974  -35.644  -11.517 0.0000000000
161112  19.378  -36.402  -11.537 0.0000000000
161121  20.930  -32.267  -9.547 0.0000000000
161122  20.011  -31.989  -9.750 0.0000000000
161123  19.209  -31.831  -10.057 0.0000000000
161124  18.615  -31.837  -10.466 0.0000000000
161125  21.086  -30.716  -11.152 0.0000000000
161126  20.461  -30.819  -11.013 0.0000000000
161127  19.875  -30.954  -10.920 0.0000000000
161128  19.053  -30.713  -11.662 0.0000000000
161129  19.182  -30.903  -11.258 0.0000000000
161130  19.347  -31.132  -10.867 0.0000000000
161131  18.895  -31.365  -10.854 0.0000000000
161132  18.537  -31.663  -10.879 0.0000000000
161133  18.291  -32.033  -10.931 0.0000000000
161134  18.244  -32.412  -11.368 0.0000000000
161135  18.433  -32.943  -11.695 0.0000000000
161136  18.796  -33.580  -11.857 0.0000000000
161137  18.879  -32.951  -12.165 0.0000000000
161138  19.066  -33.589  -12.012 0.0000000000
161139  19.264  -34.276  -11.844 0.0000000000
161140  19.772  -34.991  -11.686 0.0000000000
161146  21.245  -34.947  -11.586 0.0000000000
161152  20.222  -32.608  -13.271 0.0000000000
161153  20.902  -33.174  -12.963 0.0000000000
161154  21.588  -33.729  -12.598 0.0000000000
161155  21.745  -33.215  -13.242 0.0000000000
161156  22.017  -33.733  -12.717 0.0000000000
161352  24.243  -28.747  -13.774 0.0000000000
161354  23.858  -28.268  -14.042 0.0000000000
161355  23.351  -28.450  -13.780 0.0000000000
161356  22.464  -28.220  -13.824 0.0000000000
161357  21.592  -28.080  -13.924 0.0000000000
161358  20.778  -28.063  -14.108 0.0000000000
161377  22.653  -26.305  -15.555 0.0000000000
161378  22.182  -26.583  -15.322 0.0000000000
161379  21.728  -26.874  -15.102 0.0000000000
161380  20.550  -26.741  -15.802 0.0000000000
161381  20.897  -26.927  -15.325 0.0000000000
161382  21.288  -27.179  -14.894 0.0000000000
161383  20.863  -27.500  -14.704 0.0000000000
161384  20.461  -27.839  -14.536 0.0000000000
161385  20.095  -28.200  -14.398 0.0000000000
161386  19.624  -28.503  -14.787 0.0000000000
161387  19.430  -28.960  -15.220 0.0000000000
161388  19.538  -29.524  -15.604 0.0000000000
161389  19.649  -29.037  -16.233 0.0000000000
161390  19.752  -29.579  -16.054 0.0000000000
161391  19.925  -30.129  -15.845 0.0000000000
161392  20.527  -30.718  -15.888 0.0000000000
161393  21.262  -31.262  -15.734 0.0000000000
161394  22.057  -31.761  -15.431 0.0000000000
161395  21.039  -29.289  -17.886 0.0000000000
161396  21.291  -29.769  -17.483 0.0000000000
161397  21.570  -30.253  -17.058 0.0000000000
161398  22.834  -30.682  -16.989 0.0000000000
161399  22.353  -30.724  -16.802 0.0000000000
161400  21.870  -30.745  -16.608 0.0000000000
161401  22.189  -31.243  -16.124 0.0000000000
161402  22.525  -31.740  -15.602 0.0000000000
161403  22.870  -32.228  -15.046 0.0000000000
