#!ascii label  , from subject  vox2ras=TkReg coords=orig
1290
40936  -4.860  -10.957  -24.119 0.5555555820
163767  -5.325  -10.802  -24.769 0.6666666865
55888  -5.711  -10.119  -25.592 0.7777777910
118180  -6.364  -10.284  -25.935 0.7777777910
3268  -5.742  -8.912  -26.522 0.8888888955
69738  -7.721  -9.437  -27.736 0.8888888955
92094  -4.907  -10.972  -23.238 0.5555555820
163763  -4.592  -10.260  -23.788 0.5555555820
55885  -4.376  -9.679  -24.520 0.6666666865
55886  -4.668  -9.479  -25.180 0.8888888955
15565  -6.317  -9.907  -26.442 0.8888888955
101746  -6.468  -9.097  -26.999 0.8888888955
136720  -6.679  -8.265  -27.792 1.0000000000
69740  -8.266  -9.105  -28.183 0.8888888955
136722  -7.724  -8.100  -28.635 1.0000000000
93435  -4.275  -8.944  -24.192 0.7777777910
55883  -4.291  -8.240  -25.708 1.0000000000
118171  -4.130  -7.356  -26.160 1.0000000000
24314  -4.912  -7.980  -26.577 1.0000000000
15564  -5.173  -7.099  -27.399 1.0000000000
118172  -4.602  -7.443  -26.660 1.0000000000
101744  -5.777  -7.208  -27.689 1.0000000000
46283  -4.878  -6.686  -27.438 1.0000000000
101743  -5.386  -6.693  -27.882 1.0000000000
69730  -6.029  -6.730  -28.162 1.0000000000
69733  -7.606  -7.077  -29.201 1.0000000000
15563  -5.531  -6.249  -28.201 1.0000000000
69731  -6.220  -6.249  -28.677 1.0000000000
136713  -7.763  -6.607  -29.426 1.0000000000
136709  -6.908  -5.604  -29.607 1.0000000000
7034  -8.047  -5.921  -29.901 0.7777777910
46279  -3.616  -6.532  -25.914 0.8888888955
1347  -4.309  -7.089  -26.507 1.0000000000
101742  -5.175  -6.263  -27.958 1.0000000000
46281  -3.940  -6.206  -26.878 1.0000000000
101740  -4.752  -5.802  -27.946 1.0000000000
69729  -5.174  -5.276  -28.602 1.0000000000
31773  -6.019  -5.483  -29.151 1.0000000000
136708  -6.408  -4.998  -29.655 1.0000000000
89685  -7.138  -5.167  -29.974 1.0000000000
89687  -8.316  -5.463  -30.200 0.8888888955
89686  -7.514  -4.648  -30.138 1.0000000000
39972  -8.490  -4.956  -30.451 0.7777777910
160876  -9.614  -4.933  -30.537 0.7777777910
7032  -3.566  -5.187  -26.283 0.5555555820
136699  -3.584  -4.171  -27.677 0.7777777910
136700  -3.666  -4.926  -27.353 0.8888888955
69725  -4.388  -4.970  -28.262 1.0000000000
7033  -4.670  -5.311  -28.266 1.0000000000
31770  -4.007  -4.418  -28.000 0.8888888955
69726  -4.572  -4.438  -28.596 1.0000000000
31771  -5.367  -4.519  -29.214 1.0000000000
136706  -6.258  -4.071  -29.821 1.0000000000
160872  -7.234  -4.234  -30.166 0.8888888955
43884  -6.569  -3.705  -30.150 1.0000000000
13164  -7.496  -3.774  -30.439 0.8888888955
62530  -9.103  -3.396  -30.937 0.7777777910
62534  -10.678  -3.817  -31.063 0.6666666865
62532  -10.167  -3.491  -31.400 0.6666666865
127454  -3.235  -3.665  -26.289 0.4444444478
136698  -3.266  -4.063  -26.825 0.7777777910
62514  -2.833  -3.311  -27.040 0.6666666865
97413  -3.138  -3.263  -28.190 0.7777777910
97412  -3.587  -3.674  -28.304 0.8888888955
13158  -4.272  -3.644  -28.777 0.8888888955
136705  -5.520  -4.061  -29.453 1.0000000000
43879  -4.319  -3.102  -29.066 1.0000000000
43880  -5.138  -3.059  -29.522 1.0000000000
43882  -5.940  -3.141  -29.958 1.0000000000
13162  -6.490  -2.772  -30.399 0.8888888955
97422  -7.558  -2.942  -30.876 0.7777777910
13163  -8.662  -2.918  -31.141 0.7777777910
62533  -11.248  -3.350  -31.667 0.5555555820
127479  -9.230  -2.506  -31.532 0.7777777910
127480  -10.274  -2.391  -31.737 0.6666666865
127458  -2.608  -2.517  -27.308 0.6666666865
127457  -2.834  -2.824  -26.780 0.6666666865
127459  -2.893  -2.815  -27.997 0.7777777910
127460  -2.683  -2.386  -27.811 0.7777777910
13159  -3.283  -2.762  -28.508 0.8888888955
97415  -3.862  -2.679  -28.886 0.8888888955
62516  -3.583  -2.224  -28.817 1.0000000000
97416  -4.009  -2.093  -29.214 1.0000000000
97418  -4.877  -2.048  -29.834 1.0000000000
43881  -5.378  -2.530  -29.935 0.8888888955
62523  -6.294  -1.764  -30.748 0.8888888955
5482  -7.561  -1.962  -31.213 0.8888888955
97421  -7.990  -2.422  -31.212 0.7777777910
62524  -5.609  -1.156  -30.692 0.8888888955
62525  -7.063  -1.473  -31.148 0.7777777910
62527  -7.958  -1.327  -31.498 0.7777777910
28302  -9.613  -1.859  -31.885 0.7777777910
127478  -10.511  -1.817  -32.507 0.6666666865
5479  -2.500  -1.953  -27.148 0.6666666865
89626  -2.796  -2.411  -26.761 0.5555555820
127461  -2.459  -1.944  -27.655 0.7777777910
28295  -2.733  -1.844  -28.142 0.8888888955
62518  -3.056  -1.776  -28.605 0.8888888955
62520  -3.250  -1.216  -28.981 1.0000000000
5480  -3.686  -1.630  -29.277 1.0000000000
127469  -4.659  -1.048  -30.099 1.0000000000
13161  -5.310  -1.694  -30.236 0.8888888955
62526  -7.516  -0.887  -31.539 0.7777777910
127473  -7.988  -0.424  -32.073 0.7777777910
127476  -9.583  -0.990  -32.529 0.6666666865
28301  -10.811  -0.967  -32.754 0.5555555820
89670  -11.065  -1.284  -32.699 0.5555555820
113680  -2.389  -1.434  -27.483 0.7777777910
113682  -2.427  -1.046  -27.413 0.6666666865
127462  -2.549  -1.399  -28.097 0.8888888955
28296  -2.839  -0.729  -28.833 1.0000000000
62521  -3.511  -0.557  -29.421 1.0000000000
127468  -4.754  -0.246  -30.434 0.8888888955
127470  -5.177  -0.741  -30.625 0.8888888955
5481  -5.258  0.158  -30.826 0.8888888955
28299  -6.274  -0.832  -31.090 0.8888888955
22203  -7.570  -0.094  -32.041 0.7777777910
52924  -7.988  0.426  -32.709 0.7777777910
52923  -8.526  0.027  -32.702 0.7777777910
127475  -10.265  -0.561  -32.913 0.5555555820
22204  -6.493  0.956  -31.829 0.7777777910
52925  -9.270  0.325  -33.290 0.5555555820
52929  -10.888  -0.166  -33.232 0.5555555820
22205  -8.809  0.787  -33.299 0.6666666865
9904  -2.841  -0.160  -26.471 0.4444444478
113683  -2.453  -0.578  -27.186 0.5555555820
52918  -2.236  -0.001  -28.036 0.7777777910
127464  -2.834  -0.338  -28.848 1.0000000000
52916  -2.429  -0.478  -28.384 0.8888888955
127465  -2.964  0.135  -29.137 1.0000000000
28297  -3.580  0.268  -29.722 0.8888888955
89649  -3.954  0.655  -30.107 0.8888888955
89648  -4.368  0.140  -30.280 0.8888888955
89650  -4.928  0.627  -30.685 0.8888888955
113694  -5.873  0.573  -31.240 0.8888888955
113696  -7.606  0.796  -32.617 0.6666666865
52926  -10.023  0.674  -33.566 0.5555555820
9905  -1.878  1.906  -28.196 0.6666666865
113687  -2.010  0.931  -27.749 0.6666666865
113690  -2.391  1.451  -28.903 0.7777777910
22202  -2.859  1.098  -29.390 0.8888888955
113691  -2.743  1.526  -29.349 0.7777777910
113692  -3.289  1.564  -29.792 0.7777777910
160828  -3.638  1.102  -29.965 0.8888888955
9906  -3.802  2.037  -30.293 0.7777777910
39957  -4.533  1.115  -30.520 0.8888888955
160832  -4.605  2.018  -30.879 0.7777777910
160831  -4.941  1.559  -30.885 0.7777777910
89652  -6.162  1.303  -31.700 0.6666666865
39956  -4.805  2.848  -31.425 0.6666666865
89654  -6.291  2.193  -32.332 0.6666666865
89653  -6.819  1.742  -32.594 0.6666666865
89651  -7.377  1.193  -32.768 0.5555555820
160835  -6.661  2.954  -32.792 0.6666666865
39959  -7.076  2.545  -32.882 0.5555555820
89657  -8.774  2.026  -33.515 0.5555555820
113699  -9.750  1.073  -33.649 0.4444444478
89656  -8.373  2.395  -33.429 0.5555555820
603  -2.188  3.657  -27.975 0.3333333433
160817  -2.031  3.324  -27.938 0.3333333433
89641  -2.004  2.868  -28.735 0.5555555820
89642  -2.113  2.479  -28.800 0.6666666865
160819  -2.129  3.382  -29.146 0.5555555820
160821  -2.429  2.402  -29.307 0.7777777910
89644  -2.881  2.496  -29.763 0.7777777910
160823  -3.033  3.420  -30.211 0.6666666865
89645  -3.383  2.530  -30.255 0.6666666865
39955  -3.209  3.013  -30.263 0.6666666865
89646  -3.962  2.927  -30.805 0.6666666865
160825  -4.404  3.421  -31.317 0.6666666865
127442  -5.214  3.590  -32.034 0.6666666865
2447  -6.322  3.314  -32.767 0.6666666865
160836  -7.938  2.772  -33.416 0.5555555820
22184  -8.925  3.172  -33.984 0.5555555820
52904  -7.561  3.163  -33.487 0.6666666865
43872  -2.106  4.065  -28.562 0.4444444478
43870  -2.447  3.878  -27.821 0.4444444478
43874  -2.010  3.764  -28.584 0.4444444478
13152  -2.283  4.602  -28.907 0.5555555820
13154  -2.133  3.713  -29.149 0.5555555820
97406  -2.462  3.846  -29.633 0.6666666865
160820  -2.528  3.424  -29.698 0.6666666865
5474  -2.899  3.848  -30.125 0.6666666865
160824  -3.727  3.396  -30.755 0.6666666865
28286  -4.201  3.850  -31.298 0.6666666865
127441  -4.942  3.957  -32.027 0.6666666865
52901  -6.964  3.945  -33.586 0.6666666865
22182  -8.346  3.914  -34.098 0.5555555820
52903  -8.619  3.492  -33.999 0.6666666865
97401  -2.295  4.889  -28.718 0.4444444478
13153  -2.771  4.657  -30.100 0.6666666865
62500  -2.883  4.289  -30.174 0.6666666865
62501  -3.235  4.595  -30.707 0.6666666865
62504  -3.454  3.967  -30.614 0.6666666865
62502  -3.291  4.367  -30.628 0.6666666865
22180  -5.800  4.029  -32.947 0.6666666865
118178  -5.459  -9.280  -26.062 0.8888888955
118176  -4.482  -9.054  -25.356 1.0000000000
118174  -4.704  -8.222  -26.188 1.0000000000
69736  -5.394  -7.927  -26.876 1.0000000000
136721  -7.144  -7.822  -28.102 1.0000000000
127456  -3.157  -3.168  -26.647 0.5555555820
97419  -5.911  -2.233  -30.271 0.8888888955
113681  -2.583  -1.512  -26.941 0.5555555820
113685  -2.401  0.265  -26.701 0.5555555820
22196  -2.351  -1.039  -27.970 0.7777777910
127466  -3.242  -0.186  -29.305 1.0000000000
113693  -6.185  0.132  -31.288 0.8888888955
89635  -2.990  0.212  -26.533 0.2222222239
113697  -8.502  1.145  -33.354 0.6666666865
89643  -3.064  2.046  -29.749 0.7777777910
113698  -9.315  1.570  -33.621 0.4444444478
97405  -2.414  4.247  -29.536 0.6666666865
97403  -2.764  4.991  -30.081 0.6666666865
28293  -3.111  -2.852  -26.450 0.4444444478
89628  -2.770  -2.084  -26.769 0.4444444478
113659  -10.013  3.747  -34.548 0.5555555820
113660  -10.264  3.399  -34.504 0.5555555820
13150  -2.648  4.179  -27.795 0.2222222239
43871  -2.218  4.507  -28.355 0.3333333433
113658  -9.645  4.167  -34.507 0.5555555820
115161  -5.362  -12.094  -23.462 0.5555555820
23020  -5.735  -12.110  -24.199 0.5555555820
163766  -5.318  -11.259  -24.553 0.6666666865
163768  -5.988  -11.062  -25.196 0.5555555820
163769  -6.733  -11.280  -25.557 0.5555555820
15567  -7.315  -10.055  -26.819 0.7777777910
101749  -8.323  -9.984  -27.539 0.8888888955
92090  -5.124  -11.770  -22.862 0.5555555820
118181  -6.616  -10.780  -25.848 0.6666666865
46285  -6.751  -10.362  -26.142 0.6666666865
46286  -6.887  -10.000  -26.727 0.8888888955
7036  -8.356  -9.477  -27.875 0.7777777910
69742  -8.759  -9.171  -28.322 0.7777777910
136723  -8.549  -8.283  -28.882 0.8888888955
40934  -5.084  -10.967  -22.601 0.4444444478
41669  -4.643  -9.419  -23.286 0.5555555820
31775  -8.213  -7.616  -28.902 1.0000000000
93432  -4.605  -8.351  -23.691 0.2222222239
3267  -4.103  -8.394  -24.822 0.6666666865
22215  -8.820  -6.800  -29.749 0.8888888955
113717  -9.194  -6.497  -30.076 0.6666666865
160875  -9.211  -5.407  -30.232 0.7777777910
89689  -10.032  -5.547  -30.551 0.6666666865
118169  -3.964  -7.177  -25.158 0.5555555820
39973  -10.707  -4.907  -30.706 0.6666666865
15559  -3.694  -5.883  -25.438 0.4444444478
160878  -11.370  -4.393  -31.025 0.5555555820
127483  -12.314  -3.328  -31.951 0.5555555820
136695  -3.960  -4.371  -25.874 0.2222222239
127482  -11.777  -2.797  -32.107 0.5555555820
127455  -3.367  -3.169  -26.242 0.4444444478
5483  -11.696  -1.734  -32.645 0.5555555820
160802  -3.978  -2.021  -26.296 0.3333333433
89672  -12.304  -1.328  -32.710 0.5555555820
89629  -2.761  -0.546  -26.690 0.4444444478
160855  -12.607  -0.481  -32.806 0.4444444478
89633  -3.399  -0.195  -26.487 0.3333333433
52928  -11.617  0.342  -33.349 0.5555555820
113700  -10.870  1.101  -33.650 0.4444444478
160790  -2.465  3.147  -27.540 0.3333333433
160816  -2.149  2.837  -27.577 0.3333333433
89639  -2.013  2.391  -27.550 0.4444444478
160839  -10.081  1.931  -33.786 0.4444444478
160838  -10.519  3.015  -34.264 0.4444444478
89590  -11.167  4.103  -34.584 0.2222222239
97400  -2.498  4.840  -28.298 0.3333333433
97402  -2.416  4.976  -29.376 0.6666666865
127437  -3.173  5.019  -30.616 0.6666666865
28285  -3.860  4.608  -31.267 0.6666666865
127439  -4.495  4.708  -32.073 0.6666666865
5473  -5.344  4.812  -33.007 0.6666666865
113653  -6.494  4.811  -33.570 0.6666666865
113654  -6.760  4.319  -33.580 0.6666666865
113655  -8.077  4.387  -34.031 0.6666666865
113656  -9.246  4.581  -34.447 0.4444444478
22183  -10.896  4.491  -34.699 0.3333333433
5472  -2.680  5.420  -29.871 0.5555555820
92095  -4.587  -10.708  -23.719 0.5555555820
163764  -4.718  -10.487  -24.199 0.6666666865
92096  -4.979  -11.099  -23.656 0.5555555820
163765  -5.256  -11.333  -24.075 0.6666666865
40937  -5.831  -11.504  -24.892 0.6666666865
3269  -5.084  -10.352  -24.839 0.6666666865
55889  -5.522  -10.547  -25.189 0.7777777910
24317  -6.003  -10.646  -25.535 0.7777777910
55887  -5.067  -9.936  -25.149 0.7777777910
24316  -5.099  -9.627  -25.590 0.8888888955
118179  -5.660  -9.797  -26.055 0.8888888955
69737  -5.701  -8.460  -26.842 1.0000000000
69735  -5.152  -8.303  -26.481 1.0000000000
101745  -6.103  -9.449  -26.428 0.8888888955
118175  -5.133  -8.856  -26.144 1.0000000000
69739  -7.279  -8.834  -27.810 1.0000000000
15566  -7.066  -9.259  -27.333 0.8888888955
101748  -7.478  -9.831  -27.213 0.8888888955
10233  -5.006  -11.555  -23.461 0.5555555820
92092  -4.888  -11.241  -23.067 0.4444444478
92093  -5.001  -10.662  -22.856 0.4444444478
40935  -4.741  -10.449  -23.211 0.5555555820
163762  -4.642  -10.039  -23.450 0.5555555820
10949  -4.542  -9.617  -23.613 0.6666666865
93437  -4.749  -10.010  -24.260 0.6666666865
10948  -4.373  -9.255  -24.736 0.8888888955
93436  -4.315  -9.509  -24.272 0.5555555820
118177  -4.793  -9.136  -25.670 0.8888888955
101747  -6.866  -9.757  -26.792 0.8888888955
136719  -6.460  -8.676  -27.314 1.0000000000
31777  -7.129  -8.305  -28.134 1.0000000000
31776  -6.071  -8.143  -27.352 1.0000000000
136718  -6.457  -7.704  -27.878 1.0000000000
69741  -8.420  -8.619  -28.495 1.0000000000
69734  -7.319  -7.404  -28.560 1.0000000000
10947  -4.483  -8.861  -23.854 0.5555555820
93433  -4.371  -8.600  -24.256 0.6666666865
93434  -4.324  -8.856  -24.853 0.8888888955
41668  -4.378  -9.277  -23.871 0.6666666865
24315  -4.617  -8.641  -25.644 1.0000000000
55882  -4.175  -8.040  -25.139 0.8888888955
24313  -4.138  -7.794  -25.645 0.8888888955
55884  -4.208  -8.477  -25.119 1.0000000000
118173  -4.426  -7.897  -26.078 1.0000000000
118170  -3.900  -7.229  -25.577 0.8888888955
46278  -3.964  -7.033  -26.080 1.0000000000
136716  -5.117  -7.490  -27.081 1.0000000000
46284  -4.805  -7.107  -27.103 1.0000000000
136717  -5.634  -7.529  -27.434 1.0000000000
7035  -6.570  -7.322  -28.239 1.0000000000
46282  -4.357  -6.609  -27.013 1.0000000000
15562  -4.417  -6.201  -27.505 1.0000000000
69732  -6.684  -6.902  -28.544 1.0000000000
136714  -8.592  -7.341  -29.404 0.8888888955
31774  -7.155  -6.565  -29.020 1.0000000000
136710  -5.761  -5.821  -28.649 1.0000000000
101741  -5.072  -5.734  -28.294 1.0000000000
136711  -6.699  -6.101  -29.245 1.0000000000
136712  -7.414  -6.138  -29.554 1.0000000000
113715  -8.175  -6.281  -29.779 0.8888888955
113716  -8.393  -5.830  -30.094 0.7777777910
15560  -3.786  -6.158  -26.489 1.0000000000
101735  -3.539  -5.987  -25.906 0.5555555820
15558  -3.721  -6.876  -25.432 0.6666666865
46280  -3.848  -6.573  -26.460 1.0000000000
101734  -3.643  -6.480  -25.444 0.5555555820
101739  -4.200  -5.669  -27.395 1.0000000000
101738  -3.806  -5.645  -26.975 0.8888888955
69723  -4.174  -5.307  -27.920 1.0000000000
69727  -5.035  -4.961  -28.726 1.0000000000
69728  -5.694  -4.970  -29.257 1.0000000000
136707  -6.065  -4.546  -29.604 1.0000000000
31772  -6.941  -4.696  -29.947 1.0000000000
160873  -8.082  -4.380  -30.551 0.8888888955
160874  -9.182  -4.396  -30.689 0.7777777910
160877  -10.252  -4.431  -30.871 0.6666666865
69718  -3.742  -5.156  -25.741 0.5555555820
69716  -3.651  -5.624  -25.981 0.5555555820
69720  -3.566  -4.703  -26.074 0.6666666865
69722  -3.541  -4.886  -26.685 0.6666666865
101736  -3.683  -5.782  -26.361 0.7777777910
101737  -3.522  -5.231  -26.685 0.7777777910
31769  -3.499  -4.486  -27.232 0.7777777910
62513  -3.158  -3.657  -27.289 0.6666666865
5478  -3.177  -3.638  -27.708 0.8888888955
136701  -3.595  -4.464  -27.449 0.8888888955
136702  -3.803  -4.113  -28.050 0.8888888955
15561  -3.884  -5.392  -27.393 0.8888888955
69724  -3.914  -4.898  -27.790 1.0000000000
136703  -4.173  -4.074  -28.456 0.8888888955
136704  -4.469  -3.976  -28.821 1.0000000000
604  -5.756  -3.646  -29.679 1.0000000000
43883  -7.031  -3.245  -30.517 0.8888888955
97423  -8.387  -3.523  -30.850 0.8888888955
97424  -8.573  -3.842  -30.769 0.7777777910
5484  -9.706  -4.008  -31.139 0.7777777910
62531  -9.740  -2.992  -31.526 0.6666666865
28304  -11.719  -3.878  -31.468 0.5555555820
28303  -10.776  -2.946  -31.779 0.6666666865
28292  -3.178  -3.628  -26.540 0.5555555820
1346  -3.708  -3.595  -26.117 0.3333333433
136696  -3.696  -3.943  -26.061 0.3333333433
136697  -3.413  -4.010  -26.556 0.4444444478
69721  -3.547  -4.328  -26.509 0.6666666865
28294  -2.604  -2.838  -27.345 0.6666666865
62515  -3.012  -3.331  -27.588 0.7777777910
97414  -3.728  -3.104  -28.588 0.8888888955
43878  -5.011  -3.494  -29.183 1.0000000000
13160  -4.507  -2.551  -29.378 1.0000000000
97420  -6.965  -2.350  -30.694 0.7777777910
62529  -8.586  -1.934  -31.508 0.7777777910
127481  -10.923  -2.314  -32.298 0.5555555820
62517  -2.877  -2.278  -28.199 0.8888888955
97417  -4.425  -1.643  -29.686 1.0000000000
28300  -8.639  -1.055  -32.015 0.7777777910
62528  -9.066  -1.492  -31.991 0.7777777910
127477  -10.071  -1.474  -32.555 0.6666666865
89627  -3.220  -2.362  -26.341 0.4444444478
62519  -2.694  -1.385  -28.423 0.8888888955
62522  -3.717  -0.991  -29.553 1.0000000000
28298  -4.190  -0.615  -29.998 0.8888888955
127472  -6.848  -0.379  -31.481 0.7777777910
127474  -9.113  -0.559  -32.574 0.6666666865
160854  -11.307  -0.484  -32.992 0.5555555820
89671  -11.748  -0.882  -32.866 0.5555555820
22197  -2.633  -0.975  -26.925 0.5555555820
52917  -2.304  -0.625  -27.864 0.6666666865
127463  -2.578  -0.915  -28.475 0.8888888955
127467  -3.960  -0.238  -29.914 1.0000000000
127471  -5.751  -0.348  -30.947 0.8888888955
113695  -7.042  0.457  -31.941 0.8888888955
2450  -9.692  -0.080  -33.107 0.6666666865
160830  -5.428  1.056  -31.075 0.8888888955
52927  -10.404  0.297  -33.397 0.5555555820
113684  -2.438  -0.122  -26.946 0.5555555820
22198  -2.200  -0.060  -27.511 0.5555555820
2449  -2.519  0.150  -28.649 1.0000000000
52920  -2.353  0.515  -28.521 0.7777777910
52919  -2.120  0.463  -27.881 0.7777777910
160827  -3.125  0.720  -29.507 0.8888888955
52922  -2.887  0.554  -29.143 0.7777777910
22207  -11.186  0.692  -33.498 0.5555555820
89638  -1.931  1.941  -27.505 0.5555555820
89636  -1.921  1.471  -27.485 0.5555555820
89640  -1.854  2.481  -28.131 0.4444444478
113688  -2.085  1.537  -28.272 0.6666666865
113689  -2.292  1.979  -28.885 0.6666666865
22200  -2.171  0.974  -28.366 0.7777777910
113686  -2.176  0.386  -27.095 0.7777777910
22199  -2.082  0.766  -26.913 0.6666666865
22201  -2.519  1.963  -29.293 0.7777777910
52921  -2.451  1.066  -28.970 0.7777777910
160829  -4.088  1.589  -30.374 0.7777777910
89647  -4.302  2.437  -30.811 0.6666666865
39958  -5.680  1.844  -31.514 0.6666666865
160833  -5.164  2.378  -31.452 0.6666666865
160826  -5.545  3.131  -32.068 0.6666666865
160834  -5.815  2.718  -32.141 0.6666666865
89655  -7.601  2.064  -33.023 0.5555555820
9907  -8.074  1.600  -33.200 0.5555555820
39960  -9.780  2.326  -33.898 0.4444444478
22206  -10.499  1.506  -33.702 0.4444444478
160837  -9.223  2.811  -33.920 0.5555555820
39953  -1.919  2.961  -27.982 0.4444444478
160818  -2.006  3.352  -28.598 0.5555555820
39954  -2.250  2.916  -29.230 0.6666666865
160822  -2.704  2.995  -29.836 0.7777777910
52900  -6.054  3.655  -32.819 0.6666666865
52902  -7.238  3.559  -33.541 0.6666666865
43873  -2.201  4.189  -29.013 0.5555555820
97404  -2.418  4.667  -29.485 0.6666666865
62503  -4.000  4.242  -31.264 0.6666666865
127440  -4.685  4.299  -32.021 0.6666666865
113652  -5.559  4.394  -33.012 0.6666666865
160803  -2.938  -1.497  -26.663 0.4444444478
160812  -2.504  0.711  -26.516 0.3333333433
160800  -3.645  -2.763  -26.174 0.4444444478
39948  -3.392  -1.976  -26.393 0.4444444478
9899  -11.419  3.705  -34.452 0.3333333433
113657  -10.583  4.949  -34.764 0.3333333433
115162  -5.296  -11.855  -23.846 0.5555555820
101751  -8.666  -10.452  -27.380 0.6666666865
92091  -5.063  -11.371  -22.443 0.4444444478
23018  -5.136  -12.027  -22.599 0.5555555820
136715  -9.075  -7.785  -29.245 0.7777777910
163757  -5.356  -11.103  -22.085 0.3333333433
163761  -4.867  -9.849  -23.194 0.4444444478
22216  -9.574  -6.008  -30.292 0.6666666865
55881  -4.038  -7.656  -25.250 0.7777777910
31768  -3.629  -4.383  -26.121 0.3333333433
69719  -3.866  -4.708  -25.832 0.3333333433
136694  -4.387  -4.814  -25.746 0.1111111119
136687  -4.331  -3.984  -26.030 0.1111111119
160801  -3.674  -2.488  -26.242 0.4444444478
160804  -3.593  -1.716  -26.494 0.3333333433
89630  -3.166  -1.001  -26.555 0.3333333433
39952  -2.169  1.792  -26.835 0.3333333433
22181  -7.837  4.835  -33.991 0.6666666865
89583  -8.884  5.130  -34.427 0.4444444478
92106  -9.151  -13.727  -25.293 0.4444444478
23024  -10.932  -14.900  -25.096 0.2222222239
53740  -6.041  -12.896  -23.742 0.4444444478
23021  -6.626  -13.185  -23.993 0.4444444478
92097  -6.293  -12.351  -24.511 0.4444444478
10234  -7.043  -12.662  -24.954 0.4444444478
40940  -8.435  -13.029  -25.424 0.4444444478
92109  -9.392  -12.841  -25.957 0.4444444478
163783  -10.796  -13.272  -26.183 0.2222222239
40938  -7.152  -11.869  -25.538 0.4444444478
163778  -7.945  -11.992  -25.830 0.4444444478
40941  -8.688  -12.131  -26.072 0.4444444478
40943  -12.044  -12.985  -26.584 0.1111111119
92115  -12.747  -13.222  -26.616 0.1111111119
163780  -8.744  -11.736  -26.444 0.4444444478
163782  -10.406  -12.154  -26.715 0.3333333433
163770  -7.454  -11.472  -25.875 0.4444444478
163779  -8.086  -11.588  -26.184 0.4444444478
163781  -9.539  -11.948  -26.630 0.3333333433
7037  -10.757  -11.727  -27.148 0.3333333433
163786  -11.927  -12.575  -26.899 0.2222222239
15569  -8.817  -11.286  -26.617 0.4444444478
101753  -9.560  -11.437  -26.816 0.3333333433
1349  -7.318  -10.940  -26.119 0.5555555820
46289  -8.171  -11.153  -26.425 0.4444444478
31780  -11.237  -10.890  -27.727 0.2222222239
136731  -11.909  -11.040  -27.839 0.1111111119
97427  -13.266  -10.732  -28.161 0.1111111119
69746  -10.708  -10.770  -27.661 0.3333333433
136729  -10.505  -10.329  -27.761 0.3333333433
69744  -9.650  -9.739  -28.061 0.4444444478
69743  -9.663  -9.258  -28.396 0.5555555820
136725  -10.294  -8.956  -28.710 0.6666666865
62536  -12.122  -9.097  -28.868 0.4444444478
136724  -9.421  -8.400  -28.974 0.6666666865
89693  -12.336  -7.993  -29.459 0.3333333433
1348  -9.936  -7.959  -29.331 0.6666666865
160881  -11.189  -7.518  -29.659 0.5555555820
52935  -9.276  -7.518  -29.512 0.6666666865
22217  -10.838  -7.033  -29.844 0.5555555820
160882  -11.625  -7.052  -29.968 0.5555555820
89694  -12.354  -7.530  -29.610 0.4444444478
160883  -12.237  -6.624  -30.209 0.3333333433
52936  -9.789  -7.059  -29.866 0.5555555820
89692  -12.280  -5.598  -30.711 0.4444444478
89691  -11.805  -4.955  -30.898 0.5555555820
9912  -11.505  -6.001  -30.318 0.4444444478
160879  -12.164  -4.343  -31.319 0.4444444478
127438  -3.654  4.974  -31.218 0.5555555820
28284  -3.572  5.324  -31.160 0.5555555820
127436  -4.348  5.074  -32.094 0.5555555820
89580  -5.130  5.374  -32.859 0.5555555820
89582  -6.252  5.334  -33.492 0.5555555820
39930  -7.275  5.746  -33.986 0.5555555820
40939  -8.244  -13.860  -24.710 0.4444444478
115170  -10.569  -14.282  -25.451 0.2222222239
92098  -5.869  -11.856  -24.693 0.4444444478
163785  -11.193  -12.342  -26.798 0.2222222239
69748  -11.747  -11.473  -27.444 0.2222222239
136732  -12.624  -11.653  -27.492 0.1111111119
136727  -11.260  -9.958  -28.103 0.4444444478
5485  -11.861  -10.058  -28.336 0.3333333433
31779  -10.667  -9.903  -28.115 0.4444444478
127485  -10.235  -8.493  -29.150 0.6666666865
127487  -11.175  -8.452  -29.123 0.4444444478
160886  -12.327  -5.889  -30.531 0.3333333433
39974  -12.884  -4.821  -30.996 0.4444444478
22210  -12.468  -2.688  -32.360 0.4444444478
127434  -3.961  6.103  -31.867 0.5555555820
127432  -3.885  6.629  -31.827 0.5555555820
92100  -6.452  -11.745  -25.227 0.4444444478
28307  -13.099  -9.120  -28.836 0.2222222239
160749  -7.596  5.284  -34.015 0.5555555820
128610  -7.095  -14.481  -23.388 0.4444444478
28789  -7.852  -14.421  -23.859 0.4444444478
92102  -8.471  -14.761  -24.070 0.4444444478
115168  -10.009  -14.977  -24.656 0.2222222239
53743  -10.792  -15.328  -24.751 0.2222222239
53744  -11.547  -15.517  -24.768 0.1111111119
53738  -5.574  -12.955  -23.194 0.4444444478
2559  -6.587  -13.866  -23.504 0.4444444478
23025  -11.414  -14.018  -25.860 0.1111111119
92114  -12.362  -13.845  -26.344 0.1111111119
53745  -11.559  -15.104  -25.156 0.1111111119
40944  -13.542  -13.471  -26.719 0.1111111119
136733  -13.041  -12.346  -27.272 0.1111111119
43887  -13.797  -11.851  -27.586 0.1111111119
97428  -13.824  -10.773  -28.172 0.1111111119
13166  -13.700  -10.304  -28.445 0.1111111119
127491  -13.798  -9.186  -29.049 0.2222222239
89695  -13.096  -7.505  -29.574 0.1111111119
127489  -13.225  -8.634  -29.123 0.2222222239
160885  -13.202  -6.478  -30.106 0.2222222239
39976  -13.759  -5.978  -30.403 0.2222222239
160887  -12.847  -5.265  -30.762 0.3333333433
127484  -12.704  -3.741  -31.614 0.4444444478
52930  -12.944  -3.087  -32.046 0.3333333433
52931  -13.389  -2.614  -32.248 0.3333333433
113706  -12.272  -2.193  -32.552 0.4444444478
113708  -13.177  -2.093  -32.490 0.3333333433
89637  -2.004  1.269  -26.755 0.4444444478
22209  -11.994  0.004  -33.253 0.4444444478
89659  -11.297  2.065  -33.806 0.3333333433
62493  -2.480  5.329  -29.233 0.4444444478
89584  -8.636  5.549  -34.440 0.5555555820
62497  -2.929  5.829  -30.389 0.5555555820
28282  -3.375  6.228  -31.033 0.5555555820
28283  -4.976  5.955  -32.812 0.5555555820
160746  -5.796  6.455  -33.332 0.5555555820
160747  -6.972  6.257  -33.973 0.5555555820
127431  -3.287  6.690  -30.891 0.5555555820
23019  -5.766  -12.763  -23.574 0.4444444478
115163  -5.742  -12.375  -23.920 0.4444444478
115164  -6.301  -12.703  -24.317 0.4444444478
46287  -7.558  -10.583  -26.603 0.5555555820
46288  -8.423  -10.804  -26.954 0.5555555820
101750  -8.939  -10.054  -27.622 0.6666666865
31778  -9.301  -8.826  -28.723 0.6666666865
113718  -10.187  -6.551  -30.062 0.5555555820
89688  -10.772  -6.066  -30.235 0.5555555820
89690  -11.117  -5.452  -30.535 0.4444444478
113707  -12.734  -1.765  -32.672 0.4444444478
160840  -10.884  2.563  -34.044 0.3333333433
92099  -6.523  -12.138  -24.995 0.4444444478
15568  -9.737  -10.645  -27.641 0.3333333433
101752  -9.132  -10.921  -27.036 0.3333333433
163775  -8.226  -13.362  -25.090 0.4444444478
92105  -9.897  -14.002  -25.417 0.4444444478
23023  -9.845  -14.394  -24.970 0.3333333433
92107  -9.262  -13.257  -25.660 0.4444444478
163774  -8.885  -14.001  -24.785 0.4444444478
115169  -10.423  -14.636  -25.044 0.3333333433
115172  -11.256  -14.447  -25.391 0.1111111119
53739  -6.088  -13.284  -23.558 0.4444444478
53741  -6.583  -13.574  -23.832 0.4444444478
115165  -6.792  -12.945  -24.506 0.4444444478
163771  -7.218  -13.829  -24.104 0.4444444478
163772  -7.544  -13.646  -24.534 0.4444444478
92101  -7.153  -12.330  -25.237 0.4444444478
163773  -7.437  -13.138  -24.780 0.4444444478
163776  -7.719  -12.830  -25.205 0.4444444478
163777  -7.804  -12.419  -25.515 0.4444444478
92108  -8.562  -12.586  -25.758 0.4444444478
10235  -10.023  -13.485  -25.759 0.4444444478
92111  -10.257  -13.117  -26.108 0.4444444478
92110  -9.329  -12.386  -26.222 0.4444444478
115171  -10.871  -13.752  -25.885 0.2222222239
40942  -10.047  -12.590  -26.375 0.4444444478
92113  -11.619  -13.573  -26.315 0.1111111119
163784  -11.115  -12.816  -26.497 0.2222222239
163787  -12.492  -12.778  -26.987 0.1111111119
92116  -12.935  -14.017  -26.286 0.1111111119
69747  -11.012  -11.284  -27.262 0.3333333433
69745  -10.150  -11.105  -27.100 0.3333333433
69749  -11.482  -11.920  -27.214 0.2222222239
31781  -12.240  -12.128  -27.245 0.2222222239
136730  -11.372  -10.466  -27.977 0.2222222239
97425  -12.480  -10.675  -28.161 0.1111111119
13165  -12.650  -11.203  -27.933 0.1111111119
97426  -12.943  -10.109  -28.339 0.1111111119
43886  -13.402  -11.387  -28.020 0.1111111119
136728  -9.712  -10.175  -27.591 0.3333333433
136726  -10.805  -9.457  -28.514 0.4444444478
28305  -11.019  -8.935  -28.694 0.4444444478
127488  -12.075  -8.594  -29.184 0.3333333433
62535  -11.699  -9.523  -28.614 0.4444444478
62537  -12.332  -9.699  -28.720 0.3333333433
5486  -13.429  -7.973  -29.379 0.1111111119
28306  -11.783  -8.055  -29.357 0.4444444478
52937  -10.603  -7.553  -29.661 0.5555555820
127486  -10.902  -8.086  -29.553 0.5555555820
113719  -11.281  -6.601  -30.198 0.5555555820
39975  -12.801  -7.010  -29.864 0.3333333433
160880  -13.143  -4.183  -31.464 0.4444444478
127435  -4.070  5.552  -31.924 0.5555555820
62498  -3.454  5.743  -31.083 0.5555555820
89581  -5.907  5.884  -33.384 0.5555555820
92103  -7.799  -14.099  -24.218 0.4444444478
92104  -8.574  -14.481  -24.388 0.4444444478
43885  -13.165  -11.742  -27.540 0.1111111119
52893  -3.817  7.107  -31.661 0.5555555820
127490  -13.318  -9.703  -28.680 0.2222222239
128612  -7.587  -14.752  -23.577 0.4444444478
128611  -7.259  -14.158  -23.729 0.4444444478
5755  -9.191  -15.093  -24.179 0.4444444478
115166  -10.066  -15.384  -24.353 0.2222222239
115167  -9.400  -14.732  -24.543 0.4444444478
53737  -6.075  -13.561  -23.299 0.4444444478
23017  -5.555  -13.321  -22.922 0.4444444478
92112  -12.227  -14.247  -25.881 0.1111111119
115173  -11.959  -14.657  -25.435 0.1111111119
163788  -13.340  -12.859  -26.934 0.1111111119
128593  -8.470  -19.423  -19.823 0.1111111119
53729  -5.728  -16.773  -20.511 0.3333333433
128597  -7.337  -18.190  -20.512 0.2222222239
128594  -7.899  -18.861  -20.216 0.2222222239
28782  -8.523  -19.302  -20.126 0.1111111119
128595  -8.763  -18.873  -20.549 0.1111111119
53733  -4.981  -14.728  -20.436 0.3333333433
53731  -5.072  -15.540  -20.173 0.3333333433
23010  -5.309  -16.265  -20.188 0.3333333433
28784  -6.589  -16.615  -21.250 0.3333333433
63332  -7.098  -16.881  -21.368 0.3333333433
28783  -7.561  -17.830  -20.923 0.2222222239
5752  -7.732  -17.278  -21.504 0.2222222239
63329  -8.234  -18.301  -20.965 0.2222222239
13431  -8.934  -18.726  -21.023 0.1111111119
63328  -8.410  -17.977  -21.337 0.2222222239
10231  -5.238  -13.280  -20.423 0.2222222239
115152  -5.016  -13.698  -20.358 0.2222222239
115151  -4.996  -14.043  -20.210 0.2222222239
53734  -5.195  -15.147  -20.785 0.3333333433
2558  -5.542  -15.854  -20.863 0.3333333433
128600  -5.964  -16.190  -21.113 0.3333333433
97904  -8.399  -17.671  -21.590 0.1111111119
40931  -5.060  -12.836  -21.165 0.2222222239
163746  -5.060  -13.693  -20.930 0.3333333433
92084  -4.983  -13.207  -21.630 0.3333333433
40930  -5.136  -14.054  -21.297 0.3333333433
23016  -5.267  -13.679  -22.120 0.3333333433
115154  -5.516  -14.202  -22.089 0.3333333433
92081  -5.365  -14.706  -21.436 0.3333333433
5753  -6.002  -14.925  -22.156 0.3333333433
128606  -7.148  -15.819  -22.347 0.3333333433
128607  -6.539  -15.266  -22.380 0.3333333433
63336  -7.845  -16.266  -22.501 0.3333333433
63337  -7.767  -15.890  -22.710 0.3333333433
63335  -8.438  -16.537  -22.605 0.3333333433
97907  -8.964  -17.219  -22.271 0.1111111119
97908  -9.105  -16.937  -22.671 0.2222222239
92087  -5.148  -12.098  -21.404 0.2222222239
92085  -4.873  -12.684  -21.533 0.2222222239
10232  -5.057  -12.455  -21.898 0.3333333433
115156  -5.387  -13.429  -22.489 0.3333333433
53736  -5.967  -13.847  -22.976 0.3333333433
115153  -6.254  -14.714  -22.573 0.3333333433
128609  -6.828  -14.725  -23.095 0.3333333433
63338  -7.417  -15.294  -22.966 0.3333333433
28788  -7.424  -15.037  -23.177 0.3333333433
5754  -8.584  -16.300  -22.914 0.3333333433
97909  -9.194  -16.612  -22.968 0.1111111119
92088  -5.573  -11.721  -21.435 0.3333333433
92089  -5.222  -11.932  -21.859 0.3333333433
115160  -5.409  -12.536  -23.209 0.3333333433
53735  -6.450  -14.154  -23.211 0.3333333433
63340  -8.231  -15.365  -23.468 0.3333333433
128613  -8.293  -15.085  -23.692 0.3333333433
128614  -8.954  -15.372  -23.815 0.3333333433
160888  -13.604  -4.684  -31.214 0.2222222239
2451  -13.653  -3.519  -31.746 0.2222222239
160889  -14.136  -4.115  -31.586 0.2222222239
39966  -12.976  -0.879  -32.809 0.3333333433
160857  -13.356  -1.278  -32.684 0.2222222239
23008  -6.175  -17.110  -20.600 0.3333333433
128598  -6.889  -17.502  -20.770 0.3333333433
128596  -8.109  -18.655  -20.596 0.2222222239
97903  -9.195  -18.314  -21.398 0.1111111119
163749  -4.995  -12.956  -20.844 0.3333333433
163745  -5.078  -14.242  -20.983 0.3333333433
128603  -6.406  -15.866  -21.832 0.3333333433
28786  -6.889  -16.121  -21.950 0.3333333433
63334  -7.170  -16.686  -21.667 0.3333333433
13433  -8.080  -16.810  -22.127 0.3333333433
163747  -5.176  -13.869  -21.731 0.3333333433
115157  -5.144  -12.843  -22.384 0.3333333433
28790  -9.032  -15.646  -23.624 0.3333333433
92059  -7.440  -19.299  -19.568 0.1111111119
28781  -8.297  -19.674  -19.379 0.1111111119
115145  -4.957  -15.883  -19.431 0.3333333433
115144  -5.090  -16.425  -19.887 0.3333333433
92061  -5.264  -17.093  -19.836 0.3333333433
23009  -5.792  -17.561  -20.059 0.3333333433
115141  -6.492  -18.067  -20.147 0.3333333433
5751  -7.161  -18.461  -20.189 0.3333333433
128592  -8.889  -19.878  -19.229 0.1111111119
63327  -9.388  -19.391  -20.059 0.1111111119
23012  -4.911  -14.870  -20.007 0.3333333433
97901  -9.594  -19.101  -20.531 0.1111111119
92075  -5.288  -13.431  -19.956 0.2222222239
44151  -9.846  -18.667  -21.334 0.1111111119
92079  -5.390  -12.826  -20.474 0.2222222239
44153  -9.447  -17.687  -22.022 0.1111111119
97910  -9.852  -17.274  -22.680 0.1111111119
92086  -5.214  -12.354  -21.059 0.2222222239
13435  -9.963  -16.914  -23.060 0.1111111119
128615  -9.523  -16.333  -23.312 0.1111111119
128617  -9.748  -15.719  -23.982 0.1111111119
163754  -5.987  -11.411  -21.496 0.1111111119
52932  -13.969  -2.990  -32.193 0.2222222239
160856  -13.554  -0.328  -33.006 0.2222222239
160858  -14.040  -0.860  -32.998 0.2222222239
163759  -5.415  -10.408  -22.406 0.2222222239
55880  -4.210  -7.775  -24.575 0.5555555820
163760  -5.123  -10.234  -22.807 0.3333333433
163756  -5.123  -11.716  -22.105 0.3333333433
115158  -5.152  -12.231  -22.255 0.4444444478
115159  -5.295  -12.638  -22.827 0.4444444478
40933  -5.410  -11.486  -21.708 0.2222222239
113709  -13.955  -2.112  -32.242 0.2222222239
63326  -9.235  -19.640  -19.629 0.1111111119
92058  -7.691  -19.159  -19.873 0.1111111119
115143  -5.480  -16.873  -20.128 0.3333333433
53728  -5.924  -16.427  -20.780 0.3333333433
53730  -5.308  -15.984  -20.531 0.3333333433
115142  -6.059  -17.246  -20.351 0.3333333433
115140  -6.723  -17.679  -20.515 0.3333333433
23014  -4.996  -14.458  -20.762 0.3333333433
53732  -5.095  -15.308  -20.402 0.3333333433
115150  -4.993  -14.289  -19.831 0.2222222239
115147  -4.950  -14.929  -19.594 0.2222222239
115146  -5.005  -15.676  -19.831 0.3333333433
128599  -6.409  -16.814  -20.979 0.3333333433
63331  -7.074  -17.278  -21.159 0.3333333433
128602  -6.174  -16.023  -21.438 0.3333333433
63333  -6.571  -16.313  -21.541 0.3333333433
63330  -7.658  -17.642  -21.204 0.2222222239
97905  -7.976  -17.085  -21.746 0.2222222239
128601  -5.667  -15.652  -21.139 0.3333333433
163744  -5.313  -14.940  -21.265 0.3333333433
13432  -9.234  -18.070  -21.720 0.1111111119
97906  -8.658  -17.415  -21.975 0.1111111119
163748  -4.917  -13.343  -21.192 0.3333333433
163750  -5.233  -12.554  -20.765 0.2222222239
92083  -4.973  -12.992  -21.985 0.3333333433
92082  -5.476  -14.480  -21.889 0.3333333433
115155  -5.781  -14.137  -22.512 0.3333333433
92080  -5.820  -15.118  -21.761 0.3333333433
28785  -5.810  -15.405  -21.507 0.3333333433
128604  -6.550  -15.510  -22.139 0.3333333433
28787  -6.983  -15.546  -22.537 0.3333333433
128605  -7.412  -16.408  -22.035 0.3333333433
128608  -6.685  -14.967  -22.680 0.3333333433
63339  -8.090  -15.604  -23.116 0.3333333433
13434  -9.654  -17.502  -22.376 0.1111111119
40932  -5.567  -11.966  -21.077 0.2222222239
23015  -6.155  -14.363  -22.780 0.3333333433
63341  -8.779  -15.936  -23.243 0.3333333433
128616  -9.779  -15.975  -23.716 0.1111111119
163718  -7.214  -19.586  -19.149 0.1111111119
92060  -7.000  -18.725  -19.911 0.2222222239
10229  -4.980  -16.654  -19.652 0.3333333433
92067  -4.723  -16.073  -19.176 0.2222222239
92063  -5.158  -17.302  -19.636 0.3333333433
92062  -5.693  -17.825  -19.791 0.3333333433
163720  -6.367  -18.325  -19.835 0.3333333433
115148  -5.078  -14.435  -19.533 0.2222222239
92068  -4.980  -14.611  -19.184 0.2222222239
52934  -14.513  -3.466  -31.935 0.1111111119
160890  -14.862  -3.867  -31.546 0.1111111119
113714  -16.025  -3.328  -31.587 0.1111111119
22214  -15.294  -3.393  -31.713 0.1111111119
113712  -14.944  -2.544  -32.260 0.1111111119
22213  -15.711  -2.629  -32.145 0.1111111119
22211  -13.773  -1.603  -32.436 0.1111111119
113711  -15.467  -2.268  -32.446 0.1111111119
89673  -14.544  -1.678  -32.491 0.1111111119
9910  -15.172  -1.819  -32.805 0.1111111119
113703  -12.405  0.813  -33.466 0.2222222239
89674  -14.340  -1.236  -32.711 0.1111111119
89675  -14.933  -1.344  -32.983 0.1111111119
9908  -12.777  1.909  -33.685 0.1111111119
89658  -11.553  1.696  -33.702 0.2222222239
39961  -12.008  2.831  -34.000 0.1111111119
113702  -13.005  1.437  -33.591 0.1111111119
89662  -13.409  2.579  -33.814 0.1111111119
62499  -3.064  5.441  -30.510 0.4444444478
160841  -11.679  3.305  -34.237 0.1111111119
127429  -2.608  6.657  -29.211 0.4444444478
62496  -2.827  6.287  -30.149 0.4444444478
89594  -12.502  4.031  -34.413 0.1111111119
127433  -4.847  6.511  -32.724 0.4444444478
89585  -9.902  5.678  -34.805 0.3333333433
9898  -10.232  5.318  -34.765 0.2222222239
160758  -11.672  5.228  -34.918 0.1111111119
89592  -12.259  4.418  -34.538 0.1111111119
39934  -12.899  5.122  -34.852 0.1111111119
2446  -4.651  7.064  -32.500 0.4444444478
52895  -4.552  7.594  -32.309 0.4444444478
52896  -5.386  7.825  -33.064 0.4444444478
52899  -5.675  6.916  -33.257 0.4444444478
52898  -6.526  7.294  -33.885 0.4444444478
22179  -6.713  6.799  -33.931 0.4444444478
113651  -7.932  6.779  -34.443 0.4444444478
9897  -9.176  6.780  -34.979 0.4444444478
160751  -9.428  6.414  -34.958 0.2222222239
160752  -10.630  6.610  -35.401 0.2222222239
89586  -10.847  6.241  -35.313 0.2222222239
39932  -11.850  6.520  -35.814 0.2222222239
89588  -12.117  6.182  -35.642 0.2222222239
11571  -11.864  9.679  -38.303 0.1111111119
57756  -12.313  8.527  -37.560 0.1111111119
17437  -13.304  6.904  -36.167 0.1111111119
113640  -3.080  7.860  -29.464 0.4444444478
22174  -3.368  8.228  -30.234 0.4444444478
113641  -3.266  7.810  -30.391 0.4444444478
113642  -3.888  8.159  -31.222 0.3333333433
22175  -4.543  8.041  -32.131 0.4444444478
113646  -6.340  8.225  -33.826 0.4444444478
113647  -7.427  8.136  -34.635 0.4444444478
113649  -7.502  7.641  -34.522 0.4444444478
113650  -7.711  7.196  -34.468 0.4444444478
89575  -8.923  7.174  -35.012 0.4444444478
89570  -8.270  8.950  -35.346 0.3333333433
89576  -9.907  7.735  -35.537 0.3333333433
39928  -10.782  7.842  -36.026 0.1111111119
89578  -11.052  7.522  -35.923 0.1111111119
160744  -11.799  7.635  -36.515 0.1111111119
160753  -11.585  6.890  -35.898 0.2222222239
160745  -12.061  7.306  -36.495 0.1111111119
120796  -12.385  7.825  -36.814 0.1111111119
160722  -3.318  8.305  -29.267 0.2222222239
113643  -4.600  8.434  -32.005 0.3333333433
113644  -5.424  8.845  -33.028 0.3333333433
89568  -7.318  8.516  -34.658 0.3333333433
113648  -8.562  8.044  -35.159 0.4444444478
89572  -9.248  8.917  -35.926 0.2222222239
89574  -9.451  8.493  -35.777 0.2222222239
160741  -10.539  8.134  -36.142 0.2222222239
160742  -11.242  8.353  -36.741 0.1111111119
39926  -9.735  9.402  -36.574 0.1111111119
89573  -9.990  8.976  -36.469 0.1111111119
160738  -10.616  8.989  -37.019 0.1111111119
57757  -11.761  8.526  -37.184 0.1111111119
160737  -10.410  9.415  -37.214 0.1111111119
94558  -11.144  9.118  -37.602 0.1111111119
3892  -11.447  8.820  -37.374 0.1111111119
89561  -4.024  8.685  -31.090 0.3333333433
9895  -4.784  8.856  -31.980 0.3333333433
39923  -5.110  9.685  -31.647 0.3333333433
89566  -5.662  9.532  -32.731 0.3333333433
160731  -6.306  9.096  -33.762 0.3333333433
89569  -7.264  8.900  -34.675 0.3333333433
39925  -8.245  9.371  -35.351 0.2222222239
89571  -9.081  9.339  -36.015 0.2222222239
160735  -9.570  9.798  -36.590 0.1111111119
42292  -10.605  9.844  -37.866 0.1111111119
94557  -11.341  9.530  -38.064 0.1111111119
94553  -11.310  11.029  -38.966 0.1111111119
127420  -5.961  10.486  -30.199 0.1111111119
52885  -6.182  10.470  -31.191 0.1111111119
52889  -6.177  10.188  -32.248 0.2222222239
52888  -6.995  10.374  -33.057 0.2222222239
160729  -6.551  9.760  -33.498 0.3333333433
113632  -7.509  10.463  -34.066 0.2222222239
160732  -7.301  9.364  -34.671 0.3333333433
113633  -7.425  10.128  -34.246 0.3333333433
89545  -8.000  10.554  -34.936 0.2222222239
89547  -8.705  10.584  -35.739 0.1111111119
39916  -9.132  11.015  -36.404 0.1111111119
89548  -9.227  10.673  -36.486 0.1111111119
160708  -9.632  10.740  -37.248 0.1111111119
160736  -10.142  9.879  -37.310 0.1111111119
337  -10.350  10.411  -37.854 0.1111111119
42288  -10.568  10.954  -38.183 0.1111111119
42291  -11.100  9.956  -38.112 0.1111111119
94555  -11.996  10.186  -38.652 0.1111111119
120791  -12.317  9.760  -38.564 0.1111111119
22165  -6.482  10.701  -30.962 0.1111111119
113626  -7.391  11.104  -31.378 0.1111111119
52886  -6.785  10.712  -31.908 0.1111111119
22166  -7.809  11.214  -32.271 0.1111111119
89540  -8.595  11.711  -33.955 0.1111111119
9892  -8.432  11.505  -34.253 0.1111111119
22168  -8.046  10.851  -34.769 0.2222222239
89544  -8.743  11.653  -35.101 0.1111111119
160704  -8.666  11.322  -35.416 0.1111111119
160702  -9.436  12.350  -36.642 0.1111111119
160706  -9.384  11.642  -37.060 0.1111111119
6079  -9.703  12.252  -37.506 0.1111111119
29545  -9.894  11.374  -37.725 0.1111111119
39912  -8.219  11.557  -31.853 0.1111111119
160693  -8.544  11.669  -31.642 0.1111111119
160694  -8.753  11.859  -32.539 0.1111111119
39913  -8.778  11.895  -33.696 0.1111111119
160698  -9.238  12.429  -34.350 0.1111111119
89541  -9.078  12.219  -34.593 0.1111111119
160699  -9.416  12.691  -35.186 0.1111111119
160701  -9.536  12.634  -36.339 0.1111111119
89530  -9.607  12.447  -32.879 0.1111111119
22163  -9.855  12.502  -32.647 0.1111111119
89532  -9.713  12.780  -33.926 0.1111111119
160891  -15.952  -4.093  -31.437 0.1111111119
52933  -14.762  -2.889  -31.966 0.1111111119
113713  -15.522  -2.950  -31.886 0.1111111119
89680  -16.244  -2.980  -31.834 0.1111111119
160859  -14.331  -0.385  -33.279 0.1111111119
39967  -14.572  -0.815  -33.128 0.1111111119
9909  -14.096  0.051  -33.336 0.1111111119
89661  -13.150  2.990  -33.971 0.1111111119
127430  -2.864  6.782  -29.968 0.4444444478
160750  -8.356  5.961  -34.451 0.4444444478
39931  -9.637  6.071  -34.918 0.3333333433
89587  -11.084  5.875  -35.178 0.2222222239
89589  -11.397  5.592  -35.074 0.1111111119
39933  -12.392  5.882  -35.402 0.1111111119
89593  -13.097  4.700  -34.581 0.1111111119
52897  -5.585  7.359  -33.186 0.4444444478
160754  -12.322  7.014  -36.417 0.2222222239
160743  -11.518  8.014  -36.606 0.1111111119
25438  -12.069  8.193  -37.000 0.1111111119
48153  -12.991  7.973  -36.997 0.1111111119
22176  -6.291  8.663  -33.853 0.3333333433
57753  -11.659  9.212  -37.944 0.1111111119
113631  -7.671  10.733  -33.774 0.2222222239
89546  -8.646  10.985  -35.613 0.1111111119
160696  -8.521  11.684  -32.773 0.1111111119
39914  -9.262  12.458  -35.436 0.1111111119
98878  -9.676  12.589  -37.315 0.1111111119
89533  -9.916  13.116  -34.746 0.1111111119
89531  -10.016  12.854  -33.588 0.1111111119
89684  -17.460  -3.491  -31.414 0.1111111119
9911  -16.986  -3.534  -31.488 0.1111111119
113705  -13.162  0.062  -33.193 0.2222222239
113701  -11.952  1.261  -33.557 0.2222222239
160842  -12.818  3.553  -34.230 0.1111111119
28281  -2.550  6.135  -29.657 0.4444444478
22173  -3.249  7.281  -30.626 0.4444444478
22177  -6.418  7.770  -33.855 0.4444444478
113645  -5.412  8.347  -33.062 0.4444444478
22178  -8.711  7.620  -35.052 0.4444444478
160740  -9.646  8.089  -35.638 0.2222222239
89537  -7.779  11.287  -31.187 0.1111111119
160692  -8.430  11.512  -30.770 0.1111111119
113623  -9.334  12.096  -32.048 0.1111111119
160697  -9.014  12.107  -33.473 0.1111111119
89534  -9.449  12.619  -34.136 0.1111111119
160895  -17.486  -4.080  -31.175 0.1111111119
39977  -14.602  -4.601  -31.239 0.1111111119
89701  -15.484  -4.591  -31.176 0.1111111119
160892  -16.445  -3.763  -31.359 0.1111111119
39971  -18.259  -3.510  -31.466 0.1111111119
160896  -18.020  -3.981  -31.173 0.1111111119
39970  -17.466  -2.733  -32.092 0.1111111119
160866  -16.047  -2.065  -32.591 0.1111111119
39969  -16.733  -1.722  -32.722 0.1111111119
89677  -15.607  -1.277  -32.893 0.1111111119
89669  -14.643  0.057  -33.256 0.1111111119
160860  -14.909  -0.402  -33.158 0.1111111119
89676  -15.299  -0.902  -33.060 0.1111111119
89667  -14.408  0.578  -33.328 0.1111111119
160849  -14.654  1.595  -33.518 0.1111111119
89663  -14.165  2.728  -33.715 0.1111111119
62495  -2.592  5.770  -29.768 0.4444444478
39962  -13.999  3.173  -33.870 0.1111111119
160843  -13.743  3.681  -34.062 0.1111111119
160760  -13.392  5.689  -35.192 0.1111111119
160762  -13.967  4.945  -34.644 0.1111111119
5471  -2.892  7.180  -28.938 0.4444444478
113639  -2.931  7.278  -29.715 0.4444444478
75348  -14.103  6.592  -35.794 0.1111111119
48156  -13.592  7.357  -36.350 0.1111111119
160723  -3.631  8.678  -29.111 0.2222222239
89562  -3.648  8.697  -30.183 0.3333333433
39922  -3.961  9.112  -30.130 0.2222222239
89564  -4.465  9.508  -30.891 0.2222222239
17433  -13.194  8.314  -37.352 0.1111111119
160717  -5.141  10.090  -29.697 0.1111111119
160727  -5.402  9.932  -31.503 0.2222222239
120792  -12.621  9.345  -38.340 0.1111111119
25436  -12.909  9.739  -38.652 0.1111111119
28277  -5.542  10.214  -29.585 0.1111111119
28276  -6.417  10.468  -29.170 0.1111111119
89535  -7.616  11.113  -30.295 0.1111111119
28274  -7.966  11.218  -30.092 0.1111111119
3890  -12.163  10.590  -39.051 0.1111111119
127412  -8.352  11.288  -29.898 0.1111111119
52882  -9.086  11.653  -30.371 0.1111111119
64953  -9.866  12.750  -37.976 0.1111111119
29544  -10.272  12.488  -38.584 0.1111111119
94550  -10.787  12.026  -39.009 0.1111111119
94551  -11.119  12.100  -39.359 0.1111111119
52883  -9.245  11.897  -31.159 0.1111111119
113622  -9.666  12.182  -31.784 0.1111111119
160691  -9.754  13.126  -35.736 0.1111111119
44690  -9.730  13.892  -37.078 0.1111111119
39910  -10.203  13.267  -34.457 0.1111111119
113704  -12.798  0.443  -33.359 0.1111111119
89591  -11.962  4.805  -34.732 0.1111111119
160748  -8.084  6.367  -34.452 0.4444444478
22212  -14.263  -2.534  -32.253 0.1111111119
89660  -12.390  2.355  -33.810 0.2222222239
52894  -3.815  7.586  -31.371 0.4444444478
113710  -14.587  -2.282  -32.617 0.1111111119
89681  -16.555  -2.573  -32.162 0.1111111119
89679  -15.895  -1.615  -32.696 0.1111111119
22208  -13.368  0.929  -33.468 0.1111111119
89664  -13.683  2.069  -33.620 0.1111111119
160848  -13.922  1.539  -33.473 0.1111111119
39935  -13.456  4.201  -34.325 0.1111111119
160759  -12.686  5.518  -35.134 0.1111111119
160761  -13.694  5.354  -34.893 0.1111111119
89577  -10.169  7.371  -35.469 0.2222222239
89579  -10.401  6.983  -35.442 0.2222222239
39929  -11.322  7.207  -35.877 0.1111111119
160755  -12.594  6.746  -36.186 0.2222222239
160756  -12.919  6.413  -35.879 0.1111111119
57754  -12.170  9.299  -38.145 0.1111111119
94556  -11.549  10.082  -38.440 0.1111111119
120795  -12.663  8.208  -37.265 0.1111111119
57755  -11.982  8.873  -37.772 0.1111111119
25437  -12.521  8.962  -37.973 0.1111111119
120794  -12.864  8.633  -37.671 0.1111111119
105114  -13.848  6.981  -36.057 0.1111111119
105115  -13.462  6.576  -35.881 0.1111111119
48157  -13.011  7.204  -36.403 0.2222222239
9896  -8.417  8.484  -35.277 0.3333333433
1759  -12.682  7.498  -36.609 0.2222222239
89567  -5.481  9.232  -32.887 0.3333333433
39927  -10.270  8.542  -36.318 0.2222222239
160739  -10.941  8.682  -36.883 0.1111111119
11572  -10.862  9.450  -37.764 0.1111111119
89563  -4.253  9.124  -31.014 0.3333333433
89565  -4.954  9.288  -31.879 0.3333333433
160726  -4.724  9.816  -30.733 0.1111111119
160728  -5.908  9.861  -32.498 0.3333333433
39924  -6.397  9.468  -33.631 0.3333333433
160733  -8.211  9.761  -35.281 0.2222222239
160734  -8.958  9.745  -36.013 0.1111111119
39917  -9.395  10.240  -36.563 0.1111111119
160709  -9.859  10.338  -37.315 0.1111111119
42290  -10.834  10.445  -38.155 0.1111111119
11570  -11.189  10.525  -38.525 0.1111111119
42289  -10.927  11.075  -38.564 0.1111111119
94554  -11.648  10.588  -38.833 0.1111111119
94552  -11.023  11.486  -39.007 0.1111111119
62488  -5.945  10.380  -29.383 0.1111111119
127421  -5.537  10.294  -30.357 0.1111111119
127419  -6.398  10.636  -30.063 0.1111111119
2445  -5.784  10.187  -31.367 0.1111111119
52887  -6.479  10.446  -32.064 0.1111111119
22169  -6.756  10.086  -33.235 0.3333333433
22167  -7.246  10.647  -32.869 0.1111111119
160730  -7.328  9.754  -34.426 0.3333333433
9893  -8.133  10.149  -35.139 0.2222222239
89549  -8.824  10.174  -35.880 0.1111111119
160705  -9.091  11.468  -36.173 0.1111111119
160707  -9.477  11.196  -37.160 0.1111111119
130663  -10.106  10.901  -37.800 0.1111111119
11568  -10.714  11.506  -38.599 0.1111111119
130662  -10.328  11.460  -38.222 0.1111111119
113627  -7.081  10.947  -31.738 0.1111111119
113625  -6.889  10.872  -30.760 0.1111111119
160695  -8.048  11.394  -32.048 0.1111111119
5468  -7.270  11.028  -30.541 0.1111111119
113628  -7.520  10.986  -32.543 0.1111111119
89538  -8.106  11.324  -33.310 0.1111111119
89539  -8.281  11.508  -33.005 0.1111111119
89542  -8.880  11.967  -34.801 0.1111111119
113629  -7.887  11.040  -33.538 0.1111111119
113630  -8.220  11.152  -34.568 0.1111111119
89543  -9.181  12.227  -35.725 0.1111111119
39915  -9.101  11.904  -35.920 0.1111111119
160703  -9.358  12.003  -36.947 0.1111111119
13972  -9.668  12.881  -37.076 0.1111111119
64957  -9.753  11.847  -37.647 0.1111111119
64955  -9.953  12.369  -38.089 0.1111111119
64956  -10.117  11.932  -38.175 0.1111111119
89536  -8.121  11.419  -30.982 0.1111111119
22164  -8.884  11.800  -31.420 0.1111111119
113624  -8.998  12.036  -32.288 0.1111111119
9891  -9.317  12.314  -33.150 0.1111111119
39911  -9.643  12.927  -34.988 0.1111111119
160700  -9.650  12.859  -36.041 0.1111111119
44692  -9.710  13.305  -36.741 0.1111111119
39978  -16.239  -4.371  -31.290 0.1111111119
89682  -17.000  -3.017  -31.726 0.1111111119
89665  -13.734  0.459  -33.390 0.1111111119
160757  -13.181  6.053  -35.548 0.1111111119
48155  -13.305  7.716  -36.712 0.1111111119
48154  -13.490  8.002  -37.026 0.1111111119
98877  -9.754  13.178  -37.703 0.1111111119
160689  -10.137  13.610  -35.203 0.1111111119
89683  -17.829  -3.164  -31.750 0.1111111119
52884  -8.783  11.601  -30.588 0.1111111119
89666  -14.191  1.053  -33.400 0.1111111119
39963  -14.404  2.142  -33.643 0.1111111119
7945  -13.726  6.234  -35.555 0.1111111119
17435  -13.789  7.685  -36.576 0.1111111119
105107  -13.327  8.651  -37.698 0.1111111119
160718  -5.084  10.081  -30.543 0.1111111119
160716  -5.294  9.789  -28.957 0.1111111119
120793  -12.946  8.967  -38.056 0.1111111119
127418  -6.840  10.734  -29.844 0.1111111119
64954  -10.073  12.919  -38.465 0.1111111119
130661  -10.523  11.917  -38.620 0.1111111119
817  -9.793  13.645  -36.436 0.1111111119
44688  -9.810  14.298  -36.780 0.1111111119
44691  -9.704  13.560  -37.397 0.1111111119
92064  -4.991  -17.481  -19.266 0.2222222239
3266  -4.393  -6.658  -24.680 0.2222222239
136691  -4.125  -5.927  -25.122 0.2222222239
41667  -4.614  -9.084  -23.467 0.3333333433
24312  -4.282  -7.481  -24.708 0.3333333433
101732  -3.903  -6.733  -24.963 0.4444444478
101733  -3.999  -6.346  -24.999 0.3333333433
62494  -2.497  5.657  -29.030 0.3333333433
127427  -2.727  5.501  -28.589 0.2222222239
89559  -3.679  7.313  -28.401 0.1111111119
39921  -3.532  8.161  -28.566 0.1111111119
89560  -3.208  7.683  -28.711 0.2222222239
160815  -2.403  2.261  -27.004 0.2222222239
160813  -2.643  1.189  -26.463 0.1111111119
55879  -4.526  -7.696  -24.185 0.2222222239
160814  -2.854  1.697  -26.651 0.1111111119
136675  -3.039  3.693  -27.641 0.1111111119
136674  -3.486  3.922  -27.709 0.1111111119
62491  -3.627  5.679  -28.373 0.1111111119
160719  -4.302  7.005  -28.461 0.1111111119
160720  -4.033  7.658  -28.375 0.1111111119
160721  -3.945  8.458  -28.541 0.1111111119
13151  -2.492  5.173  -28.639 0.2222222239
97398  -3.068  4.582  -27.970 0.1111111119
150  -5.001  -9.377  -23.034 0.2222222239
10946  -4.790  -8.205  -23.963 0.2222222239
55878  -4.323  -8.300  -24.402 0.3333333433
52915  -3.715  -3.261  -26.129 0.2222222239
97399  -2.906  5.132  -28.252 0.1111111119
52913  -4.367  -3.652  -26.049 0.1111111119
22195  -4.092  -2.763  -26.218 0.3333333433
127428  -2.656  5.984  -28.805 0.3333333433
127426  -2.885  6.420  -28.573 0.3333333433
89558  -3.273  6.932  -28.421 0.1111111119
118167  -4.705  -7.366  -24.301 0.2222222239
62492  -3.287  5.377  -28.287 0.1111111119
28280  -3.014  5.835  -28.541 0.1111111119
28279  -3.851  6.650  -28.394 0.1111111119
136673  -3.915  4.199  -27.898 0.1111111119
127425  -3.483  6.266  -28.463 0.1111111119
62490  -3.861  5.103  -28.247 0.1111111119
28278  -4.206  5.411  -28.426 0.1111111119
127424  -4.051  6.008  -28.466 0.1111111119
5470  -3.457  4.868  -28.152 0.1111111119
62539  -14.086  -9.752  -28.601 0.1111111119
163724  -4.821  -17.699  -18.967 0.1111111119
40922  -5.502  -18.072  -19.418 0.1111111119
163722  -5.955  -18.723  -19.186 0.1111111119
53722  -4.091  -16.664  -17.592 0.1111111119
163726  -4.421  -16.383  -18.517 0.1111111119
92066  -4.493  -16.158  -18.617 0.1111111119
163729  -4.915  -15.387  -18.886 0.1111111119
92069  -5.178  -14.844  -18.742 0.1111111119
23011  -4.911  -15.237  -19.414 0.1111111119
163679  -6.037  -9.637  -22.656 0.1111111119
31766  -4.716  -6.014  -24.938 0.1111111119
69715  -4.679  -6.331  -24.790 0.1111111119
118168  -4.254  -7.126  -24.765 0.1111111119
39949  -3.763  -1.071  -26.528 0.2222222239
89631  -3.304  -0.548  -26.586 0.2222222239
89632  -3.950  -0.682  -26.654 0.2222222239
39950  -4.195  -0.308  -26.800 0.2222222239
53724  -4.259  -16.559  -18.093 0.1111111119
136692  -4.400  -5.540  -25.186 0.1111111119
69717  -3.938  -5.541  -25.453 0.1111111119
53721  -4.028  -16.919  -17.364 0.1111111119
163716  -4.705  -17.969  -18.600 0.1111111119
40920  -5.211  -18.477  -18.778 0.1111111119
163721  -6.127  -18.570  -19.488 0.1111111119
23002  -4.359  -16.334  -17.170 0.1111111119
23004  -4.574  -15.955  -17.892 0.1111111119
163728  -5.111  -15.305  -18.103 0.1111111119
163730  -5.177  -15.029  -18.367 0.1111111119
92070  -5.582  -14.500  -18.693 0.1111111119
10230  -5.484  -14.151  -19.026 0.1111111119
23013  -5.303  -13.680  -19.634 0.1111111119
92077  -5.689  -13.080  -20.047 0.1111111119
92025  -6.462  -10.136  -22.363 0.1111111119
143368  -5.980  -9.073  -23.115 0.1111111119
118166  -4.974  -7.732  -24.027 0.1111111119
69714  -5.371  -6.451  -24.845 0.1111111119
160806  -4.556  -1.371  -26.739 0.2222222239
160809  -4.264  0.047  -26.883 0.2222222239
160810  -3.766  0.559  -26.825 0.1111111119
40921  -6.827  -18.966  -19.597 0.1111111119
128589  -4.498  -18.105  -18.228 0.1111111119
89634  -3.583  0.191  -26.496 0.2222222239
39951  -3.157  0.596  -26.464 0.1111111119
41666  -4.925  -8.796  -23.550 0.1111111119
160805  -4.311  -1.718  -26.482 0.2222222239
31767  -4.116  -5.135  -25.513 0.1111111119
163680  -5.476  -9.672  -22.816 0.1111111119
92076  -5.697  -13.344  -19.644 0.1111111119
92078  -6.060  -12.778  -20.133 0.1111111119
163751  -5.680  -12.214  -20.765 0.1111111119
92026  -5.847  -10.358  -22.206 0.1111111119
40908  -5.725  -10.130  -22.522 0.1111111119
115149  -5.412  -14.035  -19.382 0.1111111119
92065  -4.783  -16.798  -19.312 0.1111111119
40924  -4.681  -15.539  -18.687 0.1111111119
40923  -4.562  -16.930  -18.986 0.1111111119
163723  -5.334  -18.297  -19.109 0.1111111119
118165  -4.813  -7.059  -24.526 0.1111111119
41665  -5.431  -9.040  -23.218 0.1111111119
143369  -5.658  -9.446  -22.889 0.1111111119
24311  -5.129  -7.405  -24.182 0.1111111119
163725  -4.441  -17.128  -18.534 0.1111111119
2557  -4.246  -17.291  -18.099 0.1111111119
53720  -4.186  -17.480  -17.826 0.1111111119
53723  -4.505  -16.199  -17.613 0.1111111119
163727  -4.652  -15.761  -18.268 0.1111111119
163678  -6.673  -9.732  -22.585 0.1111111119
160807  -4.501  -0.857  -26.907 0.1111111119
115134  -5.077  -15.512  -17.769 0.1111111119
163731  -5.742  -15.014  -17.904 0.1111111119
92024  -6.465  -10.458  -22.145 0.1111111119
40907  -6.984  -10.201  -22.315 0.1111111119
10945  -5.527  -8.772  -23.313 0.1111111119
22192  -4.483  0.508  -27.141 0.1111111119
113674  -3.920  0.850  -27.038 0.1111111119
39944  -2.890  2.639  -27.190 0.1111111119
9903  -4.509  -2.197  -26.538 0.1111111119
89617  -3.158  2.061  -26.857 0.1111111119
160789  -3.171  2.963  -27.356 0.1111111119
136676  -2.732  3.418  -27.619 0.1111111119
