#!ascii label  , from subject lh.EC_average vox2ras=TkReg coords=white
606
604  -5.817  -3.635  -29.668 1.0000000000
1347  -4.389  -7.004  -26.519 1.0000000000
1348  -9.952  -7.912  -29.251 0.6666666865
1349  -7.504  -11.022  -26.193 0.5555555820
2446  -4.887  7.004  -32.412 0.4444444478
2447  -6.519  3.397  -32.749 0.6666666865
2449  -2.734  0.079  -28.656 1.0000000000
2450  -9.791  -0.081  -32.835 0.6666666865
2559  -6.605  -13.848  -23.428 0.4444444478
3267  -4.434  -8.354  -24.760 0.6666666865
3268  -5.709  -8.914  -26.481 0.8888888955
3269  -5.153  -10.275  -24.755 0.6666666865
5471  -3.282  7.053  -29.287 0.4444444478
5472  -2.869  5.358  -29.913 0.5555555820
5473  -5.520  5.063  -32.726 0.6666666865
5474  -3.100  3.789  -30.211 0.6666666865
5478  -3.491  -3.640  -27.771 0.8888888955
5479  -2.811  -1.934  -27.217 0.6666666865
5480  -3.845  -1.696  -29.182 1.0000000000
5481  -5.432  0.128  -30.857 0.8888888955
5482  -7.496  -1.858  -31.136 0.8888888955
5483  -11.691  -1.818  -32.407 0.5555555820
5484  -9.673  -3.892  -30.996 0.7777777910
5755  -9.243  -15.034  -24.182 0.4444444478
7032  -3.771  -5.229  -26.329 0.5555555820
7033  -4.875  -5.362  -28.242 1.0000000000
7034  -7.840  -5.740  -29.770 0.7777777910
7035  -6.602  -7.337  -28.194 1.0000000000
7036  -8.571  -9.529  -27.803 0.7777777910
9897  -9.071  6.884  -34.966 0.4444444478
9904  -3.004  -0.178  -26.844 0.4444444478
9905  -2.226  1.912  -28.185 0.6666666865
9906  -3.954  1.984  -30.404 0.7777777910
9907  -8.068  1.664  -32.916 0.5555555820
9912  -11.655  -5.962  -30.376 0.4444444478
10233  -5.244  -11.516  -23.359 0.5555555820
10234  -7.033  -12.596  -24.823 0.4444444478
10235  -9.939  -13.512  -25.651 0.4444444478
10947  -4.737  -8.928  -23.934 0.5555555820
10948  -4.639  -9.254  -24.736 0.8888888955
10949  -4.754  -9.822  -23.908 0.6666666865
13152  -2.510  4.493  -28.952 0.5555555820
13153  -2.932  4.585  -30.105 0.6666666865
13154  -2.400  3.749  -29.090 0.5555555820
13158  -4.363  -3.596  -28.750 0.8888888955
13159  -3.523  -2.711  -28.449 0.8888888955
13160  -4.761  -2.646  -29.432 1.0000000000
13161  -5.443  -1.712  -30.203 0.8888888955
13162  -6.552  -2.750  -30.356 0.8888888955
13163  -8.615  -2.884  -31.127 0.7777777910
13164  -7.653  -3.795  -30.433 0.8888888955
15558  -4.063  -6.850  -25.579 0.6666666865
15559  -4.046  -6.002  -25.565 0.4444444478
15560  -3.947  -6.107  -26.435 1.0000000000
15561  -4.014  -5.307  -27.293 0.8888888955
15562  -4.586  -6.200  -27.399 1.0000000000
15563  -5.691  -6.311  -28.257 1.0000000000
15564  -5.315  -7.133  -27.402 1.0000000000
15565  -6.516  -9.944  -26.357 0.8888888955
15566  -7.014  -9.213  -27.234 0.8888888955
15567  -7.936  -10.263  -26.983 0.7777777910
15569  -9.024  -11.373  -26.685 0.4444444478
22173  -3.593  7.152  -30.737 0.4444444478
22174  -3.828  8.103  -30.408 0.4444444478
22175  -4.814  7.973  -32.175 0.4444444478
22177  -6.559  7.771  -33.794 0.4444444478
22178  -8.632  7.704  -35.056 0.4444444478
22179  -6.847  6.840  -33.849 0.4444444478
22180  -5.969  4.212  -32.753 0.6666666865
22181  -7.763  5.015  -33.919 0.6666666865
22182  -8.320  4.180  -33.886 0.5555555820
22184  -8.948  3.377  -33.811 0.5555555820
22196  -2.613  -0.949  -27.905 0.7777777910
22197  -2.858  -1.048  -27.023 0.5555555820
22198  -2.463  -0.053  -27.584 0.5555555820
22199  -2.413  0.848  -27.300 0.6666666865
22200  -2.409  0.981  -28.370 0.7777777910
22201  -2.749  1.987  -29.308 0.7777777910
22202  -3.182  1.070  -29.476 0.8888888955
22203  -7.539  -0.006  -32.003 0.7777777910
22204  -6.634  0.912  -31.880 0.7777777910
22205  -8.905  0.785  -32.953 0.6666666865
22206  -10.431  1.677  -33.582 0.4444444478
22207  -11.190  0.818  -33.396 0.5555555820
22209  -11.998  -0.026  -33.138 0.4444444478
22210  -12.604  -2.717  -32.105 0.4444444478
22215  -8.882  -6.832  -29.583 0.8888888955
22216  -9.704  -5.936  -30.170 0.6666666865
22217  -10.754  -6.996  -29.835 0.5555555820
23017  -5.679  -13.202  -22.773 0.4444444478
23018  -5.336  -12.059  -22.651 0.5555555820
23019  -5.806  -12.674  -23.466 0.4444444478
23020  -5.878  -12.077  -24.156 0.5555555820
23021  -6.810  -13.252  -24.110 0.4444444478
24313  -4.326  -7.722  -25.635 0.8888888955
24314  -4.994  -7.921  -26.534 1.0000000000
24315  -4.745  -8.640  -25.643 1.0000000000
24316  -5.347  -9.621  -25.597 0.8888888955
24317  -6.185  -10.685  -25.549 0.7777777910
28281  -2.948  6.171  -29.621 0.4444444478
28282  -3.622  6.189  -31.075 0.5555555820
28283  -5.144  6.011  -32.610 0.5555555820
28284  -3.819  5.286  -31.295 0.5555555820
28285  -4.099  4.461  -31.396 0.6666666865
28286  -4.485  3.648  -31.436 0.6666666865
28292  -3.343  -3.633  -26.826 0.5555555820
28293  -3.280  -2.822  -26.649 0.4444444478
28294  -3.003  -2.797  -27.455 0.6666666865
28295  -2.930  -1.832  -28.165 0.8888888955
28296  -3.181  -0.796  -28.929 1.0000000000
28297  -3.758  0.177  -29.728 0.8888888955
28298  -4.485  -0.729  -29.990 0.8888888955
28299  -6.391  -0.836  -31.049 0.8888888955
28300  -8.564  -0.953  -31.999 0.7777777910
28301  -10.742  -0.947  -32.630 0.5555555820
28302  -9.624  -1.906  -31.911 0.7777777910
28303  -10.671  -2.858  -31.735 0.6666666865
28304  -11.678  -3.818  -31.430 0.5555555820
28305  -11.013  -8.972  -28.787 0.4444444478
28306  -11.760  -8.026  -29.381 0.4444444478
28789  -7.836  -14.448  -23.875 0.4444444478
31769  -3.616  -4.455  -27.079 0.7777777910
31770  -4.151  -4.482  -28.067 0.8888888955
31771  -5.288  -4.516  -29.005 1.0000000000
31772  -6.849  -4.665  -29.810 1.0000000000
31773  -6.196  -5.498  -29.095 1.0000000000
31774  -7.155  -6.545  -29.027 1.0000000000
31775  -8.180  -7.645  -28.867 1.0000000000
31776  -6.135  -8.140  -27.352 1.0000000000
31777  -7.570  -8.437  -28.079 1.0000000000
31778  -9.243  -8.748  -28.562 0.6666666865
31779  -10.290  -9.818  -28.114 0.4444444478
39930  -7.265  5.906  -33.903 0.5555555820
39948  -3.465  -2.012  -26.612 0.4444444478
39953  -2.263  2.802  -28.122 0.4444444478
39954  -2.477  2.905  -29.200 0.6666666865
39955  -3.435  2.913  -30.296 0.6666666865
39956  -5.045  2.767  -31.510 0.6666666865
39957  -4.635  1.055  -30.605 0.8888888955
39958  -5.794  1.840  -31.673 0.6666666865
39959  -7.232  2.551  -32.803 0.5555555820
39960  -9.668  2.547  -33.709 0.4444444478
39972  -8.683  -4.854  -30.372 0.7777777910
39973  -10.677  -4.919  -30.741 0.6666666865
39974  -12.634  -4.811  -31.010 0.4444444478
40934  -5.389  -11.027  -22.563 0.4444444478
40935  -5.050  -10.435  -23.231 0.5555555820
40936  -5.138  -10.907  -24.033 0.5555555820
40937  -5.991  -11.420  -24.839 0.6666666865
40938  -7.260  -11.839  -25.503 0.4444444478
40939  -8.138  -13.797  -24.593 0.4444444478
40940  -8.451  -13.051  -25.328 0.4444444478
40941  -8.705  -12.214  -26.006 0.4444444478
40942  -10.245  -12.627  -26.337 0.4444444478
41668  -4.706  -9.350  -23.903 0.6666666865
41669  -4.889  -9.644  -23.538 0.5555555820
43870  -2.758  3.876  -28.114 0.4444444478
43872  -2.472  4.031  -28.517 0.4444444478
43873  -2.434  4.131  -29.026 0.5555555820
43874  -2.351  3.674  -28.563 0.4444444478
43878  -5.030  -3.596  -29.220 1.0000000000
43879  -4.530  -3.125  -29.083 1.0000000000
43880  -5.283  -3.136  -29.554 1.0000000000
43881  -5.601  -2.678  -29.908 0.8888888955
43882  -6.153  -3.191  -30.001 1.0000000000
43883  -7.111  -3.273  -30.408 0.8888888955
43884  -6.700  -3.709  -30.077 1.0000000000
46278  -4.128  -6.930  -26.041 1.0000000000
46279  -3.972  -6.488  -26.001 0.8888888955
46280  -4.139  -6.555  -26.482 1.0000000000
46281  -4.193  -6.158  -26.926 1.0000000000
46282  -4.475  -6.610  -26.961 1.0000000000
46283  -4.936  -6.660  -27.411 1.0000000000
46284  -4.798  -7.067  -26.976 1.0000000000
46285  -6.979  -10.471  -26.275 0.6666666865
46286  -7.194  -10.101  -26.690 0.8888888955
46287  -7.687  -10.633  -26.576 0.5555555820
46288  -8.456  -10.802  -26.834 0.5555555820
46289  -8.239  -11.192  -26.461 0.4444444478
52893  -4.135  7.095  -31.583 0.5555555820
52894  -4.136  7.586  -31.426 0.4444444478
52895  -4.822  7.494  -32.293 0.4444444478
52896  -5.617  7.866  -33.026 0.4444444478
52897  -5.688  7.392  -33.101 0.4444444478
52898  -6.684  7.309  -33.820 0.4444444478
52899  -5.806  6.908  -33.175 0.4444444478
52900  -6.227  3.805  -32.748 0.6666666865
52901  -7.110  4.148  -33.365 0.6666666865
52902  -7.396  3.743  -33.351 0.6666666865
52903  -8.624  3.777  -33.853 0.6666666865
52904  -7.712  3.339  -33.338 0.6666666865
52916  -2.633  -0.435  -28.272 0.8888888955
52917  -2.525  -0.502  -27.753 0.6666666865
52918  -2.498  0.010  -28.113 0.7777777910
52919  -2.387  0.462  -27.947 0.7777777910
52920  -2.557  0.525  -28.508 0.7777777910
52921  -2.707  1.032  -28.933 0.7777777910
52922  -2.917  0.583  -29.056 0.7777777910
52923  -8.660  -0.059  -32.485 0.7777777910
52924  -8.193  0.390  -32.502 0.7777777910
52925  -9.335  0.353  -32.912 0.5555555820
52926  -10.060  0.777  -33.253 0.5555555820
52927  -10.476  0.354  -33.160 0.5555555820
52928  -11.587  0.395  -33.273 0.5555555820
52929  -10.913  -0.067  -33.041 0.5555555820
52935  -9.418  -7.376  -29.437 0.6666666865
52936  -9.810  -6.937  -29.742 0.5555555820
52937  -10.341  -7.466  -29.556 0.5555555820
53737  -6.093  -13.536  -23.132 0.4444444478
53738  -5.755  -12.949  -23.123 0.4444444478
53739  -6.182  -13.261  -23.471 0.4444444478
53740  -6.256  -12.968  -23.811 0.4444444478
53741  -6.709  -13.557  -23.764 0.4444444478
55880  -4.414  -7.932  -24.770 0.5555555820
55881  -4.270  -7.614  -25.185 0.7777777910
55882  -4.359  -8.048  -25.195 0.8888888955
55883  -4.517  -8.173  -25.647 1.0000000000
55884  -4.488  -8.496  -25.198 1.0000000000
55885  -4.853  -9.746  -24.734 0.6666666865
55886  -4.910  -9.443  -25.174 0.8888888955
55887  -5.225  -9.952  -25.164 0.7777777910
55888  -5.733  -10.141  -25.570 0.7777777910
55889  -5.616  -10.492  -25.169 0.7777777910
62493  -2.709  5.299  -29.305 0.4444444478
62495  -2.883  5.755  -29.779 0.4444444478
62496  -3.165  6.214  -30.313 0.4444444478
62497  -3.187  5.774  -30.464 0.5555555820
62498  -3.707  5.727  -31.200 0.5555555820
62499  -3.246  5.353  -30.584 0.4444444478
62500  -2.999  4.195  -30.164 0.6666666865
62501  -3.426  4.551  -30.733 0.6666666865
62502  -3.549  4.155  -30.772 0.6666666865
62503  -4.274  4.060  -31.417 0.6666666865
62504  -3.707  3.745  -30.803 0.6666666865
62513  -3.322  -3.643  -27.278 0.6666666865
62514  -3.149  -3.229  -27.130 0.6666666865
62515  -3.214  -3.220  -27.608 0.7777777910
62516  -3.646  -2.207  -28.805 1.0000000000
62517  -3.190  -2.272  -28.302 0.8888888955
62518  -3.295  -1.758  -28.670 0.8888888955
62519  -3.015  -1.314  -28.541 0.8888888955
62520  -3.479  -1.240  -29.055 1.0000000000
62521  -3.746  -0.740  -29.454 1.0000000000
62522  -4.123  -1.198  -29.579 1.0000000000
62523  -6.438  -1.784  -30.686 0.8888888955
62524  -5.888  -1.267  -30.617 0.8888888955
62525  -6.934  -1.343  -31.105 0.7777777910
62526  -7.468  -0.905  -31.548 0.7777777910
62527  -8.015  -1.404  -31.559 0.7777777910
62528  -9.094  -1.430  -31.963 0.7777777910
62529  -8.567  -1.903  -31.547 0.7777777910
62530  -9.153  -3.388  -31.079 0.7777777910
62531  -9.653  -2.893  -31.451 0.6666666865
62532  -10.178  -3.384  -31.356 0.6666666865
62533  -11.179  -3.336  -31.598 0.5555555820
62534  -10.689  -3.875  -31.228 0.6666666865
62535  -11.516  -9.507  -28.541 0.4444444478
62536  -11.885  -9.045  -28.850 0.4444444478
69716  -3.881  -5.617  -25.942 0.5555555820
69718  -3.934  -5.200  -25.937 0.5555555820
69720  -3.765  -4.810  -26.281 0.6666666865
69721  -3.611  -4.426  -26.620 0.6666666865
69722  -3.689  -4.842  -26.711 0.6666666865
69723  -4.379  -5.333  -27.779 1.0000000000
69724  -4.076  -4.899  -27.693 1.0000000000
69725  -4.505  -4.915  -28.175 1.0000000000
69726  -4.654  -4.489  -28.545 1.0000000000
69727  -5.066  -4.942  -28.637 1.0000000000
69728  -5.741  -4.998  -29.075 1.0000000000
69729  -5.486  -5.413  -28.682 1.0000000000
69730  -6.138  -6.814  -28.230 1.0000000000
69731  -6.383  -6.412  -28.656 1.0000000000
69732  -6.864  -6.939  -28.613 1.0000000000
69733  -7.662  -7.090  -28.960 1.0000000000
69734  -7.360  -7.484  -28.558 1.0000000000
69735  -5.338  -8.408  -26.515 1.0000000000
69736  -5.521  -8.021  -26.952 1.0000000000
69737  -5.918  -8.533  -26.920 1.0000000000
69738  -7.761  -9.371  -27.552 0.8888888955
69739  -7.289  -8.830  -27.664 1.0000000000
69740  -8.069  -8.990  -27.965 0.8888888955
69741  -8.383  -8.598  -28.359 1.0000000000
69742  -8.906  -9.145  -28.191 0.7777777910
69743  -9.776  -9.285  -28.347 0.5555555820
69744  -9.424  -9.680  -27.984 0.4444444478
89575  -8.842  7.291  -35.004 0.4444444478
89580  -5.321  5.526  -32.679 0.5555555820
89581  -6.151  5.929  -33.299 0.5555555820
89582  -6.366  5.453  -33.341 0.5555555820
89583  -8.956  5.124  -34.387 0.4444444478
89584  -8.683  5.539  -34.413 0.5555555820
89626  -3.018  -2.391  -26.911 0.5555555820
89627  -3.347  -2.418  -26.613 0.4444444478
89628  -3.056  -1.965  -26.846 0.4444444478
89629  -2.925  -0.608  -26.925 0.4444444478
89636  -2.261  1.383  -27.702 0.5555555820
89637  -2.453  1.301  -27.246 0.4444444478
89638  -2.275  1.844  -27.657 0.5555555820
89639  -2.357  2.287  -27.661 0.4444444478
89640  -2.212  2.370  -28.142 0.4444444478
89641  -2.261  2.868  -28.648 0.5555555820
89642  -2.302  2.420  -28.696 0.6666666865
89643  -3.269  2.000  -29.846 0.7777777910
89644  -3.051  2.464  -29.793 0.7777777910
89645  -3.672  2.451  -30.342 0.6666666865
89646  -4.158  2.862  -30.878 0.6666666865
89647  -4.457  2.398  -30.934 0.6666666865
89648  -4.523  0.172  -30.283 0.8888888955
89649  -4.160  0.627  -30.148 0.8888888955
89650  -5.019  0.592  -30.732 0.8888888955
89651  -7.325  1.285  -32.420 0.5555555820
89652  -6.209  1.374  -31.779 0.6666666865
89653  -6.898  1.740  -32.335 0.6666666865
89654  -6.476  2.198  -32.245 0.6666666865
89655  -7.644  2.110  -32.859 0.5555555820
89656  -8.447  2.509  -33.335 0.5555555820
89657  -8.852  2.075  -33.342 0.5555555820
89670  -11.220  -1.380  -32.523 0.5555555820
89671  -11.810  -0.908  -32.785 0.5555555820
89672  -12.250  -1.334  -32.659 0.5555555820
89685  -7.343  -5.199  -29.812 1.0000000000
89686  -7.737  -4.767  -30.122 1.0000000000
89687  -8.239  -5.309  -30.081 0.8888888955
89688  -10.682  -5.973  -30.289 0.5555555820
89689  -10.175  -5.442  -30.445 0.6666666865
89690  -11.168  -5.442  -30.573 0.4444444478
89691  -11.671  -4.884  -30.888 0.5555555820
89692  -12.142  -5.397  -30.678 0.4444444478
89694  -12.168  -7.516  -29.646 0.4444444478
92090  -5.301  -11.797  -23.008 0.5555555820
92091  -5.313  -11.523  -22.592 0.4444444478
92092  -5.210  -11.250  -22.946 0.4444444478
92093  -5.223  -10.738  -22.903 0.4444444478
92094  -5.094  -10.960  -23.288 0.5555555820
92095  -4.983  -10.655  -23.619 0.5555555820
92096  -5.183  -11.218  -23.699 0.5555555820
92097  -6.408  -12.346  -24.509 0.4444444478
92098  -5.926  -11.759  -24.499 0.4444444478
92099  -6.497  -12.009  -24.854 0.4444444478
92100  -6.594  -11.643  -25.192 0.4444444478
92101  -7.149  -12.232  -25.169 0.4444444478
92102  -8.526  -14.745  -24.046 0.4444444478
92103  -7.981  -14.133  -24.226 0.4444444478
92104  -8.690  -14.416  -24.404 0.4444444478
92105  -9.779  -13.931  -25.289 0.4444444478
92106  -9.040  -13.684  -25.150 0.4444444478
92107  -9.196  -13.279  -25.513 0.4444444478
92108  -8.584  -12.640  -25.673 0.4444444478
92109  -9.333  -12.853  -25.859 0.4444444478
92110  -9.466  -12.416  -26.193 0.4444444478
92111  -10.087  -13.074  -26.000 0.4444444478
93433  -4.558  -8.644  -24.335 0.6666666865
93434  -4.504  -8.793  -24.749 0.8888888955
93435  -4.576  -9.072  -24.311 0.7777777910
93436  -4.668  -9.535  -24.302 0.5555555820
93437  -4.850  -10.043  -24.324 0.6666666865
97401  -2.628  4.840  -28.873 0.4444444478
97402  -2.646  4.934  -29.414 0.6666666865
97403  -2.889  4.970  -30.022 0.6666666865
97404  -2.618  4.565  -29.508 0.6666666865
97405  -2.621  4.185  -29.584 0.6666666865
97406  -2.660  3.787  -29.644 0.6666666865
97412  -3.842  -3.618  -28.267 0.8888888955
97413  -3.474  -3.192  -28.108 0.7777777910
97414  -3.920  -3.151  -28.601 0.8888888955
97415  -4.062  -2.663  -28.944 0.8888888955
97416  -4.276  -2.165  -29.308 1.0000000000
97417  -4.567  -1.677  -29.697 1.0000000000
97418  -5.066  -2.172  -29.806 1.0000000000
97419  -5.989  -2.228  -30.287 0.8888888955
97420  -7.005  -2.308  -30.735 0.7777777910
97421  -8.061  -2.374  -31.144 0.7777777910
97422  -7.571  -2.830  -30.763 0.7777777910
97423  -8.122  -3.348  -30.766 0.8888888955
97424  -8.653  -3.863  -30.735 0.7777777910
101732  -4.224  -6.782  -25.181 0.4444444478
101734  -4.017  -6.422  -25.561 0.5555555820
101735  -3.889  -6.049  -25.966 0.5555555820
101736  -3.826  -5.663  -26.383 0.7777777910
101737  -3.803  -5.271  -26.797 0.7777777910
101738  -3.968  -5.711  -26.871 0.8888888955
101739  -4.276  -5.748  -27.361 1.0000000000
101740  -4.717  -5.781  -27.827 1.0000000000
101741  -5.269  -5.827  -28.266 1.0000000000
101742  -5.090  -6.244  -27.840 1.0000000000
101743  -5.494  -6.723  -27.829 1.0000000000
101744  -5.919  -7.219  -27.806 1.0000000000
101745  -6.100  -9.428  -26.429 0.8888888955
101746  -6.330  -9.059  -26.870 0.8888888955
101747  -6.751  -9.582  -26.793 0.8888888955
101748  -7.463  -9.740  -27.122 0.8888888955
101749  -8.240  -9.900  -27.398 0.8888888955
101750  -9.074  -10.059  -27.609 0.6666666865
101751  -8.742  -10.429  -27.223 0.6666666865
113639  -3.301  7.145  -29.945 0.4444444478
113640  -3.476  7.611  -29.774 0.4444444478
113641  -3.675  7.636  -30.560 0.4444444478
113645  -5.599  8.325  -32.953 0.4444444478
113646  -6.479  8.225  -33.768 0.4444444478
113647  -7.450  8.153  -34.488 0.4444444478
113648  -8.447  8.124  -35.118 0.4444444478
113649  -7.586  7.711  -34.466 0.4444444478
113650  -7.757  7.269  -34.448 0.4444444478
113651  -7.957  6.828  -34.438 0.4444444478
113652  -5.736  4.627  -32.749 0.6666666865
113653  -6.599  4.997  -33.366 0.6666666865
113654  -6.846  4.564  -33.373 0.6666666865
113655  -8.034  4.591  -33.908 0.6666666865
113656  -9.243  4.716  -34.349 0.4444444478
113658  -9.541  4.313  -34.297 0.5555555820
113659  -9.847  3.914  -34.226 0.5555555820
113660  -10.164  3.512  -34.137 0.5555555820
113680  -2.674  -1.451  -27.552 0.7777777910
113681  -2.814  -1.493  -27.120 0.5555555820
113682  -2.633  -1.004  -27.424 0.6666666865
113683  -2.626  -0.556  -27.281 0.5555555820
113684  -2.637  -0.112  -27.134 0.5555555820
113685  -2.670  0.327  -27.016 0.5555555820
113686  -2.422  0.397  -27.421 0.7777777910
113687  -2.304  0.920  -27.802 0.6666666865
113688  -2.296  1.444  -28.260 0.6666666865
113689  -2.395  1.956  -28.755 0.6666666865
113690  -2.532  1.491  -28.831 0.7777777910
113691  -2.946  1.525  -29.379 0.7777777910
113692  -3.529  1.538  -29.921 0.7777777910
113693  -6.451  0.062  -31.441 0.8888888955
113694  -6.002  0.529  -31.346 0.8888888955
113695  -7.072  0.455  -31.957 0.8888888955
113696  -7.753  0.836  -32.479 0.6666666865
113697  -8.488  1.221  -32.952 0.6666666865
113698  -9.259  1.638  -33.339 0.4444444478
113699  -9.659  1.205  -33.313 0.4444444478
113700  -10.808  1.245  -33.499 0.4444444478
113706  -12.152  -2.265  -32.271 0.4444444478
113707  -12.674  -1.767  -32.523 0.4444444478
113715  -8.352  -6.286  -29.693 0.8888888955
113716  -8.749  -5.855  -30.003 0.7777777910
113717  -9.275  -6.399  -29.891 0.6666666865
113718  -10.230  -6.472  -30.020 0.5555555820
113719  -11.192  -6.496  -30.101 0.5555555820
115158  -5.341  -12.302  -22.293 0.4444444478
115159  -5.460  -12.623  -22.720 0.4444444478
115161  -5.488  -12.091  -23.424 0.5555555820
115162  -5.477  -11.797  -23.770 0.5555555820
115163  -5.842  -12.382  -23.811 0.4444444478
115164  -6.328  -12.664  -24.158 0.4444444478
115165  -6.918  -12.933  -24.467 0.4444444478
115167  -9.419  -14.691  -24.544 0.4444444478
118169  -4.221  -7.193  -25.176 0.5555555820
118170  -4.172  -7.282  -25.608 0.8888888955
118171  -4.337  -7.375  -26.076 1.0000000000
118172  -4.678  -7.456  -26.537 1.0000000000
118173  -4.582  -7.826  -26.093 1.0000000000
118174  -4.858  -8.292  -26.092 1.0000000000
118175  -5.168  -8.777  -26.073 1.0000000000
118176  -4.668  -8.959  -25.189 1.0000000000
118177  -5.020  -9.122  -25.625 0.8888888955
118178  -5.513  -9.276  -26.039 0.8888888955
118179  -5.896  -9.786  -25.992 0.8888888955
118180  -6.327  -10.310  -25.940 0.7777777910
118181  -6.820  -10.857  -25.889 0.6666666865
127429  -3.080  6.607  -29.450 0.4444444478
127430  -3.199  6.673  -30.133 0.4444444478
127431  -3.579  6.666  -30.917 0.5555555820
127432  -4.190  6.601  -31.732 0.5555555820
127433  -4.997  6.507  -32.521 0.4444444478
127434  -4.290  6.111  -31.855 0.5555555820
127435  -4.424  5.633  -31.952 0.5555555820
127436  -4.582  5.176  -32.021 0.5555555820
127437  -3.327  4.947  -30.673 0.6666666865
127438  -3.950  4.865  -31.359 0.5555555820
127439  -4.758  4.745  -32.063 0.6666666865
127440  -4.953  4.333  -32.082 0.6666666865
127441  -5.174  3.929  -32.088 0.6666666865
127442  -5.430  3.517  -32.097 0.6666666865
127454  -3.549  -3.626  -26.471 0.4444444478
127455  -3.585  -3.238  -26.435 0.4444444478
127456  -3.278  -3.227  -26.721 0.5555555820
127457  -3.046  -2.812  -27.005 0.6666666865
127458  -2.870  -2.369  -27.325 0.6666666865
127459  -3.164  -2.763  -27.949 0.7777777910
127460  -2.927  -2.331  -27.802 0.7777777910
127461  -2.766  -1.894  -27.672 0.7777777910
127462  -2.742  -1.392  -28.037 0.8888888955
127463  -2.800  -0.875  -28.413 0.8888888955
127464  -2.939  -0.359  -28.797 1.0000000000
127465  -3.158  0.142  -29.191 1.0000000000
127466  -3.430  -0.296  -29.325 1.0000000000
127467  -4.097  -0.270  -29.863 1.0000000000
127468  -4.925  -0.290  -30.412 0.8888888955
127469  -4.935  -1.210  -30.105 1.0000000000
127470  -5.379  -0.768  -30.526 0.8888888955
127471  -5.887  -0.346  -30.966 0.8888888955
127472  -6.941  -0.415  -31.510 0.7777777910
127473  -8.040  -0.476  -32.015 0.7777777910
127474  -9.152  -0.512  -32.436 0.6666666865
127475  -10.264  -0.515  -32.736 0.5555555820
127476  -9.656  -0.966  -32.369 0.6666666865
127477  -10.162  -1.418  -32.292 0.6666666865
127478  -10.667  -1.872  -32.205 0.6666666865
127479  -9.115  -2.400  -31.513 0.7777777910
127480  -10.151  -2.382  -31.838 0.6666666865
127481  -11.167  -2.330  -32.097 0.5555555820
127482  -11.659  -2.793  -31.958 0.5555555820
127483  -12.144  -3.260  -31.787 0.5555555820
127484  -12.626  -3.733  -31.586 0.4444444478
127485  -10.484  -8.442  -29.030 0.6666666865
127486  -10.861  -7.988  -29.337 0.5555555820
127487  -11.378  -8.512  -29.096 0.4444444478
128610  -7.064  -14.440  -23.339 0.4444444478
128611  -7.191  -14.150  -23.671 0.4444444478
128612  -7.697  -14.749  -23.539 0.4444444478
136697  -3.561  -4.022  -26.536 0.4444444478
136698  -3.462  -4.041  -26.951 0.7777777910
136699  -3.546  -4.057  -27.431 0.7777777910
136700  -3.798  -4.876  -27.197 0.8888888955
136701  -3.800  -4.475  -27.574 0.8888888955
136702  -3.810  -4.058  -27.928 0.8888888955
136703  -4.242  -4.049  -28.417 0.8888888955
136704  -4.826  -4.049  -28.890 1.0000000000
136705  -5.535  -4.079  -29.343 1.0000000000
136706  -6.343  -4.144  -29.759 1.0000000000
136707  -6.028  -4.575  -29.433 1.0000000000
136708  -6.507  -5.087  -29.473 1.0000000000
136709  -6.986  -5.613  -29.465 1.0000000000
136710  -5.922  -5.903  -28.683 1.0000000000
136711  -6.665  -6.014  -29.074 1.0000000000
136712  -7.479  -6.149  -29.419 1.0000000000
136713  -7.992  -6.694  -29.344 1.0000000000
136714  -8.518  -7.244  -29.240 0.8888888955
136715  -9.051  -7.794  -29.099 0.7777777910
136716  -5.148  -7.534  -26.972 1.0000000000
136717  -5.715  -7.624  -27.381 1.0000000000
136718  -6.361  -7.739  -27.775 1.0000000000
136719  -6.572  -8.675  -27.308 1.0000000000
136720  -6.819  -8.280  -27.734 1.0000000000
136721  -7.080  -7.881  -28.149 1.0000000000
136722  -7.865  -8.041  -28.479 1.0000000000
136723  -8.708  -8.200  -28.738 0.8888888955
136724  -9.588  -8.338  -28.917 0.6666666865
136725  -10.127  -8.874  -28.697 0.6666666865
136726  -10.652  -9.406  -28.457 0.4444444478
136727  -11.143  -9.943  -28.216 0.4444444478
160746  -5.962  6.418  -33.242 0.5555555820
160747  -7.043  6.371  -33.878 0.5555555820
160748  -8.182  6.391  -34.435 0.4444444478
160749  -7.507  5.453  -33.918 0.5555555820
160750  -8.425  5.961  -34.428 0.4444444478
160800  -3.675  -2.856  -26.433 0.4444444478
160801  -3.812  -2.477  -26.469 0.4444444478
160803  -3.144  -1.535  -26.800 0.4444444478
160818  -2.278  3.288  -28.605 0.5555555820
160819  -2.412  3.340  -29.147 0.5555555820
160820  -2.743  3.366  -29.697 0.6666666865
160821  -2.591  2.450  -29.252 0.7777777910
160822  -2.874  2.923  -29.746 0.7777777910
160823  -3.244  3.362  -30.253 0.6666666865
160824  -3.908  3.314  -30.837 0.6666666865
160825  -4.740  3.217  -31.464 0.6666666865
160826  -5.730  3.091  -32.122 0.6666666865
160827  -3.454  0.622  -29.595 0.8888888955
160828  -3.828  1.081  -30.023 0.8888888955
160829  -4.278  1.518  -30.492 0.7777777910
160830  -5.581  0.993  -31.233 0.8888888955
160831  -5.180  1.459  -31.116 0.7777777910
160832  -4.801  1.929  -31.013 0.7777777910
160833  -5.400  2.306  -31.579 0.6666666865
160834  -6.081  2.651  -32.170 0.6666666865
160835  -6.854  2.981  -32.765 0.6666666865
160836  -8.062  2.930  -33.332 0.5555555820
160837  -9.296  2.969  -33.762 0.5555555820
160838  -10.497  3.097  -34.031 0.4444444478
160839  -10.050  2.114  -33.650 0.4444444478
160854  -11.362  -0.488  -32.912 0.5555555820
160855  -12.413  -0.446  -33.002 0.4444444478
160872  -7.228  -4.233  -30.121 0.8888888955
160873  -8.174  -4.321  -30.422 0.8888888955
160874  -9.166  -4.381  -30.670 0.7777777910
160875  -9.189  -5.395  -30.287 0.7777777910
160876  -9.671  -4.908  -30.572 0.7777777910
160877  -10.180  -4.401  -30.882 0.6666666865
160878  -11.187  -4.375  -31.071 0.5555555820
160879  -12.164  -4.309  -31.234 0.4444444478
160880  -13.103  -4.218  -31.356 0.4444444478
160881  -11.263  -7.510  -29.618 0.5555555820
160882  -11.689  -7.007  -29.884 0.5555555820
163761  -5.106  -9.955  -23.211 0.4444444478
163762  -4.887  -10.125  -23.557 0.5555555820
163763  -4.896  -10.346  -23.956 0.5555555820
163764  -5.125  -10.592  -24.379 0.6666666865
163765  -5.473  -11.490  -24.109 0.6666666865
163766  -5.490  -11.170  -24.447 0.6666666865
163767  -5.536  -10.837  -24.797 0.6666666865
163768  -6.076  -11.060  -25.184 0.5555555820
163769  -6.698  -11.254  -25.532 0.5555555820
163770  -7.372  -11.429  -25.839 0.4444444478
163771  -7.314  -13.846  -24.013 0.4444444478
163772  -7.444  -13.527  -24.370 0.4444444478
163773  -7.583  -13.190  -24.736 0.4444444478
163774  -8.866  -14.063  -24.776 0.4444444478
163775  -8.300  -13.437  -24.965 0.4444444478
163776  -7.723  -12.827  -25.097 0.4444444478
163777  -7.851  -12.437  -25.442 0.4444444478
163778  -7.968  -12.024  -25.775 0.4444444478
163779  -8.087  -11.603  -26.110 0.4444444478
163780  -8.840  -11.787  -26.339 0.4444444478
