#!ascii label  , from subject lh.EC_average vox2ras=TkReg coords=white
450
360  -7.850  -23.201  -15.361 0.0000000000
1438  -9.196  -20.512  -18.086 0.0000000000
1795  -0.249  -25.054  -8.065 0.0000000000
1796  -1.777  -22.686  -10.206 0.0000000000
1797  -2.871  -20.652  -12.703 0.0000000000
1798  -3.748  -18.940  -15.356 0.0000000000
2557  -4.605  -17.392  -18.062 0.1111111119
3948  0.189  -26.178  -6.926 0.0000000000
3949  -0.832  -28.025  -7.738 0.0000000000
3951  -1.986  -25.789  -10.186 0.0000000000
3952  -2.723  -24.633  -11.090 0.0000000000
3953  -2.381  -21.634  -11.366 0.0000000000
3954  -3.462  -23.636  -12.139 0.0000000000
3955  -4.109  -22.865  -13.444 0.0000000000
5747  -5.226  -21.273  -16.076 0.0000000000
5748  -4.160  -18.198  -16.670 0.0000000000
5749  -5.802  -20.339  -17.394 0.0000000000
7194  -8.505  -21.795  -16.680 0.0000000000
8026  -1.231  -26.978  -9.121 0.0000000000
8027  -1.110  -23.877  -9.193 0.0000000000
8032  -5.397  -18.584  -13.889 0.0000000000
8033  -3.281  -19.729  -14.043 0.0000000000
8034  -4.707  -22.129  -14.824 0.0000000000
8035  -7.331  -24.524  -14.090 0.0000000000
10225  -5.637  -17.593  -15.088 0.0000000000
10226  -5.714  -16.496  -16.462 0.0000000000
10228  -6.441  -19.359  -18.758 0.0000000000
11628  -0.989  -28.527  -7.075 0.0000000000
11631  -3.471  -26.246  -10.511 0.0000000000
11632  -3.896  -25.697  -10.893 0.0000000000
11633  -3.100  -24.110  -11.571 0.0000000000
13427  -6.497  -22.382  -15.882 0.0000000000
13428  -5.513  -20.824  -16.726 0.0000000000
13429  -6.806  -21.793  -16.523 0.0000000000
17600  0.093  -25.608  -7.453 0.0000000000
17604  -1.034  -24.091  -7.886 0.0000000000
17607  -2.160  -28.028  -9.322 0.0000000000
17608  -1.611  -24.116  -10.346 0.0000000000
17609  -1.284  -24.720  -9.832 0.0000000000
17610  -1.462  -23.267  -9.700 0.0000000000
17611  -1.949  -23.011  -8.910 0.0000000000
17612  -2.312  -22.449  -9.395 0.0000000000
17614  -2.644  -21.908  -9.923 0.0000000000
17615  -2.641  -21.139  -12.023 0.0000000000
17616  -3.241  -20.863  -11.226 0.0000000000
17617  -3.469  -20.325  -11.929 0.0000000000
17619  -3.665  -19.782  -12.643 0.0000000000
17620  -3.843  -19.276  -13.308 0.0000000000
17621  -3.081  -20.175  -13.381 0.0000000000
17623  -4.426  -22.514  -14.149 0.0000000000
17625  -5.993  -23.429  -14.616 0.0000000000
22997  -4.234  -18.393  -14.554 0.0000000000
22998  -5.548  -18.099  -14.481 0.0000000000
22999  -4.389  -17.970  -15.165 0.0000000000
23000  -4.370  -17.799  -17.359 0.0000000000
23001  -4.634  -17.089  -16.485 0.0000000000
23002  -4.747  -16.634  -17.217 0.1111111119
23003  -5.753  -15.960  -17.152 0.0000000000
23005  -8.831  -21.142  -17.361 0.0000000000
23006  -7.434  -20.618  -17.852 0.0000000000
23007  -7.797  -20.074  -18.551 0.0000000000
25537  -0.469  -27.604  -6.751 0.0000000000
25538  -0.231  -27.054  -7.303 0.0000000000
25539  -0.238  -26.498  -7.970 0.0000000000
25541  -2.594  -27.453  -9.760 0.0000000000
25542  -3.044  -26.849  -10.144 0.0000000000
25543  -2.355  -25.192  -10.648 0.0000000000
25544  -1.930  -23.539  -10.840 0.0000000000
25545  -2.086  -22.141  -10.749 0.0000000000
25546  -2.257  -23.004  -11.355 0.0000000000
25547  -2.577  -22.508  -11.955 0.0000000000
25548  -2.866  -22.047  -12.607 0.0000000000
25549  -3.135  -21.618  -13.271 0.0000000000
25550  -3.788  -23.225  -12.768 0.0000000000
28775  -4.187  -20.046  -15.922 0.0000000000
28776  -3.951  -18.569  -16.006 0.0000000000
28777  -4.440  -19.670  -16.584 0.0000000000
28778  -4.706  -19.282  -17.258 0.0000000000
28779  -4.984  -18.853  -17.932 0.0000000000
32142  -8.181  -22.480  -16.010 0.0000000000
32144  -9.853  -22.227  -16.033 0.0000000000
32145  -10.165  -21.490  -16.753 0.0000000000
34397  -0.936  -27.517  -8.455 0.0000000000
34398  -0.523  -25.935  -8.672 0.0000000000
34399  -1.603  -26.397  -9.691 0.0000000000
34400  -0.916  -25.341  -9.292 0.0000000000
34401  -0.699  -24.489  -8.662 0.0000000000
34402  -1.526  -23.579  -8.409 0.0000000000
34408  -2.963  -21.390  -10.547 0.0000000000
34415  -5.220  -19.062  -13.289 0.0000000000
34416  -4.032  -18.821  -13.939 0.0000000000
34417  -3.512  -19.320  -14.706 0.0000000000
34418  -3.404  -21.212  -13.943 0.0000000000
34419  -3.667  -20.814  -14.620 0.0000000000
34420  -3.933  -20.427  -15.277 0.0000000000
34421  -4.962  -21.711  -15.450 0.0000000000
34422  -6.228  -22.931  -15.257 0.0000000000
34423  -7.564  -23.905  -14.736 0.0000000000
40912  -4.516  -17.540  -15.794 0.0000000000
40913  -5.690  -17.055  -15.749 0.0000000000
40918  -7.116  -21.193  -17.181 0.0000000000
40919  -6.099  -19.840  -18.070 0.0000000000
40920  -5.296  -18.422  -18.620 0.1111111119
42351  -4.301  -26.458  -10.462 0.0000000000
42352  -4.530  -26.199  -10.645 0.0000000000
42353  -4.111  -25.447  -11.104 0.0000000000
44147  -7.165  -22.834  -15.659 0.0000000000
44148  -6.648  -22.092  -16.200 0.0000000000
44149  -7.323  -22.504  -15.976 0.0000000000
48320  -0.053  -25.329  -7.753 0.0000000000
48321  -0.095  -25.000  -7.436 0.0000000000
48322  -0.314  -24.742  -7.719 0.0000000000
48323  -0.768  -24.323  -7.617 0.0000000000
48324  -0.556  -24.486  -8.007 0.0000000000
48326  -2.437  -28.826  -9.106 0.0000000000
48327  -2.663  -28.545  -9.311 0.0000000000
48328  -1.610  -23.344  -10.308 0.0000000000
48329  -1.455  -23.638  -10.054 0.0000000000
48330  -1.622  -22.974  -9.952 0.0000000000
48331  -1.804  -22.760  -9.557 0.0000000000
48332  -1.967  -22.476  -9.805 0.0000000000
48333  -2.479  -22.176  -9.648 0.0000000000
48334  -2.126  -22.198  -10.065 0.0000000000
48335  -2.759  -20.895  -12.361 0.0000000000
48336  -2.963  -20.648  -11.976 0.0000000000
48337  -3.071  -20.391  -12.325 0.0000000000
48338  -3.570  -20.053  -12.289 0.0000000000
48339  -3.172  -20.133  -12.676 0.0000000000
48340  -3.267  -19.879  -13.020 0.0000000000
48341  -2.979  -20.411  -13.045 0.0000000000
53717  -3.875  -18.571  -14.960 0.0000000000
53718  -4.319  -18.182  -14.859 0.0000000000
53719  -3.968  -18.375  -15.275 0.0000000000
53720  -4.482  -17.594  -17.708 0.1111111119
53721  -4.464  -17.157  -17.293 0.1111111119
53722  -4.556  -16.949  -17.653 0.1111111119
53723  -4.818  -16.416  -17.577 0.1111111119
53724  -4.660  -16.746  -18.012 0.1111111119
53725  -9.008  -20.823  -17.716 0.0000000000
53726  -8.312  -20.615  -17.982 0.0000000000
53727  -8.502  -20.327  -18.342 0.0000000000
57918  -0.620  -27.871  -6.508 0.0000000000
57919  -0.908  -28.315  -6.635 0.0000000000
57920  -0.881  -28.276  -7.392 0.0000000000
57921  -0.610  -27.795  -7.185 0.0000000000
57922  -0.519  -27.530  -7.508 0.0000000000
57923  -0.195  -26.776  -7.624 0.0000000000
57924  -0.499  -27.266  -7.858 0.0000000000
57926  -3.384  -27.664  -9.830 0.0000000000
57927  -3.620  -27.351  -9.984 0.0000000000
57928  -3.083  -25.447  -10.838 0.0000000000
57929  -2.886  -25.730  -10.634 0.0000000000
57930  -2.538  -24.908  -10.869 0.0000000000
57931  -2.088  -24.358  -10.786 0.0000000000
57932  -2.260  -24.079  -11.019 0.0000000000
57933  -2.093  -23.266  -11.089 0.0000000000
57934  -2.434  -23.809  -11.259 0.0000000000
57935  -3.285  -23.865  -11.845 0.0000000000
57936  -2.785  -23.298  -11.801 0.0000000000
57937  -2.953  -23.059  -12.105 0.0000000000
57938  -2.726  -22.273  -12.278 0.0000000000
57939  -3.110  -22.833  -12.423 0.0000000000
57940  -3.259  -22.619  -12.747 0.0000000000
57941  -3.628  -23.423  -12.447 0.0000000000
63317  -4.659  -20.663  -16.047 0.0000000000
63318  -4.312  -19.857  -16.250 0.0000000000
63319  -4.793  -20.462  -16.372 0.0000000000
63320  -5.659  -20.586  -17.059 0.0000000000
63321  -5.072  -20.050  -17.039 0.0000000000
63322  -5.212  -19.830  -17.376 0.0000000000
63323  -4.842  -19.071  -17.595 0.0000000000
63324  -5.354  -19.600  -17.712 0.0000000000
70523  -10.003  -21.859  -16.390 0.0000000000
75835  0.155  -26.469  -6.691 0.0000000000
75837  0.275  -25.815  -6.688 0.0000000000
75853  -1.503  -27.780  -8.968 0.0000000000
75854  -1.351  -28.042  -8.656 0.0000000000
75855  -1.067  -27.253  -8.798 0.0000000000
75856  -0.674  -26.728  -8.580 0.0000000000
75857  -0.837  -26.449  -8.922 0.0000000000
75858  -2.279  -26.629  -9.998 0.0000000000
75859  -2.071  -26.929  -9.769 0.0000000000
75860  -1.796  -26.094  -9.944 0.0000000000
75861  -1.123  -24.247  -9.537 0.0000000000
75862  -1.106  -25.031  -9.568 0.0000000000
75863  -0.938  -24.560  -9.275 0.0000000000
75864  -0.738  -24.871  -9.000 0.0000000000
75865  -0.913  -24.187  -8.934 0.0000000000
75866  -1.034  -23.944  -8.556 0.0000000000
75867  -1.249  -23.650  -8.813 0.0000000000
75868  -2.591  -22.868  -8.754 0.0000000000
75869  -2.385  -23.139  -8.507 0.0000000000
75880  -2.237  -21.885  -11.049 0.0000000000
75881  -2.440  -21.670  -10.649 0.0000000000
75882  -2.587  -21.415  -10.970 0.0000000000
75883  -3.894  -20.735  -11.182 0.0000000000
75884  -3.764  -21.014  -10.826 0.0000000000
75895  -5.888  -19.368  -13.046 0.0000000000
75896  -5.130  -19.308  -12.976 0.0000000000
75897  -3.448  -19.403  -13.679 0.0000000000
75898  -3.934  -19.044  -13.626 0.0000000000
75899  -3.546  -19.182  -14.003 0.0000000000
75900  -3.655  -18.972  -14.325 0.0000000000
75901  -3.391  -19.519  -14.375 0.0000000000
75902  -3.554  -22.222  -13.413 0.0000000000
75903  -3.270  -21.413  -13.606 0.0000000000
75904  -3.704  -22.035  -13.754 0.0000000000
75905  -4.571  -22.326  -14.494 0.0000000000
75906  -3.997  -21.657  -14.442 0.0000000000
75907  -4.135  -21.462  -14.776 0.0000000000
75908  -3.800  -20.618  -14.952 0.0000000000
75909  -4.269  -21.266  -15.099 0.0000000000
75910  -4.400  -21.067  -15.414 0.0000000000
75911  -4.836  -21.924  -15.141 0.0000000000
75912  -6.660  -24.015  -14.385 0.0000000000
75913  -6.109  -23.188  -14.941 0.0000000000
75914  -6.773  -23.748  -14.715 0.0000000000
75915  -6.891  -23.460  -15.034 0.0000000000
75916  -7.444  -24.227  -14.419 0.0000000000
92027  -6.062  -18.865  -13.660 0.0000000000
92029  -6.144  -18.611  -13.958 0.0000000000
92030  -5.599  -17.850  -14.780 0.0000000000
92035  -4.054  -18.385  -16.335 0.0000000000
92036  -4.133  -17.983  -15.910 0.0000000000
92037  -4.219  -17.785  -16.238 0.0000000000
92038  -5.122  -16.736  -16.441 0.0000000000
92039  -5.092  -16.991  -16.077 0.0000000000
92040  -5.704  -16.775  -16.103 0.0000000000
92041  -6.367  -16.934  -15.847 0.0000000000
92042  -6.366  -16.630  -16.195 0.0000000000
92044  -6.365  -16.331  -16.540 0.0000000000
92045  -5.782  -15.700  -17.475 0.0000000000
92046  -6.382  -15.761  -17.186 0.0000000000
92050  -8.345  -22.132  -16.344 0.0000000000
92051  -7.650  -21.843  -16.629 0.0000000000
92052  -7.810  -21.524  -16.960 0.0000000000
92053  -6.918  -20.001  -18.345 0.0000000000
92054  -6.748  -20.260  -18.001 0.0000000000
92055  -6.264  -19.597  -18.413 0.0000000000
92056  -5.662  -19.139  -18.394 0.0000000000
92057  -5.832  -18.914  -18.738 0.0000000000
94656  -1.133  -28.777  -6.796 0.0000000000
94657  -1.286  -29.255  -6.996 0.0000000000
94658  -1.186  -29.013  -7.295 0.0000000000
94659  -1.139  -28.774  -7.627 0.0000000000
94661  -3.848  -27.039  -10.137 0.0000000000
94662  -4.074  -26.739  -10.295 0.0000000000
94663  -3.682  -25.964  -10.698 0.0000000000
94664  -3.282  -25.175  -11.046 0.0000000000
94665  -2.911  -24.367  -11.320 0.0000000000
94666  -3.483  -24.915  -11.267 0.0000000000
94667  -3.684  -24.668  -11.508 0.0000000000
94668  -3.878  -24.437  -11.771 0.0000000000
94669  -4.063  -24.226  -12.053 0.0000000000
97895  -5.847  -21.854  -16.021 0.0000000000
97896  -5.367  -21.051  -16.398 0.0000000000
97897  -5.994  -21.602  -16.340 0.0000000000
97898  -6.145  -21.341  -16.666 0.0000000000
97899  -6.295  -21.071  -16.996 0.0000000000
105406  0.173  -25.892  -7.178 0.0000000000
105407  0.206  -25.535  -6.921 0.0000000000
105408  0.082  -25.264  -7.169 0.0000000000
105418  -1.963  -28.304  -9.073 0.0000000000
105419  -1.678  -27.506  -9.258 0.0000000000
105420  -1.750  -24.944  -10.305 0.0000000000
105421  -1.577  -25.247  -10.054 0.0000000000
105422  -1.451  -24.415  -10.091 0.0000000000
105423  -1.294  -23.939  -9.797 0.0000000000
105424  -1.292  -23.568  -9.447 0.0000000000
105425  -1.447  -23.349  -9.064 0.0000000000
105426  -1.632  -23.051  -9.311 0.0000000000
105427  -2.138  -22.728  -9.152 0.0000000000
105428  -2.779  -22.599  -8.998 0.0000000000
105430  -2.955  -22.332  -9.248 0.0000000000
105431  -3.125  -22.069  -9.517 0.0000000000
105432  -3.294  -21.811  -9.813 0.0000000000
105433  -2.516  -21.385  -11.692 0.0000000000
105434  -2.724  -21.160  -11.300 0.0000000000
105435  -2.848  -20.903  -11.635 0.0000000000
105436  -3.360  -20.595  -11.574 0.0000000000
105437  -4.010  -20.451  -11.546 0.0000000000
105439  -4.116  -20.166  -11.913 0.0000000000
105440  -4.215  -19.880  -12.277 0.0000000000
105441  -4.308  -19.604  -12.627 0.0000000000
105442  -4.398  -19.342  -12.960 0.0000000000
105443  -3.755  -19.522  -12.983 0.0000000000
105444  -3.358  -19.635  -13.353 0.0000000000
105445  -3.180  -19.947  -13.712 0.0000000000
105446  -4.758  -23.529  -13.366 0.0000000000
105447  -4.271  -22.692  -13.796 0.0000000000
105448  -4.922  -23.366  -13.727 0.0000000000
105449  -5.073  -23.190  -14.087 0.0000000000
105450  -5.210  -22.999  -14.435 0.0000000000
105451  -5.336  -22.792  -14.767 0.0000000000
105452  -5.876  -23.652  -14.278 0.0000000000
105453  -6.548  -24.258  -14.040 0.0000000000
105454  -7.220  -24.791  -13.744 0.0000000000
115121  -4.767  -18.409  -14.188 0.0000000000
115122  -5.479  -18.343  -14.185 0.0000000000
115123  -4.849  -18.183  -14.486 0.0000000000
115124  -4.915  -17.954  -14.785 0.0000000000
115125  -4.967  -17.722  -15.088 0.0000000000
115126  -4.265  -18.003  -17.012 0.0000000000
115127  -4.303  -17.580  -16.580 0.0000000000
115128  -4.382  -17.369  -16.933 0.0000000000
115129  -4.688  -16.860  -16.851 0.0000000000
115130  -5.153  -16.485  -16.807 0.0000000000
115131  -5.729  -16.224  -16.815 0.0000000000
115132  -5.192  -16.242  -17.165 0.0000000000
115133  -5.242  -16.004  -17.510 0.0000000000
115135  -8.665  -21.465  -17.017 0.0000000000
115136  -7.969  -21.213  -17.294 0.0000000000
115137  -8.135  -20.911  -17.633 0.0000000000
115138  -7.609  -20.343  -18.198 0.0000000000
115139  -7.103  -19.749  -18.693 0.0000000000
121022  -0.177  -27.169  -6.620 0.0000000000
121023  -0.067  -26.885  -6.861 0.0000000000
121024  -0.748  -28.058  -6.895 0.0000000000
121025  -0.331  -27.331  -7.013 0.0000000000
121026  0.012  -26.600  -7.118 0.0000000000
121027  0.035  -26.313  -7.402 0.0000000000
121028  -0.016  -26.028  -7.714 0.0000000000
121029  -0.140  -25.745  -8.048 0.0000000000
121031  -2.899  -28.259  -9.498 0.0000000000
121032  -3.142  -27.967  -9.669 0.0000000000
121033  -2.821  -27.154  -9.956 0.0000000000
121034  -2.486  -26.326  -10.216 0.0000000000
121035  -3.260  -26.543  -10.328 0.0000000000
121036  -2.688  -26.024  -10.427 0.0000000000
121037  -2.172  -25.487  -10.420 0.0000000000
121038  -1.919  -24.647  -10.549 0.0000000000
121039  -1.770  -23.824  -10.595 0.0000000000
121040  -1.764  -23.057  -10.562 0.0000000000
121041  -1.932  -22.407  -10.469 0.0000000000
121042  -1.920  -22.780  -10.821 0.0000000000
121043  -2.076  -22.516  -11.095 0.0000000000
121044  -2.229  -22.262  -11.389 0.0000000000
121045  -2.610  -23.549  -11.517 0.0000000000
121046  -2.419  -22.752  -11.644 0.0000000000
121047  -2.377  -22.015  -11.702 0.0000000000
121048  -2.517  -21.774  -12.026 0.0000000000
121049  -2.649  -21.538  -12.357 0.0000000000
121050  -2.774  -21.307  -12.692 0.0000000000
121051  -2.896  -21.079  -13.028 0.0000000000
121052  -3.001  -21.829  -12.938 0.0000000000
121053  -3.406  -22.416  -13.077 0.0000000000
121054  -3.948  -23.040  -13.101 0.0000000000
121055  -4.240  -24.032  -12.354 0.0000000000
121056  -4.414  -23.855  -12.674 0.0000000000
121057  -4.587  -23.689  -13.013 0.0000000000
128579  -3.864  -19.453  -15.689 0.0000000000
128580  -3.852  -18.754  -15.680 0.0000000000
128581  -3.979  -19.270  -16.018 0.0000000000
128582  -4.094  -19.089  -16.350 0.0000000000
128583  -4.214  -18.908  -16.685 0.0000000000
128584  -4.932  -20.259  -16.704 0.0000000000
128585  -4.573  -19.481  -16.921 0.0000000000
128586  -4.337  -18.721  -17.023 0.0000000000
128587  -4.460  -18.523  -17.362 0.0000000000
128588  -4.587  -18.316  -17.701 0.0000000000
128589  -4.723  -18.107  -18.045 0.1111111119
128591  -8.700  -20.046  -18.714 0.0000000000
137705  -8.549  -23.499  -15.014 0.0000000000
137706  -8.014  -22.838  -15.681 0.0000000000
137707  -8.714  -23.113  -15.341 0.0000000000
137708  -8.877  -22.739  -15.678 0.0000000000
137709  -9.034  -22.377  -16.020 0.0000000000
137711  -9.709  -22.596  -15.679 0.0000000000
137712  -9.187  -22.023  -16.364 0.0000000000
137713  -9.343  -21.674  -16.709 0.0000000000
137714  -9.507  -21.328  -17.061 0.0000000000
137715  -9.683  -20.985  -17.425 0.0000000000
144228  -1.155  -28.536  -7.977 0.0000000000
144230  -1.231  -28.294  -8.324 0.0000000000
144231  -0.853  -27.774  -8.098 0.0000000000
144232  -0.555  -26.999  -8.221 0.0000000000
144233  -0.354  -26.218  -8.326 0.0000000000
144234  -0.320  -25.461  -8.384 0.0000000000
144235  -2.372  -27.743  -9.550 0.0000000000
144236  -1.869  -27.222  -9.525 0.0000000000
144237  -1.413  -26.692  -9.418 0.0000000000
144238  -1.398  -25.554  -9.797 0.0000000000
144239  -1.212  -25.861  -9.527 0.0000000000
144240  -1.021  -26.160  -9.238 0.0000000000
144241  -0.717  -25.644  -8.996 0.0000000000
144242  -0.527  -25.172  -8.704 0.0000000000
144243  -0.473  -24.777  -8.372 0.0000000000
144244  -0.802  -24.223  -8.287 0.0000000000
144245  -1.289  -23.844  -8.151 0.0000000000
144247  -1.746  -23.298  -8.663 0.0000000000
144248  -2.162  -23.404  -8.252 0.0000000000
144262  -2.284  -21.929  -10.345 0.0000000000
144263  -2.806  -21.648  -10.223 0.0000000000
144264  -3.460  -21.552  -10.134 0.0000000000
144265  -3.109  -21.128  -10.883 0.0000000000
144266  -3.618  -21.287  -10.475 0.0000000000
144282  -5.976  -19.116  -13.358 0.0000000000
144283  -5.310  -18.823  -13.591 0.0000000000
144284  -4.488  -19.098  -13.278 0.0000000000
144285  -4.581  -18.864  -13.586 0.0000000000
144286  -4.675  -18.636  -13.889 0.0000000000
144287  -4.135  -18.605  -14.248 0.0000000000
144288  -3.768  -18.769  -14.644 0.0000000000
144289  -3.634  -19.128  -15.032 0.0000000000
144290  -3.016  -20.855  -13.363 0.0000000000
144291  -3.132  -20.637  -13.697 0.0000000000
144292  -3.246  -20.425  -14.031 0.0000000000
144293  -3.853  -21.848  -14.099 0.0000000000
144294  -3.536  -21.012  -14.282 0.0000000000
144295  -3.363  -20.218  -14.368 0.0000000000
144296  -3.487  -20.018  -14.704 0.0000000000
144297  -3.616  -19.825  -15.035 0.0000000000
144298  -3.744  -19.638  -15.362 0.0000000000
144299  -4.062  -20.236  -15.598 0.0000000000
144300  -4.529  -20.865  -15.728 0.0000000000
144301  -5.091  -21.493  -15.761 0.0000000000
144302  -5.458  -22.571  -15.085 0.0000000000
144303  -5.581  -22.339  -15.397 0.0000000000
144304  -5.709  -22.099  -15.707 0.0000000000
144305  -6.356  -22.662  -15.570 0.0000000000
144306  -7.020  -23.154  -15.346 0.0000000000
144307  -7.699  -23.560  -15.048 0.0000000000
144328  -7.893  -25.238  -13.411 0.0000000000
144331  -8.008  -24.947  -13.752 0.0000000000
144332  -8.124  -24.621  -14.076 0.0000000000
144333  -8.250  -24.265  -14.388 0.0000000000
144334  -8.392  -23.888  -14.698 0.0000000000
163690  -4.051  -18.179  -15.591 0.0000000000
163691  -4.453  -17.757  -15.475 0.0000000000
163692  -5.012  -17.485  -15.400 0.0000000000
163693  -4.578  -17.318  -16.130 0.0000000000
163694  -5.055  -17.242  -15.728 0.0000000000
163695  -5.667  -17.329  -15.409 0.0000000000
163702  -6.370  -16.043  -16.871 0.0000000000
163708  -7.487  -22.171  -16.300 0.0000000000
163709  -6.962  -21.492  -16.851 0.0000000000
163710  -6.443  -20.796  -17.328 0.0000000000
163711  -7.271  -20.901  -17.514 0.0000000000
163712  -6.591  -20.525  -17.663 0.0000000000
163713  -5.947  -20.088  -17.730 0.0000000000
163714  -5.503  -19.367  -18.051 0.0000000000
163715  -5.136  -18.636  -18.275 0.0000000000
163716  -4.869  -17.903  -18.394 0.1111111119
163717  -7.997  -19.811  -18.911 0.0000000000
163718  -7.299  -19.500  -19.043 0.1111111119
163719  -6.629  -19.123  -19.101 0.0000000000
163722  -6.010  -18.690  -19.077 0.1111111119
163723  -5.463  -18.211  -18.962 0.1111111119
163724  -5.023  -17.701  -18.742 0.1111111119
163725  -4.737  -17.194  -18.417 0.1111111119
