#!ascii label  , from subject fsaverage5 vox2ras=TkReg 
256
3070  -53.349  20.098  18.648 0.6000000238
3072  -54.336  19.688  16.525 0.5000000000
1152  -53.767  17.598  15.360 0.5000000000
3073  -53.192  19.484  14.209 0.4000000060
6684  -51.685  16.835  13.090 0.3000000119
6685  -50.729  18.798  12.863 0.4000000060
4900  -47.917  17.343  11.352 0.2000000030
7639  -50.998  19.703  19.423 0.6000000238
4902  -45.720  16.021  8.809 0.2000000030
120  -53.876  21.510  16.586 0.6999999881
3074  -54.215  21.130  14.241 0.6999999881
6686  -50.012  20.439  11.651 0.4000000060
524  -47.053  19.329  10.684 0.2000000030
2223  -50.730  22.670  7.373 0.8000000119
7640  -51.940  21.701  17.690 0.6000000238
9230  -53.682  23.244  13.648 0.8999999762
1154  -52.609  20.868  12.402 0.5000000000
9231  -53.599  22.531  11.276 0.8999999762
9232  -51.821  21.871  9.711 0.8000000119
9233  -49.020  21.385  8.876 0.6999999881
9221  -52.422  23.634  15.554 0.8000000119
2222  -53.237  24.531  10.504 0.8999999762
4922  -51.746  24.483  6.397 0.8000000119
2219  -50.233  25.112  14.469 0.8000000119
9229  -52.158  25.134  12.737 0.8999999762
4921  -52.792  23.389  8.302 0.8000000119
4919  -51.662  26.287  9.599 1.0000000000
9228  -49.669  26.366  11.220 1.0000000000
4920  -52.535  25.492  7.619 0.8000000119
2221  -49.249  28.433  9.060 1.0000000000
6697  -50.546  26.215  5.590 0.8000000119
9226  -46.317  30.851  9.707 0.8000000119
4918  -51.491  28.034  7.532 1.0000000000
526  -52.048  27.063  6.122 0.8999999762
4917  -49.532  31.031  8.238 0.8000000119
4916  -51.618  29.839  6.305 1.0000000000
6696  -51.516  28.519  4.964 0.8999999762
9225  -46.930  32.601  8.435 0.8999999762
1159  -50.002  32.345  6.563 0.8999999762
1160  -50.789  29.227  3.011 0.8000000119
6698  -49.316  27.875  4.747 0.8999999762
6695  -51.432  30.601  4.276 1.0000000000
9237  -43.732  19.895  8.513 0.5000000000
9236  -46.229  20.710  8.629 0.5000000000
4926  -42.501  21.704  8.746 0.3000000119
2224  -45.076  22.265  7.957 0.5000000000
9235  -47.877  22.611  7.455 0.6999999881
4927  -40.831  23.436  8.417 0.2000000030
2225  -40.006  21.122  9.790 0.1000000015
4925  -43.568  23.903  7.547 0.3000000119
3674  -46.244  21.235  18.612 0.2000000030
3673  -48.182  19.194  19.568 0.2000000030
1628  -49.219  21.487  18.094 0.3000000119
4924  -46.398  24.123  6.985 0.6000000238
9234  -49.293  24.168  6.358 0.6000000238
9219  -47.179  23.713  18.344 0.1000000015
264  -43.093  21.159  19.149 0.1000000015
743  -40.044  18.084  20.716 0.1000000015
3672  -44.993  19.312  19.503 0.1000000015
3671  -43.371  17.431  20.531 0.2000000030
9220  -50.036  23.803  17.091 0.5000000000
9218  -44.137  23.426  18.617 0.1000000015
3670  -41.659  19.486  19.841 0.2000000030
527  -42.144  25.490  6.778 0.4000000060
4923  -44.786  25.626  6.224 0.6000000238
1161  -47.769  25.874  5.744 0.6000000238
6699  -46.292  27.221  4.838 0.4000000060
3081  -48.002  28.494  2.808 0.6000000238
3080  -50.269  29.814  0.468 0.6999999881
3079  -51.197  30.864  1.575 0.6999999881
3082  -47.478  29.554  0.412 0.4000000060
4911  -47.554  24.747  15.993 0.4000000060
121  -49.430  30.745  -1.785 0.5000000000
9215  -41.381  23.556  18.962 0.1000000015
9227  -46.413  27.887  10.459 0.5000000000
9224  -42.996  29.983  10.813 0.6000000238
3078  -50.751  31.765  -1.055 0.6999999881
2218  -44.811  24.978  17.112 0.1000000015
2220  -43.105  32.450  9.086 0.4000000060
9217  -42.224  25.250  17.959 0.1000000015
4912  -47.121  25.772  12.633 0.6999999881
6691  -39.739  29.195  12.458 0.4000000060
525  -43.509  27.265  12.006 0.4000000060
9223  -39.419  31.739  10.365 0.3000000119
6694  -50.093  32.248  3.588 0.8000000119
4929  -39.520  24.869  7.839 0.2000000030
263  -49.166  14.207  21.732 0.1000000015
6679  -51.528  15.161  19.085 0.2000000030
7634  -46.225  13.375  22.867 0.1000000015
7633  -44.533  11.853  21.858 0.1000000015
3668  -41.464  11.854  22.501 0.1000000015
7632  -42.888  10.330  20.575 0.1000000015
6678  -51.273  16.055  21.656 0.1000000015
6680  -53.435  16.424  18.776 0.2000000030
7637  -48.160  15.443  22.968 0.1000000015
1626  -42.979  13.790  23.015 0.1000000015
4892  -49.204  13.791  18.524 0.2000000030
7636  -44.732  15.386  22.453 0.1000000015
1151  -53.223  14.858  15.485 0.2000000030
1150  -52.670  18.125  20.284 0.4000000060
1627  -46.818  17.158  21.202 0.2000000030
7638  -50.039  17.508  21.541 0.3000000119
7635  -41.643  15.841  21.550 0.1000000015
6681  -54.175  16.005  15.571 0.2000000030
4893  -53.769  14.610  11.913 0.1000000015
3071  -54.251  17.971  17.982 0.4000000060
5945  -38.503  16.642  21.725 0.1000000015
6682  -53.188  15.705  12.200 0.2000000030
1153  -49.330  15.591  10.191 0.2000000030
4910  -44.225  25.518  14.486 0.2000000030
6700  -43.534  27.266  5.080 0.4000000060
6701  -40.857  26.814  5.875 0.3000000119
6702  -42.380  28.451  3.694 0.3000000119
3083  -44.208  29.616  1.423 0.3000000119
3084  -46.189  30.323  -1.069 0.3000000119
6703  -41.269  29.377  2.536 0.3000000119
1162  -45.140  28.639  2.907 0.3000000119
9249  -45.428  31.215  -2.244 0.2000000030
1163  -39.597  27.958  4.839 0.3000000119
7652  -48.661  31.763  -3.128 0.3000000119
9250  -42.512  31.081  -1.235 0.2000000030
7651  -50.247  33.131  -2.878 0.4000000060
1158  -49.748  32.956  0.373 0.6999999881
7650  -49.645  34.752  -1.700 0.6999999881
4936  -45.132  32.383  -3.716 0.2000000030
1634  -47.839  32.800  -4.525 0.2000000030
6692  -47.354  33.650  2.450 0.6999999881
7653  -49.613  33.763  -4.460 0.3000000119
7648  -45.274  36.564  1.995 0.6999999881
7649  -47.605  35.716  -0.095 0.6999999881
1633  -49.203  35.486  -3.437 0.5000000000
6693  -47.531  33.483  6.108 0.6000000238
3681  -47.518  37.120  -1.683 0.6999999881
4937  -44.849  33.324  -5.781 0.2000000030
4935  -47.182  33.583  -6.251 0.2000000030
4915  -44.108  33.554  7.268 0.5000000000
266  -45.066  35.225  4.781 0.5000000000
4913  -42.032  35.801  5.752 0.5000000000
7644  -39.886  37.922  4.468 0.4000000060
7645  -42.944  37.649  3.625 0.5000000000
7654  -48.680  34.420  -6.122 0.4000000060
1632  -45.205  38.514  0.134 0.6000000238
3683  -48.528  35.723  -5.145 0.4000000060
1164  -43.061  30.133  0.150 0.3000000119
2216  -42.450  17.255  8.305 0.1000000015
4904  -44.739  17.984  9.469 0.1000000015
4901  -47.134  14.799  7.151 0.1000000015
9238  -41.335  19.125  9.065 0.1000000015
9212  -39.842  16.886  8.166 0.1000000015
6683  -51.098  14.975  8.611 0.1000000015
523  -52.552  14.523  8.128 0.1000000015
9239  -38.833  18.554  9.732 0.1000000015
4914  -40.268  33.719  8.179 0.4000000060
1630  -38.390  35.968  6.657 0.4000000060
9222  -36.767  33.338  9.632 0.2000000030
1157  -36.691  31.109  12.718 0.2000000030
7647  -43.133  39.218  1.695 0.4000000060
6690  -38.024  29.601  15.122 0.3000000119
3077  -34.646  33.412  12.329 0.2000000030
1631  -40.601  39.489  2.658 0.4000000060
4908  -40.566  27.162  14.231 0.3000000119
7642  -35.536  36.239  8.360 0.2000000030
7643  -37.193  38.839  5.973 0.3000000119
58  -34.581  36.634  11.770 0.2000000030
3075  -35.823  34.342  15.583 0.2000000030
3676  -38.703  40.762  4.385 0.2000000030
7641  -35.667  39.193  8.544 0.2000000030
8258  -35.497  39.325  11.456 0.2000000030
1629  -37.806  41.611  6.834 0.2000000030
3675  -39.691  43.390  5.458 0.2000000030
8260  -38.799  43.732  7.300 0.2000000030
3677  -39.650  42.206  2.644 0.2000000030
9244  -35.648  25.542  8.734 0.1000000015
2226  -37.122  24.183  9.278 0.1000000015
4909  -41.804  26.282  16.265 0.2000000030
9243  -38.199  26.248  7.209 0.1000000015
2227  -34.289  26.947  7.998 0.1000000015
4931  -36.863  27.576  6.315 0.1000000015
4933  -33.080  28.329  7.098 0.1000000015
1156  -39.702  28.673  16.872 0.1000000015
9247  -30.833  27.382  8.483 0.1000000015
9216  -40.665  27.614  18.410 0.2000000030
2228  -32.097  29.772  5.892 0.2000000030
4932  -35.578  28.651  5.479 0.2000000030
4930  -38.415  28.871  3.826 0.2000000030
4934  -34.635  30.067  4.341 0.2000000030
3076  -36.338  31.747  15.687 0.1000000015
528  -37.455  29.918  2.808 0.2000000030
6704  -40.356  29.877  1.495 0.2000000030
1155  -38.787  33.094  17.967 0.1000000015
8247  -41.053  34.086  19.553 0.1000000015
4123  -40.151  35.709  19.297 0.1000000015
4124  -39.277  37.569  19.337 0.1000000015
6689  -39.364  31.148  17.606 0.1000000015
8248  -38.146  35.160  17.910 0.1000000015
1877  -37.387  37.254  17.556 0.1000000015
9251  -39.746  31.239  -0.084 0.1000000015
9254  -36.941  31.590  1.318 0.1000000015
8249  -35.907  37.059  15.125 0.1000000015
8257  -36.290  39.539  14.354 0.1000000015
4131  -36.114  41.852  13.926 0.1000000015
1880  -36.439  41.694  11.410 0.1000000015
1879  -36.934  42.262  16.251 0.1000000015
4129  -36.728  44.623  16.282 0.1000000015
4130  -35.987  44.283  13.971 0.1000000015
4132  -36.510  43.889  11.545 0.1000000015
8259  -37.217  41.788  9.111 0.1000000015
4133  -37.806  43.834  9.264 0.1000000015
896  -36.733  47.229  16.317 0.1000000015
4128  -36.696  46.997  14.587 0.1000000015
4134  -37.980  45.976  9.894 0.1000000015
2229  -42.371  32.446  -3.017 0.1000000015
394  -37.094  46.753  12.329 0.1000000015
1881  -38.561  45.654  7.634 0.1000000015
3682  -46.819  36.928  -3.730 0.3000000119
8262  -38.595  48.857  7.948 0.1000000015
7646  -40.049  40.373  0.781 0.1000000015
3679  -42.029  38.898  -0.710 0.1000000015
3680  -44.419  38.060  -2.169 0.2000000030
267  -43.759  37.625  -4.450 0.2000000030
3684  -45.962  36.671  -5.697 0.3000000119
746  -38.766  40.737  -1.234 0.1000000015
3678  -40.928  39.023  -2.947 0.1000000015
6224  -38.431  49.677  10.344 0.1000000015
8261  -39.973  45.546  5.731 0.1000000015
8263  -39.387  48.338  5.804 0.1000000015
5950  -38.669  43.064  1.047 0.1000000015
9252  -42.355  33.436  -5.082 0.1000000015
268  -47.174  34.058  -8.466 0.2000000030
1635  -47.772  36.021  -7.067 0.3000000119
7655  -48.215  34.858  -8.175 0.3000000119
265  -40.288  44.806  3.296 0.1000000015
6706  -45.066  33.797  -8.201 0.1000000015
4136  -38.448  50.538  5.692 0.1000000015
5951  -37.806  44.273  -0.733 0.1000000015
5952  -38.324  41.892  -3.786 0.1000000015
5953  -40.674  39.705  -5.640 0.1000000015
5954  -43.028  37.964  -7.145 0.2000000030
8264  -40.218  47.209  3.679 0.1000000015
5949  -39.231  45.969  1.744 0.1000000015
7656  -45.383  37.126  -8.486 0.2000000030
7657  -47.424  36.193  -9.598 0.2000000030
7658  -48.277  35.112  -10.517 0.1000000015
3686  -44.922  37.841  -11.454 0.1000000015
1636  -46.858  36.518  -12.184 0.1000000015
9245  -33.412  24.636  10.379 0.1000000015
8256  -37.205  39.710  16.660 0.1000000015
4890  -47.160  12.812  20.438 0.1000000015
4891  -47.277  12.153  17.525 0.1000000015
9196  -47.281  10.406  14.446 0.1000000015
2211  -48.861  12.430  15.012 0.1000000015
9198  -50.962  13.901  15.345 0.1000000015
9197  -48.418  10.844  11.587 0.1000000015
9199  -50.076  12.311  11.858 0.1000000015
4894  -52.331  13.450  11.847 0.1000000015
748  -42.920  39.521  -9.892 0.1000000015
