#!ascii label  , from subject fsaverage5 vox2ras=TkReg 
321
8897  -7.823  -32.497  67.743 0.6250000000
2989  -9.614  -29.832  69.025 0.5000000000
7518  -8.702  -32.769  65.197 0.6250000000
50  -10.622  -29.877  66.333 0.6250000000
8146  -11.462  -30.014  63.763 0.6250000000
8137  -12.619  -27.299  68.114 0.5000000000
8145  -13.494  -27.355  65.660 0.5000000000
1840  -12.389  -30.031  61.395 0.6250000000
5777  -33.563  -20.162  66.352 0.3750000000
650  -31.518  -21.796  65.296 0.3750000000
2570  -34.405  -20.897  64.668 0.3750000000
5778  -32.597  -22.248  63.229 0.7500000000
2569  -36.446  -18.491  65.250 0.3750000000
4043  -14.220  -27.375  63.055 0.7500000000
0  -36.785  -18.600  64.821 0.3750000000
2567  -35.198  -21.287  61.952 0.5000000000
647  -33.446  -22.422  60.979 0.7500000000
2565  -37.060  -21.061  59.044 0.5000000000
2568  -34.926  -22.372  58.787 1.0000000000
5773  -32.987  -23.133  57.858 1.0000000000
645  -36.446  -22.237  56.646 0.7500000000
5774  -34.624  -23.415  56.104 1.0000000000
5767  -35.747  -23.515  53.873 1.0000000000
648  -32.191  -23.926  54.685 1.0000000000
47  -21.758  -29.455  52.518 0.1250000000
3380  -33.766  -24.402  52.882 1.0000000000
165  -34.946  -24.596  50.754 1.0000000000
3381  -31.657  -24.782  51.511 1.0000000000
7224  -23.733  -28.952  51.440 0.1250000000
1452  -25.721  -28.812  50.647 0.1250000000
3382  -33.109  -25.314  49.888 1.0000000000
7229  -29.683  -25.848  49.759 0.8750000000
4015  -27.701  -29.147  49.960 0.3750000000
1454  -31.272  -26.427  48.439 0.8750000000
3383  -33.140  -27.005  47.432 0.8750000000
7227  -28.340  -27.777  48.933 0.6250000000
4042  -15.272  -27.253  60.785 0.8750000000
3387  -30.031  -22.912  61.258 0.6250000000
2562  -39.300  -16.904  61.175 0.2500000000
4040  -16.592  -27.083  58.716 0.7500000000
5771  -31.021  -23.267  59.079 0.8750000000
6171  -16.598  -29.629  56.141 0.5000000000
2788  -19.445  -26.892  55.165 0.6250000000
5769  -37.330  -20.950  55.677 1.0000000000
2789  -20.024  -29.410  53.663 0.5000000000
2787  -20.945  -26.987  53.418 0.5000000000
5768  -36.562  -22.220  52.872 1.0000000000
7228  -29.888  -24.539  52.555 1.0000000000
7223  -22.444  -27.201  51.907 0.1250000000
7225  -24.391  -26.927  50.734 0.2500000000
7226  -26.448  -26.968  49.736 0.1250000000
3370  -34.308  -25.612  48.155 0.8750000000
3371  -35.136  -24.704  47.464 0.8750000000
1447  -34.911  -27.047  46.568 0.7500000000
3388  -28.944  -22.584  63.282 0.6250000000
2566  -38.034  -19.257  58.428 0.3750000000
167  -28.466  -23.454  56.917 0.8750000000
6170  -18.012  -26.946  56.853 0.7500000000
5772  -30.450  -23.756  55.784 1.0000000000
3372  -35.736  -23.439  49.947 0.8750000000
1453  -27.926  -25.438  50.558 0.7500000000
6167  -22.602  -23.525  60.528 0.8750000000
7240  -25.172  -22.818  62.754 1.0000000000
1458  -26.385  -22.924  60.935 0.8750000000
7241  -23.807  -23.531  58.646 0.8750000000
3389  -27.513  -23.201  59.009 0.8750000000
867  -21.388  -24.751  56.637 1.0000000000
3390  -24.921  -23.671  56.688 0.8750000000
3379  -28.097  -24.133  53.588 1.0000000000
7242  -22.596  -25.027  54.562 0.8750000000
3378  -25.932  -25.110  51.502 0.7500000000
4041  -17.423  -24.883  62.913 0.8750000000
868  -18.727  -24.831  60.542 1.0000000000
6169  -20.096  -24.754  58.568 1.0000000000
3377  -26.070  -23.825  54.829 1.0000000000
646  -37.151  -19.286  55.179 0.5000000000
1451  -23.903  -25.116  52.835 1.0000000000
7218  -36.018  -20.710  52.181 1.0000000000
1449  -35.174  -22.011  49.555 1.0000000000
7216  -34.667  -23.531  47.065 1.0000000000
1839  -16.499  -24.955  65.471 0.6250000000
3374  -36.242  -17.686  54.363 0.6250000000
7219  -34.992  -19.066  51.472 1.0000000000
7217  -33.883  -20.559  49.008 1.0000000000
1450  -35.312  -16.123  52.851 0.6250000000
7220  -33.916  -17.663  50.002 1.0000000000
166  -32.785  -19.292  47.534 1.0000000000
7221  -34.968  -14.959  50.805 0.6250000000
6141  -33.481  -16.488  47.915 0.7500000000
6142  -32.282  -18.135  45.441 1.0000000000
6143  -33.637  -15.644  45.361 0.8750000000
853  -35.211  -14.252  48.127 0.6250000000
2774  -36.021  -13.819  45.667 0.6250000000
42  -41.290  -11.839  48.577 0.1250000000
2775  -39.519  -12.805  46.092 0.3750000000
6144  -34.392  -15.232  43.012 0.8750000000
855  -37.435  -13.736  43.526 0.7500000000
2776  -41.122  -13.046  44.461 0.2500000000
6145  -35.627  -15.022  40.940 0.8750000000
6147  -39.003  -13.863  41.852 0.8750000000
4002  -35.940  -16.633  36.959 0.8750000000
2764  -44.155  -10.948  49.747 0.1250000000
2762  -42.997  -12.066  47.038 0.1250000000
6146  -37.128  -14.984  39.252 0.8750000000
6148  -42.481  -13.288  42.901 0.5000000000
856  -40.401  -14.017  40.314 0.8750000000
8094  -38.599  -14.674  38.014 1.0000000000
842  -44.856  -12.141  45.853 0.1250000000
8095  -40.073  -13.899  37.072 1.0000000000
4003  -44.170  -12.571  41.875 0.5000000000
4004  -42.028  -13.296  39.336 0.7500000000
1822  -43.484  -12.149  38.683 0.7500000000
8096  -41.404  -12.675  36.394 0.8750000000
4005  -45.706  -11.251  41.319 0.6250000000
8097  -44.788  -11.100  37.773 0.6250000000
5871  -42.560  -11.471  35.433 0.7500000000
4006  -47.019  -10.127  40.421 0.3750000000
5873  -44.027  -10.026  34.124 0.8750000000
5874  -45.414  -8.695  32.341 0.8750000000
705  -48.789  -7.274  33.390 0.6250000000
8098  -48.172  -9.134  39.246 0.5000000000
703  -46.000  -10.000  36.663 0.7500000000
2624  -47.432  -8.688  35.172 0.7500000000
2625  -50.914  -6.867  36.180 0.2500000000
2623  -49.327  -8.076  37.762 0.1250000000
12  -52.971  -6.025  38.708 0.1250000000
2612  -54.214  -5.047  37.384 0.1250000000
692  -55.308  -3.946  36.164 0.1250000000
7517  -9.802  -32.454  62.861 0.3750000000
7215  -35.843  -26.068  45.822 0.5000000000
370  -34.573  -16.895  38.538 0.8750000000
4044  -13.549  -29.919  59.320 0.6250000000
378  -14.968  -29.714  57.627 0.5000000000
869  -18.348  -29.478  54.892 0.3750000000
7232  -34.818  -28.356  47.899 0.7500000000
7213  -36.860  -27.593  47.561 0.1250000000
7230  -30.167  -28.091  48.361 0.5000000000
7231  -32.430  -28.508  48.009 0.7500000000
1448  -35.556  -24.824  45.113 0.2500000000
8140  -20.562  -22.454  70.457 0.3750000000
8142  -19.208  -23.716  67.268 0.3750000000
8143  -18.152  -23.668  69.417 0.3750000000
8141  -20.227  -23.689  64.836 0.7500000000
3993  -33.478  -22.269  46.639 0.5000000000
6168  -21.299  -23.697  62.526 0.8750000000
5770  -38.361  -17.697  58.009 0.2500000000
3995  -32.293  -21.098  45.339 0.6250000000
7239  -27.726  -22.231  65.091 0.5000000000
8085  -31.827  -20.058  43.319 0.5000000000
3997  -32.306  -19.481  40.939 0.2500000000
854  -32.472  -17.394  42.898 0.6250000000
3998  -33.384  -19.279  38.759 0.3750000000
3999  -34.869  -21.338  38.102 0.5000000000
4000  -34.739  -19.140  36.877 0.5000000000
1820  -36.216  -21.347  36.342 0.5000000000
3996  -33.284  -16.986  40.657 0.5000000000
4001  -36.129  -18.887  35.342 0.5000000000
8093  -38.538  -14.913  34.768 0.6250000000
1821  -37.290  -16.021  35.779 0.5000000000
8092  -37.414  -18.029  34.052 0.3750000000
3543  -38.624  -16.752  32.927 0.3750000000
223  -39.691  -13.522  33.814 0.6250000000
3545  -39.949  -14.997  31.581 0.5000000000
7460  -41.204  -13.427  30.182 0.1250000000
5872  -40.954  -11.881  32.578 0.6250000000
3548  -44.484  -11.433  27.251 0.2500000000
3550  -46.410  -11.083  25.822 0.1250000000
3551  -48.082  -10.951  24.752 0.2500000000
704  -42.424  -10.530  30.975 0.5000000000
3547  -42.750  -12.214  28.744 0.3750000000
3552  -46.824  -8.483  25.660 0.3750000000
1557  -48.204  -8.402  24.096 0.2500000000
225  -45.536  -8.778  27.254 0.3750000000
7469  -49.702  -8.365  22.611 0.3750000000
226  -51.273  -8.446  21.301 0.2500000000
3546  -43.936  -9.494  29.108 0.6250000000
1558  -52.527  -4.113  26.803 0.5000000000
3556  -55.739  -2.010  28.542 0.1250000000
7471  -49.755  -6.043  24.903 0.7500000000
7472  -50.906  -5.911  23.110 0.6250000000
7473  -53.300  -3.780  24.936 0.3750000000
2626  -52.107  -5.729  34.887 0.3750000000
5877  -49.878  -6.159  31.935 0.3750000000
5878  -53.308  -4.539  33.656 0.2500000000
3553  -54.386  -3.333  32.314 0.2500000000
706  -50.861  -5.071  30.524 0.3750000000
3513  -57.594  2.463  32.139 0.1250000000
5875  -46.728  -7.547  30.324 0.7500000000
3555  -55.182  -2.531  30.609 0.1250000000
1532  -57.791  0.429  29.975 0.1250000000
3554  -51.722  -4.331  28.694 0.6250000000
3512  -57.569  -0.388  31.897 0.1250000000
7414  -57.979  3.492  30.224 0.1250000000
5876  -47.691  -6.772  28.561 0.7500000000
7470  -48.719  -6.305  26.683 0.7500000000
7474  -56.143  -1.476  26.740 0.1250000000
6465  -51.982  -5.725  21.574 0.6250000000
6466  -52.883  -8.555  20.198 0.2500000000
7412  -58.085  1.104  27.982 0.1250000000
6467  -53.090  -5.563  20.206 0.2500000000
168  -29.819  -29.690  49.726 0.3750000000
3994  -34.533  -23.634  44.652 0.3750000000
3373  -37.919  -15.897  56.988 0.2500000000
1819  -33.648  -21.319  40.048 0.2500000000
8901  -3.797  -35.413  68.301 0.1250000000
2111  -5.051  -35.362  68.442 0.2500000000
4646  -6.289  -35.585  67.144 0.2500000000
2112  -3.018  -35.414  66.804 0.1250000000
8899  -5.085  -32.340  69.727 0.3750000000
8902  -3.846  -32.170  68.764 0.3750000000
1578  -7.438  -35.814  65.026 0.2500000000
7519  -8.910  -35.475  63.248 0.2500000000
1577  -10.547  -34.951  61.713 0.1250000000
1841  -14.231  -34.284  59.591 0.1250000000
8898  -6.588  -32.422  69.402 0.3750000000
8148  -12.375  -34.695  60.575 0.1250000000
4045  -12.515  -32.388  59.194 0.1250000000
8147  -10.939  -32.431  60.880 0.2500000000
4046  -14.235  -32.206  57.876 0.1250000000
8150  -16.205  -33.793  58.941 0.1250000000
6172  -16.140  -32.030  56.803 0.1250000000
6531  -6.825  -29.713  71.478 0.1250000000
488  -5.272  -29.462  70.990 0.1250000000
1069  -8.357  -29.808  70.876 0.3750000000
1456  -25.717  -19.210  70.098 0.1250000000
7236  -27.209  -20.121  69.561 0.1250000000
7235  -26.675  -17.236  68.896 0.1250000000
3385  -28.503  -17.671  69.176 0.2500000000
3386  -30.283  -18.645  68.854 0.2500000000
4038  -24.002  -21.325  69.838 0.1250000000
1457  -28.611  -20.790  68.413 0.2500000000
7238  -30.088  -21.438  66.983 0.2500000000
5776  -32.038  -19.630  67.809 0.2500000000
4037  -25.253  -21.788  68.399 0.1250000000
7237  -26.506  -21.996  66.782 0.1250000000
8139  -22.507  -20.614  70.717 0.1250000000
8138  -23.921  -18.698  69.878 0.1250000000
1838  -21.803  -22.681  68.787 0.2500000000
4039  -22.849  -22.729  66.708 0.2500000000
170  -23.951  -22.803  64.614 0.3750000000
4640  -6.942  -27.116  72.802 0.1250000000
6530  -8.612  -27.345  72.967 0.1250000000
2988  -10.266  -27.373  72.037 0.1250000000
2987  -11.591  -27.371  70.281 0.1250000000
6166  -20.604  -20.077  70.990 0.1250000000
8082  -37.871  -25.066  45.376 0.1250000000
377  -19.028  -21.825  71.664 0.1250000000
8144  -15.700  -25.010  67.945 0.3750000000
1818  -33.430  -22.525  43.670 0.1250000000
8084  -36.236  -22.748  43.525 0.1250000000
4536  -56.140  -8.856  18.168 0.1250000000
6469  -55.375  -5.982  17.498 0.1250000000
472  -57.689  -9.138  16.917 0.1250000000
6468  -54.209  -5.660  18.812 0.3750000000
1033  -54.097  -3.257  23.389 0.5000000000
6471  -56.241  -2.927  18.425 0.2500000000
6470  -56.656  -6.480  16.046 0.2500000000
1036  -56.907  -3.414  16.622 0.2500000000
4544  -57.729  -3.968  14.881 0.2500000000
2954  -54.897  -2.892  21.696 0.5000000000
1035  -55.627  -2.811  20.090 0.5000000000
2773  -38.059  -12.828  48.276 0.3750000000
866  -21.848  -18.649  69.512 0.1250000000
8083  -37.137  -23.729  44.443 0.1250000000
8086  -33.087  -21.709  42.023 0.1250000000
6472  -58.098  -0.896  19.587 0.2500000000
2956  -57.765  -0.662  21.551 0.2500000000
4543  -58.460  -1.071  17.498 0.2500000000
6154  -32.164  -29.787  49.763 0.2500000000
2563  -39.985  -14.071  62.275 0.1250000000
642  -39.734  -15.665  60.162 0.1250000000
2564  -38.460  -14.937  63.674 0.1250000000
644  -38.045  -13.059  63.217 0.1250000000
2571  -36.805  -15.407  64.809 0.1250000000
649  -35.169  -18.113  66.284 0.1250000000
5781  -34.901  -14.961  65.510 0.1250000000
5780  -35.904  -12.829  63.504 0.1250000000
3375  -37.273  -14.456  55.630 0.2500000000
7455  -40.394  -22.041  35.830 0.1250000000
3376  -36.883  -13.502  53.245 0.2500000000
8089  -37.700  -22.523  38.953 0.1250000000
8090  -38.917  -22.553  37.246 0.1250000000
8091  -37.647  -20.884  34.937 0.1250000000
1551  -39.016  -19.947  33.704 0.1250000000
1553  -41.805  -16.595  31.015 0.1250000000
7461  -43.246  -15.189  29.605 0.1250000000
2953  -56.744  -1.089  24.919 0.1250000000
7222  -37.097  -13.049  50.629 0.2500000000
6173  -18.066  -31.790  55.946 0.1250000000
5775  -33.317  -17.148  67.291 0.1250000000
169  -31.326  -16.433  67.684 0.1250000000
3384  -29.205  -15.922  67.420 0.1250000000
1455  -27.211  -15.841  66.721 0.1250000000
162  -39.713  -12.734  57.494 0.1250000000
3364  -41.505  -10.599  57.650 0.1250000000
3362  -39.386  -11.907  55.369 0.1250000000
3363  -41.765  -10.261  55.338 0.1250000000
1442  -39.551  -11.657  52.816 0.1250000000
7204  -42.132  -10.322  53.236 0.1250000000
7202  -40.083  -11.662  50.596 0.1250000000
362  -48.162  -10.415  44.162 0.1250000000
3962  -49.460  -9.063  43.369 0.1250000000
6122  -46.543  -11.611  44.863 0.1250000000
2955  -57.306  -0.761  23.237 0.2500000000
8772  -58.178  -6.783  14.617 0.1250000000
8773  -59.692  -6.807  13.233 0.1250000000
2068  -58.561  -4.333  13.401 0.1250000000
7468  -49.874  -10.893  23.764 0.1250000000
4542  -59.630  -9.244  15.467 0.1250000000
4651  -3.263  -35.367  64.668 0.1250000000
8903  -3.451  -32.013  66.718 0.1250000000
8904  -3.871  -31.999  64.361 0.1250000000
4644  -4.181  -29.185  69.369 0.1250000000
4645  -7.465  -38.588  66.950 0.1250000000
4036  -16.994  -23.380  71.236 0.1250000000
1837  -14.824  -25.015  70.104 0.1250000000
1554  -44.910  -14.116  28.422 0.1250000000
1034  -54.451  -8.653  19.219 0.1250000000
992  -59.262  1.821  22.245 0.1250000000
2912  -58.923  1.864  24.266 0.1250000000
92  -58.558  1.466  26.088 0.1250000000
