#!ascii label  , from subject fsaverage5 vox2ras=TkReg 
321
6533  -5.447  -40.458  71.075 0.3333329856
238  -7.409  -39.013  71.010 0.3333329856
4647  -5.566  -38.868  68.157 0.4444440007
4645  -7.465  -38.588  66.950 0.4444440007
7521  -9.447  -37.983  69.885 0.5555559993
7520  -9.274  -37.840  65.667 0.6666669846
8900  -4.074  -39.019  68.450 0.3333329856
3588  -10.982  -36.844  64.521 0.5555559993
4649  -3.268  -39.197  67.504 0.2222220004
3587  -12.774  -35.980  63.284 0.5555559993
8149  -14.573  -35.211  62.498 0.4444440007
2112  -3.018  -35.414  66.804 0.1111110002
8901  -3.797  -35.413  68.301 0.2222220004
1578  -7.438  -35.814  65.026 0.7777780294
7519  -8.910  -35.475  63.248 0.7777780294
8151  -16.374  -34.284  61.908 0.5555559993
8148  -12.375  -34.695  60.575 0.7777780294
2111  -5.051  -35.362  68.442 0.3333329856
4646  -6.289  -35.585  67.144 0.7777780294
1577  -10.547  -34.951  61.713 0.7777780294
1841  -14.231  -34.284  59.591 0.7777780294
7518  -8.702  -32.769  65.197 0.4444440007
8150  -16.205  -33.793  58.941 0.6666669846
7517  -9.802  -32.454  62.861 0.2222220004
8147  -10.939  -32.431  60.880 0.6666669846
870  -18.195  -33.123  58.414 0.6666669846
4045  -12.515  -32.388  59.194 0.8888890147
4046  -14.235  -32.206  57.876 0.8888890147
6172  -16.140  -32.030  56.803 0.7777780294
6173  -18.066  -31.790  55.946 0.6666669846
6174  -20.104  -32.525  57.961 0.6666669846
2790  -19.965  -31.491  55.151 0.6666669846
1840  -12.389  -30.031  61.395 0.4444440007
2777  -21.819  -31.251  54.582 0.6666669846
8146  -11.462  -30.014  63.763 0.1111110002
4044  -13.549  -29.919  59.320 0.4444440007
869  -18.348  -29.478  54.892 0.8888890147
862  -39.682  -28.251  55.334 0.2222220004
2781  -37.086  -29.017  52.535 0.3333329856
2780  -36.940  -28.372  49.846 0.4444440007
8145  -13.494  -27.355  65.660 0.1111110002
378  -14.968  -29.714  57.627 0.7777780294
2783  -41.723  -26.590  55.118 0.1111110002
2789  -20.024  -29.410  53.663 0.8888890147
2782  -39.403  -27.753  52.376 0.3333329856
47  -21.758  -29.455  52.518 0.8888890147
2779  -23.792  -30.542  53.777 0.7777780294
7232  -34.818  -28.356  47.899 0.5555559993
7231  -32.430  -28.508  48.009 0.8888890147
4043  -14.220  -27.375  63.055 0.1111110002
6171  -16.598  -29.629  56.141 0.7777780294
7224  -23.733  -28.952  51.440 0.8888890147
8110  -25.735  -30.070  53.135 0.6666669846
1452  -25.721  -28.812  50.647 0.7777780294
4015  -27.701  -29.147  49.960 0.8888890147
7227  -28.340  -27.777  48.933 0.8888890147
7230  -30.167  -28.091  48.361 0.8888890147
1454  -31.272  -26.427  48.439 0.8888890147
2770  -41.388  -26.164  52.031 0.2222220004
7229  -29.683  -25.848  49.759 0.6666669846
3381  -31.657  -24.782  51.511 0.3333329856
3382  -33.109  -25.314  49.888 0.3333329856
45  -39.032  -27.170  49.577 0.3333329856
3383  -33.140  -27.005  47.432 0.6666669846
1447  -34.911  -27.047  46.568 0.8888890147
7213  -36.860  -27.593  47.561 0.8888890147
6170  -18.012  -26.946  56.853 0.5555559993
2788  -19.445  -26.892  55.165 0.4444440007
648  -32.191  -23.926  54.685 0.1111110002
2787  -20.945  -26.987  53.418 0.7777780294
7228  -29.888  -24.539  52.555 0.4444440007
7223  -22.444  -27.201  51.907 0.8888890147
7225  -24.391  -26.927  50.734 0.8888890147
7226  -26.448  -26.968  49.736 0.8888890147
3370  -34.308  -25.612  48.155 0.2222220004
3371  -35.136  -24.704  47.464 0.5555559993
2772  -40.047  -25.813  48.539 0.2222220004
7215  -35.843  -26.068  45.822 0.7777780294
5772  -30.450  -23.756  55.784 0.1111110002
2771  -42.103  -24.632  50.781 0.1111110002
1453  -27.926  -25.438  50.558 0.7777780294
7214  -37.888  -26.507  46.576 0.7777780294
867  -21.388  -24.751  56.637 0.3333329856
3379  -28.097  -24.133  53.588 0.2222220004
7242  -22.596  -25.027  54.562 0.2222220004
3378  -25.932  -25.110  51.502 0.7777780294
7216  -34.667  -23.531  47.065 0.4444440007
1448  -35.556  -24.824  45.113 0.6666669846
8082  -37.871  -25.066  45.376 0.8888890147
852  -40.065  -24.267  47.363 0.6666669846
1451  -23.903  -25.116  52.835 0.3333329856
3377  -26.070  -23.825  54.829 0.2222220004
1449  -35.174  -22.011  49.555 0.2222220004
3993  -33.478  -22.269  46.639 0.5555559993
3994  -34.533  -23.634  44.652 0.7777780294
7217  -33.883  -20.559  49.008 0.2222220004
3995  -32.293  -21.098  45.339 0.7777780294
8083  -37.137  -23.729  44.443 0.8888890147
1818  -33.430  -22.525  43.670 0.8888890147
8084  -36.236  -22.748  43.525 1.0000000000
8086  -33.087  -21.709  42.023 1.0000000000
166  -32.785  -19.292  47.534 0.8888890147
369  -38.907  -22.045  44.982 0.8888890147
8085  -31.827  -20.058  43.319 1.0000000000
8087  -35.927  -22.188  42.204 1.0000000000
3992  -39.009  -21.569  43.687 0.7777780294
1819  -33.648  -21.319  40.048 1.0000000000
8088  -36.523  -22.211  40.634 1.0000000000
3997  -32.306  -19.481  40.939 1.0000000000
3999  -34.869  -21.338  38.102 1.0000000000
6142  -32.282  -18.135  45.441 0.7777780294
1817  -39.736  -21.649  42.234 0.6666669846
3998  -33.384  -19.279  38.759 0.8888890147
8089  -37.700  -22.523  38.953 0.8888890147
8081  -41.026  -22.125  40.717 0.4444440007
46  -42.244  -22.358  39.210 0.3333329856
8090  -38.917  -22.553  37.246 0.7777780294
854  -32.472  -17.394  42.898 0.6666669846
4000  -34.739  -19.140  36.877 1.0000000000
1820  -36.216  -21.347  36.342 1.0000000000
3996  -33.284  -16.986  40.657 0.5555559993
370  -34.573  -16.895  38.538 0.5555559993
4001  -36.129  -18.887  35.342 1.0000000000
8091  -37.647  -20.884  34.937 1.0000000000
7455  -40.394  -22.041  35.830 1.0000000000
6144  -34.392  -15.232  43.012 0.2222220004
6145  -35.627  -15.022  40.940 0.3333329856
1551  -39.016  -19.947  33.704 1.0000000000
855  -37.435  -13.736  43.526 0.1111110002
2776  -41.122  -13.046  44.461 0.1111110002
6147  -39.003  -13.863  41.852 0.2222220004
4002  -35.940  -16.633  36.959 0.2222220004
8092  -37.414  -18.029  34.052 0.8888890147
7457  -41.995  -20.787  34.481 1.0000000000
3544  -40.496  -18.262  32.359 0.8888890147
7458  -43.427  -19.130  33.211 0.7777780294
6146  -37.128  -14.984  39.252 0.2222220004
8094  -38.599  -14.674  38.014 0.2222220004
1821  -37.290  -16.021  35.779 0.3333329856
3543  -38.624  -16.752  32.927 0.8888890147
7459  -44.843  -17.579  32.023 0.8888890147
1553  -41.805  -16.595  31.015 0.8888890147
8093  -38.538  -14.913  34.768 0.3333329856
3545  -39.949  -14.997  31.581 0.8888890147
7460  -41.204  -13.427  30.182 0.8888890147
3547  -42.750  -12.214  28.744 0.8888890147
3548  -44.484  -11.433  27.251 0.8888890147
3550  -46.410  -11.083  25.822 0.8888890147
1555  -49.013  -12.927  26.624 0.6666669846
223  -39.691  -13.522  33.814 0.5555559993
704  -42.424  -10.530  30.975 0.8888890147
3546  -43.936  -9.494  29.108 0.8888890147
225  -45.536  -8.778  27.254 0.8888890147
5872  -40.954  -11.881  32.578 0.5555559993
5875  -46.728  -7.547  30.324 0.5555559993
3551  -48.082  -10.951  24.752 0.7777780294
5871  -42.560  -11.471  35.433 0.3333329856
5874  -45.414  -8.695  32.341 0.1111110002
5876  -47.691  -6.772  28.561 0.5555559993
3552  -46.824  -8.483  25.660 0.8888890147
7467  -50.975  -12.497  26.001 0.6666669846
8097  -44.788  -11.100  37.773 0.1111110002
5873  -44.027  -10.026  34.124 0.2222220004
705  -48.789  -7.274  33.390 0.1111110002
5877  -49.878  -6.159  31.935 0.1111110002
703  -46.000  -10.000  36.663 0.1111110002
2624  -47.432  -8.688  35.172 0.1111110002
706  -50.861  -5.071  30.524 0.1111110002
7470  -48.719  -6.305  26.683 0.4444440007
1557  -48.204  -8.402  24.096 0.8888890147
2625  -50.914  -6.867  36.180 0.1111110002
2626  -52.107  -5.729  34.887 0.1111110002
7468  -49.874  -10.893  23.764 0.7777780294
4650  -3.333  -39.039  65.508 0.1111110002
857  -22.050  -31.866  57.720 0.6666669846
4040  -16.592  -27.083  58.716 0.3333329856
850  -43.364  -24.620  54.639 0.1111110002
7219  -34.992  -19.066  51.472 0.2222220004
6140  -39.390  -22.923  46.126 0.8888890147
6143  -33.637  -15.644  45.361 0.3333329856
7461  -43.246  -15.189  29.605 0.8888890147
2623  -49.327  -8.076  37.762 0.1111110002
4651  -3.263  -35.367  64.668 0.1111110002
8899  -5.085  -32.340  69.727 0.1111110002
8902  -3.846  -32.170  68.764 0.1111110002
8903  -3.451  -32.013  66.718 0.1111110002
8898  -6.588  -32.422  69.402 0.2222220004
8897  -7.823  -32.497  67.743 0.2222220004
6155  -32.183  -30.558  52.321 0.5555559993
6154  -32.164  -29.787  49.763 0.7777780294
860  -34.681  -29.284  49.934 0.7777780294
168  -29.819  -29.690  49.726 0.6666669846
3372  -35.736  -23.439  49.947 0.2222220004
7218  -36.018  -20.710  52.181 0.1111110002
7220  -33.916  -17.663  50.002 0.2222220004
1552  -45.365  -20.468  36.526 0.5555559993
1450  -35.312  -16.123  52.851 0.1111110002
6141  -33.481  -16.488  47.915 0.2222220004
7221  -34.968  -14.959  50.805 0.1111110002
7462  -46.505  -16.213  31.050 0.5555559993
8095  -40.073  -13.899  37.072 0.2222220004
1822  -43.484  -12.149  38.683 0.2222220004
8096  -41.404  -12.675  36.394 0.2222220004
4004  -42.028  -13.296  39.336 0.1111110002
7463  -48.185  -15.086  30.116 0.6666669846
1554  -44.910  -14.116  28.422 0.7777780294
3549  -46.876  -13.451  27.473 0.5555559993
7469  -49.702  -8.365  22.611 0.6666669846
4533  -51.732  -10.751  22.855 0.5555559993
226  -51.273  -8.446  21.301 0.5555559993
4535  -53.737  -10.765  21.994 0.6666669846
8763  -55.671  -10.737  21.233 0.4444440007
6466  -52.883  -8.555  20.198 0.5555559993
1034  -54.451  -8.653  19.219 0.4444440007
7471  -49.755  -6.043  24.903 0.5555559993
7472  -50.906  -5.911  23.110 0.5555559993
4536  -56.140  -8.856  18.168 0.4444440007
6467  -53.090  -5.563  20.206 0.7777780294
6468  -54.209  -5.660  18.812 0.6666669846
6469  -55.375  -5.982  17.498 0.5555559993
6470  -56.656  -6.480  16.046 0.5555559993
1036  -56.907  -3.414  16.622 0.2222220004
6471  -56.241  -2.927  18.425 0.3333329856
4543  -58.460  -1.071  17.498 0.1111110002
4544  -57.729  -3.968  14.881 0.1111110002
4545  -58.493  -1.263  15.602 0.1111110002
4546  -57.906  -1.769  13.900 0.1111110002
1035  -55.627  -2.811  20.090 0.3333329856
452  -59.491  1.081  17.842 0.1111110002
4412  -58.868  1.094  15.917 0.1111110002
8776  -57.580  -2.378  12.170 0.1111110002
2012  -57.989  0.974  14.100 0.1111110002
6472  -58.098  -0.896  19.587 0.1111110002
7464  -50.299  -14.083  29.545 0.4444440007
2778  -23.963  -31.067  57.045 0.3333329856
7456  -43.918  -21.669  37.834 0.5555559993
7465  -52.436  -12.892  28.964 0.3333329856
1579  -11.338  -36.990  68.740 0.1111110002
3589  -13.102  -35.941  67.458 0.2222220004
8152  -16.502  -33.902  65.506 0.1111110002
1842  -18.344  -32.770  65.547 0.1111110002
4049  -20.515  -32.005  65.889 0.1111110002
4048  -18.189  -33.302  61.711 0.2222220004
4047  -20.171  -32.500  61.591 0.1111110002
6152  -26.172  -30.447  60.346 0.1111110002
4010  -28.736  -30.151  63.670 0.1111110002
6153  -28.402  -30.514  59.956 0.1111110002
859  -25.947  -30.504  56.556 0.1111110002
8114  -32.820  -31.002  59.187 0.1111110002
6157  -37.414  -29.561  55.506 0.2222220004
8113  -32.412  -30.863  55.585 0.1111110002
861  -34.976  -30.482  55.583 0.2222220004
6156  -34.614  -30.018  52.346 0.3333329856
8112  -30.459  -30.695  59.321 0.1111110002
1828  -30.034  -30.727  55.714 0.1111110002
8111  -27.951  -30.487  55.941 0.1111110002
4017  -29.774  -30.453  52.427 0.4444440007
4016  -27.657  -30.157  52.597 0.3333329856
6139  -41.882  -23.092  49.520 0.1111110002
3988  -41.407  -21.918  48.189 0.1111110002
3989  -43.584  -20.587  50.491 0.1111110002
3990  -41.422  -21.219  47.002 0.1111110002
2945  -46.161  -21.141  41.925 0.2222220004
8733  -47.673  -20.700  40.502 0.2222220004
4512  -49.064  -19.477  39.143 0.1111110002
4513  -50.408  -17.814  38.235 0.1111110002
4511  -46.850  -18.945  35.450 0.1111110002
224  -48.580  -17.433  34.417 0.1111110002
6452  -50.394  -16.056  33.514 0.2222220004
1556  -52.968  -12.069  25.349 0.4444440007
6465  -51.982  -5.725  21.574 0.5555559993
237  -14.797  -34.998  66.079 0.2222220004
1071  -4.422  -41.627  69.644 0.2222220004
3991  -41.927  -20.850  45.667 0.3333329856
8080  -42.922  -20.859  44.240 0.2222220004
4537  -57.609  -10.572  20.218 0.3333329856
4538  -59.432  -10.229  18.915 0.2222220004
472  -57.689  -9.138  16.917 0.2222220004
4542  -59.630  -9.244  15.467 0.2222220004
8772  -58.178  -6.783  14.617 0.4444440007
2067  -61.225  -8.927  13.978 0.3333329856
8773  -59.692  -6.807  13.233 0.4444440007
3390  -24.921  -23.671  56.688 0.1111110002
7241  -23.807  -23.531  58.646 0.1111110002
1458  -26.385  -22.924  60.935 0.1111110002
3389  -27.513  -23.201  59.009 0.1111110002
165  -34.946  -24.596  50.754 0.2222220004
8079  -45.069  -19.880  47.939 0.1111110002
1023  -46.327  -19.790  46.743 0.1111110002
1026  -51.955  -14.731  32.539 0.1111110002
2946  -53.961  -13.411  31.847 0.1111110002
100  -55.990  -11.840  31.050 0.1111110002
7466  -54.371  -11.814  28.383 0.1111110002
8760  -56.303  -10.834  27.628 0.1111110002
8761  -58.095  -10.040  26.438 0.1111110002
4534  -55.064  -11.642  24.722 0.1111110002
2064  -57.240  -11.111  23.943 0.1111110002
8765  -61.741  -8.896  23.768 0.1111110002
8762  -60.102  -9.121  25.328 0.1111110002
8764  -59.207  -10.415  22.906 0.1111110002
2065  -60.787  -9.807  21.349 0.1111110002
3554  -51.722  -4.331  28.694 0.1111110002
1558  -52.527  -4.113  26.803 0.1111110002
3556  -55.739  -2.010  28.542 0.1111110002
7473  -53.300  -3.780  24.936 0.1111110002
2068  -58.561  -4.333  13.401 0.1111110002
6532  -7.244  -39.451  73.461 0.1111110002
856  -40.401  -14.017  40.314 0.1111110002
6148  -42.481  -13.288  42.901 0.1111110002
853  -35.211  -14.252  48.127 0.1111110002
2774  -36.021  -13.819  45.667 0.1111110002
4541  -62.634  -9.804  15.847 0.1111110002
2954  -54.897  -2.892  21.696 0.1111110002
6149  -22.224  -31.740  61.695 0.1111110002
4042  -15.272  -27.253  60.785 0.2222220004
182  -61.939  -8.674  10.813 0.1111110002
3429  -61.450  -10.136  10.972 0.1111110002
5801  -60.482  -8.002  9.688 0.1111110002
8771  -62.081  -8.668  12.282 0.1111110002
5800  -60.638  -6.717  10.192 0.1111110002
8774  -60.612  -6.733  11.680 0.1111110002
