#!ascii label  , from subject fsaverage5 vox2ras=TkReg 
935
6181  -23.757  -14.376  57.800 1.0000000000
6183  -19.899  -13.530  57.969 1.0000000000
6185  -19.153  -15.029  59.373 1.0000000000
6182  -21.793  -14.187  57.776 1.0000000000
4061  -20.695  -12.280  56.297 1.0000000000
8891  -8.739  -21.443  73.785 0.3750000000
3395  -30.777  -14.390  65.056 1.0000000000
1461  -29.339  -13.787  61.715 1.0000000000
7250  -27.376  -14.385  61.179 1.0000000000
6179  -25.889  -14.215  57.890 1.0000000000
874  -22.268  -13.148  55.467 1.0000000000
6163  -16.268  -18.376  65.496 1.0000000000
3393  -32.846  -14.478  65.620 1.0000000000
2571  -36.805  -15.407  64.809 0.7500000000
6162  -16.845  -17.340  63.450 1.0000000000
3394  -31.690  -13.270  62.628 1.0000000000
2569  -36.446  -18.491  65.250 0.6250000000
2564  -38.460  -14.937  63.674 0.6250000000
6186  -18.129  -16.281  61.508 1.0000000000
876  -17.542  -13.700  59.911 1.0000000000
6180  -24.206  -13.703  54.979 1.0000000000
6528  -10.554  -21.909  74.032 0.3750000000
6527  -12.603  -22.165  73.823 0.3750000000
8892  -7.195  -20.973  72.798 0.3750000000
8893  -6.341  -20.777  71.125 0.2500000000
8132  -15.523  -19.178  67.766 0.8750000000
4031  -14.232  -17.525  65.221 0.8750000000
375  -14.951  -16.372  63.389 1.0000000000
7249  -28.171  -13.901  58.321 1.0000000000
6184  -18.769  -12.413  58.626 1.0000000000
381  -19.810  -11.206  57.545 1.0000000000
3582  -5.965  -15.873  68.956 0.5000000000
236  -5.950  -18.065  70.045 0.5000000000
8890  -6.846  -18.085  71.857 0.3750000000
8131  -12.792  -19.085  70.259 0.7500000000
3583  -5.503  -16.206  67.118 0.5000000000
1835  -13.458  -18.502  67.486 0.8750000000
8133  -14.683  -19.706  70.238 0.8750000000
3586  -6.166  -20.807  69.125 0.2500000000
7512  -5.399  -16.616  65.259 0.6250000000
1574  -6.036  -14.536  63.959 0.5000000000
4068  -16.130  -14.982  61.584 1.0000000000
4070  -15.027  -13.271  62.269 1.0000000000
642  -39.734  -15.665  60.162 0.6250000000
4069  -16.510  -11.972  61.024 1.0000000000
7248  -30.288  -13.353  58.745 1.0000000000
171  -26.351  -13.887  54.689 1.0000000000
7246  -28.597  -13.807  54.917 1.0000000000
1460  -30.625  -13.247  55.429 1.0000000000
4058  -26.654  -13.303  51.532 1.0000000000
4062  -21.489  -10.967  53.751 1.0000000000
4060  -24.617  -12.955  51.805 1.0000000000
8168  -22.829  -12.092  52.678 1.0000000000
4639  -10.296  -19.245  73.004 0.5000000000
2108  -8.509  -18.529  72.805 0.3750000000
376  -12.141  -19.896  72.820 0.3750000000
8134  -13.813  -20.417  72.552 0.6250000000
5896  -6.749  -15.642  70.618 0.5000000000
8130  -12.043  -17.235  68.166 0.8750000000
715  -6.536  -13.819  67.712 0.6250000000
4030  -12.964  -16.075  65.902 0.8750000000
7511  -6.140  -14.146  65.828 0.6250000000
651  -33.695  -12.892  63.151 1.0000000000
4029  -13.772  -14.626  64.112 1.0000000000
5779  -34.440  -11.906  60.399 1.0000000000
644  -38.045  -13.059  63.217 0.8750000000
5764  -40.790  -12.958  60.943 1.0000000000
7247  -32.332  -12.790  59.418 1.0000000000
2563  -39.985  -14.071  62.275 0.7500000000
5762  -39.882  -14.013  59.091 0.7500000000
3392  -32.603  -12.183  56.689 1.0000000000
8177  -18.061  -10.969  59.924 1.0000000000
4067  -19.440  -9.997  58.910 1.0000000000
7245  -28.866  -13.110  51.989 0.8750000000
4063  -20.450  -9.725  55.219 1.0000000000
4637  -11.333  -18.176  70.735 0.8750000000
5895  -7.213  -13.579  69.341 0.6250000000
5780  -35.904  -12.829  63.504 1.0000000000
7509  -5.918  -15.193  62.131 0.6250000000
5763  -41.116  -11.599  59.629 0.7500000000
164  -34.841  -11.111  57.943 0.8750000000
162  -39.713  -12.734  57.494 0.7500000000
3369  -33.029  -11.274  53.971 0.8750000000
3391  -30.862  -12.343  52.843 0.8750000000
4059  -25.102  -11.894  48.793 0.8750000000
8169  -22.050  -9.727  50.925 0.8750000000
1847  -23.281  -10.954  49.487 0.8750000000
2635  -8.920  -11.655  69.280 0.7500000000
5766  -36.520  -11.265  61.029 1.0000000000
5765  -39.278  -11.709  62.008 1.0000000000
4071  -14.339  -11.541  63.567 1.0000000000
1573  -5.872  -15.878  60.099 0.8750000000
8870  -5.760  -16.171  57.712 0.8750000000
1851  -16.044  -10.234  62.561 1.0000000000
1061  -5.213  -16.331  55.398 0.8750000000
8178  -17.758  -9.330  61.652 1.0000000000
8860  -11.750  -11.543  48.111 0.1250000000
4065  -19.891  -8.468  56.943 1.0000000000
1446  -31.485  -11.117  50.268 0.8750000000
7244  -29.394  -11.965  49.483 0.8750000000
1459  -27.245  -12.252  48.834 0.8750000000
8889  -8.344  -16.000  71.583 0.6250000000
4638  -9.852  -16.953  71.437 0.7500000000
716  -8.342  -13.763  70.403 0.7500000000
1834  -11.116  -15.892  69.163 0.8750000000
8129  -12.113  -14.688  67.046 0.8750000000
3581  -7.848  -12.273  64.387 0.8750000000
5894  -8.167  -11.528  67.988 0.7500000000
1833  -12.970  -13.226  65.213 1.0000000000
243  -19.270  -5.784  64.783 1.0000000000
3580  -7.809  -12.739  62.599 0.8750000000
5909  -17.613  -6.507  65.711 1.0000000000
8179  -17.705  -7.807  63.597 1.0000000000
7508  -7.761  -13.446  60.794 0.8750000000
643  -40.264  -10.293  60.577 1.0000000000
8176  -19.240  -7.277  62.596 1.0000000000
3364  -41.505  -10.599  57.650 0.8750000000
2980  -6.245  -13.768  54.521 0.8750000000
1850  -19.247  -8.678  60.667 1.0000000000
6516  -4.773  -16.388  53.332 0.8750000000
3362  -39.386  -11.907  55.369 0.6250000000
6515  -5.291  -13.378  52.946 0.8750000000
4616  -6.966  -12.517  50.733 0.8750000000
4615  -8.612  -12.339  50.383 0.2500000000
8861  -10.385  -12.020  49.515 0.1250000000
6514  -5.454  -13.009  51.401 0.8750000000
1848  -21.087  -8.362  52.614 0.7500000000
5910  -19.033  -4.142  67.322 1.0000000000
5893  -7.857  -11.847  66.286 0.8750000000
3610  -19.860  -2.883  66.167 0.8750000000
8180  -15.783  -8.642  64.401 1.0000000000
3365  -37.761  -10.226  59.930 1.0000000000
7507  -7.859  -13.965  58.956 0.8750000000
2981  -7.465  -14.000  56.509 0.8750000000
7207  -41.172  -9.226  59.082 1.0000000000
3363  -41.765  -10.261  55.338 0.8750000000
3367  -35.720  -10.004  56.567 0.8750000000
4066  -19.752  -7.186  58.951 0.8750000000
7204  -42.132  -10.322  53.236 0.6250000000
3368  -34.109  -10.105  52.620 0.8750000000
1442  -39.551  -11.657  52.816 0.6250000000
4064  -20.183  -7.027  54.444 0.8750000000
7203  -42.760  -10.681  51.286 0.5000000000
7243  -28.054  -10.911  46.670 0.7500000000
8167  -22.303  -8.404  47.969 0.8750000000
8166  -23.801  -9.698  46.728 0.7500000000
8165  -25.827  -10.605  46.312 0.7500000000
8888  -9.890  -14.652  70.219 0.8750000000
2636  -10.191  -12.389  69.367 0.8750000000
2634  -10.787  -10.111  69.293 1.0000000000
19  -11.723  -11.072  68.315 1.0000000000
8181  -13.818  -10.283  65.316 1.0000000000
3608  -19.930  -4.660  63.395 0.8750000000
1444  -42.002  -8.600  57.191 1.0000000000
8175  -19.863  -5.937  61.135 0.8750000000
1059  -6.422  -10.533  54.004 0.8750000000
7205  -42.927  -8.570  55.022 0.7500000000
4614  -6.909  -9.450  50.736 0.5000000000
1445  -36.918  -8.863  55.122 0.8750000000
6127  -36.930  -8.310  49.188 0.8750000000
6128  -38.537  -7.756  46.850 0.8750000000
1443  -43.711  -8.866  53.158 0.7500000000
2097  -8.551  -9.277  50.296 0.2500000000
8859  -10.261  -9.124  49.308 0.2500000000
8053  -44.848  -9.333  51.431 0.6250000000
6129  -35.953  -7.900  45.254 0.8750000000
7211  -32.825  -9.936  48.990 0.8750000000
846  -37.761  -6.493  43.467 0.8750000000
2764  -44.155  -10.948  49.747 0.5000000000
7212  -30.317  -10.362  47.354 0.8750000000
8128  -11.343  -13.585  68.320 0.8750000000
7552  -19.028  -0.916  68.033 0.8750000000
5892  -9.320  -9.498  66.750 1.0000000000
8127  -12.339  -12.023  66.714 0.8750000000
3366  -38.762  -8.816  58.595 1.0000000000
1572  -9.487  -10.391  61.343 0.8750000000
714  -9.716  -9.531  68.450 1.0000000000
105  -9.102  -10.868  57.406 0.8750000000
2979  -8.119  -10.701  55.391 0.8750000000
163  -39.541  -7.503  51.229 0.8750000000
6513  -5.200  -10.257  52.801 0.8750000000
483  -5.494  -9.827  51.400 0.8750000000
8174  -19.059  -4.288  58.856 0.8750000000
3972  -41.036  -7.281  49.229 0.8750000000
1849  -19.406  -5.595  56.620 0.8750000000
7210  -35.467  -9.164  51.062 0.8750000000
8056  -40.732  -7.053  45.047 1.0000000000
8057  -43.367  -5.802  43.936 1.0000000000
8170  -21.148  -6.989  49.794 0.7500000000
3974  -40.206  -4.748  42.905 0.7500000000
6130  -34.807  -5.685  43.226 0.6250000000
3973  -36.899  -3.810  42.969 0.6250000000
44  -29.200  -8.845  45.358 0.7500000000
2792  -26.798  -8.581  44.851 0.7500000000
3975  -39.113  -2.067  44.113 0.7500000000
234  -9.246  -9.684  64.947 0.8750000000
1591  -19.302  0.828  66.342 0.7500000000
3579  -9.303  -10.043  63.206 0.8750000000
7506  -9.464  -10.765  59.531 0.8750000000
3609  -19.114  -1.244  64.082 0.7500000000
7208  -39.925  -7.966  56.979 1.0000000000
7209  -38.195  -7.987  53.331 0.8750000000
1589  -18.952  -3.019  61.210 0.8750000000
3971  -43.484  -7.711  51.361 1.0000000000
1807  -43.035  -7.466  47.496 1.0000000000
8172  -19.580  -4.238  54.265 0.8750000000
845  -34.359  -9.006  47.426 0.8750000000
8171  -20.306  -5.602  51.918 0.7500000000
2766  -33.204  -7.658  44.588 0.7500000000
2763  -46.061  -10.994  48.588 0.7500000000
2765  -31.788  -9.187  46.112 0.7500000000
6131  -34.018  -2.877  44.292 0.5000000000
1808  -42.321  -2.683  44.101 0.7500000000
6178  -22.926  -6.819  45.819 0.6250000000
872  -24.750  -7.912  44.879 0.6250000000
3976  -40.938  -0.618  45.880 0.6250000000
2646  -11.567  -7.763  68.950 1.0000000000
2643  -13.427  -9.526  67.377 1.0000000000
7206  -41.028  -7.418  54.898 0.8750000000
3970  -42.198  -7.351  53.124 0.8750000000
8173  -18.956  -2.943  56.528 0.8750000000
844  -46.285  -9.574  50.167 1.0000000000
9020  -9.149  -6.258  49.437 0.3750000000
8054  -45.142  -8.188  49.736 1.0000000000
8055  -45.701  -6.984  46.230 1.0000000000
6125  -48.077  -9.168  49.259 0.8750000000
847  -32.216  -5.059  44.256 0.6250000000
6124  -48.060  -10.525  47.726 0.8750000000
8058  -45.246  -3.358  44.699 1.0000000000
2767  -30.714  -7.105  44.716 0.6250000000
6123  -49.726  -9.602  46.902 0.8750000000
380  -21.529  -5.443  47.364 0.6250000000
2769  -28.364  -6.343  44.846 0.7500000000
365  -36.216  -1.207  45.191 0.5000000000
362  -48.162  -10.415  44.162 0.8750000000
8059  -43.605  -0.555  46.016 0.7500000000
3962  -49.460  -9.063  43.369 0.6250000000
3963  -51.925  -7.018  44.500 1.0000000000
8044  -53.020  -5.970  42.674 1.0000000000
1802  -50.366  -7.926  41.829 0.8750000000
8043  -54.173  -5.072  40.999 0.8750000000
8042  -51.636  -7.053  40.165 0.7500000000
12  -52.971  -6.025  38.708 0.6250000000
3620  -10.117  -7.188  63.642 1.0000000000
3618  -10.471  -7.183  65.414 1.0000000000
3621  -9.973  -7.300  62.070 1.0000000000
5916  -10.877  -7.330  67.285 1.0000000000
723  -15.507  -7.767  66.350 1.0000000000
7566  -9.813  -7.407  60.354 1.0000000000
3018  -9.467  -7.315  58.630 1.0000000000
2645  -12.658  -8.669  69.188 1.0000000000
3020  -8.352  -7.189  56.718 0.8750000000
7547  -18.532  -1.349  58.931 0.7500000000
3021  -6.966  -7.305  55.224 1.0000000000
6591  -5.585  -7.418  53.882 0.8750000000
1100  -6.544  -4.513  57.673 1.0000000000
4743  -5.149  -6.906  52.441 0.8750000000
6590  -6.025  -4.247  56.114 1.0000000000
4745  -6.094  -6.592  51.279 1.0000000000
4746  -7.601  -6.394  50.533 0.5000000000
6126  -47.207  -8.047  48.677 1.0000000000
1101  -6.005  -4.087  54.355 1.0000000000
364  -47.637  -4.914  46.478 1.0000000000
843  -49.823  -8.223  48.530 1.0000000000
4057  -20.604  -3.943  49.376 0.6250000000
2768  -29.944  -4.652  45.322 0.6250000000
3969  -46.157  -0.925  46.460 0.7500000000
3964  -50.917  -8.397  45.962 1.0000000000
2791  -26.221  -5.866  44.684 0.6250000000
3977  -38.362  0.057  46.549 0.3750000000
8060  -42.621  0.930  47.832 0.6250000000
8645  -44.505  -1.385  38.422 0.3750000000
2612  -54.214  -5.047  37.384 0.7500000000
724  -17.745  -2.447  68.775 1.0000000000
5911  -17.131  -5.291  67.919 1.0000000000
7550  -19.258  2.444  63.726 0.6250000000
7549  -18.457  0.538  61.497 0.7500000000
3019  -7.516  -4.498  59.203 1.0000000000
6588  -6.055  -1.525  58.285 1.0000000000
8164  -19.490  -1.283  53.955 0.8750000000
4744  -6.676  -3.925  52.806 0.8750000000
3965  -49.022  -6.603  48.217 1.0000000000
6132  -33.901  -0.676  47.169 0.3750000000
8065  -33.898  0.544  49.682 0.3750000000
6133  -31.706  -2.597  46.179 0.3750000000
3979  -36.084  0.764  48.107 0.3750000000
3967  -48.460  -2.555  47.254 1.0000000000
8047  -51.270  -6.927  47.682 1.0000000000
849  -27.882  -3.636  45.683 0.6250000000
1806  -44.940  1.348  47.424 0.7500000000
6177  -24.256  -4.812  44.861 0.6250000000
1809  -40.333  1.064  48.356 0.3750000000
8045  -53.121  -4.523  44.700 0.8750000000
2023  -48.377  -1.823  40.447 0.3750000000
2614  -55.185  -3.728  39.184 0.7500000000
8643  -47.773  -2.518  37.904 0.3750000000
692  -55.308  -3.946  36.164 0.7500000000
3611  -15.767  -1.192  69.146 0.8750000000
5912  -15.958  -4.145  69.153 1.0000000000
7553  -18.669  2.455  67.483 0.6250000000
726  -11.801  -4.950  66.303 1.0000000000
2644  -14.959  -7.029  68.440 1.0000000000
1590  -19.819  3.807  61.169 0.6250000000
7565  -9.231  -4.116  61.954 1.0000000000
7548  -19.331  1.883  58.852 0.6250000000
5915  -12.486  -5.446  68.155 1.0000000000
1098  -8.454  -4.363  60.702 1.0000000000
51  -19.251  0.055  56.352 0.6250000000
8064  -37.079  3.263  53.768 0.3750000000
8066  -34.377  1.761  52.441 0.3750000000
1810  -36.396  1.849  50.731 0.3750000000
2150  -7.954  -3.696  51.554 0.8750000000
9019  -9.074  -3.404  50.213 0.5000000000
1846  -19.876  -2.489  51.593 0.7500000000
3978  -38.250  1.369  49.084 0.3750000000
3966  -50.171  -4.887  47.924 1.0000000000
6134  -29.560  -2.399  47.092 0.6250000000
3968  -47.088  0.942  47.143 0.8750000000
1804  -52.326  -5.604  46.372 1.0000000000
4053  -22.704  -3.656  45.892 0.5000000000
8052  -43.349  2.639  48.018 0.6250000000
363  -49.781  -0.147  44.517 0.3750000000
8061  -41.404  2.558  49.350 0.5000000000
4437  -49.289  -1.000  42.538 0.3750000000
2921  -40.698  3.149  43.499 0.3750000000
1803  -53.870  -3.656  42.902 0.7500000000
8642  -51.512  -2.450  39.603 0.3750000000
5856  -50.867  -2.463  36.904 0.5000000000
2613  -55.667  -2.686  37.788 0.6250000000
8646  -44.245  -2.117  36.058 0.2500000000
214  -47.638  -2.154  35.279 0.2500000000
3612  -17.380  0.499  68.584 0.7500000000
245  -13.623  -0.283  68.771 0.8750000000
3619  -11.116  -4.520  64.499 1.0000000000
5914  -12.776  -2.633  67.701 0.8750000000
5913  -14.127  -3.293  68.741 0.8750000000
7551  -19.781  4.278  65.346 0.6250000000
1596  -10.203  -4.119  63.018 1.0000000000
725  -13.664  -6.040  69.320 1.0000000000
3010  -19.971  3.546  55.813 0.6250000000
3008  -20.060  1.755  53.613 0.6250000000
8067  -35.361  3.771  55.029 0.3750000000
6587  -5.802  -2.110  60.190 1.0000000000
8063  -38.586  2.861  51.768 0.3750000000
3981  -31.789  0.585  50.902 0.3750000000
4056  -20.595  -0.820  49.176 0.5000000000
848  -31.510  -0.884  48.576 0.3750000000
9016  -7.282  -0.932  54.318 0.8750000000
6589  -6.693  -1.150  56.306 0.8750000000
4055  -21.428  -2.204  47.322 0.5000000000
1805  -49.245  -0.897  47.104 0.8750000000
8051  -45.337  2.624  46.862 0.6250000000
6406  -47.126  1.830  44.429 0.5000000000
2179  -10.909  0.158  45.925 0.1250000000
43  -40.613  3.491  47.695 0.3750000000
1000  -44.593  2.892  44.741 0.5000000000
4436  -52.015  -2.053  41.764 0.3750000000
8641  -54.251  -2.886  40.738 0.3750000000
6409  -39.522  3.021  41.312 0.1250000000
694  -53.954  -2.139  38.639 0.5000000000
5855  -53.717  -1.471  36.849 0.5000000000
5854  -56.038  -1.557  36.589 0.8750000000
5852  -56.219  -2.712  34.995 0.5000000000
3515  -50.861  -1.401  34.903 0.3750000000
212  -56.964  -1.452  33.549 0.6250000000
3613  -15.046  1.514  68.251 0.8750000000
1592  -16.860  3.579  67.024 0.6250000000
7563  -10.081  -1.520  64.884 1.0000000000
3614  -14.536  4.161  66.127 0.7500000000
4711  -20.443  5.704  63.185 0.6250000000
8977  -19.802  5.326  58.116 0.6250000000
7555  -16.296  6.056  64.401 0.6250000000
7554  -18.485  5.796  65.597 0.6250000000
244  -19.919  7.433  64.248 0.5000000000
4712  -20.046  7.155  60.280 0.5000000000
6584  -7.231  -1.967  63.357 1.0000000000
3009  -19.513  4.926  52.806 0.1250000000
6586  -6.436  -2.349  61.853 1.0000000000
1090  -19.003  6.724  54.873 0.3750000000
8978  -19.245  8.493  56.976 0.3750000000
8163  -20.227  0.465  51.369 0.5000000000
4736  -7.032  0.967  60.887 1.0000000000
3980  -29.790  -0.406  49.208 0.5000000000
2151  -9.899  -3.208  48.695 0.3750000000
9017  -8.327  -0.984  52.627 0.8750000000
9018  -9.500  -0.958  51.053 0.8750000000
8048  -51.168  -3.401  47.180 0.8750000000
4814  -10.267  -0.700  49.376 0.6250000000
8050  -47.449  2.030  46.203 0.7500000000
8049  -49.829  0.022  45.981 0.7500000000
8046  -51.841  -2.487  45.879 0.7500000000
2920  -42.532  3.295  46.133 0.5000000000
6176  -26.076  -2.978  45.763 0.6250000000
4435  -52.217  -2.125  44.114 0.5000000000
2922  -39.025  4.129  45.160 0.5000000000
9100  -11.052  1.568  44.064 0.1250000000
1002  -38.159  5.175  43.018 0.1250000000
6410  -37.711  5.422  41.154 0.1250000000
3512  -57.569  -0.388  31.897 0.3750000000
3617  -11.780  0.114  68.313 0.8750000000
3615  -12.787  2.200  68.018 0.7500000000
7562  -11.485  -1.895  66.278 1.0000000000
7564  -8.510  -1.559  64.214 1.0000000000
6571  -17.933  8.355  63.544 0.5000000000
4713  -20.487  8.878  61.608 0.5000000000
1088  -20.376  3.296  50.901 0.2500000000
1099  -6.176  0.469  62.780 1.0000000000
6569  -19.244  8.086  51.827 0.2500000000
6570  -19.207  9.992  53.788 0.2500000000
8062  -39.942  2.491  50.362 0.3750000000
4812  -10.585  0.980  47.822 0.2500000000
4811  -10.747  2.519  46.060 0.1250000000
9099  -10.850  4.046  44.198 0.1250000000
693  -53.949  -0.282  35.257 0.5000000000
5853  -56.512  -0.231  35.344 0.7500000000
3517  -48.044  -1.250  33.194 0.2500000000
3555  -55.182  -2.531  30.609 0.3750000000
3556  -55.739  -2.010  28.542 0.2500000000
1595  -10.025  0.430  67.627 1.0000000000
7561  -8.438  0.374  66.845 1.0000000000
246  -7.052  0.199  65.964 1.0000000000
6572  -19.448  10.363  62.159 0.5000000000
6566  -21.108  4.663  48.417 0.2500000000
2137  -19.832  10.120  58.513 0.3750000000
6568  -19.869  6.292  49.947 0.1250000000
8162  -21.027  2.169  49.016 0.2500000000
1845  -21.998  0.956  47.322 0.2500000000
1537  -39.013  4.751  51.122 0.3750000000
4054  -23.356  -0.611  46.201 0.5000000000
871  -24.680  -1.992  45.644 0.5000000000
7423  -39.417  3.997  49.187 0.3750000000
501  -9.928  1.807  49.610 0.7500000000
4810  -10.192  3.421  47.873 0.2500000000
1123  -10.223  4.872  46.051 0.1250000000
6630  -9.342  7.485  45.702 0.1250000000
3516  -51.470  0.070  33.298 0.3750000000
3514  -57.006  1.202  33.990 0.8750000000
7474  -56.143  -1.476  26.740 0.1250000000
2953  -56.744  -1.089  24.919 0.2500000000
6472  -58.098  -0.896  19.587 0.2500000000
3616  -11.130  2.840  67.906 0.8750000000
6585  -6.152  0.146  64.642 1.0000000000
8161  -22.673  3.588  47.461 0.2500000000
500  -8.065  1.272  58.411 1.0000000000
4742  -8.334  1.627  55.790 0.8750000000
2149  -8.401  1.936  53.489 0.8750000000
9015  -9.116  1.860  51.502 0.8750000000
6631  -9.183  5.770  47.811 0.2500000000
7417  -54.588  1.376  34.187 0.5000000000
1532  -57.791  0.429  29.975 0.3750000000
2955  -57.306  -0.761  23.237 0.2500000000
2956  -57.765  -0.662  21.551 0.2500000000
6392  -59.506  1.416  20.022 0.2500000000
4543  -58.460  -1.071  17.498 0.2500000000
1593  -12.272  4.845  65.910 0.7500000000
7556  -13.764  6.342  63.218 0.6250000000
1091  -15.668  8.190  61.727 0.5000000000
379  -23.327  5.701  47.990 0.2500000000
6567  -21.649  7.191  48.264 0.1250000000
1089  -20.607  9.219  49.560 0.1250000000
7424  -38.824  5.606  46.984 0.3750000000
1124  -8.409  6.623  49.990 0.6250000000
3043  -8.336  8.630  47.484 0.3750000000
8650  -38.712  7.299  44.934 0.1250000000
7418  -52.444  1.578  31.986 0.3750000000
1534  -55.396  2.958  32.855 0.6250000000
3513  -57.594  2.463  32.139 0.7500000000
7412  -58.085  1.104  27.982 0.2500000000
992  -59.262  1.821  22.245 0.2500000000
452  -59.491  1.081  17.842 0.2500000000
7560  -9.495  3.124  67.914 1.0000000000
4733  -7.863  3.334  67.570 1.0000000000
4735  -6.652  3.508  66.548 1.0000000000
8158  -24.994  4.500  48.652 0.2500000000
8980  -20.122  11.869  59.820 0.3750000000
4737  -7.267  3.972  63.196 1.0000000000
8979  -19.345  11.806  55.544 0.2500000000
8160  -24.350  2.216  46.996 0.2500000000
8159  -25.648  0.576  46.889 0.2500000000
7425  -38.956  6.794  49.131 0.3750000000
6632  -9.242  4.350  49.941 0.3750000000
92  -58.558  1.466  26.088 0.2500000000
2912  -58.923  1.864  24.266 0.2500000000
7557  -11.418  7.415  63.590 0.6250000000
7559  -10.572  5.615  66.279 0.8750000000
3011  -12.948  9.026  61.240 0.5000000000
1594  -8.894  6.364  66.911 1.0000000000
6573  -17.317  10.577  60.957 0.5000000000
4734  -7.340  6.978  66.769 1.0000000000
9007  -6.485  3.735  64.959 1.0000000000
1844  -26.392  3.099  49.138 0.2500000000
4738  -8.820  4.007  60.799 1.0000000000
9014  -8.819  4.435  52.002 0.7500000000
3044  -8.681  9.037  49.972 0.7500000000
4414  -59.113  3.733  16.740 0.3750000000
4412  -58.868  1.094  15.917 0.2500000000
4413  -58.773  3.444  14.848 0.2500000000
8614  -58.302  2.899  12.720 0.2500000000
7558  -9.965  8.720  64.625 0.7500000000
110  -10.988  10.690  62.434 0.6250000000
3012  -14.855  10.860  59.427 0.3750000000
9004  -8.523  9.820  65.445 0.7500000000
8157  -26.490  5.191  51.166 0.2500000000
1092  -18.405  12.893  59.969 0.3750000000
4740  -9.352  4.137  57.242 0.8750000000
4741  -8.833  4.322  54.506 0.8750000000
9013  -8.645  6.697  52.515 0.6250000000
7415  -55.929  4.345  31.158 0.5000000000
7414  -57.979  3.492  30.224 0.6250000000
4421  -53.249  5.059  27.424 0.1250000000
6393  -59.395  4.044  18.962 0.3750000000
3013  -12.264  12.505  59.757 0.5000000000
2146  -6.637  7.371  65.473 1.0000000000
2147  -7.653  7.665  61.153 1.0000000000
1122  -9.585  10.297  45.646 0.3750000000
6394  -59.311  4.510  21.271 0.5000000000
8615  -57.818  4.645  13.685 0.3750000000
3017  -9.665  12.111  63.687 0.7500000000
6574  -16.304  13.137  58.570 0.3750000000
9008  -6.731  7.697  63.546 1.0000000000
8981  -19.985  13.362  57.484 0.2500000000
4739  -8.821  7.402  58.255 0.8750000000
2148  -8.948  6.812  55.231 0.6250000000
9012  -8.358  9.108  52.603 0.6250000000
1533  -56.014  5.362  29.297 0.3750000000
7413  -58.233  4.235  28.064 0.6250000000
2914  -58.622  4.654  25.885 0.6250000000
2913  -59.006  4.780  23.654 0.6250000000
993  -57.590  5.638  19.916 0.3750000000
8617  -57.683  5.495  17.971 0.3750000000
2014  -57.764  5.164  15.912 0.3750000000
9005  -7.197  10.432  65.167 0.8750000000
111  -9.798  11.350  50.460 0.6250000000
3042  -9.582  10.877  47.893 0.6250000000
3041  -10.501  12.428  45.962 0.3750000000
8623  -56.487  5.983  27.026 0.7500000000
6395  -57.537  5.756  22.305 0.5000000000
3015  -10.472  14.164  61.600 0.6250000000
1097  -8.067  13.225  64.475 0.7500000000
1093  -13.771  14.558  57.743 0.3750000000
9006  -6.620  10.623  63.662 0.7500000000
4715  -19.598  14.904  58.699 0.2500000000
9011  -7.867  9.440  55.417 0.6250000000
3040  -10.639  13.254  48.199 0.5000000000
6627  -10.833  11.492  43.905 0.1250000000
3014  -11.520  16.048  59.078 0.3750000000
6583  -6.878  13.549  63.654 0.7500000000
3016  -8.958  15.571  63.060 0.7500000000
4731  -8.365  14.940  55.919 0.5000000000
9009  -6.939  10.422  61.091 0.7500000000
2145  -8.156  12.127  55.719 0.5000000000
9010  -7.394  9.954  58.180 0.6250000000
9002  -9.079  14.530  53.204 0.5000000000
9003  -9.074  11.786  52.931 0.5000000000
7598  -10.085  14.176  50.657 0.5000000000
6626  -10.915  13.770  44.001 0.1250000000
6582  -7.379  16.128  63.149 0.7500000000
4730  -7.301  15.571  58.804 0.6250000000
4732  -7.469  12.615  58.573 0.6250000000
1120  -10.518  14.834  46.109 0.1250000000
1095  -9.762  17.547  61.169 0.5000000000
499  -6.698  13.230  61.397 0.7500000000
7597  -10.166  15.911  48.125 0.5000000000
4728  -6.633  16.148  61.574 0.6250000000
6581  -8.087  18.642  61.858 0.5000000000
6578  -10.813  19.715  58.743 0.5000000000
4729  -6.734  18.425  58.665 0.5000000000
6577  -12.960  18.322  57.427 0.3750000000
2144  -7.849  17.900  55.917 0.5000000000
9001  -8.607  17.441  53.036 0.5000000000
1610  -9.139  17.066  50.424 0.5000000000
6624  -10.149  16.128  43.931 0.3750000000
1096  -6.801  18.902  60.996 0.5000000000
7595  -8.727  18.477  43.411 0.3750000000
7596  -9.353  17.160  45.696 0.3750000000
253  -10.120  17.851  41.788 0.1250000000
6625  -11.075  15.275  42.034 0.1250000000
6579  -8.991  20.760  60.139 0.5000000000
9000  -7.668  20.237  52.818 0.5000000000
1609  -7.783  19.613  45.342 0.3750000000
4802  -11.344  16.977  40.037 0.1250000000
6580  -7.298  21.449  60.043 0.5000000000
8998  -6.355  21.349  58.425 0.5000000000
8999  -6.740  20.867  55.701 0.5000000000
4727  -6.418  24.068  57.739 0.5000000000
2143  -6.160  23.688  55.437 0.5000000000
8997  -6.987  23.081  52.716 0.5000000000
3644  -8.111  19.665  50.001 0.5000000000
3643  -8.467  18.465  47.842 0.3750000000
1094  -11.890  21.597  57.069 0.3750000000
4726  -5.954  26.225  55.082 0.5000000000
8996  -6.680  25.832  52.529 0.5000000000
7594  -8.083  21.389  42.885 0.2500000000
7592  -9.157  20.775  41.329 0.1250000000
498  -7.847  23.726  58.717 0.5000000000
4721  -9.812  22.878  58.066 0.5000000000
4725  -6.627  26.431  56.765 0.5000000000
4722  -10.533  24.689  55.589 0.3750000000
4723  -8.477  26.017  56.806 0.5000000000
8990  -11.647  26.171  52.621 0.3750000000
2141  -9.532  27.954  54.193 0.3750000000
875  -21.160  -15.521  59.575 1.0000000000
2  -11.605  -8.900  47.883 0.2500000000
6122  -46.543  -11.611  44.863 0.8750000000
4006  -47.019  -10.127  40.421 0.5000000000
4813  -10.517  -1.449  47.504 0.3750000000
7416  -53.058  3.169  30.771 0.5000000000
4036  -16.994  -23.380  71.236 0.3750000000
8143  -18.152  -23.668  69.417 0.3750000000
8140  -20.562  -22.454  70.457 0.5000000000
377  -19.028  -21.825  71.664 0.3750000000
1838  -21.803  -22.681  68.787 0.5000000000
4038  -24.002  -21.325  69.838 0.5000000000
4039  -22.849  -22.729  66.708 0.5000000000
4037  -25.253  -21.788  68.399 0.5000000000
8136  -13.675  -24.955  71.711 0.1250000000
1837  -14.824  -25.015  70.104 0.1250000000
7236  -27.209  -20.121  69.561 0.5000000000
1457  -28.611  -20.790  68.413 0.5000000000
4035  -15.678  -23.017  72.523 0.3750000000
3385  -28.503  -17.671  69.176 0.5000000000
3584  -5.788  -18.259  68.249 0.3750000000
7510  -5.353  -17.214  63.268 0.3750000000
4622  -5.355  -17.799  61.217 0.3750000000
3386  -30.283  -18.645  68.854 0.6250000000
4034  -17.281  -21.261  72.185 0.3750000000
1456  -25.717  -19.210  70.098 0.5000000000
3384  -29.205  -15.922  67.420 0.7500000000
8135  -14.156  -22.603  73.403 0.3750000000
1836  -15.496  -20.892  72.378 0.3750000000
4033  -16.762  -19.914  70.566 0.6250000000
8864  -6.619  -15.875  50.409 0.3750000000
4617  -5.219  -19.188  51.631 0.5000000000
1060  -5.161  -16.245  51.521 0.5000000000
4618  -6.373  -18.617  49.731 0.5000000000
8139  -22.507  -20.614  70.717 0.6250000000
169  -31.326  -16.433  67.684 0.7500000000
2099  -8.415  -15.304  49.938 0.2500000000
8863  -10.114  -17.462  48.175 0.1250000000
8865  -8.235  -17.991  48.853 0.2500000000
6166  -20.604  -20.077  70.990 0.6250000000
3396  -28.667  -14.806  64.344 0.7500000000
8862  -10.234  -14.764  49.189 0.2500000000
4032  -18.720  -19.931  70.846 0.7500000000
8138  -23.921  -18.698  69.878 0.6250000000
7251  -26.412  -15.193  63.532 0.7500000000
873  -25.232  -14.737  60.577 0.8750000000
865  -17.762  -19.172  68.410 0.7500000000
7235  -26.675  -17.236  68.896 0.6250000000
1455  -27.211  -15.841  66.721 0.7500000000
7233  -25.406  -16.250  65.995 0.7500000000
2793  -24.488  -15.811  62.856 0.7500000000
2794  -23.244  -15.211  60.026 0.8750000000
866  -21.848  -18.649  69.512 0.6250000000
7234  -24.844  -17.331  68.283 0.7500000000
49  -23.574  -16.926  65.218 0.7500000000
2795  -22.532  -16.539  62.193 0.7500000000
2786  -22.840  -17.741  67.569 0.7500000000
6165  -19.819  -18.905  69.050 0.7500000000
2784  -21.473  -17.448  64.580 0.8750000000
2796  -20.355  -16.775  61.662 0.8750000000
7202  -40.083  -11.662  50.596 0.3750000000
2785  -20.732  -18.143  66.922 0.7500000000
864  -19.213  -17.576  63.987 0.8750000000
2773  -38.059  -12.828  48.276 0.2500000000
6164  -18.526  -18.397  66.268 0.7500000000
42  -41.290  -11.839  48.577 0.3750000000
2775  -39.519  -12.805  46.092 0.1250000000
2762  -42.997  -12.066  47.038 0.2500000000
842  -44.856  -12.141  45.853 0.3750000000
6148  -42.481  -13.288  42.901 0.2500000000
4003  -44.170  -12.571  41.875 0.1250000000
8983  -21.458  17.955  55.962 0.2500000000
2138  -20.867  16.595  57.598 0.2500000000
8982  -20.524  15.241  55.539 0.2500000000
4005  -45.706  -11.251  41.319 0.2500000000
4717  -20.575  19.890  57.367 0.2500000000
994  -57.135  6.028  24.724 0.5000000000
2987  -11.591  -27.371  70.281 0.1250000000
8137  -12.619  -27.299  68.114 0.1250000000
1067  -12.348  -24.841  72.926 0.2500000000
5775  -33.317  -17.148  67.291 0.7500000000
5781  -34.901  -14.961  65.510 0.8750000000
5776  -32.038  -19.630  67.809 0.1250000000
649  -35.169  -18.113  66.284 0.3750000000
7238  -30.088  -21.438  66.983 0.2500000000
6529  -10.560  -24.674  73.761 0.2500000000
7237  -26.506  -21.996  66.782 0.2500000000
8144  -15.700  -25.010  67.945 0.1250000000
170  -23.951  -22.803  64.614 0.2500000000
868  -18.727  -24.831  60.542 0.1250000000
8142  -19.208  -23.716  67.268 0.1250000000
8141  -20.227  -23.689  64.836 0.1250000000
4041  -17.423  -24.883  62.913 0.1250000000
6168  -21.299  -23.697  62.526 0.1250000000
5858  -37.734  9.596  54.706 0.1250000000
3522  -39.155  8.409  53.497 0.1250000000
215  -37.603  5.663  55.381 0.2500000000
3521  -39.427  7.615  51.424 0.2500000000
3520  -38.776  5.110  53.511 0.2500000000
5857  -36.081  6.925  56.078 0.1250000000
7428  -38.870  11.906  52.054 0.1250000000
1539  -40.168  10.902  50.819 0.1250000000
1811  -32.772  2.522  53.430 0.1250000000
6135  -28.038  -1.398  47.397 0.3750000000
8068  -33.714  4.796  55.402 0.1250000000
8069  -31.544  5.937  55.748 0.1250000000
3983  -31.253  3.416  54.042 0.1250000000
3982  -30.598  1.468  51.564 0.1250000000
3984  -29.239  2.529  52.165 0.1250000000
695  -34.165  8.006  56.051 0.1250000000
7429  -40.148  14.121  49.467 0.1250000000
3524  -38.300  15.637  50.336 0.1250000000
7426  -40.326  9.967  48.797 0.1250000000
1812  -29.486  4.976  54.481 0.1250000000
1538  -39.774  8.824  46.805 0.1250000000
4051  -27.709  3.845  51.934 0.1250000000
4052  -27.304  1.400  49.434 0.1250000000
366  -28.739  0.458  49.531 0.2500000000
5859  -36.146  10.996  55.087 0.1250000000
696  -37.220  13.335  52.794 0.1250000000
7427  -41.130  12.886  48.182 0.1250000000
1540  -39.497  17.295  47.972 0.1250000000
6175  -26.697  -0.788  47.190 0.3750000000
7430  -41.591  15.821  47.123 0.1250000000
4443  -41.174  11.606  46.245 0.1250000000
8156  -27.971  6.475  53.912 0.1250000000
3525  -37.442  19.241  48.923 0.1250000000
8070  -29.715  7.746  55.470 0.1250000000
216  -42.242  14.097  45.593 0.1250000000
3523  -36.371  17.136  50.693 0.1250000000
4703  -25.326  6.493  49.944 0.1250000000
1839  -16.499  -24.955  65.471 0.1250000000
4444  -40.142  9.992  44.210 0.1250000000
3375  -37.273  -14.456  55.630 0.3750000000
8873  -9.382  -22.371  58.006 0.3750000000
4623  -5.322  -18.395  58.854 0.5000000000
4624  -7.205  -19.924  59.810 0.3750000000
3376  -36.883  -13.502  53.245 0.3750000000
8871  -5.266  -18.779  56.392 0.3750000000
2102  -7.226  -20.524  57.358 0.3750000000
6517  -5.005  -19.176  54.033 0.5000000000
7222  -37.097  -13.049  50.629 0.2500000000
2776  -41.122  -13.046  44.461 0.2500000000
8098  -48.172  -9.134  39.246 0.2500000000
2623  -49.327  -8.076  37.762 0.5000000000
2626  -52.107  -5.729  34.887 0.1250000000
5878  -53.308  -4.539  33.656 0.2500000000
2625  -50.914  -6.867  36.180 0.5000000000
2624  -47.432  -8.688  35.172 0.1250000000
705  -48.789  -7.274  33.390 0.1250000000
3553  -54.386  -3.333  32.314 0.2500000000
4641  -7.293  -24.128  73.149 0.1250000000
1068  -8.804  -24.441  73.877 0.1250000000
2109  -6.277  -23.892  71.691 0.1250000000
4643  -5.027  -26.585  69.585 0.1250000000
8894  -6.020  -23.845  69.652 0.1250000000
1576  -6.275  -23.893  67.526 0.1250000000
7515  -6.975  -24.049  65.638 0.1250000000
7516  -5.695  -26.486  64.791 0.1250000000
2982  -6.417  -26.602  62.753 0.1250000000
1062  -8.027  -24.207  63.602 0.1250000000
6520  -8.948  -24.612  61.045 0.1250000000
2983  -7.214  -26.901  60.501 0.1250000000
3585  -6.595  -20.985  67.468 0.1250000000
7514  -7.508  -21.157  65.729 0.1250000000
6518  -8.440  -21.382  63.532 0.1250000000
2984  -6.181  -29.291  60.045 0.1250000000
5777  -33.563  -20.162  66.352 0.1250000000
6519  -9.212  -21.843  60.843 0.1250000000
1575  -6.026  -18.671  66.456 0.1250000000
7513  -6.518  -19.092  64.454 0.1250000000
0  -36.785  -18.600  64.821 0.1250000000
1063  -9.113  -25.266  58.156 0.1250000000
4626  -8.725  -25.659  55.664 0.1250000000
2562  -39.300  -16.904  61.175 0.3750000000
235  -6.989  -19.480  62.274 0.1250000000
8874  -8.972  -22.863  55.532 0.1250000000
8872  -6.878  -20.857  55.021 0.2500000000
8875  -8.210  -22.905  53.344 0.2500000000
485  -6.511  -20.967  52.512 0.2500000000
8644  -45.165  -0.503  40.550 0.2500000000
6407  -46.119  0.669  42.522 0.2500000000
4420  -52.981  4.370  29.316 0.3750000000
3642  -7.688  21.086  47.327 0.2500000000
254  -7.894  22.608  49.809 0.3750000000
5930  -7.545  25.468  49.844 0.3750000000
4724  -7.713  29.234  55.275 0.3750000000
3640  -7.669  24.234  47.068 0.2500000000
2142  -6.380  29.185  54.429 0.3750000000
8995  -6.849  28.748  52.219 0.3750000000
3641  -7.197  22.524  44.914 0.1250000000
734  -7.374  28.278  49.595 0.3750000000
5929  -7.133  26.891  47.211 0.2500000000
8993  -7.790  32.330  53.634 0.3750000000
733  -6.569  25.552  44.605 0.1250000000
7593  -6.814  24.259  42.322 0.1250000000
3639  -6.595  26.392  39.430 0.1250000000
8994  -6.879  31.985  52.023 0.3750000000
5928  -6.921  28.318  44.699 0.1250000000
5927  -6.505  27.236  41.942 0.1250000000
8967  -7.683  35.300  51.769 0.1250000000
2654  -6.988  31.522  49.625 0.1250000000
2653  -7.175  29.953  47.310 0.1250000000
5926  -8.033  29.812  42.416 0.1250000000
21  -6.530  34.702  49.948 0.1250000000
2652  -6.903  33.253  47.556 0.1250000000
732  -7.747  31.565  45.189 0.1250000000
252  -7.552  29.410  39.523 0.1250000000
8210  -6.813  37.523  50.074 0.1250000000
8966  -8.738  37.359  50.639 0.1250000000
2650  -6.542  37.185  47.755 0.1250000000
2651  -7.609  36.158  45.241 0.1250000000
5925  -8.711  34.599  42.622 0.1250000000
3633  -9.109  32.841  39.905 0.1250000000
1862  -7.576  39.930  49.071 0.1250000000
8209  -6.473  40.127  47.402 0.1250000000
730  -6.364  39.730  44.731 0.1250000000
5924  -7.280  38.702  41.903 0.1250000000
4094  -8.456  41.763  47.476 0.1250000000
4093  -6.722  42.549  46.463 0.1250000000
731  -8.067  37.378  39.291 0.1250000000
3635  -8.744  31.645  37.387 0.1250000000
8208  -5.838  42.422  44.145 0.1250000000
5922  -6.010  41.785  41.092 0.1250000000
5923  -6.743  40.421  38.245 0.1250000000
3634  -8.928  35.589  37.030 0.1250000000
4642  -5.641  -26.819  71.585 0.1250000000
8895  -5.186  -26.459  67.214 0.1250000000
7240  -25.172  -22.818  62.754 0.1250000000
2566  -38.034  -19.257  58.428 0.1250000000
5769  -37.330  -20.950  55.677 0.1250000000
5770  -38.361  -17.697  58.009 0.1250000000
646  -37.151  -19.286  55.179 0.1250000000
3373  -37.919  -15.897  56.988 0.1250000000
703  -46.000  -10.000  36.663 0.1250000000
8097  -44.788  -11.100  37.773 0.1250000000
2103  -8.101  -25.685  53.507 0.1250000000
4628  -7.343  -27.366  51.176 0.1250000000
8876  -8.316  -25.276  51.560 0.1250000000
4621  -8.161  -22.649  51.269 0.1250000000
4619  -6.999  -20.842  50.320 0.1250000000
2098  -11.708  -14.236  47.934 0.1250000000
9021  -10.520  -6.139  48.171 0.1250000000
6408  -43.108  2.125  42.571 0.2500000000
8624  -54.162  5.039  25.361 0.1250000000
6396  -55.019  5.041  23.010 0.1250000000
4415  -55.197  5.156  21.062 0.1250000000
4416  -55.369  5.072  19.265 0.2500000000
2013  -57.734  4.391  11.295 0.2500000000
8613  -57.984  2.465  10.475 0.2500000000
9186  -58.101  3.330  8.666 0.2500000000
4883  -56.718  4.610  9.481 0.1250000000
9187  -57.529  3.968  6.837 0.1250000000
6575  -15.561  16.952  57.211 0.2500000000
6576  -14.359  20.279  56.655 0.2500000000
4720  -15.808  22.429  55.419 0.2500000000
8989  -12.966  23.218  54.766 0.2500000000
2140  -14.794  24.709  52.578 0.2500000000
4719  -17.788  24.207  54.345 0.2500000000
8992  -9.453  31.323  53.066 0.2500000000
2596  -12.621  -10.033  46.475 0.1250000000
4439  -41.577  0.377  38.889 0.1250000000
2024  -41.215  -0.814  36.863 0.1250000000
8647  -41.440  -1.685  34.696 0.1250000000
1001  -42.032  1.196  40.576 0.1250000000
4438  -39.057  2.831  39.327 0.1250000000
3519  -44.662  -2.057  33.704 0.1250000000
1536  -41.916  -1.880  32.427 0.1250000000
3518  -45.238  -1.531  31.645 0.1250000000
7421  -42.422  -1.541  30.537 0.1250000000
4706  -20.195  11.395  51.381 0.1250000000
1535  -48.986  -0.186  31.489 0.1250000000
7420  -46.035  -0.581  29.912 0.1250000000
496  -19.901  13.551  53.366 0.1250000000
4707  -21.792  12.031  50.156 0.1250000000
6628  -10.294  9.270  43.914 0.1250000000
2915  -39.465  -0.708  29.792 0.1250000000
995  -43.018  -0.534  29.056 0.1250000000
8972  -23.882  12.048  49.327 0.1250000000
4714  -17.617  15.622  58.091 0.1250000000
4708  -21.502  14.215  52.104 0.1250000000
7419  -49.730  1.083  30.108 0.1250000000
6397  -46.489  0.779  28.718 0.1250000000
213  -49.793  2.588  28.940 0.1250000000
6398  -46.513  2.398  27.682 0.1250000000
2916  -39.660  0.316  28.156 0.1250000000
4710  -21.509  16.177  54.039 0.1250000000
6399  -43.257  0.968  27.797 0.1250000000
1033  -54.097  -3.257  23.389 0.1250000000
2135  -23.305  14.288  50.887 0.1250000000
8973  -24.316  13.709  48.001 0.1250000000
2954  -54.897  -2.892  21.696 0.1250000000
4716  -19.119  17.947  58.173 0.1250000000
4709  -22.829  16.357  52.388 0.1250000000
4422  -49.808  3.745  27.411 0.1250000000
1035  -55.627  -2.811  20.090 0.1250000000
497  -16.845  19.229  57.328 0.1250000000
4545  -58.493  -1.263  15.602 0.1250000000
2136  -22.500  18.695  53.916 0.1250000000
8974  -23.672  16.385  49.297 0.1250000000
4546  -57.906  -1.769  13.900 0.1250000000
8776  -57.580  -2.378  12.170 0.1250000000
8975  -23.231  19.082  51.305 0.1250000000
2012  -57.989  0.974  14.100 0.1250000000
8612  -57.418  0.460  12.118 0.1250000000
4718  -18.217  21.660  56.669 0.1250000000
8984  -22.179  21.383  55.689 0.1250000000
2139  -20.108  23.618  56.289 0.1250000000
8985  -22.017  25.247  55.169 0.1250000000
8976  -23.179  21.891  53.728 0.1250000000
7546  -21.794  22.029  50.496 0.1250000000
4882  -55.555  4.128  12.270 0.1250000000
8986  -19.717  26.267  53.745 0.1250000000
8987  -17.227  26.392  50.999 0.1250000000
109  -22.291  25.339  52.286 0.1250000000
8988  -13.867  27.758  49.694 0.1250000000
3007  -21.608  28.136  52.957 0.1250000000
1087  -19.420  29.060  51.437 0.1250000000
8991  -11.067  29.721  51.144 0.1250000000
3005  -21.875  27.811  50.402 0.1250000000
6565  -16.857  30.049  49.344 0.1250000000
3006  -21.303  30.650  51.234 0.1250000000
6564  -18.965  31.912  50.187 0.1250000000
6563  -20.566  33.156  49.269 0.1250000000
495  -13.746  31.572  48.897 0.1250000000
1085  -21.235  30.126  48.525 0.1250000000
4702  -11.324  33.040  50.282 0.1250000000
4698  -16.203  33.129  49.019 0.1250000000
1086  -18.035  34.836  49.228 0.1250000000
2133  -9.556  34.527  51.599 0.1250000000
4700  -13.209  34.575  48.599 0.1250000000
6562  -19.305  35.563  47.462 0.1250000000
4699  -15.082  36.048  48.080 0.1250000000
8962  -16.627  37.485  47.461 0.1250000000
