#!ascii label  , from subject fsaverage5 vox2ras=TkReg 
440
2112  -3.018  -35.414  66.804 0.1250000000
8901  -3.797  -35.413  68.301 0.1250000000
4649  -3.268  -39.197  67.504 0.1250000000
8900  -4.074  -39.019  68.450 0.1250000000
4650  -3.333  -39.039  65.508 0.1250000000
4645  -7.465  -38.588  66.950 0.1250000000
4651  -3.263  -35.367  64.668 0.1250000000
1578  -7.438  -35.814  65.026 0.1250000000
4652  -3.871  -38.750  63.320 0.1250000000
2113  -4.187  -35.183  62.594 0.2500000000
7520  -9.274  -37.840  65.667 0.1250000000
7519  -8.910  -35.475  63.248 0.1250000000
3588  -10.982  -36.844  64.521 0.1250000000
8906  -5.400  -35.065  60.631 0.2500000000
2986  -6.043  -31.907  60.177 0.3750000000
1066  -5.913  -34.750  58.267 0.3750000000
2985  -6.307  -32.037  57.739 0.5000000000
2111  -5.051  -35.362  68.442 0.1250000000
4646  -6.289  -35.585  67.144 0.1250000000
4647  -5.566  -38.868  68.157 0.1250000000
8905  -4.839  -32.064  62.281 0.3750000000
1577  -10.547  -34.951  61.713 0.1250000000
6525  -5.324  -34.630  56.172 0.3750000000
1064  -6.290  -29.678  57.676 0.6250000000
1065  -5.686  -34.601  54.211 0.2500000000
8898  -6.588  -32.422  69.402 0.2500000000
1069  -8.357  -29.808  70.876 0.2500000000
8897  -7.823  -32.497  67.743 0.2500000000
8904  -3.871  -31.999  64.361 0.3750000000
2984  -6.181  -29.291  60.045 0.5000000000
6524  -5.432  -32.083  55.562 0.3750000000
6531  -6.825  -29.713  71.478 0.7500000000
6530  -8.612  -27.345  72.967 0.8750000000
8899  -5.085  -32.340  69.727 0.5000000000
8902  -3.846  -32.170  68.764 0.1250000000
2989  -9.614  -29.832  69.025 0.7500000000
8903  -3.451  -32.013  66.718 0.3750000000
107  -5.403  -29.019  62.226 0.5000000000
6521  -7.445  -27.411  57.970 0.7500000000
6522  -5.767  -29.802  55.390 0.5000000000
6523  -5.270  -31.917  53.450 0.3750000000
4640  -6.942  -27.116  72.802 1.0000000000
488  -5.272  -29.462  70.990 0.8750000000
2988  -10.266  -27.373  72.037 0.8750000000
4644  -4.181  -29.185  69.369 0.8750000000
2110  -4.069  -29.071  66.905 0.6250000000
2983  -7.214  -26.901  60.501 0.7500000000
4625  -7.053  -27.839  55.477 0.6250000000
4642  -5.641  -26.819  71.585 1.0000000000
4643  -5.027  -26.585  69.585 1.0000000000
8896  -4.577  -29.025  64.523 0.7500000000
2982  -6.417  -26.602  62.753 0.6250000000
486  -5.595  -29.579  53.153 0.5000000000
2109  -6.277  -23.892  71.691 1.0000000000
8894  -6.020  -23.845  69.652 1.0000000000
8895  -5.186  -26.459  67.214 1.0000000000
2987  -11.591  -27.371  70.281 0.7500000000
1576  -6.275  -23.893  67.526 1.0000000000
7516  -5.695  -26.486  64.791 0.8750000000
1062  -8.027  -24.207  63.602 0.7500000000
6520  -8.948  -24.612  61.045 0.6250000000
1063  -9.113  -25.266  58.156 0.6250000000
4641  -7.293  -24.128  73.149 1.0000000000
1068  -8.804  -24.441  73.877 1.0000000000
6529  -10.560  -24.674  73.761 1.0000000000
7515  -6.975  -24.049  65.638 0.8750000000
4626  -8.725  -25.659  55.664 0.6250000000
4627  -6.689  -27.691  53.259 0.6250000000
1067  -12.348  -24.841  72.926 1.0000000000
8137  -12.619  -27.299  68.114 0.7500000000
8873  -9.382  -22.371  58.006 0.7500000000
4629  -6.611  -29.305  51.064 0.5000000000
8893  -6.341  -20.777  71.125 1.0000000000
5777  -33.563  -20.162  66.352 0.7500000000
4624  -7.205  -19.924  59.810 0.8750000000
6519  -9.212  -21.843  60.843 0.8750000000
2103  -8.101  -25.685  53.507 0.6250000000
8891  -8.739  -21.443  73.785 1.0000000000
8892  -7.195  -20.973  72.798 1.0000000000
8136  -13.675  -24.955  71.711 0.7500000000
5776  -32.038  -19.630  67.809 0.8750000000
3586  -6.166  -20.807  69.125 1.0000000000
649  -35.169  -18.113  66.284 0.6250000000
650  -31.518  -21.796  65.296 0.6250000000
2569  -36.446  -18.491  65.250 0.7500000000
7238  -30.088  -21.438  66.983 0.6250000000
2571  -36.805  -15.407  64.809 0.5000000000
3585  -6.595  -20.985  67.468 0.8750000000
7510  -5.353  -17.214  63.268 0.8750000000
7513  -6.518  -19.092  64.454 0.8750000000
235  -6.989  -19.480  62.274 0.7500000000
6518  -8.440  -21.382  63.532 0.7500000000
8874  -8.972  -22.863  55.532 0.7500000000
6528  -10.554  -21.909  74.032 1.0000000000
1837  -14.824  -25.015  70.104 0.7500000000
7512  -5.399  -16.616  65.259 0.7500000000
7514  -7.508  -21.157  65.729 0.8750000000
4622  -5.355  -17.799  61.217 0.7500000000
2102  -7.226  -20.524  57.358 0.7500000000
8875  -8.210  -22.905  53.344 0.6250000000
7239  -27.726  -22.231  65.091 0.7500000000
3583  -5.503  -16.206  67.118 0.7500000000
8145  -13.494  -27.355  65.660 0.3750000000
7237  -26.506  -21.996  66.782 0.7500000000
1575  -6.026  -18.671  66.456 0.8750000000
7240  -25.172  -22.818  62.754 0.7500000000
2562  -39.300  -16.904  61.175 0.5000000000
8876  -8.316  -25.276  51.560 0.2500000000
4621  -8.161  -22.649  51.269 0.1250000000
5896  -6.749  -15.642  70.618 0.5000000000
3582  -5.965  -15.873  68.956 0.5000000000
5895  -7.213  -13.579  69.341 0.5000000000
236  -5.950  -18.065  70.045 0.6250000000
8890  -6.846  -18.085  71.857 0.7500000000
8144  -15.700  -25.010  67.945 0.6250000000
715  -6.536  -13.819  67.712 0.5000000000
3584  -5.788  -18.259  68.249 0.7500000000
4043  -14.220  -27.375  63.055 0.2500000000
7511  -6.140  -14.146  65.828 0.5000000000
1574  -6.036  -14.536  63.959 0.6250000000
642  -39.734  -15.665  60.162 0.7500000000
2566  -38.034  -19.257  58.428 0.7500000000
5770  -38.361  -17.697  58.009 0.7500000000
8872  -6.878  -20.857  55.021 0.6250000000
1839  -16.499  -24.955  65.471 0.2500000000
170  -23.951  -22.803  64.614 0.3750000000
4042  -15.272  -27.253  60.785 0.2500000000
6168  -21.299  -23.697  62.526 0.1250000000
4041  -17.423  -24.883  62.913 0.1250000000
6167  -22.602  -23.525  60.528 0.3750000000
2563  -39.985  -14.071  62.275 0.3750000000
4623  -5.322  -18.395  58.854 0.7500000000
868  -18.727  -24.831  60.542 0.1250000000
7509  -5.918  -15.193  62.131 0.6250000000
5762  -39.882  -14.013  59.091 0.7500000000
3373  -37.919  -15.897  56.988 0.6250000000
8871  -5.266  -18.779  56.392 0.7500000000
485  -6.511  -20.967  52.512 0.6250000000
4620  -9.585  -22.271  49.635 0.1250000000
5764  -40.790  -12.958  60.943 0.3750000000
1573  -5.872  -15.878  60.099 0.5000000000
6517  -5.005  -19.176  54.033 0.7500000000
4619  -6.999  -20.842  50.320 0.2500000000
4617  -5.219  -19.188  51.631 0.5000000000
3375  -37.273  -14.456  55.630 0.8750000000
2100  -8.633  -20.371  48.810 0.1250000000
8867  -11.226  -21.991  48.114 0.1250000000
5763  -41.116  -11.599  59.629 0.3750000000
162  -39.713  -12.734  57.494 0.6250000000
8870  -5.760  -16.171  57.712 0.7500000000
8866  -10.354  -19.804  47.574 0.1250000000
1061  -5.213  -16.331  55.398 0.7500000000
3376  -36.883  -13.502  53.245 0.6250000000
4618  -6.373  -18.617  49.731 0.2500000000
484  -11.989  -19.270  46.326 0.1250000000
3362  -39.386  -11.907  55.369 0.5000000000
6516  -4.773  -16.388  53.332 0.3750000000
8865  -8.235  -17.991  48.853 0.1250000000
8863  -10.114  -17.462  48.175 0.1250000000
7222  -37.097  -13.049  50.629 0.8750000000
853  -35.211  -14.252  48.127 0.5000000000
3364  -41.505  -10.599  57.650 0.3750000000
1060  -5.161  -16.245  51.521 0.2500000000
1442  -39.551  -11.657  52.816 0.6250000000
7203  -42.760  -10.681  51.286 0.5000000000
1443  -43.711  -8.866  53.158 0.2500000000
8864  -6.619  -15.875  50.409 0.1250000000
8053  -44.848  -9.333  51.431 0.3750000000
2099  -8.415  -15.304  49.938 0.1250000000
2773  -38.059  -12.828  48.276 0.8750000000
42  -41.290  -11.839  48.577 0.6250000000
7204  -42.132  -10.322  53.236 0.3750000000
7202  -40.083  -11.662  50.596 0.5000000000
2764  -44.155  -10.948  49.747 0.3750000000
3363  -41.765  -10.261  55.338 0.2500000000
7205  -42.927  -8.570  55.022 0.3750000000
3971  -43.484  -7.711  51.361 0.1250000000
844  -46.285  -9.574  50.167 0.2500000000
8054  -45.142  -8.188  49.736 0.1250000000
2763  -46.061  -10.994  48.588 0.6250000000
3970  -42.198  -7.351  53.124 0.1250000000
2762  -42.997  -12.066  47.038 0.6250000000
6125  -48.077  -9.168  49.259 0.2500000000
842  -44.856  -12.141  45.853 0.6250000000
6124  -48.060  -10.525  47.726 0.5000000000
6148  -42.481  -13.288  42.901 0.5000000000
6122  -46.543  -11.611  44.863 0.6250000000
4003  -44.170  -12.571  41.875 0.7500000000
4005  -45.706  -11.251  41.319 0.8750000000
4006  -47.019  -10.127  40.421 0.7500000000
362  -48.162  -10.415  44.162 0.5000000000
3962  -49.460  -9.063  43.369 0.6250000000
8098  -48.172  -9.134  39.246 0.7500000000
1802  -50.366  -7.926  41.829 0.6250000000
2623  -49.327  -8.076  37.762 0.3750000000
8042  -51.636  -7.053  40.165 0.3750000000
12  -52.971  -6.025  38.708 0.3750000000
8043  -54.173  -5.072  40.999 0.1250000000
2614  -55.185  -3.728  39.184 0.1250000000
2613  -55.667  -2.686  37.788 0.1250000000
4628  -7.343  -27.366  51.176 0.3750000000
5775  -33.317  -17.148  67.291 0.8750000000
2108  -8.509  -18.529  72.805 0.7500000000
3374  -36.242  -17.686  54.363 0.7500000000
6916  -12.809  -21.579  46.482 0.1250000000
7221  -34.968  -14.959  50.805 0.6250000000
7518  -8.702  -32.769  65.197 0.1250000000
7517  -9.802  -32.454  62.861 0.1250000000
8147  -10.939  -32.431  60.880 0.1250000000
50  -10.622  -29.877  66.333 0.1250000000
1840  -12.389  -30.031  61.395 0.1250000000
4044  -13.549  -29.919  59.320 0.1250000000
4045  -12.515  -32.388  59.194 0.1250000000
8146  -11.462  -30.014  63.763 0.1250000000
4631  -6.556  -31.526  51.653 0.1250000000
2564  -38.460  -14.937  63.674 0.2500000000
0  -36.785  -18.600  64.821 0.3750000000
5781  -34.901  -14.961  65.510 0.7500000000
644  -38.045  -13.059  63.217 0.2500000000
2570  -34.405  -20.897  64.668 0.7500000000
8135  -14.156  -22.603  73.403 0.8750000000
8143  -18.152  -23.668  69.417 0.6250000000
8140  -20.562  -22.454  70.457 0.3750000000
5780  -35.904  -12.829  63.504 0.5000000000
5778  -32.597  -22.248  63.229 0.5000000000
6527  -12.603  -22.165  73.823 0.8750000000
4035  -15.678  -23.017  72.523 0.7500000000
4036  -16.994  -23.380  71.236 0.6250000000
8142  -19.208  -23.716  67.268 0.3750000000
1836  -15.496  -20.892  72.378 0.6250000000
4034  -17.281  -21.261  72.185 0.7500000000
377  -19.028  -21.825  71.664 0.6250000000
8134  -13.813  -20.417  72.552 0.7500000000
376  -12.141  -19.896  72.820 0.6250000000
4639  -10.296  -19.245  73.004 0.3750000000
8141  -20.227  -23.689  64.836 0.2500000000
3386  -30.283  -18.645  68.854 0.3750000000
3388  -28.944  -22.584  63.282 0.5000000000
8131  -12.792  -19.085  70.259 0.3750000000
4637  -11.333  -18.176  70.735 0.3750000000
1838  -21.803  -22.681  68.787 0.3750000000
4039  -22.849  -22.729  66.708 0.3750000000
4037  -25.253  -21.788  68.399 0.5000000000
1457  -28.611  -20.790  68.413 0.5000000000
4033  -16.762  -19.914  70.566 0.6250000000
8133  -14.683  -19.706  70.238 0.6250000000
4638  -9.852  -16.953  71.437 0.3750000000
8889  -8.344  -16.000  71.583 0.5000000000
1450  -35.312  -16.123  52.851 0.6250000000
2774  -36.021  -13.819  45.667 0.3750000000
2775  -39.519  -12.805  46.092 0.7500000000
855  -37.435  -13.736  43.526 0.3750000000
856  -40.401  -14.017  40.314 0.6250000000
2776  -41.122  -13.046  44.461 0.7500000000
6147  -39.003  -13.863  41.852 0.5000000000
703  -46.000  -10.000  36.663 0.6250000000
3553  -54.386  -3.333  32.314 0.5000000000
212  -56.964  -1.452  33.549 0.3750000000
3512  -57.569  -0.388  31.897 0.2500000000
3513  -57.594  2.463  32.139 0.1250000000
1532  -57.791  0.429  29.975 0.1250000000
3555  -55.182  -2.531  30.609 0.6250000000
2624  -47.432  -8.688  35.172 0.3750000000
2626  -52.107  -5.729  34.887 0.5000000000
5878  -53.308  -4.539  33.656 0.3750000000
8097  -44.788  -11.100  37.773 0.5000000000
378  -14.968  -29.714  57.627 0.1250000000
2567  -35.198  -21.287  61.952 0.5000000000
3385  -28.503  -17.671  69.176 0.2500000000
7235  -26.675  -17.236  68.896 0.2500000000
8138  -23.921  -18.698  69.878 0.3750000000
1456  -25.717  -19.210  70.098 0.2500000000
7234  -24.844  -17.331  68.283 0.2500000000
1455  -27.211  -15.841  66.721 0.1250000000
7233  -25.406  -16.250  65.995 0.2500000000
2793  -24.488  -15.811  62.856 0.2500000000
3384  -29.205  -15.922  67.420 0.2500000000
169  -31.326  -16.433  67.684 0.2500000000
2786  -22.840  -17.741  67.569 0.2500000000
49  -23.574  -16.926  65.218 0.2500000000
7251  -26.412  -15.193  63.532 0.2500000000
647  -33.446  -22.422  60.979 0.2500000000
2794  -23.244  -15.211  60.026 0.2500000000
866  -21.848  -18.649  69.512 0.2500000000
3396  -28.667  -14.806  64.344 0.2500000000
2784  -21.473  -17.448  64.580 0.2500000000
2795  -22.532  -16.539  62.193 0.2500000000
873  -25.232  -14.737  60.577 0.2500000000
6166  -20.604  -20.077  70.990 0.5000000000
3395  -30.777  -14.390  65.056 0.3750000000
2785  -20.732  -18.143  66.922 0.2500000000
7250  -27.376  -14.385  61.179 0.2500000000
2796  -20.355  -16.775  61.662 0.1250000000
875  -21.160  -15.521  59.575 0.1250000000
6181  -23.757  -14.376  57.800 0.1250000000
6182  -21.793  -14.187  57.776 0.1250000000
4032  -18.720  -19.931  70.846 0.3750000000
6165  -19.819  -18.905  69.050 0.2500000000
864  -19.213  -17.576  63.987 0.1250000000
2565  -37.060  -21.061  59.044 0.5000000000
645  -36.446  -22.237  56.646 0.5000000000
5769  -37.330  -20.950  55.677 0.6250000000
3393  -32.846  -14.478  65.620 0.3750000000
6164  -18.526  -18.397  66.268 0.3750000000
1461  -29.339  -13.787  61.715 0.1250000000
6185  -19.153  -15.029  59.373 0.1250000000
874  -22.268  -13.148  55.467 0.1250000000
865  -17.762  -19.172  68.410 0.3750000000
6186  -18.129  -16.281  61.508 0.1250000000
5768  -36.562  -22.220  52.872 0.1250000000
6163  -16.268  -18.376  65.496 0.2500000000
6162  -16.845  -17.340  63.450 0.2500000000
646  -37.151  -19.286  55.179 0.5000000000
8132  -15.523  -19.178  67.766 0.3750000000
651  -33.695  -12.892  63.151 0.2500000000
4004  -42.028  -13.296  39.336 0.3750000000
2625  -50.914  -6.867  36.180 0.2500000000
2612  -54.214  -5.047  37.384 0.2500000000
705  -48.789  -7.274  33.390 0.2500000000
5877  -49.878  -6.159  31.935 0.2500000000
692  -55.308  -3.946  36.164 0.3750000000
706  -50.861  -5.071  30.524 0.2500000000
5852  -56.219  -2.712  34.995 0.5000000000
3554  -51.722  -4.331  28.694 0.3750000000
1558  -52.527  -4.113  26.803 0.3750000000
3556  -55.739  -2.010  28.542 0.5000000000
7473  -53.300  -3.780  24.936 0.2500000000
1033  -54.097  -3.257  23.389 0.2500000000
2954  -54.897  -2.892  21.696 0.1250000000
1035  -55.627  -2.811  20.090 0.1250000000
2953  -56.744  -1.089  24.919 0.3750000000
2955  -57.306  -0.761  23.237 0.2500000000
2956  -57.765  -0.662  21.551 0.2500000000
6471  -56.241  -2.927  18.425 0.1250000000
8139  -22.507  -20.614  70.717 0.3750000000
4038  -24.002  -21.325  69.838 0.2500000000
1835  -13.458  -18.502  67.486 0.2500000000
8888  -9.890  -14.652  70.219 0.2500000000
4031  -14.232  -17.525  65.221 0.2500000000
5765  -39.278  -11.709  62.008 0.1250000000
8130  -12.043  -17.235  68.166 0.2500000000
1834  -11.116  -15.892  69.163 0.2500000000
4030  -12.964  -16.075  65.902 0.2500000000
716  -8.342  -13.763  70.403 0.2500000000
643  -40.264  -10.293  60.577 0.1250000000
2635  -8.920  -11.655  69.280 0.1250000000
2634  -10.787  -10.111  69.293 0.1250000000
2636  -10.191  -12.389  69.367 0.1250000000
7236  -27.209  -20.121  69.561 0.3750000000
8128  -11.343  -13.585  68.320 0.2500000000
375  -14.951  -16.372  63.389 0.1250000000
1458  -26.385  -22.924  60.935 0.2500000000
8129  -12.113  -14.688  67.046 0.2500000000
5766  -36.520  -11.265  61.029 0.1250000000
3387  -30.031  -22.912  61.258 0.3750000000
5779  -34.440  -11.906  60.399 0.1250000000
3392  -32.603  -12.183  56.689 0.1250000000
7247  -32.332  -12.790  59.418 0.1250000000
1460  -30.625  -13.247  55.429 0.1250000000
3365  -37.761  -10.226  59.930 0.1250000000
4029  -13.772  -14.626  64.112 0.1250000000
3394  -31.690  -13.270  62.628 0.1250000000
2645  -12.658  -8.669  69.188 0.1250000000
19  -11.723  -11.072  68.315 0.1250000000
2643  -13.427  -9.526  67.377 0.1250000000
714  -9.716  -9.531  68.450 0.1250000000
8127  -12.339  -12.023  66.714 0.1250000000
5894  -8.167  -11.528  67.988 0.3750000000
1833  -12.970  -13.226  65.213 0.1250000000
7207  -41.172  -9.226  59.082 0.1250000000
3366  -38.762  -8.816  58.595 0.1250000000
3367  -35.720  -10.004  56.567 0.1250000000
164  -34.841  -11.111  57.943 0.1250000000
3369  -33.029  -11.274  53.971 0.1250000000
3391  -30.862  -12.343  52.843 0.1250000000
7248  -30.288  -13.353  58.745 0.1250000000
2646  -11.567  -7.763  68.950 0.1250000000
8181  -13.818  -10.283  65.316 0.1250000000
5893  -7.857  -11.847  66.286 0.1250000000
5892  -9.320  -9.498  66.750 0.1250000000
234  -9.246  -9.684  64.947 0.2500000000
3581  -7.848  -12.273  64.387 0.2500000000
1444  -42.002  -8.600  57.191 0.2500000000
3579  -9.303  -10.043  63.206 0.2500000000
3580  -7.809  -12.739  62.599 0.2500000000
1572  -9.487  -10.391  61.343 0.1250000000
7508  -7.761  -13.446  60.794 0.1250000000
7506  -9.464  -10.765  59.531 0.1250000000
7507  -7.859  -13.965  58.956 0.1250000000
8096  -41.404  -12.675  36.394 0.1250000000
5871  -42.560  -11.471  35.433 0.1250000000
1822  -43.484  -12.149  38.683 0.3750000000
8095  -40.073  -13.899  37.072 0.2500000000
5873  -44.027  -10.026  34.124 0.2500000000
843  -49.823  -8.223  48.530 0.1250000000
6123  -49.726  -9.602  46.902 0.2500000000
3964  -50.917  -8.397  45.962 0.2500000000
7474  -56.143  -1.476  26.740 0.2500000000
7412  -58.085  1.104  27.982 0.2500000000
92  -58.558  1.466  26.088 0.1250000000
2912  -58.923  1.864  24.266 0.1250000000
6472  -58.098  -0.896  19.587 0.1250000000
4543  -58.460  -1.071  17.498 0.1250000000
4545  -58.493  -1.263  15.602 0.1250000000
4544  -57.729  -3.968  14.881 0.1250000000
2068  -58.561  -4.333  13.401 0.1250000000
4546  -57.906  -1.769  13.900 0.1250000000
8775  -59.057  -4.707  11.755 0.1250000000
5916  -10.877  -7.330  67.285 0.1250000000
1036  -56.907  -3.414  16.622 0.1250000000
2568  -34.926  -22.372  58.787 0.1250000000
5771  -31.021  -23.267  59.079 0.1250000000
7241  -23.807  -23.531  58.646 0.1250000000
3389  -27.513  -23.201  59.009 0.1250000000
3390  -24.921  -23.671  56.688 0.1250000000
2981  -7.465  -14.000  56.509 0.1250000000
2980  -6.245  -13.768  54.521 0.1250000000
167  -28.466  -23.454  56.917 0.1250000000
2979  -8.119  -10.701  55.391 0.1250000000
6515  -5.291  -13.378  52.946 0.1250000000
7218  -36.018  -20.710  52.181 0.1250000000
7219  -34.992  -19.066  51.472 0.1250000000
7220  -33.916  -17.663  50.002 0.1250000000
6141  -33.481  -16.488  47.915 0.2500000000
4653  -4.557  -38.239  61.239 0.2500000000
992  -59.262  1.821  22.245 0.1250000000
5774  -34.624  -23.415  56.104 0.1250000000
6143  -33.637  -15.644  45.361 0.1250000000
5874  -45.414  -8.695  32.341 0.1250000000
6467  -53.090  -5.563  20.206 0.1250000000
6468  -54.209  -5.660  18.812 0.1250000000
8907  -4.989  -37.586  59.017 0.1250000000
6526  -5.325  -37.071  56.809 0.1250000000
4632  -6.794  -36.633  55.257 0.1250000000
6144  -34.392  -15.232  43.012 0.1250000000
6145  -35.627  -15.022  40.940 0.1250000000
6146  -37.128  -14.984  39.252 0.1250000000
8094  -38.599  -14.674  38.014 0.1250000000
7471  -49.755  -6.043  24.903 0.1250000000
8882  -7.223  -33.806  52.721 0.1250000000
