#!ascii label  , from subject fsaverage5 vox2ras=TkReg 
573
3596  -17.109  -40.435  72.670 0.1000000015
7532  -18.584  -41.910  69.566 0.1000000015
5902  -17.190  -39.268  70.851 0.1000000015
720  -18.704  -40.844  67.678 0.1000000015
5904  -18.795  -39.548  65.796 0.1000000015
5879  -19.777  -41.134  62.844 0.1000000015
3564  -24.346  -42.631  54.641 0.2000000030
3562  -23.283  -43.670  55.840 0.2000000030
5900  -15.869  -33.770  74.187 0.2000000030
5901  -15.718  -36.573  72.549 0.1000000015
239  -15.184  -38.017  73.775 0.1000000015
5881  -20.227  -40.672  60.856 0.1000000015
1563  -26.606  -44.242  55.670 0.2000000030
2638  -18.197  -33.185  73.204 0.3000000119
719  -17.285  -35.403  71.154 0.3000000119
2639  -19.238  -34.819  70.075 0.3000000119
5903  -17.621  -37.993  69.129 0.2000000030
2640  -18.531  -36.907  67.613 0.2000000030
2627  -19.877  -36.078  66.511 0.3000000119
707  -19.309  -38.398  64.270 0.3000000119
5882  -20.809  -40.022  59.113 0.3000000119
3560  -21.493  -41.840  56.624 0.1000000015
229  -22.521  -40.956  55.234 0.1000000015
2637  -20.312  -32.971  72.420 0.3000000119
8109  -35.992  -32.144  66.302 0.6000000238
8117  -37.040  -30.731  66.072 0.4000000060
2965  -34.695  -33.630  65.489 0.8999999762
8118  -38.153  -31.961  65.340 0.6999999881
48  -36.691  -33.416  64.662 0.8999999762
2628  -20.226  -37.951  62.572 0.4000000060
2967  -34.760  -34.605  62.616 0.8999999762
7487  -36.882  -34.254  61.747 0.8999999762
5883  -21.713  -39.251  57.572 0.1000000015
7488  -38.920  -33.912  60.438 1.0000000000
8813  -27.266  -43.849  54.126 0.2000000030
1565  -36.852  -34.703  58.430 1.0000000000
8812  -25.077  -41.701  53.044 0.2000000030
7489  -38.862  -34.548  57.396 1.0000000000
8099  -22.292  -33.338  71.129 0.4000000060
4013  -32.725  -30.781  67.504 0.4000000060
8108  -33.919  -32.227  67.111 0.5000000000
17  -21.134  -34.619  69.129 0.4000000060
1827  -34.789  -30.935  66.748 0.5000000000
1830  -39.112  -30.334  65.199 0.4000000060
2629  -21.072  -36.056  64.832 0.4000000060
7486  -38.695  -33.068  63.390 0.8999999762
709  -21.289  -37.655  60.908 0.3000000119
8815  -34.660  -34.940  59.256 0.8999999762
8811  -23.592  -39.797  53.656 0.1000000015
4579  -34.856  -35.771  56.391 1.0000000000
4578  -36.787  -35.769  55.983 1.0000000000
4576  -26.176  -40.906  51.851 0.2000000030
231  -36.257  -36.560  53.889 0.8999999762
7490  -38.667  -35.591  55.125 1.0000000000
7493  -37.401  -36.113  52.289 0.8999999762
6494  -32.288  -38.633  50.114 0.3000000119
8107  -31.914  -32.125  67.872 0.5000000000
1045  -32.704  -33.621  66.098 0.6000000238
8100  -22.969  -34.642  68.096 0.4000000060
8116  -35.244  -30.357  65.057 0.3000000119
4021  -37.613  -29.843  64.625 0.2000000030
2966  -32.711  -34.754  62.671 0.8000000119
8119  -40.117  -31.514  64.066 0.8000000119
4023  -40.955  -29.618  64.058 0.8000000119
8808  -22.861  -38.056  56.140 0.4000000060
2082  -28.237  -43.158  52.876 0.2000000030
4580  -34.665  -36.974  54.509 0.8999999762
6493  -33.914  -37.810  52.630 0.8000000119
1049  -32.329  -39.869  51.321 0.3000000119
6492  -34.614  -36.924  51.211 0.8000000119
7494  -35.099  -36.116  49.297 0.6999999881
1048  -32.454  -37.322  48.508 0.4000000060
7495  -32.543  -36.558  46.463 0.4000000060
6487  -30.693  -33.465  66.284 0.6000000238
4022  -39.563  -29.057  63.933 0.4000000060
8806  -22.679  -35.800  63.802 0.4000000060
8120  -41.899  -30.746  62.557 0.8000000119
1564  -40.616  -32.559  61.865 0.8999999762
8807  -22.715  -36.859  59.758 0.5000000000
1047  -32.567  -35.299  59.416 0.8999999762
3566  -40.963  -33.628  58.917 1.0000000000
8822  -31.255  -44.629  54.243 0.2000000030
1566  -40.886  -34.461  56.105 1.0000000000
7492  -40.029  -35.134  53.523 1.0000000000
4582  -31.793  -40.723  51.884 0.3000000119
1567  -37.902  -35.580  50.143 0.8999999762
3571  -35.173  -35.527  47.049 0.5000000000
4008  -24.737  -31.615  70.392 0.6000000238
8106  -29.865  -32.021  68.349 0.4000000060
1826  -30.734  -30.616  68.162 0.2000000030
8101  -24.242  -33.281  70.121 0.6999999881
4014  -33.048  -30.131  65.623 0.2000000030
6489  -30.638  -34.578  62.478 0.8000000119
8115  -32.993  -30.604  62.469 0.2000000030
1829  -35.505  -30.672  62.262 0.2000000030
1831  -42.722  -28.536  62.855 0.8000000119
4020  -37.878  -29.824  62.020 0.2000000030
6490  -30.433  -35.330  58.694 0.8000000119
3565  -42.389  -31.938  60.077 1.0000000000
8816  -32.958  -35.728  56.481 0.8999999762
2081  -24.933  -38.639  52.410 0.2000000030
4577  -27.712  -39.931  51.237 0.2000000030
2083  -32.992  -36.977  54.282 1.0000000000
8819  -30.918  -38.685  51.910 0.8000000119
2084  -30.746  -41.539  51.675 0.3000000119
8818  -32.653  -38.338  52.860 0.6999999881
8102  -26.006  -32.707  69.263 0.6000000238
1824  -24.730  -34.298  67.022 0.6000000238
372  -28.446  -33.248  66.142 0.6000000238
4012  -31.069  -29.925  66.410 0.2000000030
4024  -41.270  -27.897  63.032 0.3000000119
6488  -28.347  -34.315  62.027 0.8000000119
4571  -24.418  -35.181  62.800 0.6999999881
1046  -28.248  -35.380  58.131 0.8000000119
8114  -32.820  -31.002  59.187 0.1000000015
8121  -43.571  -29.698  60.965 0.8999999762
2080  -24.360  -35.984  58.790 0.6000000238
8810  -24.435  -36.996  55.102 0.3000000119
6491  -30.773  -35.770  55.795 0.8999999762
3567  -42.736  -33.402  57.528 1.0000000000
8817  -31.028  -36.729  53.384 0.8000000119
8821  -29.670  -42.261  51.972 0.2000000030
8820  -29.416  -39.204  51.213 0.3000000119
8103  -27.847  -32.188  68.798 0.6000000238
4570  -26.456  -33.612  66.332 0.6999999881
373  -30.850  -30.260  63.097 0.2000000030
4019  -35.357  -30.891  58.979 0.1000000015
8809  -26.143  -35.524  58.089 0.6999999881
4573  -28.540  -35.983  55.006 0.6999999881
230  -43.886  -31.261  58.586 1.0000000000
4574  -26.336  -36.439  54.616 0.6000000238
5885  -44.064  -32.891  56.062 1.0000000000
478  -28.895  -36.964  52.582 0.6999999881
4575  -26.714  -37.678  52.020 0.1000000015
7491  -42.135  -34.190  54.593 1.0000000000
3569  -40.602  -34.705  51.570 1.0000000000
1825  -26.637  -31.135  69.463 0.4000000060
8105  -28.627  -30.721  68.760 0.4000000060
374  -39.742  -28.513  61.487 0.2000000030
4572  -26.179  -34.525  62.128 0.8000000119
8122  -42.876  -26.433  62.234 0.5000000000
8123  -44.370  -27.236  61.716 0.6999999881
8112  -30.459  -30.695  59.321 0.2000000030
8124  -45.043  -28.655  59.504 0.8000000119
5884  -45.239  -30.512  57.309 1.0000000000
5886  -45.071  -31.913  54.727 1.0000000000
711  -42.956  -33.647  52.976 1.0000000000
3570  -38.065  -34.927  47.926 0.8000000119
4018  -37.817  -29.956  58.814 0.1000000015
5887  -43.340  -32.422  51.495 1.0000000000
3568  -40.777  -33.752  49.747 1.0000000000
6159  -41.310  -26.907  60.862 0.1000000015
4026  -44.591  -25.003  61.385 0.4000000060
8125  -46.379  -27.473  58.423 1.0000000000
710  -46.360  -29.388  56.144 0.8999999762
2631  -45.637  -30.772  53.399 1.0000000000
712  -43.565  -31.110  50.196 0.8999999762
5888  -40.752  -32.380  48.368 0.8999999762
1832  -45.923  -25.907  60.604 0.4000000060
5890  -41.347  -31.067  47.392 0.8999999762
4028  -47.363  -24.633  59.387 0.5000000000
8126  -47.617  -26.421  57.176 0.8999999762
2630  -47.203  -28.254  54.908 1.0000000000
2632  -46.040  -29.720  51.947 0.8999999762
2633  -44.144  -30.144  49.004 0.8999999762
713  -39.043  -31.011  44.629 0.8000000119
5891  -42.020  -30.130  46.072 0.8999999762
3575  -39.906  -30.073  43.389 0.6000000238
15  -47.837  -27.169  53.375 0.8999999762
2620  -46.570  -28.534  50.858 0.8999999762
700  -44.816  -29.374  47.748 0.8999999762
5866  -42.737  -29.422  44.594 0.6999999881
220  -40.892  -29.214  41.965 0.6999999881
3577  -38.072  -30.156  40.633 0.5000000000
8071  -48.607  -25.349  55.909 0.8000000119
702  -48.798  -25.539  50.102 0.8999999762
2621  -46.894  -27.765  49.002 0.8000000119
5869  -47.088  -26.778  47.136 0.8000000119
3538  -47.326  -25.811  45.228 0.6999999881
3535  -39.212  -29.296  39.385 0.4000000060
1546  -38.474  -30.269  36.900 0.3000000119
7446  -40.018  -30.465  35.456 0.3000000119
4504  -51.413  -20.276  53.702 0.3000000119
8724  -50.032  -22.986  53.071 0.6999999881
2622  -48.341  -26.158  51.758 0.8999999762
8725  -50.997  -22.826  51.291 0.8999999762
5868  -44.893  -28.354  45.773 0.8000000119
5870  -49.161  -24.829  48.207 0.8000000119
5867  -42.990  -28.427  42.710 0.6999999881
701  -45.068  -27.108  44.054 0.6999999881
3536  -40.131  -28.771  37.441 0.3000000119
221  -43.991  -28.005  34.189 0.3000000119
7447  -41.333  -28.750  35.617 0.3000000119
1547  -41.857  -31.082  34.720 0.3000000119
4488  -42.903  -29.489  34.257 0.3000000119
7449  -43.191  -27.225  40.984 0.6999999881
3539  -45.289  -26.205  42.028 0.6999999881
3540  -47.528  -25.435  42.872 0.6999999881
3537  -41.341  -28.306  40.047 0.4000000060
7450  -43.626  -26.541  38.765 0.6000000238
1549  -45.662  -25.876  39.617 0.6999999881
7451  -44.325  -26.520  36.524 0.6000000238
7448  -42.703  -27.419  35.812 0.3000000119
6439  -45.691  -28.866  33.173 0.3000000119
6440  -46.556  -27.090  33.118 0.3000000119
1019  -47.709  -29.545  32.928 0.3000000119
2052  -52.796  -20.760  51.884 0.6999999881
8726  -51.951  -23.159  49.433 0.5000000000
8728  -53.905  -21.668  49.925 0.6999999881
222  -49.696  -24.600  46.054 0.6999999881
1548  -41.797  -27.555  38.010 0.6000000238
6438  -45.179  -26.750  34.634 0.3000000119
6441  -48.381  -27.676  32.655 0.3000000119
1020  -49.115  -26.038  32.430 0.3000000119
3541  -47.719  -25.515  40.294 0.6999999881
7452  -46.117  -25.953  37.258 0.6999999881
2939  -47.562  -25.426  33.601 0.3000000119
8729  -52.406  -23.739  47.234 0.8000000119
2053  -54.564  -22.377  47.829 0.6999999881
3542  -49.839  -24.948  43.583 0.6999999881
8730  -52.507  -24.353  44.588 0.8999999762
7453  -48.023  -25.333  38.343 0.6999999881
1018  -46.669  -25.625  35.324 0.5000000000
4509  -54.761  -23.158  45.699 0.8999999762
1550  -49.838  -25.106  41.134 0.8000000119
8731  -52.366  -24.430  42.493 1.0000000000
2938  -48.378  -24.515  36.433 0.4000000060
2940  -48.930  -24.094  34.393 0.4000000060
2054  -54.506  -22.826  43.453 0.8999999762
7454  -49.963  -24.521  39.324 0.8000000119
8732  -52.099  -23.559  40.517 1.0000000000
8740  -54.188  -21.764  41.118 0.8000000119
99  -50.092  -23.634  37.383 0.8000000119
8741  -52.152  -22.372  38.290 1.0000000000
2942  -50.474  -23.056  35.087 0.6000000238
1022  -51.151  -22.932  32.956 0.5000000000
4510  -56.050  -20.760  45.673 0.6000000238
2057  -54.386  -20.758  38.694 0.8000000119
8742  -52.550  -21.569  35.825 0.8000000119
8743  -53.032  -21.135  33.591 0.5000000000
8744  -53.708  -21.277  31.780 0.4000000060
8739  -56.163  -20.493  43.620 0.6000000238
4517  -56.043  -19.802  41.341 0.6999999881
4519  -54.515  -20.121  36.288 0.6000000238
2058  -54.638  -19.575  34.275 0.5000000000
4518  -56.147  -19.140  39.059 0.6999999881
4520  -56.145  -18.541  36.910 0.6000000238
8745  -56.447  -17.961  34.877 0.6000000238
8746  -54.794  -19.552  32.232 0.6000000238
2056  -57.200  -18.112  43.200 0.6999999881
4516  -57.700  -17.608  41.525 0.6999999881
469  -58.154  -17.016  39.439 0.6999999881
6457  -58.598  -16.486  37.448 0.6000000238
4522  -56.614  -17.706  32.676 0.6000000238
1029  -58.859  -15.991  35.245 0.6000000238
3597  -19.639  -42.212  64.504 0.1000000015
4508  -55.696  -20.364  47.725 0.6999999881
2941  -49.995  -24.532  32.565 0.4000000060
7479  -25.395  -47.989  59.618 0.1000000015
8788  -24.969  -52.766  61.558 0.1000000015
7478  -24.361  -48.883  59.038 0.1000000015
2959  -22.779  -53.426  60.455 0.1000000015
7482  -26.059  -47.250  60.111 0.1000000015
1560  -24.856  -50.656  59.900 0.1000000015
101  -20.312  -51.686  58.430 0.1000000015
7476  -22.651  -51.518  58.895 0.1000000015
7483  -27.059  -46.241  59.585 0.1000000015
7477  -22.281  -49.681  58.443 0.1000000015
7475  -20.001  -49.829  58.393 0.1000000015
2997  -18.214  -50.174  59.181 0.1000000015
7481  -23.796  -46.773  57.966 0.1000000015
2999  -18.330  -52.257  58.801 0.1000000015
3563  -25.756  -44.843  56.833 0.1000000015
7484  -28.198  -45.751  58.419 0.1000000015
7485  -29.142  -45.893  57.259 0.1000000015
8814  -30.090  -45.542  55.542 0.1000000015
1561  -23.159  -47.346  58.040 0.1000000015
1562  -24.502  -45.831  57.686 0.1000000015
4584  -32.241  -43.712  53.337 0.1000000015
1559  -20.233  -47.791  59.155 0.1000000015
3558  -21.749  -47.618  58.278 0.1000000015
7536  -18.854  -48.358  60.700 0.1000000015
4585  -35.151  -44.285  54.424 0.1000000015
4583  -33.242  -42.864  52.973 0.1000000015
3600  -20.016  -46.562  62.266 0.1000000015
7535  -18.952  -47.532  64.168 0.1000000015
479  -34.956  -43.957  52.470 0.1000000015
4581  -33.298  -42.408  51.507 0.1000000015
1584  -19.712  -45.822  65.223 0.1000000015
1077  -17.870  -49.016  62.487 0.1000000015
3557  -20.766  -45.848  60.576 0.1000000015
6496  -34.416  -43.506  50.294 0.2000000030
6495  -32.280  -41.563  49.654 0.2000000030
240  -17.861  -47.902  69.182 0.1000000015
7534  -18.965  -46.801  67.425 0.1000000015
6545  -18.069  -48.477  66.164 0.1000000015
6498  -35.362  -44.291  48.767 0.2000000030
7531  -18.647  -45.757  70.463 0.1000000015
3559  -21.337  -45.534  58.981 0.1000000015
3561  -22.307  -44.603  56.700 0.1000000015
1050  -33.258  -42.650  48.321 0.2000000030
7533  -19.239  -44.477  68.416 0.1000000015
3599  -20.275  -44.841  63.329 0.1000000015
7480  -21.700  -45.165  57.592 0.1000000015
2971  -34.251  -43.357  46.898 0.2000000030
2969  -31.458  -40.159  47.932 0.2000000030
2970  -32.071  -41.578  46.358 0.2000000030
2972  -32.960  -42.568  45.231 0.2000000030
104  -31.201  -40.530  44.306 0.2000000030
1569  -31.049  -38.578  40.370 0.2000000030
7502  -34.732  -32.741  40.050 0.2000000030
2968  -31.026  -38.838  46.083 0.2000000030
7497  -30.833  -39.585  42.291 0.2000000030
3576  -37.000  -31.110  41.866 0.4000000060
7498  -31.199  -37.145  42.028 0.2000000030
7499  -31.855  -36.069  40.264 0.2000000030
7500  -32.962  -34.926  38.825 0.2000000030
1570  -33.976  -33.928  41.106 0.2000000030
7496  -30.962  -38.098  43.965 0.2000000030
7501  -36.200  -32.245  42.893 0.4000000060
1813  -48.474  -23.384  58.064 0.2000000030
3985  -47.425  -22.061  59.257 0.2000000030
8073  -49.309  -21.925  56.979 0.3000000119
8072  -49.276  -23.836  54.891 0.3000000119
1814  -50.103  -20.517  55.609 0.3000000119
5889  -38.364  -32.261  45.652 0.6000000238
3986  -48.171  -20.426  58.056 0.1000000015
232  -37.944  -33.641  46.371 0.6000000238
3572  -35.121  -34.846  44.713 0.4000000060
1568  -32.603  -35.946  44.210 0.4000000060
3574  -35.771  -33.610  43.671 0.5000000000
3573  -33.136  -35.079  42.443 0.2000000030
8074  -48.989  -19.080  56.527 0.1000000015
3987  -46.574  -20.034  57.699 0.1000000015
4503  -50.117  -18.267  54.844 0.1000000015
4505  -51.920  -18.379  52.999 0.2000000030
4515  -56.848  -16.140  42.315 0.3000000119
4514  -58.047  -15.228  40.883 0.5000000000
6497  -36.325  -45.009  50.910 0.2000000030
227  -20.519  -43.719  61.669 0.1000000015
1815  -47.177  -18.724  56.108 0.1000000015
466  -52.162  -30.024  34.281 0.2000000030
6442  -50.475  -28.370  32.730 0.2000000030
6443  -52.698  -28.865  33.401 0.2000000030
8718  -54.911  -29.015  33.898 0.2000000030
1021  -52.990  -27.667  32.203 0.2000000030
6444  -50.993  -26.912  32.054 0.2000000030
4499  -55.281  -27.825  32.356 0.2000000030
4507  -54.897  -19.638  49.566 0.4000000060
6445  -51.605  -25.387  31.611 0.3000000119
4498  -53.499  -25.991  31.350 0.2000000030
6446  -52.447  -23.424  31.538 0.3000000119
468  -55.892  -18.686  46.499 0.2000000030
467  -53.901  -24.033  30.849 0.2000000030
4506  -54.724  -18.326  48.283 0.2000000030
8738  -56.640  -18.528  44.750 0.3000000119
4502  -55.146  -24.576  30.516 0.2000000030
8747  -54.316  -21.851  30.341 0.2000000030
8748  -54.749  -22.672  29.268 0.2000000030
2059  -54.944  -19.845  30.244 0.3000000119
4524  -55.226  -20.273  28.738 0.2000000030
6459  -60.573  -13.395  35.080 0.4000000060
4521  -58.864  -15.605  32.977 0.4000000060
4523  -56.749  -17.577  30.464 0.5000000000
6456  -59.121  -14.456  39.082 0.4000000060
6458  -59.961  -13.891  37.191 0.4000000060
470  -59.013  -15.508  30.578 0.4000000060
6460  -61.066  -13.223  32.742 0.4000000060
8719  -57.124  -28.983  33.674 0.2000000030
4500  -55.417  -26.136  31.422 0.2000000030
8104  -26.797  -30.288  67.637 0.2000000030
4010  -28.736  -30.151  63.670 0.1000000015
6152  -26.172  -30.447  60.346 0.1000000015
1823  -22.865  -32.046  71.295 0.3000000119
4009  -24.876  -30.735  68.433 0.1000000015
4007  -22.922  -31.236  69.472 0.1000000015
4011  -28.960  -29.949  66.996 0.2000000030
371  -22.659  -31.512  65.868 0.1000000015
4049  -20.515  -32.005  65.889 0.1000000015
6150  -24.544  -30.852  64.859 0.1000000015
6149  -22.224  -31.740  61.695 0.1000000015
6151  -24.123  -30.960  60.899 0.1000000015
6153  -28.402  -30.514  59.956 0.1000000015
4050  -20.760  -31.386  69.913 0.1000000015
858  -26.566  -30.311  64.209 0.1000000015
1842  -18.344  -32.770  65.547 0.1000000015
4047  -20.171  -32.500  61.591 0.1000000015
8154  -20.734  -31.759  72.237 0.3000000119
8153  -18.593  -31.795  69.829 0.1000000015
8152  -16.502  -33.902  65.506 0.1000000015
4048  -18.189  -33.302  61.711 0.1000000015
717  -18.624  -31.739  72.845 0.1000000015
5897  -16.561  -32.698  69.775 0.1000000015
863  -42.904  -25.143  60.504 0.1000000015
1571  -35.700  -31.691  38.979 0.2000000030
7445  -40.952  -32.771  35.080 0.2000000030
4489  -43.849  -31.954  34.545 0.2000000030
4490  -44.742  -30.508  33.663 0.2000000030
3578  -36.970  -30.835  37.920 0.2000000030
4491  -49.870  -29.856  33.567 0.2000000030
8709  -46.919  -31.392  33.652 0.2000000030
8755  -61.063  -15.880  26.143 0.1000000015
2062  -62.133  -14.189  25.428 0.1000000015
4529  -62.670  -13.183  27.419 0.2000000030
8757  -61.604  -15.225  23.800 0.1000000015
8727  -53.617  -18.919  51.366 0.1000000015
2949  -60.018  -11.549  35.772 0.3000000119
1030  -61.089  -11.012  33.793 0.2000000030
6461  -61.211  -13.853  30.395 0.2000000030
1031  -62.510  -11.943  29.528 0.2000000030
4528  -62.752  -10.181  27.972 0.2000000030
4530  -63.227  -11.145  26.017 0.2000000030
1028  -58.789  -12.440  37.496 0.3000000119
2950  -59.036  -10.536  33.032 0.1000000015
2951  -60.710  -9.875  31.740 0.1000000015
6462  -61.966  -11.228  31.848 0.1000000015
4531  -63.104  -12.508  24.054 0.1000000015
2947  -55.618  -13.207  35.491 0.2000000030
2948  -57.418  -11.833  34.396 0.1000000015
2946  -53.961  -13.411  31.847 0.1000000015
2952  -57.948  -10.433  30.332 0.1000000015
6463  -61.887  -9.750  29.966 0.1000000015
907  -60.952  -16.183  22.274 0.1000000015
6455  -57.493  -13.495  39.152 0.3000000119
100  -55.990  -11.840  31.050 0.1000000015
8758  -62.611  -13.850  22.060 0.1000000015
1024  -53.137  -17.947  49.895 0.1000000015
1027  -55.952  -14.859  40.184 0.2000000030
6454  -54.242  -14.746  36.665 0.2000000030
1032  -59.694  -9.431  29.284 0.1000000015
8737  -55.642  -17.068  43.241 0.2000000030
6464  -61.244  -8.780  27.790 0.1000000015
2827  -62.078  -15.194  20.221 0.1000000015
2828  -60.064  -16.591  20.460 0.1000000015
471  -62.479  -8.938  26.052 0.1000000015
4532  -63.351  -9.835  24.253 0.1000000015
2829  -61.385  -16.322  18.415 0.1000000015
62  -62.900  -14.738  18.339 0.1000000015
2063  -63.691  -11.261  22.366 0.1000000015
8759  -63.379  -12.934  20.317 0.1000000015
8761  -58.095  -10.040  26.438 0.1000000015
8762  -60.102  -9.121  25.328 0.1000000015
8767  -63.768  -10.431  20.140 0.1000000015
8766  -63.040  -9.422  22.038 0.1000000015
8754  -61.098  -14.724  28.087 0.2000000030
8736  -54.128  -16.445  40.770 0.2000000030
8151  -16.374  -34.284  61.908 0.1000000015
4525  -57.073  -17.805  28.511 0.5000000000
2060  -56.046  -20.947  27.601 0.2000000030
4527  -59.020  -16.144  28.350 0.3000000119
718  -14.178  -33.204  74.396 0.1000000015
5899  -16.323  -32.170  73.531 0.1000000015
5898  -14.718  -33.553  70.986 0.1000000015
4027  -46.142  -23.467  60.391 0.1000000015
4526  -57.469  -19.083  27.325 0.2000000030
8735  -54.714  -18.015  44.497 0.1000000015
6451  -53.607  -18.410  46.163 0.1000000015
2086  -37.917  -47.812  53.208 0.1000000015
8827  -37.330  -47.114  51.005 0.1000000015
4587  -36.926  -45.496  53.348 0.1000000015
1051  -36.731  -46.162  49.115 0.1000000015
6499  -36.082  -45.101  47.280 0.1000000015
2048  -55.689  -32.444  37.367 0.1000000015
4494  -53.289  -33.051  36.947 0.1000000015
6500  -35.454  -46.098  44.708 0.1000000015
8713  -54.506  -33.908  39.022 0.1000000015
4495  -54.031  -31.255  35.833 0.1000000015
4496  -56.443  -30.813  36.175 0.1000000015
8712  -52.132  -34.503  38.625 0.1000000015
8715  -57.796  -31.943  37.335 0.1000000015
6502  -35.554  -45.346  43.347 0.1000000015
2977  -39.987  -36.760  37.178 0.1000000015
1057  -40.471  -39.227  37.837 0.1000000015
2047  -50.776  -33.433  36.289 0.1000000015
4497  -54.509  -29.994  35.017 0.1000000015
1052  -35.232  -44.252  45.553 0.1000000015
8708  -47.510  -34.809  36.918 0.1000000015
2973  -34.216  -43.583  44.003 0.1000000015
6436  -45.644  -37.021  40.231 0.1000000015
6437  -46.758  -35.863  38.513 0.1000000015
2936  -43.627  -36.887  38.919 0.1000000015
2935  -41.557  -36.537  37.587 0.1000000015
2976  -38.346  -37.089  36.809 0.1000000015
6508  -38.878  -39.619  37.441 0.1000000015
1056  -37.114  -40.038  37.374 0.1000000015
8716  -58.757  -30.572  35.909 0.1000000015
8711  -49.826  -34.933  37.848 0.1000000015
2049  -56.925  -29.699  35.170 0.1000000015
8714  -56.616  -33.115  38.956 0.1000000015
1054  -33.622  -42.863  42.264 0.1000000015
1017  -44.532  -35.606  37.320 0.1000000015
8707  -45.271  -34.337  36.141 0.1000000015
8843  -33.495  -41.990  40.532 0.1000000015
4493  -51.651  -31.728  35.278 0.1000000015
4492  -49.242  -31.682  34.221 0.1000000015
8710  -48.367  -33.375  35.410 0.1000000015
2937  -42.280  -35.072  36.201 0.1000000015
6507  -36.592  -37.583  36.638 0.1000000015
7693  -58.548  -33.041  38.375 0.1000000015
2974  -32.067  -41.874  43.345 0.1000000015
8842  -31.767  -40.985  41.307 0.1000000015
8706  -43.058  -33.593  35.369 0.1000000015
2092  -34.189  -41.184  38.940 0.1000000015
4602  -33.211  -39.030  37.923 0.1000000015
8845  -35.468  -40.527  37.887 0.1000000015
6506  -34.818  -38.278  36.921 0.1000000015
97  -40.131  -34.497  35.599 0.1000000015
2046  -46.022  -32.825  34.900 0.1000000015
8717  -58.908  -29.747  34.408 0.1000000015
1651  -59.668  -31.936  36.576 0.1000000015
4601  -32.102  -39.923  39.366 0.1000000015
2975  -38.324  -34.639  35.752 0.1000000015
3712  -60.463  -30.855  34.789 0.1000000015
6505  -34.900  -35.651  36.492 0.1000000015
1055  -36.627  -34.982  35.982 0.1000000015
7444  -38.886  -32.293  35.436 0.1000000015
4600  -31.897  -37.499  38.676 0.1000000015
233  -33.239  -36.451  37.339 0.1000000015
7505  -37.115  -32.525  36.079 0.1000000015
277  -60.346  -30.099  32.999 0.1000000015
8720  -58.508  -29.264  32.445 0.1000000015
3713  -60.819  -32.782  35.644 0.1000000015
2050  -57.135  -27.892  31.969 0.1000000015
7503  -34.242  -33.860  37.693 0.1000000015
3714  -61.762  -31.643  33.731 0.1000000015
7504  -35.559  -32.944  36.862 0.1000000015
5972  -61.875  -30.684  31.761 0.1000000015
5971  -59.949  -29.534  30.829 0.1000000015
8721  -58.405  -28.163  30.847 0.1000000015
4501  -56.819  -26.493  30.982 0.1000000015
1653  -60.941  -33.824  34.276 0.1000000015
758  -62.784  -31.580  30.096 0.1000000015
757  -59.698  -28.457  29.370 0.1000000015
5973  -61.755  -29.818  29.585 0.1000000015
8722  -57.663  -27.197  29.698 0.1000000015
2051  -55.769  -25.420  29.495 0.1000000015
7696  -59.667  -34.800  36.161 0.1000000015
2677  -58.819  -27.587  28.074 0.1000000015
2678  -61.225  -28.742  27.917 0.1000000015
7698  -62.240  -32.779  32.247 0.1000000015
8723  -56.559  -26.193  28.100 0.1000000015
16  -57.928  -26.521  26.602 0.1000000015
5974  -62.879  -30.447  27.867 0.1000000015
2679  -60.509  -27.899  26.440 0.1000000015
8749  -55.289  -23.267  28.161 0.1000000015
759  -62.377  -29.353  26.087 0.1000000015
9376  -61.619  -28.276  24.079 0.1000000015
8750  -56.247  -23.885  27.034 0.1000000015
8296  -57.361  -24.816  25.796 0.1000000015
8297  -59.265  -26.719  24.786 0.1000000015
3715  -62.596  -32.384  28.179 0.1000000015
7699  -60.016  -34.540  32.693 0.1000000015
8751  -56.788  -22.037  26.734 0.1000000015
3716  -61.343  -33.449  30.542 0.1000000015
1894  -57.493  -23.020  25.430 0.1000000015
8298  -58.310  -25.279  24.015 0.1000000015
2061  -59.422  -17.358  26.804 0.1000000015
8752  -58.071  -20.401  26.419 0.1000000015
4162  -58.290  -21.542  25.026 0.1000000015
4163  -58.061  -23.684  23.676 0.1000000015
8299  -59.015  -25.586  21.821 0.1000000015
1896  -58.260  -24.190  21.811 0.1000000015
8300  -59.022  -25.634  19.801 0.1000000015
8303  -57.634  -25.971  18.915 0.1000000015
8753  -59.785  -18.674  25.698 0.1000000015
4164  -58.241  -22.174  23.506 0.1000000015
8301  -57.527  -22.580  22.323 0.1000000015
8302  -57.481  -24.360  20.514 0.1000000015
6242  -58.311  -20.330  23.547 0.1000000015
465  -48.949  -36.219  39.554 0.1000000015
1897  -56.035  -24.756  20.334 0.1000000015
4166  -56.168  -22.868  21.711 0.1000000015
400  -59.416  -19.789  24.472 0.1000000015
