#!ascii label  , from subject fsaverage5 vox2ras=TkReg 
311
6680  -53.435  16.424  18.776 0.6999999881
1150  -52.670  18.125  20.284 0.6999999881
3071  -54.251  17.971  17.982 0.6999999881
6678  -51.273  16.055  21.656 0.5000000000
4894  -52.331  13.450  11.847 0.8999999762
9202  -50.460  10.368  1.284 0.8000000119
6681  -54.175  16.005  15.571 0.8000000119
1151  -53.223  14.858  15.485 0.6999999881
4893  -53.769  14.610  11.913 0.8000000119
9199  -50.076  12.311  11.858 0.8999999762
9200  -49.090  10.894  8.366 0.8000000119
522  -48.473  8.823  8.430 0.8000000119
4889  -49.671  8.747  5.253 0.8000000119
9201  -50.092  10.567  4.746 0.8000000119
2213  -49.960  11.739  1.490 0.8000000119
4895  -52.684  13.350  8.227 0.8999999762
2212  -50.901  12.203  8.253 0.8999999762
9197  -48.418  10.844  11.587 0.8000000119
4896  -51.171  12.145  4.434 0.8000000119
399  -43.156  10.984  5.160 0.1000000015
6240  -44.450  9.964  3.740 0.2000000030
4898  -49.015  12.733  2.047 0.6999999881
9205  -46.557  11.574  1.973 0.5000000000
9204  -47.944  10.758  0.875 0.6999999881
1152  -53.767  17.598  15.360 0.6999999881
6682  -53.188  15.705  12.200 0.6999999881
4160  -40.896  10.554  8.953 0.1000000015
4161  -41.592  12.065  6.292 0.1000000015
4159  -42.315  9.413  7.885 0.1000000015
6684  -51.685  16.835  13.090 0.6999999881
1153  -49.330  15.591  10.191 0.8000000119
6685  -50.729  18.798  12.863 0.6999999881
523  -52.552  14.523  8.128 1.0000000000
4900  -47.917  17.343  11.352 0.8000000119
6683  -51.098  14.975  8.611 0.8000000119
4902  -45.720  16.021  8.809 0.6000000238
4901  -47.134  14.799  7.151 0.6999999881
9207  -48.768  14.361  5.465 0.6999999881
4897  -51.547  13.461  4.425 1.0000000000
2214  -47.583  13.423  2.918 0.6999999881
9208  -45.816  14.024  4.043 0.5000000000
2215  -44.496  14.787  5.448 0.6000000238
9209  -42.957  13.333  3.996 0.3000000119
9206  -44.849  12.400  3.032 0.3000000119
3070  -53.349  20.098  18.648 0.5000000000
3073  -53.192  19.484  14.209 0.6000000238
4899  -50.458  14.134  4.607 0.8999999762
4904  -44.739  17.984  9.469 0.5000000000
4903  -43.321  15.780  7.263 0.5000000000
3072  -54.336  19.688  16.525 0.6000000238
9210  -41.638  14.373  5.346 0.4000000060
3424  -54.398  2.548  3.629 0.2000000030
3426  -54.618  4.931  1.957 0.2000000030
1479  -52.792  5.700  0.912 0.2000000030
181  -55.952  3.956  3.448 0.2000000030
7293  -50.752  6.323  0.644 0.3000000119
661  -57.262  2.068  6.628 0.3000000119
5799  -56.830  2.879  4.974 0.3000000119
6238  -44.845  4.603  7.551 0.1000000015
2825  -46.071  6.571  4.280 0.1000000015
2824  -47.719  5.909  3.447 0.1000000015
9191  -55.351  5.372  3.457 0.2000000030
61  -48.916  7.189  0.985 0.3000000119
9192  -53.960  6.410  2.003 0.3000000119
8613  -57.984  2.465  10.475 0.3000000119
9186  -58.101  3.330  8.666 0.3000000119
9187  -57.529  3.968  6.837 0.3000000119
9188  -56.673  4.561  5.089 0.3000000119
2826  -47.264  8.261  1.457 0.3000000119
9194  -50.618  8.174  0.007 0.4000000060
9193  -52.290  7.294  0.660 0.4000000060
4887  -50.067  6.896  6.174 0.8000000119
2209  -53.026  6.029  4.371 0.3000000119
9190  -54.511  4.924  5.796 0.2000000030
4888  -51.941  7.409  3.222 0.6000000238
9203  -49.211  9.497  0.230 0.5000000000
4886  -51.136  5.086  7.072 0.3000000119
2210  -51.207  8.733  1.827 0.6000000238
4883  -56.718  4.610  9.481 0.3000000119
6677  -47.332  8.348  11.405 0.6999999881
4885  -48.630  6.297  9.017 0.8000000119
2208  -55.689  4.432  7.581 0.3000000119
9196  -47.281  10.406  14.446 0.6999999881
2211  -48.861  12.430  15.012 0.6999999881
4882  -55.555  4.128  12.270 0.3000000119
453  -52.873  3.144  13.357 0.3000000119
9198  -50.962  13.901  15.345 0.6999999881
4884  -53.989  3.856  10.530 0.3000000119
4891  -47.277  12.153  17.525 0.6999999881
4890  -47.160  12.812  20.438 0.6999999881
4892  -49.204  13.791  18.524 0.6999999881
6679  -51.528  15.161  19.085 0.6000000238
9195  -45.765  10.006  16.478 0.8000000119
263  -49.166  14.207  21.732 0.6999999881
120  -53.876  21.510  16.586 0.4000000060
9189  -52.615  4.018  8.626 0.3000000119
1149  -46.312  7.981  13.977 0.6000000238
6676  -47.503  5.947  11.848 0.6000000238
1148  -49.573  4.564  10.025 0.5000000000
1625  -45.352  11.345  19.138 0.6000000238
7633  -44.533  11.853  21.858 0.6999999881
7634  -46.225  13.375  22.867 0.6999999881
7637  -48.160  15.443  22.968 0.6000000238
7638  -50.039  17.508  21.541 0.5000000000
3074  -54.215  21.130  14.241 0.2000000030
1154  -52.609  20.868  12.402 0.3000000119
1626  -42.979  13.790  23.015 0.4000000060
7639  -50.998  19.703  19.423 0.4000000060
7636  -44.732  15.386  22.453 0.4000000060
1627  -46.818  17.158  21.202 0.3000000119
7640  -51.940  21.701  17.690 0.3000000119
3671  -43.371  17.431  20.531 0.1000000015
3673  -48.182  19.194  19.568 0.2000000030
3672  -44.993  19.312  19.503 0.2000000030
904  -46.569  4.151  6.744 0.1000000015
6686  -50.012  20.439  11.651 0.6000000238
8612  -57.418  0.460  12.118 0.2000000030
4  -57.103  -0.080  10.124 0.2000000030
8614  -58.302  2.899  12.720 0.2000000030
2581  -57.204  1.176  8.400 0.2000000030
2580  -56.295  -0.579  7.518 0.2000000030
4413  -58.773  3.444  14.848 0.2000000030
5798  -55.840  0.288  6.147 0.1000000015
3423  -53.099  -0.420  5.509 0.1000000015
660  -54.011  -1.246  6.515 0.1000000015
1478  -52.134  0.666  4.875 0.1000000015
8615  -57.818  4.645  13.685 0.2000000030
3422  -55.239  1.325  4.853 0.1000000015
2013  -57.734  4.391  11.295 0.2000000030
7291  -50.801  1.538  4.640 0.1000000015
8619  -52.900  3.429  15.851 0.2000000030
8616  -55.604  4.266  14.830 0.2000000030
8618  -55.434  4.715  17.140 0.2000000030
8621  -46.971  3.205  17.198 0.2000000030
3067  -44.923  5.231  16.312 0.2000000030
1147  -47.249  3.784  15.149 0.2000000030
6673  -50.137  3.146  14.148 0.2000000030
2014  -57.764  5.164  15.912 0.2000000030
6675  -48.494  4.224  12.663 0.2000000030
6674  -51.192  3.564  11.492 0.2000000030
902  -49.377  2.273  5.078 0.1000000015
8631  -41.847  5.725  19.121 0.3000000119
8622  -44.277  4.251  18.026 0.2000000030
93  -43.135  6.900  17.789 0.2000000030
3068  -46.336  5.636  14.215 0.2000000030
3425  -53.009  3.498  2.633 0.1000000015
2823  -48.090  3.300  5.834 0.1000000015
7292  -51.110  4.050  2.437 0.1000000015
3069  -44.859  7.526  15.987 0.3000000119
2822  -49.435  4.911  2.811 0.1000000015
4416  -55.369  5.072  19.265 0.2000000030
7631  -43.785  9.274  18.227 0.6999999881
6239  -44.554  7.279  5.376 0.1000000015
906  -45.780  9.076  2.443 0.1000000015
1893  -40.030  13.188  7.314 0.1000000015
9211  -40.678  15.550  6.770 0.2000000030
524  -47.053  19.329  10.684 0.6000000238
2216  -42.450  17.255  8.305 0.4000000060
9233  -49.020  21.385  8.876 0.2000000030
4157  -43.477  8.301  6.658 0.1000000015
8630  -43.441  3.487  19.911 0.2000000030
4425  -41.723  2.523  23.072 0.2000000030
4427  -39.384  4.046  22.093 0.2000000030
4426  -42.602  2.941  21.526 0.2000000030
2019  -40.612  4.769  20.674 0.2000000030
6402  -35.636  5.279  24.576 0.2000000030
455  -38.241  3.472  23.633 0.2000000030
6403  -34.731  4.523  26.260 0.1000000015
4429  -36.847  5.873  23.176 0.2000000030
4428  -38.303  6.541  21.885 0.2000000030
7630  -41.730  8.446  19.697 0.3000000119
4448  -38.198  11.297  36.289 0.1000000015
2919  -34.400  3.392  30.151 0.1000000015
8659  -33.970  6.890  31.561 0.1000000015
999  -33.293  6.611  29.466 0.1000000015
2918  -34.324  3.773  28.169 0.1000000015
8632  -39.968  7.350  20.692 0.4000000060
4446  -40.326  14.008  37.885 0.1000000015
1004  -41.660  14.599  40.375 0.1000000015
4450  -36.736  10.664  34.216 0.1000000015
4451  -35.229  10.505  32.748 0.1000000015
6404  -33.229  7.073  27.491 0.1000000015
998  -33.777  7.713  25.717 0.1000000015
2020  -36.324  8.746  23.116 0.2000000030
7632  -42.888  10.330  20.575 0.5000000000
6414  -42.390  17.052  39.585 0.1000000015
458  -38.646  13.729  35.778 0.1000000015
8660  -33.871  10.082  31.070 0.1000000015
8635  -34.817  8.242  24.286 0.2000000030
8633  -38.202  9.259  22.277 0.3000000119
1624  -40.320  9.838  21.624 0.5000000000
4452  -37.157  13.802  34.085 0.1000000015
2029  -35.750  13.674  32.204 0.1000000015
6405  -33.110  9.943  29.033 0.1000000015
8634  -36.521  11.957  23.079 0.3000000119
8662  -38.312  16.572  33.176 0.1000000015
8661  -34.689  13.078  30.334 0.1000000015
4430  -33.089  10.428  27.037 0.1000000015
4431  -33.621  11.034  25.390 0.2000000030
8636  -34.764  11.535  23.990 0.2000000030
3667  -38.609  12.288  22.721 0.5000000000
3668  -41.464  11.854  22.501 0.5000000000
8663  -37.099  15.986  31.411 0.1000000015
6401  -37.204  2.769  25.320 0.1000000015
4419  -49.652  3.461  20.849 0.1000000015
8628  -49.268  3.106  22.634 0.1000000015
8629  -46.165  2.785  21.125 0.1000000015
2016  -46.636  2.985  19.328 0.1000000015
4418  -49.886  3.222  18.893 0.1000000015
8620  -50.073  3.097  16.505 0.1000000015
454  -52.446  4.034  22.002 0.1000000015
2018  -45.577  2.558  22.751 0.1000000015
2015  -52.826  3.751  18.184 0.1000000015
4417  -52.642  4.102  20.348 0.1000000015
2582  -57.527  -2.775  10.393 0.1000000015
994  -57.135  6.028  24.724 0.1000000015
8625  -51.819  3.791  23.658 0.1000000015
6396  -55.019  5.041  23.010 0.1000000015
8627  -48.324  2.952  24.092 0.1000000015
4424  -44.617  2.530  24.471 0.1000000015
2583  -57.900  -4.201  8.978 0.1000000015
5878  -53.308  -4.539  33.656 0.1000000015
3553  -54.386  -3.333  32.314 0.1000000015
3512  -57.569  -0.388  31.897 0.1000000015
1532  -57.791  0.429  29.975 0.1000000015
7414  -57.979  3.492  30.224 0.1000000015
3555  -55.182  -2.531  30.609 0.1000000015
7413  -58.233  4.235  28.064 0.1000000015
1535  -48.986  -0.186  31.489 0.1000000015
2017  -50.747  3.840  25.588 0.1000000015
7420  -46.035  -0.581  29.912 0.1000000015
8624  -54.162  5.039  25.361 0.1000000015
4415  -55.197  5.156  21.062 0.1000000015
993  -57.590  5.638  19.916 0.1000000015
4423  -40.726  2.302  24.803 0.1000000015
452  -59.491  1.081  17.842 0.1000000015
4412  -58.868  1.094  15.917 0.1000000015
2012  -57.989  0.974  14.100 0.1000000015
8776  -57.580  -2.378  12.170 0.1000000015
694  -53.954  -2.139  38.639 0.1000000015
2614  -55.185  -3.728  39.184 0.1000000015
2612  -54.214  -5.047  37.384 0.1000000015
2626  -52.107  -5.729  34.887 0.1000000015
5855  -53.717  -1.471  36.849 0.1000000015
3515  -50.861  -1.401  34.903 0.1000000015
3516  -51.470  0.070  33.298 0.1000000015
212  -56.964  -1.452  33.549 0.1000000015
1533  -56.014  5.362  29.297 0.1000000015
8623  -56.487  5.983  27.026 0.1000000015
6397  -46.489  0.779  28.718 0.1000000015
8626  -47.229  3.011  25.843 0.1000000015
6393  -59.395  4.044  18.962 0.1000000015
4414  -59.113  3.733  16.740 0.1000000015
2579  -56.805  -1.924  8.850 0.1000000015
2613  -55.667  -2.686  37.788 0.1000000015
692  -55.308  -3.946  36.164 0.1000000015
5852  -56.219  -2.712  34.995 0.1000000015
693  -53.949  -0.282  35.257 0.1000000015
3513  -57.594  2.463  32.139 0.1000000015
7419  -49.730  1.083  30.108 0.1000000015
4421  -53.249  5.059  27.424 0.1000000015
4422  -49.808  3.745  27.411 0.1000000015
996  -43.623  2.371  26.207 0.1000000015
6398  -46.513  2.398  27.682 0.1000000015
7418  -52.444  1.578  31.986 0.1000000015
8617  -57.683  5.495  17.971 0.1000000015
5854  -56.038  -1.557  36.589 0.1000000015
5853  -56.512  -0.231  35.344 0.1000000015
7417  -54.588  1.376  34.187 0.1000000015
3514  -57.006  1.202  33.990 0.1000000015
7416  -53.058  3.169  30.771 0.1000000015
213  -49.793  2.588  28.940 0.1000000015
4420  -52.981  4.370  29.316 0.1000000015
7415  -55.929  4.345  31.158 0.1000000015
1534  -55.396  2.958  32.855 0.1000000015
3669  -39.964  14.245  22.423 0.3000000119
6395  -57.537  5.756  22.305 0.1000000015
6394  -59.311  4.510  21.271 0.1000000015
9236  -46.229  20.710  8.629 0.3000000119
9212  -39.842  16.886  8.166 0.2000000030
9238  -41.335  19.125  9.065 0.1000000015
743  -40.044  18.084  20.716 0.1000000015
9237  -43.732  19.895  8.513 0.3000000119
3670  -41.659  19.486  19.841 0.1000000015
2223  -50.730  22.670  7.373 0.2000000030
9235  -47.877  22.611  7.455 0.1000000015
1628  -49.219  21.487  18.094 0.2000000030
2224  -45.076  22.265  7.957 0.1000000015
9231  -53.599  22.531  11.276 0.1000000015
9232  -51.821  21.871  9.711 0.1000000015
4921  -52.792  23.389  8.302 0.1000000015
3674  -46.244  21.235  18.612 0.1000000015
2222  -53.237  24.531  10.504 0.1000000015
9230  -53.682  23.244  13.648 0.1000000015
9229  -52.158  25.134  12.737 0.1000000015
9220  -50.036  23.803  17.091 0.1000000015
9219  -47.179  23.713  18.344 0.1000000015
9228  -49.669  26.366  11.220 0.1000000015
9221  -52.422  23.634  15.554 0.1000000015
4912  -47.121  25.772  12.633 0.1000000015
2219  -50.233  25.112  14.469 0.1000000015
9218  -44.137  23.426  18.617 0.1000000015
4911  -47.554  24.747  15.993 0.1000000015
2218  -44.811  24.978  17.112 0.1000000015
9217  -42.224  25.250  17.959 0.1000000015
7635  -41.643  15.841  21.550 0.2000000030
8637  -35.144  14.772  23.407 0.1000000015
262  -37.152  14.875  22.523 0.1000000015
5944  -36.059  17.401  22.629 0.1000000015
5945  -38.503  16.642  21.725 0.1000000015
5946  -37.379  18.965  21.641 0.1000000015
