#!ascii label  , from subject fsaverage5 vox2ras=TkReg 
467
1580  -10.750  -36.616  75.089 0.2222220004
3591  -12.359  -34.637  74.995 0.3333329856
718  -14.178  -33.204  74.396 0.4444440007
5899  -16.323  -32.170  73.531 0.4444440007
6532  -7.244  -39.451  73.461 0.3333329856
7525  -9.321  -38.683  74.872 0.3333329856
7522  -12.793  -34.637  72.331 0.5555559993
5898  -14.718  -33.553  70.986 0.6666669846
5897  -16.561  -32.698  69.775 0.7777780294
3589  -13.102  -35.941  67.458 0.7777780294
237  -14.797  -34.998  66.079 0.7777780294
7524  -8.803  -37.613  73.632 0.4444440007
7523  -10.772  -36.007  73.273 0.4444440007
238  -7.409  -39.013  71.010 0.5555559993
7521  -9.447  -37.983  69.885 0.5555559993
8153  -18.593  -31.795  69.829 0.7777780294
717  -18.624  -31.739  72.845 0.4444440007
1579  -11.338  -36.990  68.740 0.6666669846
3588  -10.982  -36.844  64.521 0.5555559993
8154  -20.734  -31.759  72.237 0.4444440007
8152  -16.502  -33.902  65.506 0.7777780294
3587  -12.774  -35.980  63.284 0.6666669846
4050  -20.760  -31.386  69.913 0.8888890147
8149  -14.573  -35.211  62.498 0.5555559993
1842  -18.344  -32.770  65.547 0.7777780294
8151  -16.374  -34.284  61.908 0.6666669846
1823  -22.865  -32.046  71.295 0.4444440007
8107  -31.914  -32.125  67.872 0.3333329856
4013  -32.725  -30.781  67.504 0.4444440007
4014  -33.048  -30.131  65.623 0.6666669846
8115  -32.993  -30.604  62.469 0.8888890147
4022  -39.563  -29.057  63.933 0.3333329856
8116  -35.244  -30.357  65.057 0.6666669846
4021  -37.613  -29.843  64.625 0.4444440007
1829  -35.505  -30.672  62.262 0.6666669846
4020  -37.878  -29.824  62.020 0.6666669846
4007  -22.922  -31.236  69.472 0.6666669846
4008  -24.737  -31.615  70.392 0.1111110002
1826  -30.734  -30.616  68.162 0.2222220004
4049  -20.515  -32.005  65.889 0.8888890147
4012  -31.069  -29.925  66.410 0.5555559993
4048  -18.189  -33.302  61.711 0.6666669846
8114  -32.820  -31.002  59.187 1.0000000000
373  -30.850  -30.260  63.097 0.8888890147
4019  -35.357  -30.891  58.979 0.8888890147
8150  -16.205  -33.793  58.941 0.4444440007
4047  -20.171  -32.500  61.591 0.7777780294
870  -18.195  -33.123  58.414 0.6666669846
8106  -29.865  -32.021  68.349 0.2222220004
8105  -28.627  -30.721  68.760 0.3333329856
4011  -28.960  -29.949  66.996 0.6666669846
371  -22.659  -31.512  65.868 0.7777780294
374  -39.742  -28.513  61.487 0.4444440007
4024  -41.270  -27.897  63.032 0.3333329856
6149  -22.224  -31.740  61.695 0.7777780294
8112  -30.459  -30.695  59.321 0.8888890147
6174  -20.104  -32.525  57.961 0.7777780294
1825  -26.637  -31.135  69.463 0.1111110002
4009  -24.876  -30.735  68.433 0.6666669846
8104  -26.797  -30.288  67.637 0.6666669846
4010  -28.736  -30.151  63.670 1.0000000000
6150  -24.544  -30.852  64.859 0.7777780294
4018  -37.817  -29.956  58.814 0.7777780294
6153  -28.402  -30.514  59.956 1.0000000000
6158  -39.884  -28.463  58.467 0.8888890147
6151  -24.123  -30.960  60.899 0.8888890147
857  -22.050  -31.866  57.720 0.6666669846
858  -26.566  -30.311  64.209 1.0000000000
6159  -41.310  -26.907  60.862 0.4444440007
6160  -41.612  -26.702  58.150 0.6666669846
861  -34.976  -30.482  55.583 0.8888890147
6157  -37.414  -29.561  55.506 0.8888890147
6152  -26.172  -30.447  60.346 0.8888890147
8113  -32.412  -30.863  55.585 0.8888890147
862  -39.682  -28.251  55.334 0.8888890147
2778  -23.963  -31.067  57.045 0.6666669846
1828  -30.034  -30.727  55.714 0.8888890147
6155  -32.183  -30.558  52.321 0.7777780294
2781  -37.086  -29.017  52.535 0.8888890147
4017  -29.774  -30.453  52.427 0.6666669846
6156  -34.614  -30.018  52.346 0.7777780294
6154  -32.164  -29.787  49.763 0.4444440007
860  -34.681  -29.284  49.934 0.5555559993
8122  -42.876  -26.433  62.234 0.3333329856
863  -42.904  -25.143  60.504 0.4444440007
8111  -27.951  -30.487  55.941 0.8888890147
2783  -41.723  -26.590  55.118 0.8888890147
2777  -21.819  -31.251  54.582 0.4444440007
4016  -27.657  -30.157  52.597 0.7777780294
168  -29.819  -29.690  49.726 0.3333329856
6161  -43.218  -24.851  57.838 0.8888890147
859  -25.947  -30.504  56.556 0.8888890147
2779  -23.792  -30.542  53.777 0.4444440007
8110  -25.735  -30.070  53.135 0.6666669846
4015  -27.701  -29.147  49.960 0.5555559993
7230  -30.167  -28.091  48.361 0.1111110002
4026  -44.591  -25.003  61.385 0.2222220004
4025  -44.533  -23.434  59.900 0.5555559993
4027  -46.142  -23.467  60.391 0.1111110002
6136  -44.510  -22.680  57.375 0.7777780294
850  -43.364  -24.620  54.639 1.0000000000
3985  -47.425  -22.061  59.257 0.1111110002
367  -45.877  -21.695  59.105 0.2222220004
3987  -46.574  -20.034  57.699 0.2222220004
6137  -45.033  -20.960  55.959 0.5555559993
6138  -43.885  -22.828  53.327 0.8888890147
2771  -42.103  -24.632  50.781 1.0000000000
3986  -48.171  -20.426  58.056 0.1111110002
8076  -45.146  -19.779  54.200 0.5555559993
851  -43.646  -21.412  51.871 0.8888890147
6139  -41.882  -23.092  49.520 1.0000000000
852  -40.065  -24.267  47.363 1.0000000000
1815  -47.177  -18.724  56.108 0.2222220004
3988  -41.407  -21.918  48.189 1.0000000000
6140  -39.390  -22.923  46.126 0.8888890147
8083  -37.137  -23.729  44.443 0.3333329856
8077  -45.708  -19.055  52.627 0.4444440007
3989  -43.584  -20.587  50.491 0.7777780294
1816  -44.226  -20.121  49.194 0.7777780294
3990  -41.422  -21.219  47.002 1.0000000000
3991  -41.927  -20.850  45.667 1.0000000000
8079  -45.069  -19.880  47.939 1.0000000000
369  -38.907  -22.045  44.982 0.7777780294
3992  -39.009  -21.569  43.687 0.6666669846
8074  -48.989  -19.080  56.527 0.1111110002
8078  -46.774  -18.721  51.299 0.6666669846
6447  -48.116  -18.441  49.945 0.7777780294
1023  -46.327  -19.790  46.743 0.8888890147
8080  -42.922  -20.859  44.240 0.7777780294
1817  -39.736  -21.649  42.234 0.7777780294
8075  -48.080  -17.983  54.363 0.2222220004
6449  -49.943  -18.260  48.878 0.5555559993
2944  -48.227  -19.790  45.817 0.8888890147
8081  -41.026  -22.125  40.717 0.6666669846
4503  -50.117  -18.267  54.844 0.1111110002
368  -49.431  -17.691  52.652 0.3333329856
4505  -51.920  -18.379  52.999 0.2222220004
6448  -51.344  -17.637  51.228 0.3333329856
6450  -51.889  -18.445  47.666 0.5555559993
2943  -44.316  -21.150  42.988 0.7777780294
2945  -46.161  -21.141  41.925 0.7777780294
46  -42.244  -22.358  39.210 0.7777780294
7456  -43.918  -21.669  37.834 0.6666669846
1024  -53.137  -17.947  49.895 0.2222220004
4506  -54.724  -18.326  48.283 0.2222220004
1025  -50.124  -19.883  44.700 0.8888890147
6451  -53.607  -18.410  46.163 0.4444440007
8733  -47.673  -20.700  40.502 0.6666669846
7455  -40.394  -22.041  35.830 0.5555559993
1552  -45.365  -20.468  36.526 0.6666669846
468  -55.892  -18.686  46.499 0.2222220004
4512  -49.064  -19.477  39.143 0.7777780294
7457  -41.995  -20.787  34.481 0.3333329856
8735  -54.714  -18.015  44.497 0.4444440007
8734  -51.551  -19.459  43.025 0.5555559993
4511  -46.850  -18.945  35.450 0.7777780294
7458  -43.427  -19.130  33.211 0.4444440007
2055  -52.616  -18.187  41.590 0.5555559993
4513  -50.408  -17.814  38.235 0.6666669846
8738  -56.640  -18.528  44.750 0.3333329856
8736  -54.128  -16.445  40.770 0.5555559993
224  -48.580  -17.433  34.417 0.7777780294
7459  -44.843  -17.579  32.023 0.2222220004
6452  -50.394  -16.056  33.514 0.7777780294
7463  -48.185  -15.086  30.116 0.7777780294
8737  -55.642  -17.068  43.241 0.3333329856
1027  -55.952  -14.859  40.184 0.4444440007
6453  -52.340  -16.222  37.572 0.6666669846
7461  -43.246  -15.189  29.605 0.2222220004
7464  -50.299  -14.083  29.545 0.6666669846
6454  -54.242  -14.746  36.665 0.7777780294
1026  -51.955  -14.731  32.539 0.7777780294
1555  -49.013  -12.927  26.624 0.4444440007
4515  -56.848  -16.140  42.315 0.4444440007
2946  -53.961  -13.411  31.847 0.7777780294
7465  -52.436  -12.892  28.964 0.7777780294
6455  -57.493  -13.495  39.152 0.4444440007
2947  -55.618  -13.207  35.491 0.6666669846
2948  -57.418  -11.833  34.396 0.6666669846
100  -55.990  -11.840  31.050 0.7777780294
7467  -50.975  -12.497  26.001 0.6666669846
6456  -59.121  -14.456  39.082 0.3333329856
1028  -58.789  -12.440  37.496 0.3333329856
7466  -54.371  -11.814  28.383 0.7777780294
7468  -49.874  -10.893  23.764 0.4444440007
2949  -60.018  -11.549  35.772 0.4444440007
6458  -59.961  -13.891  37.191 0.4444440007
2950  -59.036  -10.536  33.032 0.6666669846
2952  -57.948  -10.433  30.332 0.7777780294
1556  -52.968  -12.069  25.349 0.5555559993
8760  -56.303  -10.834  27.628 0.7777780294
6462  -61.966  -11.228  31.848 0.3333329856
2951  -60.710  -9.875  31.740 0.4444440007
1032  -59.694  -9.431  29.284 0.7777780294
6463  -61.887  -9.750  29.966 0.3333329856
6464  -61.244  -8.780  27.790 0.6666669846
7231  -32.430  -28.508  48.009 0.1111110002
7462  -46.505  -16.213  31.050 0.4444440007
4514  -58.047  -15.228  40.883 0.4444440007
6533  -5.447  -40.458  71.075 0.4444440007
4647  -5.566  -38.868  68.157 0.3333329856
8900  -4.074  -39.019  68.450 0.2222220004
4645  -7.465  -38.588  66.950 0.3333329856
7520  -9.274  -37.840  65.667 0.1111110002
4646  -6.289  -35.585  67.144 0.2222220004
1578  -7.438  -35.814  65.026 0.1111110002
7519  -8.910  -35.475  63.248 0.1111110002
1577  -10.547  -34.951  61.713 0.1111110002
8148  -12.375  -34.695  60.575 0.1111110002
1841  -14.231  -34.284  59.591 0.2222220004
6172  -16.140  -32.030  56.803 0.2222220004
6173  -18.066  -31.790  55.946 0.3333329856
2790  -19.965  -31.491  55.151 0.3333329856
2770  -41.388  -26.164  52.031 0.8888890147
2782  -39.403  -27.753  52.376 0.6666669846
45  -39.032  -27.170  49.577 0.7777780294
2780  -36.940  -28.372  49.846 0.6666669846
2772  -40.047  -25.813  48.539 0.7777780294
7232  -34.818  -28.356  47.899 0.3333329856
7213  -36.860  -27.593  47.561 0.4444440007
7214  -37.888  -26.507  46.576 0.4444440007
8082  -37.871  -25.066  45.376 0.2222220004
1452  -25.721  -28.812  50.647 0.2222220004
8084  -36.236  -22.748  43.525 0.1111110002
8087  -35.927  -22.188  42.204 0.2222220004
8088  -36.523  -22.211  40.634 0.3333329856
8761  -58.095  -10.040  26.438 0.6666669846
4534  -55.064  -11.642  24.722 0.6666669846
2064  -57.240  -11.111  23.943 0.6666669846
8762  -60.102  -9.121  25.328 0.6666669846
8764  -59.207  -10.415  22.906 0.6666669846
8765  -61.741  -8.896  23.768 0.6666669846
2065  -60.787  -9.807  21.349 0.6666669846
4533  -51.732  -10.751  22.855 0.4444440007
4539  -62.238  -9.386  19.689 0.6666669846
4535  -53.737  -10.765  21.994 0.6666669846
1031  -62.510  -11.943  29.528 0.1111110002
6459  -60.573  -13.395  35.080 0.2222220004
1030  -61.089  -11.012  33.793 0.2222220004
8763  -55.671  -10.737  21.233 0.6666669846
4537  -57.609  -10.572  20.218 0.6666669846
4538  -59.432  -10.229  18.915 0.6666669846
2066  -63.366  -9.914  17.958 0.4444440007
4540  -61.209  -9.701  17.507 0.5555559993
4541  -62.634  -9.804  15.847 0.4444440007
4536  -56.140  -8.856  18.168 0.5555559993
472  -57.689  -9.138  16.917 0.5555559993
6470  -56.656  -6.480  16.046 0.4444440007
6469  -55.375  -5.982  17.498 0.4444440007
471  -62.479  -8.938  26.052 0.4444440007
7224  -23.733  -28.952  51.440 0.3333329856
8089  -37.700  -22.523  38.953 0.4444440007
1554  -44.910  -14.116  28.422 0.3333329856
8766  -63.040  -9.422  22.038 0.3333329856
6460  -61.066  -13.223  32.742 0.2222220004
2638  -18.197  -33.185  73.204 0.1111110002
8108  -33.919  -32.227  67.111 0.2222220004
1827  -34.789  -30.935  66.748 0.2222220004
8109  -35.992  -32.144  66.302 0.2222220004
8117  -37.040  -30.731  66.072 0.2222220004
3590  -14.034  -34.978  75.120 0.2222220004
3592  -12.926  -36.651  75.447 0.1111110002
2637  -20.312  -32.971  72.420 0.1111110002
5900  -15.869  -33.770  74.187 0.1111110002
4542  -59.630  -9.244  15.467 0.5555559993
8767  -63.768  -10.431  20.140 0.1111110002
2067  -61.225  -8.927  13.978 0.2222220004
8769  -63.739  -11.414  16.242 0.3333329856
1564  -40.616  -32.559  61.865 0.1111110002
7488  -38.920  -33.912  60.438 0.1111110002
8119  -40.117  -31.514  64.066 0.1111110002
8120  -41.899  -30.746  62.557 0.1111110002
7486  -38.695  -33.068  63.390 0.1111110002
48  -36.691  -33.416  64.662 0.1111110002
7487  -36.882  -34.254  61.747 0.1111110002
4023  -40.955  -29.618  64.058 0.1111110002
2965  -34.695  -33.630  65.489 0.1111110002
8118  -38.153  -31.961  65.340 0.1111110002
2967  -34.760  -34.605  62.616 0.1111110002
1830  -39.112  -30.334  65.199 0.1111110002
8090  -38.917  -22.553  37.246 0.2222220004
8727  -53.617  -18.919  51.366 0.1111110002
8092  -37.414  -18.029  34.052 0.1111110002
1551  -39.016  -19.947  33.704 0.1111110002
3544  -40.496  -18.262  32.359 0.1111110002
1821  -37.290  -16.021  35.779 0.1111110002
4002  -35.940  -16.633  36.959 0.1111110002
4001  -36.129  -18.887  35.342 0.1111110002
3543  -38.624  -16.752  32.927 0.1111110002
1553  -41.805  -16.595  31.015 0.1111110002
8093  -38.538  -14.913  34.768 0.1111110002
3545  -39.949  -14.997  31.581 0.1111110002
7460  -41.204  -13.427  30.182 0.1111110002
3547  -42.750  -12.214  28.744 0.1111110002
3549  -46.876  -13.451  27.473 0.1111110002
3548  -44.484  -11.433  27.251 0.1111110002
5872  -40.954  -11.881  32.578 0.1111110002
704  -42.424  -10.530  30.975 0.1111110002
3550  -46.410  -11.083  25.822 0.2222220004
3546  -43.936  -9.494  29.108 0.1111110002
3551  -48.082  -10.951  24.752 0.2222220004
3552  -46.824  -8.483  25.660 0.1111110002
1557  -48.204  -8.402  24.096 0.1111110002
225  -45.536  -8.778  27.254 0.1111110002
7469  -49.702  -8.365  22.611 0.1111110002
226  -51.273  -8.446  21.301 0.2222220004
6466  -52.883  -8.555  20.198 0.3333329856
5873  -44.027  -10.026  34.124 0.1111110002
5874  -45.414  -8.695  32.341 0.1111110002
5875  -46.728  -7.547  30.324 0.1111110002
5876  -47.691  -6.772  28.561 0.1111110002
1034  -54.451  -8.653  19.219 0.3333329856
7470  -48.719  -6.305  26.683 0.1111110002
7471  -49.755  -6.043  24.903 0.1111110002
7472  -50.906  -5.911  23.110 0.1111110002
1558  -52.527  -4.113  26.803 0.1111110002
6465  -51.982  -5.725  21.574 0.1111110002
6467  -53.090  -5.563  20.206 0.1111110002
7473  -53.300  -3.780  24.936 0.1111110002
1033  -54.097  -3.257  23.389 0.1111110002
6468  -54.209  -5.660  18.812 0.1111110002
2954  -54.897  -2.892  21.696 0.1111110002
8772  -58.178  -6.783  14.617 0.2222220004
182  -61.939  -8.674  10.813 0.2222220004
3429  -61.450  -10.136  10.972 0.1111110002
1035  -55.627  -2.811  20.090 0.1111110002
6471  -56.241  -2.927  18.425 0.1111110002
7302  -54.042  -12.197  15.528 0.1111110002
1483  -55.631  -10.471  13.354 0.1111110002
8773  -59.692  -6.807  13.233 0.2222220004
8774  -60.612  -6.733  11.680 0.2222220004
7300  -57.880  -11.013  13.113 0.1111110002
8771  -62.081  -8.668  12.282 0.2222220004
1036  -56.907  -3.414  16.622 0.1111110002
3433  -53.258  -9.804  13.619 0.1111110002
3431  -56.957  -9.157  10.969 0.1111110002
7299  -59.366  -9.562  10.724 0.1111110002
5801  -60.482  -8.002  9.688 0.2222220004
4544  -57.729  -3.968  14.881 0.1111110002
5800  -60.638  -6.717  10.192 0.2222220004
2068  -58.561  -4.333  13.401 0.1111110002
8775  -59.057  -4.707  11.755 0.2222220004
3430  -56.189  -7.195  9.408 0.2222220004
663  -58.538  -7.489  9.264 0.2222220004
662  -59.067  -4.814  10.156 0.2222220004
5802  -59.260  -6.031  9.086 0.2222220004
2056  -57.200  -18.112  43.200 0.3333329856
4507  -54.897  -19.638  49.566 0.1111110002
3432  -54.660  -8.717  11.138 0.1111110002
4046  -14.235  -32.206  57.876 0.1111110002
869  -18.348  -29.478  54.892 0.1111110002
2789  -20.024  -29.410  53.663 0.1111110002
47  -21.758  -29.455  52.518 0.1111110002
1448  -35.556  -24.824  45.113 0.1111110002
3994  -34.533  -23.634  44.652 0.1111110002
2677  -58.819  -27.587  28.074 0.1111110002
5974  -62.879  -30.447  27.867 0.1111110002
8723  -56.559  -26.193  28.100 0.1111110002
16  -57.928  -26.521  26.602 0.1111110002
2679  -60.509  -27.899  26.440 0.1111110002
759  -62.377  -29.353  26.087 0.1111110002
8750  -56.247  -23.885  27.034 0.1111110002
8749  -55.289  -23.267  28.161 0.1111110002
2678  -61.225  -28.742  27.917 0.1111110002
5973  -61.755  -29.818  29.585 0.1111110002
757  -59.698  -28.457  29.370 0.1111110002
1894  -57.493  -23.020  25.430 0.1111110002
8301  -57.527  -22.580  22.323 0.1111110002
6242  -58.311  -20.330  23.547 0.1111110002
5972  -61.875  -30.684  31.761 0.1111110002
8748  -54.749  -22.672  29.268 0.1111110002
2051  -55.769  -25.420  29.495 0.1111110002
8722  -57.663  -27.197  29.698 0.1111110002
8296  -57.361  -24.816  25.796 0.1111110002
4164  -58.241  -22.174  23.506 0.1111110002
4163  -58.061  -23.684  23.676 0.1111110002
8718  -54.911  -29.015  33.898 0.1111110002
8717  -58.908  -29.747  34.408 0.1111110002
277  -60.346  -30.099  32.999 0.1111110002
1021  -52.990  -27.667  32.203 0.1111110002
5971  -59.949  -29.534  30.829 0.1111110002
4524  -55.226  -20.273  28.738 0.1111110002
2060  -56.046  -20.947  27.601 0.1111110002
8751  -56.788  -22.037  26.734 0.1111110002
4162  -58.290  -21.542  25.026 0.1111110002
400  -59.416  -19.789  24.472 0.1111110002
6241  -60.198  -18.047  23.736 0.1111110002
6243  -58.792  -18.143  22.817 0.1111110002
8732  -52.099  -23.559  40.517 0.1111110002
8741  -52.152  -22.372  38.290 0.1111110002
2942  -50.474  -23.056  35.087 0.1111110002
1022  -51.151  -22.932  32.956 0.1111110002
6445  -51.605  -25.387  31.611 0.1111110002
4499  -55.281  -27.825  32.356 0.1111110002
8719  -57.124  -28.983  33.674 0.1111110002
8720  -58.508  -29.264  32.445 0.1111110002
8747  -54.316  -21.851  30.341 0.1111110002
2059  -54.944  -19.845  30.244 0.1111110002
8752  -58.071  -20.401  26.419 0.1111110002
8753  -59.785  -18.674  25.698 0.1111110002
907  -60.952  -16.183  22.274 0.1111110002
8742  -52.550  -21.569  35.825 0.1111110002
2058  -54.638  -19.575  34.275 0.1111110002
8746  -54.794  -19.552  32.232 0.1111110002
8744  -53.708  -21.277  31.780 0.1111110002
4498  -53.499  -25.991  31.350 0.1111110002
4502  -55.146  -24.576  30.516 0.1111110002
4501  -56.819  -26.493  30.982 0.1111110002
8721  -58.405  -28.163  30.847 0.1111110002
8757  -61.604  -15.225  23.800 0.1111110002
8756  -61.004  -17.019  24.824 0.1111110002
6446  -52.447  -23.424  31.538 0.1111110002
2050  -57.135  -27.892  31.969 0.1111110002
8758  -62.611  -13.850  22.060 0.1111110002
4526  -57.469  -19.083  27.325 0.1111110002
2827  -62.078  -15.194  20.221 0.1111110002
4518  -56.147  -19.140  39.059 0.1111110002
4519  -54.515  -20.121  36.288 0.1111110002
4500  -55.417  -26.136  31.422 0.1111110002
467  -53.901  -24.033  30.849 0.1111110002
4523  -56.749  -17.577  30.464 0.1111110002
4525  -57.073  -17.805  28.511 0.1111110002
2061  -59.422  -17.358  26.804 0.1111110002
4520  -56.145  -18.541  36.910 0.1111110002
4527  -59.020  -16.144  28.350 0.1111110002
8755  -61.063  -15.880  26.143 0.1111110002
2062  -62.133  -14.189  25.428 0.1111110002
4517  -56.043  -19.802  41.341 0.1111110002
4516  -57.700  -17.608  41.525 0.1111110002
8743  -53.032  -21.135  33.591 0.1111110002
4522  -56.614  -17.706  32.676 0.1111110002
8754  -61.098  -14.724  28.087 0.1111110002
469  -58.154  -17.016  39.439 0.1111110002
8745  -56.447  -17.961  34.877 0.1111110002
4521  -58.864  -15.605  32.977 0.1111110002
470  -59.013  -15.508  30.578 0.1111110002
6457  -58.598  -16.486  37.448 0.1111110002
1029  -58.859  -15.991  35.245 0.1111110002
6461  -61.211  -13.853  30.395 0.1111110002
4530  -63.227  -11.145  26.017 0.1111110002
4532  -63.351  -9.835  24.253 0.1111110002
4531  -63.104  -12.508  24.054 0.1111110002
2063  -63.691  -11.261  22.366 0.1111110002
8770  -63.182  -10.333  13.944 0.2222220004
3427  -62.891  -10.754  12.323 0.2222220004
8740  -54.188  -21.764  41.118 0.1111110002
2941  -49.995  -24.532  32.565 0.1111110002
6534  -6.189  -41.533  72.083 0.1111110002
1071  -4.422  -41.627  69.644 0.1111110002
4648  -4.209  -42.091  67.262 0.1111110002
4649  -3.268  -39.197  67.504 0.1111110002
8901  -3.797  -35.413  68.301 0.1111110002
2112  -3.018  -35.414  66.804 0.1111110002
2111  -5.051  -35.362  68.442 0.1111110002
8899  -5.085  -32.340  69.727 0.1111110002
8902  -3.846  -32.170  68.764 0.1111110002
8903  -3.451  -32.013  66.718 0.1111110002
8898  -6.588  -32.422  69.402 0.1111110002
1480  -63.360  -12.532  14.611 0.1111110002
3428  -61.975  -12.275  13.092 0.1111110002
4528  -62.752  -10.181  27.972 0.1111110002
1475  -50.849  -9.637  13.819 0.1111110002
3419  -52.144  -8.487  11.220 0.1111110002
179  -53.649  -6.987  9.449 0.1111110002
5803  -57.477  -5.593  8.516 0.1111110002
5795  -55.123  -5.104  8.553 0.1111110002
2583  -57.900  -4.201  8.978 0.1111110002
