#!ascii label  , from subject fsaverage5 vox2ras=TkReg 
888
8  -3.604  9.387  -3.540 0.0000000000
36  -7.870  -30.806  8.601 0.0000000000
38  -35.074  -24.945  -10.816 0.0000000000
78  -15.105  -3.608  -13.037 0.0000000000
79  -5.666  -16.885  -20.022 0.0000000000
113  -1.079  18.477  8.644 0.0000000000
144  -2.101  -14.610  0.631 0.0000000000
145  -0.911  -7.520  16.247 0.0000000000
146  0.019  -35.708  21.862 0.0000000000
147  -25.075  3.986  -12.962 0.0000000000
148  -34.157  -13.065  -25.691 0.0000000000
160  -20.128  -32.191  -5.966 0.0000000000
161  -24.295  -34.352  -12.497 0.0000000000
198  -6.115  1.445  -11.470 0.0000000000
199  -2.194  -6.469  -10.339 0.0000000000
314  -0.614  19.248  17.018 0.0000000000
315  -0.843  4.641  12.910 0.0000000000
316  -0.636  5.804  21.586 0.0000000000
325  -22.127  -16.341  -12.156 0.0000000000
326  -28.522  -11.679  -13.603 0.0000000000
327  -38.827  -19.198  -17.942 0.0000000000
328  -28.126  -18.907  -25.831 0.0000000000
329  -35.870  -26.849  -17.891 0.0000000000
354  -3.734  -23.604  4.740 0.0000000000
355  -7.309  -26.009  -4.762 0.0000000000
356  -11.887  -33.257  -1.615 0.0000000000
358  -21.192  -39.079  -7.086 0.0000000000
430  -11.294  -9.503  -14.447 0.0000000000
431  -17.278  -22.054  -16.414 0.0000000000
447  -6.203  -37.729  5.675 0.0000000000
448  -16.932  -38.433  4.228 0.0000000000
503  -0.849  14.492  1.416 0.0000000000
504  -0.861  29.097  -0.668 0.0000000000
505  -2.780  31.092  9.514 0.0000000000
588  -2.994  -3.782  -1.473 0.0000000000
589  -1.349  1.560  5.006 0.0000000000
590  -2.998  -7.124  9.742 0.0000000000
591  -3.388  -20.770  12.632 0.0000000000
592  -0.284  -7.788  26.361 0.0000000000
593  -0.513  -21.698  19.523 0.0000000000
594  -0.297  -32.892  12.042 0.0000000000
595  0.110  -42.917  11.658 0.0000000000
598  -30.023  4.520  -14.180 0.0000000000
599  -33.079  -2.412  -21.817 0.0000000000
600  -19.753  0.358  -11.913 0.0000000000
601  -31.328  -7.169  -19.140 0.0000000000
602  -27.251  -4.050  -30.194 0.0000000000
634  0.992  -20.718  -10.415 0.0000000000
635  -11.610  -23.407  -12.128 0.0000000000
636  -27.689  -29.212  -9.212 0.0000000000
637  -26.190  -38.573  2.334 0.0000000000
638  -33.495  -38.065  -3.998 0.0000000000
639  -37.567  -34.627  -12.046 0.0000000000
640  -24.882  -28.527  -16.773 0.0000000000
677  -4.765  13.211  -6.370 0.0000000000
678  -4.750  5.970  -7.035 0.0000000000
679  -2.880  2.500  -5.119 0.0000000000
794  -2.467  18.564  20.555 0.0000000000
795  -0.627  12.605  19.231 0.0000000000
796  -1.146  12.535  23.435 0.0000000000
805  -28.750  -20.814  -11.621 0.0000000000
806  -32.827  -18.563  -13.353 0.0000000000
807  -37.774  -22.174  -13.989 0.0000000000
808  -38.128  -23.363  -18.343 0.0000000000
809  -39.580  -26.844  -14.195 0.0000000000
834  -6.091  -27.067  6.571 0.0000000000
835  -6.947  -28.383  1.381 0.0000000000
836  -8.771  -32.089  2.990 0.0000000000
955  -5.076  -8.389  -13.215 0.0000000000
956  -6.782  -2.990  -14.703 0.0000000000
957  -8.879  -13.078  -18.463 0.0000000000
958  -14.028  -16.365  -18.604 0.0000000000
959  -12.381  -20.475  -20.466 0.0000000000
967  -34.660  2.573  -21.599 0.0000000000
984  -7.002  -41.969  6.149 0.0000000000
985  -11.003  -41.298  4.530 0.0000000000
1103  -3.161  26.433  -3.278 0.0000000000
1304  -1.035  17.137  4.750 0.0000000000
1305  -0.782  7.828  3.140 0.0000000000
1306  -0.800  10.096  6.901 0.0000000000
1307  -0.834  -1.649  14.721 0.0000000000
1308  -2.252  -2.415  10.273 0.0000000000
1309  -2.716  -7.452  12.658 0.0000000000
1310  -2.736  -14.241  11.277 0.0000000000
1311  -1.963  -13.932  14.028 0.0000000000
1313  -1.173  -1.514  28.933 0.0000000000
1315  -1.079  -29.275  25.407 0.0000000000
1316  -0.340  -22.196  24.326 0.0000000000
1317  0.036  -28.918  20.800 0.0000000000
1318  -0.808  -28.116  16.403 0.0000000000
1319  0.360  -34.773  16.232 0.0000000000
1320  1.222  -37.557  10.205 0.0000000000
1321  0.702  -39.910  16.760 0.0000000000
1332  -27.885  4.356  -13.445 0.0000000000
1333  -32.593  -0.811  -16.307 0.0000000000
1334  -30.137  -1.679  -14.713 0.0000000000
1335  -13.014  4.606  -13.934 0.0000000000
1336  -15.563  6.671  -15.568 0.0000000000
1337  -17.633  -1.432  -11.313 0.0000000000
1338  -36.164  -12.563  -20.025 0.0000000000
1339  -30.623  -9.335  -16.341 0.0000000000
1340  -35.442  -9.253  -23.716 0.0000000000
1341  -32.958  -6.209  -26.251 0.0000000000
1342  -30.654  -9.250  -28.884 0.0000000000
1344  -27.140  -11.828  -29.778 0.0000000000
1345  -24.839  -20.461  -24.083 0.0000000000
1419  -2.295  -9.248  -0.653 0.0000000000
1420  -2.501  -12.838  -5.984 0.0000000000
1421  -2.019  -18.508  -4.921 0.0000000000
1422  -12.801  -28.258  -5.936 0.0000000000
1423  -9.830  -25.127  -8.844 0.0000000000
1424  -15.640  -26.822  -8.414 0.0000000000
1425  -18.676  -26.073  -10.163 0.0000000000
1426  -23.924  -30.858  -7.586 0.0000000000
1427  -17.892  -41.726  1.618 0.0000000000
1428  -21.484  -38.560  3.593 0.0000000000
1429  -21.746  -41.735  0.158 0.0000000000
1430  -23.294  -37.052  -9.697 0.0000000000
1431  -29.170  -39.956  -5.242 0.0000000000
1432  -31.291  -38.510  -9.068 0.0000000000
1433  -36.270  -36.972  -7.871 0.0000000000
1434  -31.511  -35.558  -12.749 0.0000000000
1435  -31.672  -32.357  -15.322 0.0000000000
1436  -25.010  -31.792  -14.701 0.0000000000
1510  -3.938  -1.938  -10.812 0.0000000000
1511  -3.279  -13.213  -13.411 0.0000000000
1718  -0.740  19.003  12.890 0.0000000000
1719  -0.653  11.497  10.916 0.0000000000
1720  -0.601  12.168  14.997 0.0000000000
1721  -0.703  5.276  17.243 0.0000000000
1722  -0.641  -0.664  19.308 0.0000000000
1728  -2.710  -39.882  22.068 0.0000000000
1737  -18.074  -10.761  -12.568 0.0000000000
1738  -20.577  -8.494  -11.245 0.0000000000
1739  -25.850  -14.071  -11.980 0.0000000000
1740  -35.255  -15.830  -16.413 0.0000000000
1741  -36.849  -16.230  -21.986 0.0000000000
1742  -31.341  -16.250  -25.921 0.0000000000
1743  -34.744  -19.878  -22.165 0.0000000000
1744  -32.048  -22.886  -21.845 0.0000000000
1745  -28.854  -25.086  -20.958 0.0000000000
1788  -2.514  -19.283  2.732 0.0000000000
1789  -3.067  -22.461  -2.747 0.0000000000
1790  -4.301  -25.487  -0.271 0.0000000000
1791  -9.966  -29.059  -2.574 0.0000000000
1792  -15.927  -33.047  -4.143 0.0000000000
1794  -18.420  -40.230  -4.472 0.0000000000
1961  -11.774  1.410  -12.032 0.0000000000
1962  -7.777  5.123  -12.541 0.0000000000
1963  -8.993  -0.930  -15.837 0.0000000000
1964  -13.481  -6.182  -14.175 0.0000000000
1965  -15.852  -13.294  -14.615 0.0000000000
1966  -19.369  -18.723  -14.094 0.0000000000
1967  -26.470  -23.116  -11.475 0.0000000000
2001  -7.173  -34.729  8.004 0.0000000000
2002  -11.757  -34.759  5.497 0.0000000000
2003  -11.660  -37.679  4.984 0.0000000000
2004  -14.802  -41.375  3.142 0.0000000000
2152  -3.765  17.936  -4.722 0.0000000000
2153  -2.030  11.676  -1.720 0.0000000000
2154  -1.338  19.687  -2.390 0.0000000000
2155  -0.592  21.848  0.861 0.0000000000
2156  -0.639  23.907  4.617 0.0000000000
2158  -0.629  31.189  4.224 0.0000000000
2159  -0.428  25.220  9.087 0.0000000000
2160  -1.104  25.462  13.499 0.0000000000
2400  -1.680  2.195  -2.525 0.0000000000
2401  -0.858  4.970  -0.414 0.0000000000
2402  -1.855  -0.909  2.066 0.0000000000
2403  -2.690  -4.728  4.050 0.0000000000
2404  -1.252  3.249  8.624 0.0000000000
2405  -3.088  -2.759  7.333 0.0000000000
2406  -1.861  -9.909  6.022 0.0000000000
2407  -2.019  -16.130  7.529 0.0000000000
2408  -3.809  -21.331  9.120 0.0000000000
2409  -5.585  -26.103  10.683 0.0000000000
2410  -0.743  5.566  26.640 0.0000000000
2411  -0.371  -0.913  24.435 0.0000000000
2412  -0.491  -7.425  21.265 0.0000000000
2413  -1.189  -15.297  27.494 0.0000000000
2414  -0.397  -14.764  22.829 0.0000000000
2415  -0.689  -14.386  18.050 0.0000000000
2416  -1.692  -21.288  15.224 0.0000000000
2417  -3.601  -27.617  13.630 0.0000000000
2418  -4.746  -32.405  11.455 0.0000000000
2419  -1.318  -34.907  7.328 0.0000000000
2420  -0.962  -40.047  6.567 0.0000000000
2421  -5.150  -43.984  8.922 0.0000000000
2422  -2.996  -43.419  17.228 0.0000000000
2423  -5.743  -45.792  12.812 0.0000000000
2429  -30.148  11.255  -13.681 0.0000000000
2431  -27.585  11.308  -15.572 0.0000000000
2432  -32.067  4.931  -14.945 0.0000000000
2433  -33.681  0.858  -19.137 0.0000000000
2438  -22.247  2.482  -12.512 0.0000000000
2439  -22.902  -5.450  -11.252 0.0000000000
2440  -24.848  -4.035  -13.521 0.0000000000
2441  -27.205  -2.557  -14.337 0.0000000000
2442  -32.241  -4.897  -20.053 0.0000000000
2443  -30.233  -2.943  -26.648 0.0000000000
2536  -3.083  -5.550  -5.986 0.0000000000
2537  -0.786  -14.543  -10.090 0.0000000000
2538  -1.854  -20.636  -16.643 0.0000000000
2539  -2.086  -25.219  -8.559 0.0000000000
2540  -3.345  -23.472  -14.058 0.0000000000
2541  -7.485  -22.142  -17.968 0.0000000000
2542  -13.807  -24.524  -15.807 0.0000000000
2543  -22.267  -24.750  -11.111 0.0000000000
2544  -31.171  -27.004  -9.647 0.0000000000
2545  -15.918  -35.809  1.860 0.0000000000
2546  -21.071  -35.903  0.249 0.0000000000
2547  -25.798  -35.386  -0.999 0.0000000000
2548  -25.783  -41.361  -2.149 0.0000000000
2549  -30.227  -38.418  -0.130 0.0000000000
2550  -29.431  -33.950  -2.981 0.0000000000
2551  -32.946  -32.700  -4.964 0.0000000000
2552  -36.336  -32.107  -7.706 0.0000000000
2553  -38.744  -30.247  -11.061 0.0000000000
2554  -37.455  -31.007  -15.136 0.0000000000
2555  -30.785  -28.737  -18.000 0.0000000000
2556  -23.713  -25.166  -19.210 0.0000000000
2597  -4.146  11.324  -4.908 0.0000000000
2598  -4.223  7.771  -5.257 0.0000000000
2599  -3.266  5.893  -4.111 0.0000000000
2715  -1.640  15.640  22.086 0.0000000000
2725  -31.984  -22.852  -11.282 0.0000000000
2726  -34.079  -21.497  -12.265 0.0000000000
2727  -36.638  -23.710  -12.242 0.0000000000
2728  -38.932  -24.485  -14.086 0.0000000000
2729  -38.149  -25.970  -12.212 0.0000000000
2754  -7.092  -28.679  7.594 0.0000000000
2755  -7.226  -29.485  4.811 0.0000000000
2756  -8.185  -30.814  5.867 0.0000000000
2875  -5.320  -13.353  -16.816 0.0000000000
2876  -6.820  -11.392  -15.706 0.0000000000
2877  -7.497  -14.782  -19.944 0.0000000000
2878  -10.250  -16.334  -20.668 0.0000000000
2879  -8.796  -18.432  -20.736 0.0000000000
2904  -8.640  -44.335  6.942 0.0000000000
2905  -10.017  -44.175  6.014 0.0000000000
3224  -1.091  18.039  6.562 0.0000000000
3225  -0.795  13.842  5.883 0.0000000000
3226  -0.784  14.687  7.703 0.0000000000
3227  -0.820  -4.639  15.506 0.0000000000
3228  -1.508  -4.989  13.238 0.0000000000
3229  -1.635  -7.765  14.230 0.0000000000
3230  -2.413  -10.689  13.538 0.0000000000
3231  -1.372  -10.783  14.925 0.0000000000
3235  -0.513  -32.562  23.951 0.0000000000
3236  -0.172  -29.170  23.333 0.0000000000
3237  0.034  -32.484  21.426 0.0000000000
3238  0.114  -32.081  18.849 0.0000000000
3239  0.275  -35.451  19.098 0.0000000000
3240  0.569  -37.463  16.355 0.0000000000
3241  0.422  -37.878  19.511 0.0000000000
3250  -24.074  7.084  -14.680 0.0000000000
3251  -25.294  7.433  -14.828 0.0000000000
3252  -26.452  4.175  -13.143 0.0000000000
3253  -29.172  1.083  -13.328 0.0000000000
3254  -27.757  1.025  -12.761 0.0000000000
3255  -14.012  0.287  -12.004 0.0000000000
3256  -15.210  1.447  -12.180 0.0000000000
3257  -16.309  -2.426  -11.960 0.0000000000
3258  -36.609  -12.564  -23.089 0.0000000000
3259  -36.125  -10.843  -21.897 0.0000000000
3260  -35.407  -11.048  -25.047 0.0000000000
3261  -33.966  -9.404  -26.661 0.0000000000
3262  -32.354  -11.313  -27.267 0.0000000000
3263  -28.982  -10.582  -29.312 0.0000000000
3264  -30.826  -12.753  -27.609 0.0000000000
3339  -1.926  -11.978  -0.100 0.0000000000
3340  -2.644  -13.843  -2.836 0.0000000000
3341  -2.716  -16.387  -2.159 0.0000000000
3342  -15.895  -30.144  -6.476 0.0000000000
3343  -14.210  -27.405  -7.276 0.0000000000
3344  -17.757  -29.508  -7.268 0.0000000000
3345  -19.736  -29.021  -7.798 0.0000000000
3346  -22.146  -31.610  -6.824 0.0000000000
3347  -16.785  -42.230  -0.465 0.0000000000
3348  -19.704  -41.772  0.967 0.0000000000
3349  -18.630  -42.244  -1.375 0.0000000000
3350  -23.864  -35.790  -11.106 0.0000000000
3351  -27.319  -38.355  -9.972 0.0000000000
3352  -27.932  -37.021  -11.398 0.0000000000
3353  -31.731  -37.310  -10.902 0.0000000000
3354  -27.888  -35.371  -12.956 0.0000000000
3355  -28.218  -33.950  -14.172 0.0000000000
3356  -24.708  -33.099  -13.637 0.0000000000
3475  -3.549  -0.068  -7.574 0.0000000000
3476  -4.489  1.651  -8.284 0.0000000000
3477  -2.783  -4.241  -10.749 0.0000000000
3478  -2.337  -7.776  -12.797 0.0000000000
3479  -0.803  -9.931  -11.938 0.0000000000
3824  -0.487  19.164  14.972 0.0000000000
3825  -0.719  15.646  13.923 0.0000000000
3826  -0.522  15.779  15.988 0.0000000000
3827  -0.726  9.025  20.308 0.0000000000
3828  -0.677  8.838  18.264 0.0000000000
3829  -0.740  5.607  19.444 0.0000000000
3830  -0.729  2.332  18.409 0.0000000000
3831  -0.816  2.566  20.660 0.0000000000
3855  -19.860  -13.803  -12.410 0.0000000000
3856  -21.662  -12.752  -11.785 0.0000000000
3857  -24.142  -15.332  -11.849 0.0000000000
3858  -36.990  -18.847  -15.254 0.0000000000
3859  -34.233  -17.266  -14.762 0.0000000000
3860  -37.552  -17.329  -17.071 0.0000000000
3861  -37.790  -15.732  -19.072 0.0000000000
3862  -38.086  -17.721  -19.924 0.0000000000
3863  -35.814  -18.055  -22.163 0.0000000000
3864  -37.463  -19.688  -20.125 0.0000000000
3865  -37.009  -25.226  -18.280 0.0000000000
3866  -35.285  -23.292  -20.065 0.0000000000
3867  -33.896  -24.781  -19.798 0.0000000000
3868  -30.459  -24.050  -21.494 0.0000000000
3869  -32.343  -26.075  -19.495 0.0000000000
3939  -2.858  -21.630  3.787 0.0000000000
3940  -3.263  -22.765  1.302 0.0000000000
3941  -3.672  -24.729  2.136 0.0000000000
3942  -9.218  -31.076  -0.443 0.0000000000
3943  -8.361  -28.957  -0.810 0.0000000000
3944  -10.736  -31.304  -2.360 0.0000000000
3945  -12.372  -31.158  -3.945 0.0000000000
3946  -13.907  -33.327  -2.998 0.0000000000
4303  -10.476  6.811  -14.944 0.0000000000
4304  -9.781  5.057  -13.805 0.0000000000
4305  -6.804  8.038  -11.441 0.0000000000
4307  -7.010  2.833  -11.882 0.0000000000
4308  -9.013  -6.140  -13.944 0.0000000000
4309  -6.919  -1.197  -16.587 0.0000000000
4310  -10.028  -4.571  -15.184 0.0000000000
4311  -11.336  -3.457  -15.309 0.0000000000
4312  -12.393  -7.761  -13.956 0.0000000000
4313  -14.559  -10.151  -13.800 0.0000000000
4314  -13.538  -11.544  -15.166 0.0000000000
4315  -15.812  -19.779  -18.295 0.0000000000
4316  -16.495  -17.866  -16.744 0.0000000000
4317  -18.259  -20.288  -15.469 0.0000000000
4318  -22.383  -20.842  -12.469 0.0000000000
4319  -21.063  -22.057  -12.984 0.0000000000
4389  -6.711  -35.964  6.493 0.0000000000
4390  -9.315  -36.138  6.241 0.0000000000
4391  -8.817  -37.652  5.295 0.0000000000
4392  -12.661  -43.660  3.841 0.0000000000
4393  -13.069  -41.266  3.842 0.0000000000
4394  -13.709  -43.397  2.762 0.0000000000
4395  -14.633  -42.919  1.605 0.0000000000
4747  -4.585  21.117  -4.995 0.0000000000
4748  -2.628  18.743  -3.751 0.0000000000
4749  -3.339  22.076  -4.027 0.0000000000
4750  -1.805  27.736  -2.220 0.0000000000
4751  -0.971  24.425  -1.753 0.0000000000
4752  -0.376  25.630  0.022 0.0000000000
4753  -0.641  22.946  2.603 0.0000000000
4754  -0.223  26.869  1.914 0.0000000000
4758  -4.580  32.943  7.270 0.0000000000
4759  -3.129  32.948  4.789 0.0000000000
4760  -1.328  31.445  7.041 0.0000000000
4761  -0.308  28.573  6.823 0.0000000000
4762  -0.624  28.780  9.432 0.0000000000
4763  -0.491  25.505  11.343 0.0000000000
4764  -1.597  28.494  11.626 0.0000000000
4881  -5.071  19.116  -6.187 0.0000000000
5354  -1.201  12.968  -0.317 0.0000000000
5355  -1.400  8.306  -1.135 0.0000000000
5356  -0.959  9.734  0.428 0.0000000000
5357  -0.956  4.514  4.149 0.0000000000
5358  -0.724  3.199  2.561 0.0000000000
5359  -1.469  0.419  3.533 0.0000000000
5360  -2.666  -2.842  3.013 0.0000000000
5361  -2.544  -1.614  4.570 0.0000000000
5362  -0.723  7.870  11.916 0.0000000000
5363  -0.817  7.273  9.812 0.0000000000
5364  -1.014  4.023  10.827 0.0000000000
5365  -3.405  -4.596  9.943 0.0000000000
5366  -2.944  -2.454  8.692 0.0000000000
5367  -3.393  -4.566  8.542 0.0000000000
5368  -2.906  -5.353  7.088 0.0000000000
5369  -2.521  -8.172  8.200 0.0000000000
5370  -1.775  -13.155  6.778 0.0000000000
5371  -2.158  -11.504  8.988 0.0000000000
5372  -2.937  -17.544  11.919 0.0000000000
5373  -2.778  -17.967  10.192 0.0000000000
5374  -3.855  -20.707  11.024 0.0000000000
5375  -4.914  -23.514  9.956 0.0000000000
5376  -4.491  -23.572  11.671 0.0000000000
5378  -2.634  8.326  26.824 0.0000000000
5380  -0.455  -4.634  27.939 0.0000000000
5381  -0.259  -1.148  27.027 0.0000000000
5382  -0.277  -4.347  25.492 0.0000000000
5383  -0.454  -4.074  22.926 0.0000000000
5384  -0.303  -7.503  23.831 0.0000000000
5387  -2.178  -18.909  27.584 0.0000000000
5388  -0.252  -21.868  21.971 0.0000000000
5389  -0.353  -18.393  23.678 0.0000000000
5390  -0.410  -18.190  21.222 0.0000000000
5391  -0.538  -14.548  20.377 0.0000000000
5392  -0.641  -18.097  18.811 0.0000000000
5393  -0.987  -18.069  16.462 0.0000000000
5394  -0.979  -21.413  17.266 0.0000000000
5395  -0.829  -30.945  14.627 0.0000000000
5396  -2.196  -27.807  14.842 0.0000000000
5397  -2.718  -30.778  13.556 0.0000000000
5398  -4.362  -30.323  12.749 0.0000000000
5399  -2.798  -32.809  11.479 0.0000000000
5400  -3.194  -33.664  9.309 0.0000000000
5401  -0.171  -33.714  9.347 0.0000000000
5402  1.096  -40.545  10.793 0.0000000000
5403  1.024  -38.937  7.749 0.0000000000
5404  0.219  -41.759  8.725 0.0000000000
5405  -2.494  -42.233  7.771 0.0000000000
5406  -1.924  -43.468  9.884 0.0000000000
5407  -5.116  -41.627  21.689 0.0000000000
5408  -2.423  -41.815  19.722 0.0000000000
5409  -4.999  -43.571  19.479 0.0000000000
5433  -27.759  7.787  -15.075 0.0000000000
5434  -26.496  10.926  -16.374 0.0000000000
5435  -28.852  8.144  -15.083 0.0000000000
5436  -29.984  8.282  -14.872 0.0000000000
5437  -31.041  4.652  -14.620 0.0000000000
5438  -33.018  2.393  -16.361 0.0000000000
5439  -32.236  1.834  -15.382 0.0000000000
5440  -33.351  -1.980  -18.954 0.0000000000
5441  -33.536  -0.884  -20.567 0.0000000000
5442  -32.716  -0.932  -23.302 0.0000000000
5444  -31.036  -0.839  -25.103 0.0000000000
5448  -17.501  3.353  -13.379 0.0000000000
5450  -18.736  4.221  -13.943 0.0000000000
5451  -20.093  4.905  -14.136 0.0000000000
5452  -20.927  1.562  -12.385 0.0000000000
5453  -24.168  -10.007  -11.443 0.0000000000
5454  -21.801  -6.817  -10.906 0.0000000000
5455  -25.237  -8.551  -12.061 0.0000000000
5456  -31.085  -8.238  -17.765 0.0000000000
5457  -27.477  -6.621  -14.265 0.0000000000
5458  -28.171  -5.959  -15.476 0.0000000000
5459  -25.905  -3.129  -14.284 0.0000000000
5460  -28.720  -5.103  -16.786 0.0000000000
5461  -29.810  -4.153  -17.082 0.0000000000
5462  -31.530  -5.992  -19.872 0.0000000000
5463  -30.599  -5.541  -28.446 0.0000000000
5464  -31.616  -4.655  -26.708 0.0000000000
5465  -28.827  -3.422  -28.499 0.0000000000
5475  -29.754  -17.671  -26.110 0.0000000000
5476  -27.670  -15.403  -27.997 0.0000000000
5477  -25.824  -16.431  -27.614 0.0000000000
5694  -1.951  -0.914  -1.891 0.0000000000
5695  -2.253  -1.062  -3.740 0.0000000000
5696  -3.184  -4.705  -3.670 0.0000000000
5697  -0.493  -17.002  -7.792 0.0000000000
5698  -1.337  -13.726  -8.118 0.0000000000
5699  0.458  -17.889  -10.632 0.0000000000
5700  -0.784  -18.917  -13.840 0.0000000000
5701  0.218  -21.136  -14.453 0.0000000000
5702  -4.242  -25.085  -4.108 0.0000000000
5703  -2.273  -24.221  -5.554 0.0000000000
5704  -4.965  -25.814  -6.926 0.0000000000
5705  -10.676  -24.068  -10.423 0.0000000000
5706  -7.223  -24.523  -11.558 0.0000000000
5707  -8.100  -23.268  -13.309 0.0000000000
5708  -5.358  -22.638  -15.972 0.0000000000
5709  -9.401  -22.725  -15.127 0.0000000000
5710  -10.900  -23.346  -17.023 0.0000000000
5711  -12.433  -23.799  -14.047 0.0000000000
5712  -23.200  -27.677  -9.339 0.0000000000
5713  -20.415  -25.437  -10.713 0.0000000000
5714  -25.129  -27.040  -10.158 0.0000000000
5715  -27.048  -26.174  -10.822 0.0000000000
5716  -29.440  -28.161  -9.554 0.0000000000
5717  -14.763  -36.694  4.612 0.0000000000
5718  -13.793  -35.266  3.497 0.0000000000
5719  -17.164  -36.804  3.877 0.0000000000
5720  -24.071  -38.442  3.212 0.0000000000
5721  -22.114  -36.635  2.569 0.0000000000
5722  -24.575  -36.435  2.016 0.0000000000
5723  -23.560  -35.716  -0.348 0.0000000000
5724  -26.932  -36.300  1.656 0.0000000000
5725  -19.929  -39.821  -5.742 0.0000000000
5726  -22.347  -41.805  -3.741 0.0000000000
5727  -23.946  -41.272  -5.315 0.0000000000
5728  -32.096  -39.531  -4.127 0.0000000000
5729  -30.480  -39.675  -2.254 0.0000000000
5730  -31.920  -38.402  -1.973 0.0000000000
5731  -30.559  -36.391  -0.997 0.0000000000
5732  -32.249  -35.990  -2.634 0.0000000000
5733  -31.195  -33.210  -3.918 0.0000000000
5734  -33.830  -35.557  -4.325 0.0000000000
5735  -37.181  -35.932  -9.990 0.0000000000
5736  -36.897  -34.865  -7.817 0.0000000000
5737  -38.014  -34.066  -9.620 0.0000000000
5738  -37.721  -31.394  -9.353 0.0000000000
5739  -38.828  -32.658  -11.401 0.0000000000
5740  -39.266  -31.088  -13.004 0.0000000000
5741  -37.717  -32.872  -13.757 0.0000000000
5742  -28.212  -30.708  -16.488 0.0000000000
5743  -31.322  -30.528  -16.570 0.0000000000
5744  -27.834  -28.953  -17.764 0.0000000000
5745  -27.223  -27.122  -18.873 0.0000000000
5746  -24.520  -26.831  -17.875 0.0000000000
5828  -5.640  11.827  -8.095 0.0000000000
5829  -4.874  9.779  -6.652 0.0000000000
5830  -3.758  4.193  -5.978 0.0000000000
5831  -2.941  -1.635  -7.098 0.0000000000
6038  -1.264  19.090  18.974 0.0000000000
6039  -0.586  15.958  18.076 0.0000000000
6040  -0.915  16.072  20.251 0.0000000000
6041  -0.698  12.767  21.372 0.0000000000
6042  -0.615  9.194  22.495 0.0000000000
6057  -25.193  -18.630  -11.867 0.0000000000
6058  -27.284  -17.665  -12.046 0.0000000000
6059  -30.818  -19.721  -12.224 0.0000000000
6060  -35.690  -20.253  -13.607 0.0000000000
6061  -38.606  -20.650  -15.897 0.0000000000
6062  -38.832  -21.300  -18.340 0.0000000000
6063  -39.217  -22.838  -16.304 0.0000000000
6064  -39.239  -25.006  -16.450 0.0000000000
6065  -38.642  -27.209  -16.317 0.0000000000
6108  -4.947  -25.294  5.593 0.0000000000
6109  -4.970  -26.170  2.956 0.0000000000
6110  -6.256  -27.746  3.838 0.0000000000
6111  -7.982  -30.378  2.073 0.0000000000
6112  -10.155  -32.919  0.356 0.0000000000
6327  -5.122  -2.577  -12.530 0.0000000000
6328  -5.933  -1.005  -13.766 0.0000000000
6329  -6.321  -5.620  -12.941 0.0000000000
6330  -8.115  -9.017  -14.027 0.0000000000
6331  -10.144  -11.340  -16.342 0.0000000000
6332  -12.467  -12.972  -17.143 0.0000000000
6333  -11.368  -14.597  -19.220 0.0000000000
6334  -13.369  -18.249  -20.186 0.0000000000
6335  -15.014  -21.697  -18.943 0.0000000000
6378  -6.372  -39.839  5.679 0.0000000000
6379  -8.653  -39.459  5.028 0.0000000000
6380  -8.929  -41.542  5.247 0.0000000000
6381  -11.375  -43.826  4.929 0.0000000000
6595  -5.025  29.121  -3.483 0.0000000000
6596  -4.015  30.418  -2.097 0.0000000000
6956  -0.919  15.924  3.054 0.0000000000
6957  -0.768  11.271  2.420 0.0000000000
6958  -0.799  12.681  4.154 0.0000000000
6959  -0.807  9.033  5.107 0.0000000000
6960  -1.087  5.555  5.815 0.0000000000
6961  -0.908  1.474  13.969 0.0000000000
6962  -1.061  0.783  11.731 0.0000000000
6963  -1.165  -2.250  12.396 0.0000000000
6964  -2.672  -4.839  11.469 0.0000000000
6965  -3.216  -7.117  11.112 0.0000000000
6966  -2.745  -10.506  10.671 0.0000000000
6967  -3.087  -10.300  12.143 0.0000000000
6968  -2.748  -13.919  12.710 0.0000000000
6969  -2.435  -17.391  13.293 0.0000000000
6973  -1.872  -5.033  29.424 0.0000000000
6974  -0.879  -8.169  28.555 0.0000000000
6975  -2.004  -25.934  26.474 0.0000000000
6976  -1.137  -22.466  26.303 0.0000000000
6977  -0.498  -25.860  24.913 0.0000000000
6978  -0.118  -25.611  22.589 0.0000000000
6979  -0.164  -25.274  20.120 0.0000000000
6980  -0.572  -24.986  17.927 0.0000000000
6981  -0.098  -28.470  18.492 0.0000000000
6982  0.042  -31.478  16.482 0.0000000000
6983  0.487  -33.739  13.842 0.0000000000
6984  0.988  -34.790  10.825 0.0000000000
6985  0.849  -36.403  13.211 0.0000000000
6986  0.922  -39.177  13.410 0.0000000000
6987  0.730  -41.611  14.046 0.0000000000
7005  -26.610  7.635  -15.018 0.0000000000
7006  -28.948  4.506  -13.732 0.0000000000
7007  -31.268  1.514  -14.435 0.0000000000
7008  -30.262  1.269  -13.767 0.0000000000
7009  -31.492  -1.312  -15.343 0.0000000000
7010  -32.501  -2.871  -17.828 0.0000000000
7013  -14.222  5.754  -14.853 0.0000000000
7014  -16.348  2.424  -12.620 0.0000000000
7015  -18.758  -0.659  -11.499 0.0000000000
7016  -33.092  -12.969  -16.938 0.0000000000
7017  -29.711  -10.372  -14.988 0.0000000000
7018  -33.741  -11.401  -18.632 0.0000000000
7019  -34.036  -9.675  -20.195 0.0000000000
7020  -33.888  -8.287  -21.845 0.0000000000
7021  -33.286  -6.896  -22.911 0.0000000000
7022  -34.298  -7.835  -25.217 0.0000000000
7023  -32.208  -7.670  -27.895 0.0000000000
7024  -28.931  -6.758  -29.986 0.0000000000
7025  -25.884  -4.989  -31.212 0.0000000000
7026  -27.237  -8.134  -30.717 0.0000000000
7027  -25.330  -9.150  -30.889 0.0000000000
7029  -26.512  -19.867  -25.162 0.0000000000
7161  -2.924  -6.585  -1.042 0.0000000000
7162  -3.088  -8.007  -3.622 0.0000000000
7163  -2.729  -11.071  -3.351 0.0000000000
7164  -2.222  -15.881  -5.566 0.0000000000
7165  -0.070  -19.952  -7.264 0.0000000000
7166  -10.381  -26.808  -4.976 0.0000000000
7167  -8.659  -25.924  -6.929 0.0000000000
7168  -11.715  -26.222  -6.863 0.0000000000
7169  -12.661  -25.218  -8.293 0.0000000000
7170  -13.654  -24.823  -9.770 0.0000000000
7171  -14.442  -24.942  -11.486 0.0000000000
7172  -17.159  -26.505  -9.378 0.0000000000
7173  -21.353  -28.235  -8.545 0.0000000000
7174  -25.819  -30.108  -8.507 0.0000000000
7175  -17.847  -40.137  3.232 0.0000000000
7176  -18.993  -38.623  3.807 0.0000000000
7177  -19.689  -40.335  2.684 0.0000000000
7178  -22.150  -40.282  2.366 0.0000000000
7179  -24.250  -40.352  1.779 0.0000000000
7180  -22.340  -38.095  -8.370 0.0000000000
7181  -25.363  -40.494  -6.859 0.0000000000
7182  -26.510  -39.435  -8.421 0.0000000000
7183  -30.359  -39.384  -7.172 0.0000000000
7184  -33.462  -38.958  -6.129 0.0000000000
7185  -35.039  -37.582  -5.918 0.0000000000
7186  -34.459  -38.096  -8.252 0.0000000000
7187  -34.987  -36.963  -10.261 0.0000000000
7188  -34.768  -35.379  -12.436 0.0000000000
7189  -34.756  -33.683  -14.047 0.0000000000
7190  -31.652  -34.019  -14.103 0.0000000000
7191  -28.371  -32.371  -15.310 0.0000000000
7192  -25.068  -30.147  -15.735 0.0000000000
7361  -6.180  5.382  -10.081 0.0000000000
7362  -5.542  8.048  -8.180 0.0000000000
7363  -5.446  3.242  -9.067 0.0000000000
7364  -5.136  -0.215  -11.032 0.0000000000
7365  -3.829  -4.859  -12.544 0.0000000000
7366  -3.994  -10.992  -13.587 0.0000000000
7367  -3.928  -15.492  -17.248 0.0000000000
7850  -1.004  18.836  10.827 0.0000000000
7851  -0.828  15.161  9.783 0.0000000000
7852  -0.812  15.398  11.833 0.0000000000
7853  -0.645  11.872  12.941 0.0000000000
7854  -0.699  8.359  13.966 0.0000000000
7855  -0.565  12.412  17.123 0.0000000000
7856  -0.649  8.597  16.048 0.0000000000
7857  -0.778  4.998  15.044 0.0000000000
7858  -0.839  1.907  16.176 0.0000000000
7859  -0.774  -1.046  17.093 0.0000000000
7860  -0.669  -4.146  17.804 0.0000000000
7869  -3.584  -29.125  26.464 0.0000000000
7870  -2.375  -32.453  25.438 0.0000000000
7871  -1.294  -35.483  23.940 0.0000000000
7872  -0.609  -37.969  22.181 0.0000000000
7873  -3.351  -37.606  23.822 0.0000000000
7892  -22.746  6.587  -14.451 0.0000000000
7893  -16.492  -7.157  -12.975 0.0000000000
7894  -17.578  -6.274  -12.179 0.0000000000
7895  -19.496  -9.735  -11.936 0.0000000000
7896  -23.040  -11.526  -11.426 0.0000000000
7897  -27.185  -12.970  -12.580 0.0000000000
7898  -29.060  -16.577  -12.729 0.0000000000
7899  -30.725  -15.427  -14.005 0.0000000000
7900  -32.157  -14.352  -15.447 0.0000000000
7901  -35.945  -14.218  -18.159 0.0000000000
7902  -37.397  -14.148  -21.144 0.0000000000
7903  -35.507  -14.578  -23.966 0.0000000000
7904  -32.716  -14.734  -25.936 0.0000000000
7905  -34.306  -16.405  -24.103 0.0000000000
7906  -33.087  -18.085  -24.176 0.0000000000
7907  -31.677  -19.629  -24.189 0.0000000000
7908  -36.497  -21.607  -20.132 0.0000000000
7909  -33.502  -21.497  -22.095 0.0000000000
7910  -30.154  -21.002  -23.923 0.0000000000
7911  -28.521  -22.024  -23.441 0.0000000000
7912  -26.873  -22.769  -22.553 0.0000000000
7913  -25.220  -23.302  -21.474 0.0000000000
8010  -2.280  -16.859  1.649 0.0000000000
8011  -2.899  -18.685  -1.156 0.0000000000
8012  -3.143  -20.709  0.099 0.0000000000
8013  -3.660  -23.921  -1.352 0.0000000000
8014  -5.772  -25.670  -2.415 0.0000000000
8015  -5.524  -26.822  0.620 0.0000000000
8016  -7.237  -26.922  -1.272 0.0000000000
8017  -8.937  -26.765  -2.836 0.0000000000
8018  -11.440  -28.670  -4.190 0.0000000000
8019  -14.078  -30.656  -5.295 0.0000000000
8020  -18.065  -32.645  -5.208 0.0000000000
8022  -16.585  -40.458  -3.383 0.0000000000
8475  -11.398  8.459  -15.842 0.0000000000
8476  -12.329  3.098  -12.870 0.0000000000
8477  -13.210  -0.995  -12.323 0.0000000000
8480  -7.931  7.654  -14.201 0.0000000000
8481  -6.441  0.258  -15.114 0.0000000000
8482  -8.107  0.846  -14.091 0.0000000000
8483  -9.495  2.739  -12.521 0.0000000000
8484  -10.792  -0.331  -13.112 0.0000000000
8485  -12.328  -2.304  -14.018 0.0000000000
8486  -14.383  -4.723  -13.912 0.0000000000
8487  -15.606  -8.707  -13.300 0.0000000000
8488  -16.962  -12.047  -13.266 0.0000000000
8489  -18.525  -14.957  -13.364 0.0000000000
8490  -14.872  -14.681  -16.627 0.0000000000
8491  -17.436  -16.260  -14.875 0.0000000000
8492  -20.738  -17.470  -12.832 0.0000000000
8493  -23.808  -19.713  -12.053 0.0000000000
8494  -27.591  -21.939  -11.487 0.0000000000
8495  -30.801  -24.025  -10.921 0.0000000000
8583  -7.676  -32.905  9.080 0.0000000000
8584  -9.132  -32.864  6.948 0.0000000000
8585  -9.474  -34.496  7.136 0.0000000000
8586  -11.973  -36.421  5.586 0.0000000000
8587  -14.562  -38.010  4.554 0.0000000000
8588  -11.296  -39.345  4.442 0.0000000000
8589  -13.817  -39.321  3.981 0.0000000000
8590  -16.066  -39.703  3.708 0.0000000000
8591  -16.456  -41.497  2.412 0.0000000000
8592  -15.611  -42.480  0.529 0.0000000000
9022  -3.418  14.002  -4.066 0.0000000000
9023  -2.931  10.547  -2.735 0.0000000000
9024  -2.510  14.753  -3.182 0.0000000000
9025  -1.401  15.786  -1.979 0.0000000000
9026  -0.863  17.028  -0.464 0.0000000000
9027  -1.902  23.185  -2.923 0.0000000000
9028  -0.736  20.699  -0.866 0.0000000000
9029  -0.907  18.294  1.116 0.0000000000
9030  -1.103  19.492  2.950 0.0000000000
9031  -1.273  20.451  4.781 0.0000000000
9032  -1.222  21.298  6.813 0.0000000000
9035  -3.015  31.776  -0.214 0.0000000000
9037  -2.507  32.564  2.162 0.0000000000
9038  -0.615  30.481  1.640 0.0000000000
9039  -0.238  27.917  4.237 0.0000000000
9040  -0.524  24.796  6.729 0.0000000000
9041  -0.941  21.785  9.021 0.0000000000
9042  -0.623  22.111  11.082 0.0000000000
9043  -0.451  22.271  13.185 0.0000000000
9044  -0.750  22.341  15.383 0.0000000000
9046  -2.512  24.984  15.357 0.0000000000
9047  -1.699  22.142  17.213 0.0000000000
9048  -3.466  21.542  18.881 0.0000000000
9185  -4.426  15.687  -5.572 0.0000000000
9756  -2.598  5.713  -2.996 0.0000000000
9757  -2.005  7.134  -2.181 0.0000000000
9758  -1.168  3.452  -1.468 0.0000000000
9759  -1.238  0.428  -0.402 0.0000000000
9760  -0.716  6.395  1.382 0.0000000000
9761  -0.852  1.652  0.999 0.0000000000
9762  -2.392  -2.184  0.391 0.0000000000
9763  -2.823  -4.402  1.193 0.0000000000
9764  -2.429  -6.717  1.934 0.0000000000
9765  -1.818  -9.328  2.645 0.0000000000
9766  -0.707  10.950  8.852 0.0000000000
9767  -1.004  6.519  7.780 0.0000000000
9768  -1.342  2.483  6.612 0.0000000000
9769  -1.539  0.136  9.419 0.0000000000
9770  -2.207  -0.378  7.508 0.0000000000
9771  -2.397  -0.848  6.079 0.0000000000
9772  -2.984  -3.334  5.752 0.0000000000
9773  -2.270  -7.094  5.138 0.0000000000
9774  -1.599  -12.145  3.349 0.0000000000
9775  -1.699  -14.867  4.193 0.0000000000
9776  -2.013  -17.606  5.115 0.0000000000
9777  -2.611  -20.142  6.086 0.0000000000
9778  -2.231  -15.023  9.610 0.0000000000
9779  -2.611  -18.903  8.241 0.0000000000
9780  -3.748  -22.241  7.081 0.0000000000
9781  -4.922  -24.189  7.998 0.0000000000
9782  -5.989  -26.266  8.836 0.0000000000
9783  -6.632  -28.614  9.825 0.0000000000
9784  -2.826  11.655  25.189 0.0000000000
9785  -0.896  9.097  25.092 0.0000000000
9786  -0.408  5.881  24.146 0.0000000000
9787  -0.783  1.974  27.962 0.0000000000
9788  -0.298  2.346  25.673 0.0000000000
9789  -0.567  2.479  23.087 0.0000000000
9790  -0.634  -0.754  21.889 0.0000000000
9791  -0.525  -3.907  20.338 0.0000000000
9792  -0.648  -7.362  18.784 0.0000000000
9794  -1.897  -11.919  28.665 0.0000000000
9795  -0.598  -11.553  27.027 0.0000000000
9796  -0.682  -18.633  26.033 0.0000000000
9797  -0.470  -14.940  25.371 0.0000000000
9798  -0.358  -11.270  24.599 0.0000000000
9799  -0.440  -11.077  22.055 0.0000000000
9800  -0.592  -11.085  19.496 0.0000000000
9801  -0.747  -11.010  17.118 0.0000000000
9802  -1.095  -14.237  15.689 0.0000000000
9803  -1.646  -17.758  14.712 0.0000000000
9804  -2.604  -21.141  13.910 0.0000000000
9805  -1.539  -24.744  15.980 0.0000000000
9806  -2.659  -24.628  14.375 0.0000000000
9807  -3.796  -24.184  13.137 0.0000000000
9808  -4.751  -26.867  12.554 0.0000000000
9809  -5.592  -29.340  11.792 0.0000000000
9810  -6.457  -31.543  10.767 0.0000000000
9811  -5.685  -33.695  9.917 0.0000000000
9812  -4.498  -34.672  7.751 0.0000000000
9813  -3.723  -36.319  6.300 0.0000000000
9814  0.966  -35.799  8.035 0.0000000000
9815  -0.510  -37.235  6.274 0.0000000000
9816  -3.438  -38.541  5.913 0.0000000000
9817  -4.274  -40.913  6.407 0.0000000000
9818  -5.735  -42.973  7.281 0.0000000000
9819  -7.960  -45.121  8.123 0.0000000000
9820  -0.160  -40.094  19.887 0.0000000000
9821  -0.286  -41.913  17.237 0.0000000000
9822  -0.989  -43.327  14.677 0.0000000000
9824  -3.988  -44.650  14.930 0.0000000000
9825  -2.600  -44.136  12.482 0.0000000000
9826  -5.148  -44.962  10.830 0.0000000000
9827  -7.707  -46.104  9.514 0.0000000000
9845  -32.354  7.891  -13.940 0.0000000000
9852  -28.869  11.353  -14.606 0.0000000000
9853  -31.187  8.326  -14.443 0.0000000000
9854  -33.218  4.838  -15.179 0.0000000000
9855  -33.907  2.899  -17.341 0.0000000000
9856  -33.893  2.011  -20.549 0.0000000000
9858  -33.254  -0.049  -17.480 0.0000000000
9871  -21.390  5.769  -14.286 0.0000000000
9872  -23.662  3.222  -12.618 0.0000000000
9873  -18.943  -4.927  -11.200 0.0000000000
9874  -20.348  -3.754  -10.968 0.0000000000
9875  -21.351  -3.102  -11.436 0.0000000000
9876  -26.412  -7.545  -13.068 0.0000000000
9877  -23.837  -4.699  -12.346 0.0000000000
9878  -22.147  -2.076  -12.324 0.0000000000
9879  -23.309  -1.041  -12.551 0.0000000000
9880  -24.745  -0.301  -12.431 0.0000000000
9881  -26.389  0.282  -12.516 0.0000000000
9882  -28.751  -2.121  -14.580 0.0000000000
9883  -31.162  -3.573  -17.261 0.0000000000
9884  -32.818  -3.765  -20.807 0.0000000000
9885  -32.836  -5.529  -23.645 0.0000000000
9886  -32.313  -4.124  -24.102 0.0000000000
9887  -31.574  -2.618  -24.483 0.0000000000
9900  -29.298  -14.112  -27.808 0.0000000000
9901  -25.309  -12.879  -29.572 0.0000000000
10162  -2.326  2.154  -3.830 0.0000000000
10163  -2.472  -1.258  -5.475 0.0000000000
10164  -2.746  -6.363  -8.356 0.0000000000
10165  -2.960  -9.300  -6.152 0.0000000000
10166  -2.035  -10.219  -8.422 0.0000000000
10167  -0.838  -10.492  -10.080 0.0000000000
10168  -2.079  -14.618  -11.852 0.0000000000
10169  -2.610  -17.723  -15.816 0.0000000000
10170  -3.550  -19.000  -18.464 0.0000000000
10171  -2.346  -20.833  -4.052 0.0000000000
10172  -0.687  -22.689  -6.529 0.0000000000
10173  0.252  -23.445  -9.686 0.0000000000
10174  -6.312  -25.733  -9.497 0.0000000000
10175  -2.527  -24.719  -11.491 0.0000000000
10176  0.196  -23.026  -13.536 0.0000000000
10177  -1.610  -22.255  -16.215 0.0000000000
10178  -3.779  -21.456  -17.983 0.0000000000
10179  -6.157  -20.087  -19.649 0.0000000000
10180  -9.840  -21.749  -19.632 0.0000000000
10181  -12.955  -23.436  -18.739 0.0000000000
10182  -15.768  -23.769  -16.846 0.0000000000
10183  -15.743  -25.206  -12.897 0.0000000000
10184  -17.538  -24.604  -13.736 0.0000000000
10185  -19.159  -23.351  -13.757 0.0000000000
10186  -24.294  -24.021  -11.376 0.0000000000
10187  -28.846  -25.081  -10.942 0.0000000000
10188  -33.147  -26.019  -9.933 0.0000000000
10189  -10.314  -33.447  4.223 0.0000000000
10190  -11.627  -34.397  1.783 0.0000000000
10191  -13.662  -35.047  -0.115 0.0000000000
10192  -19.535  -36.763  3.021 0.0000000000
10193  -18.360  -35.987  0.910 0.0000000000
10194  -16.129  -35.140  -1.411 0.0000000000
10195  -18.741  -35.108  -2.269 0.0000000000
10196  -21.067  -34.728  -3.064 0.0000000000
10197  -23.262  -34.387  -3.945 0.0000000000
10198  -20.579  -42.115  -2.439 0.0000000000
10199  -23.837  -41.628  -0.740 0.0000000000
10200  -26.219  -40.362  0.601 0.0000000000
10201  -27.571  -40.619  -3.643 0.0000000000
10202  -28.456  -40.048  -0.682 0.0000000000
10203  -28.501  -38.638  1.297 0.0000000000
10204  -28.980  -36.454  0.560 0.0000000000
10205  -27.643  -34.797  -1.895 0.0000000000
10206  -25.323  -33.825  -4.924 0.0000000000
10207  -27.278  -32.985  -5.700 0.0000000000
10208  -28.881  -31.835  -6.441 0.0000000000
10209  -30.521  -30.748  -6.975 0.0000000000
10210  -35.490  -35.342  -6.035 0.0000000000
10211  -34.723  -32.399  -6.287 0.0000000000
10212  -32.272  -29.841  -7.486 0.0000000000
10213  -34.239  -29.103  -8.174 0.0000000000
10214  -36.073  -28.488  -9.322 0.0000000000
10215  -37.491  -27.517  -10.759 0.0000000000
10216  -39.357  -28.714  -12.635 0.0000000000
10217  -39.234  -29.264  -14.776 0.0000000000
10218  -36.764  -28.901  -16.553 0.0000000000
10219  -34.703  -31.858  -15.295 0.0000000000
10220  -34.194  -29.934  -16.579 0.0000000000
10221  -33.452  -27.988  -17.958 0.0000000000
10222  -29.800  -26.826  -19.427 0.0000000000
10223  -26.211  -25.167  -20.146 0.0000000000
