#!ascii label  , from subject fsaverage5 vox2ras=TkReg 
331
5268  -8.348  -101.940  2.393 0.6999999881
5269  -10.628  -102.706  0.858 0.3000000119
5271  -13.395  -102.643  0.426 0.3000000119
2367  -15.190  -102.171  -2.721 0.4000000060
9652  -7.093  -100.944  4.726 0.8000000119
9653  -9.045  -100.769  0.825 0.8000000119
2366  -10.257  -101.979  -1.279 0.8000000119
5270  -12.514  -102.575  -2.359 0.4000000060
9655  -13.171  -101.745  -4.476 0.8999999762
9656  -15.512  -102.331  -5.393 0.6999999881
5266  -6.095  -99.396  6.343 1.0000000000
2365  -8.630  -99.727  3.536 0.8999999762
2896  -17.850  -100.670  -8.008 0.6999999881
976  -15.872  -100.797  -7.896 0.8999999762
5265  -8.462  -98.180  5.358 1.0000000000
9650  -11.821  -97.747  2.515 1.0000000000
9651  -11.753  -98.852  -0.033 1.0000000000
9654  -11.841  -100.442  -2.616 1.0000000000
86  -20.206  -100.153  -7.890 0.5000000000
2898  -19.487  -99.581  -12.091 0.6999999881
2897  -17.397  -99.787  -11.711 1.0000000000
5264  -6.038  -97.816  7.258 1.0000000000
2364  -8.225  -96.371  6.542 1.0000000000
9664  -16.510  -101.443  -0.014 0.3000000119
7391  -21.353  -98.744  -11.773 0.6000000238
8565  -21.127  -98.378  -15.595 0.5000000000
978  -18.667  -98.783  -15.758 0.6999999881
5263  -5.491  -95.399  7.730 1.0000000000
5262  -4.338  -96.299  9.465 0.8999999762
9649  -11.562  -96.472  4.132 1.0000000000
2363  -3.559  -93.390  9.793 0.8000000119
5651  -6.607  -95.534  -10.501 1.0000000000
443  -8.651  -96.571  -11.040 1.0000000000
6364  -15.231  -99.703  -5.869 1.0000000000
7135  -7.745  -94.473  -12.075 0.8999999762
8561  -10.459  -96.985  -11.942 0.8000000119
8558  -10.597  -97.330  -9.535 1.0000000000
6366  -16.670  -99.087  -10.565 1.0000000000
7134  -9.957  -95.390  -11.756 0.6000000238
8560  -12.102  -97.977  -11.578 1.0000000000
6367  -16.623  -98.924  -14.607 0.8000000119
5650  -7.658  -95.054  -7.199 1.0000000000
2518  -5.283  -94.072  -9.128 1.0000000000
5649  -9.135  -96.470  -8.323 1.0000000000
442  -15.129  -98.287  -3.664 1.0000000000
10111  -5.958  -93.081  -12.251 0.8000000119
6365  -16.736  -97.723  -8.711 1.0000000000
5261  -3.803  -93.674  12.731 0.4000000060
9647  -7.428  -93.881  6.174 1.0000000000
1992  -13.520  -96.515  -8.335 1.0000000000
8566  -20.607  -97.349  -17.280 0.5000000000
6368  -17.674  -97.727  -16.995 0.6000000238
9646  -4.576  -92.812  7.122 1.0000000000
9648  -11.077  -94.678  5.361 1.0000000000
1990  -14.371  -95.276  0.061 1.0000000000
8557  -12.685  -95.272  -6.730 1.0000000000
8559  -14.328  -97.576  -10.522 1.0000000000
977  -15.374  -98.382  -12.802 1.0000000000
4369  -15.508  -97.892  -15.685 0.8000000119
10109  -7.289  -93.140  -5.405 1.0000000000
4366  -14.929  -96.629  -1.643 1.0000000000
10108  -10.516  -92.628  -4.237 1.0000000000
1991  -11.608  -94.307  -5.642 1.0000000000
7136  -9.801  -92.989  -10.755 0.3000000119
4368  -16.143  -96.223  -6.775 1.0000000000
4370  -13.544  -98.092  -13.758 0.8999999762
1993  -12.113  -97.165  -13.556 0.8000000119
8567  -19.959  -95.815  -16.588 0.3000000119
9621  -10.077  -92.388  5.276 1.0000000000
8554  -13.711  -94.079  1.782 1.0000000000
444  -17.146  -96.571  -15.906 0.4000000060
2355  -6.708  -91.591  5.566 1.0000000000
10112  -4.226  -91.795  -10.146 0.8000000119
4367  -15.446  -94.963  -4.727 1.0000000000
9644  -3.210  -90.451  13.335 0.2000000030
9645  -2.707  -89.818  10.066 0.8000000119
10110  -4.932  -92.519  -5.844 1.0000000000
8556  -14.649  -93.778  -3.249 1.0000000000
34  -13.008  -92.719  3.053 1.0000000000
828  -10.613  -91.095  -2.761 1.0000000000
9620  -9.150  -90.618  4.989 1.0000000000
2746  -12.277  -91.387  3.452 1.0000000000
5241  -3.641  -89.441  8.389 0.8999999762
8555  -13.762  -92.671  -1.815 1.0000000000
6098  -7.823  -90.636  -3.532 1.0000000000
1405  -8.124  -91.463  -12.316 0.3000000119
9642  -3.730  -86.835  13.472 0.4000000060
573  -2.924  -86.270  11.489 0.5000000000
5240  -5.901  -89.769  7.439 1.0000000000
5653  -6.223  -90.448  -12.805 0.3000000119
5239  -4.285  -86.896  10.337 0.6999999881
826  -11.450  -89.994  3.843 1.0000000000
2748  -12.854  -91.288  -0.221 1.0000000000
2747  -12.569  -90.383  0.632 1.0000000000
2354  -6.093  -87.589  10.006 0.8999999762
9619  -8.463  -89.172  6.605 1.0000000000
6097  -10.836  -89.389  -1.619 1.0000000000
5652  -9.143  -89.020  -12.696 0.1000000015
10113  -3.888  -90.387  -6.605 0.6999999881
348  -5.444  -90.029  -3.465 1.0000000000
6096  -12.214  -88.896  1.691 1.0000000000
5238  -5.254  -83.877  11.520 0.8999999762
9618  -8.612  -87.880  9.204 1.0000000000
5237  -3.840  -83.315  12.388 0.6000000238
6094  -10.939  -88.494  5.270 1.0000000000
3919  -8.157  -88.766  -2.292 1.0000000000
2519  -4.494  -89.486  -10.112 0.5000000000
9615  -9.118  -85.394  11.199 1.0000000000
6888  -4.246  -83.375  14.390 0.4000000060
9617  -7.015  -84.623  11.523 0.8999999762
346  -11.367  -87.240  7.483 1.0000000000
827  -10.847  -87.757  -0.405 1.0000000000
6095  -12.245  -87.462  3.207 1.0000000000
5654  -7.478  -88.249  -11.840 0.1000000015
3916  -11.683  -85.760  9.515 1.0000000000
3921  -5.554  -87.814  -1.929 1.0000000000
9614  -9.884  -82.942  11.824 1.0000000000
3918  -12.698  -85.979  5.214 1.0000000000
3920  -8.403  -86.610  -0.845 1.0000000000
3923  -3.726  -88.165  -4.001 0.8000000119
2353  -7.480  -81.664  11.607 1.0000000000
1265  -3.579  -80.357  12.564 0.8000000119
9616  -5.353  -80.815  11.696 0.8999999762
7983  -11.342  -85.896  1.284 1.0000000000
10114  -3.629  -87.593  -7.210 0.6000000238
1774  -12.377  -83.746  10.675 1.0000000000
5655  -6.689  -87.800  -8.722 0.2000000030
3917  -13.047  -84.656  7.004 1.0000000000
1777  -5.998  -85.584  -0.082 1.0000000000
6887  -3.854  -80.081  14.728 0.6999999881
7984  -8.911  -84.543  0.891 1.0000000000
1776  -11.966  -84.198  3.149 1.0000000000
1778  -3.166  -85.048  -3.961 0.8000000119
3922  -3.948  -85.765  -1.582 1.0000000000
9613  -10.574  -80.656  12.452 1.0000000000
6886  -2.689  -76.476  14.040 0.6999999881
5235  -7.837  -79.130  12.097 0.8999999762
5236  -5.611  -77.787  11.487 1.0000000000
6885  -3.433  -76.892  11.955 0.8000000119
7978  -13.060  -81.635  11.366 1.0000000000
7980  -13.562  -82.882  8.174 1.0000000000
1264  -3.467  -73.030  16.003 0.1000000015
7981  -12.347  -82.758  4.755 1.0000000000
10115  -5.091  -85.204  -5.926 0.2000000030
7987  -3.332  -82.892  -1.236 0.8999999762
7985  -6.142  -83.599  1.806 1.0000000000
6884  -3.156  -72.515  13.232 0.2000000030
7986  -3.979  -83.432  0.855 0.8999999762
7982  -9.422  -82.595  2.633 1.0000000000
1775  -12.816  -81.306  5.753 1.0000000000
7988  -4.495  -82.363  -3.200 0.4000000060
7979  -14.316  -81.235  9.064 1.0000000000
7125  -4.100  -81.555  2.754 1.0000000000
5634  -9.987  -80.743  4.118 1.0000000000
572  -4.148  -73.039  11.445 0.8999999762
9612  -11.499  -78.245  13.277 1.0000000000
1399  -3.167  -80.919  1.089 0.8000000119
347  -6.638  -81.117  3.385 1.0000000000
5234  -6.291  -74.451  12.137 0.8999999762
2352  -8.605  -76.442  13.401 0.8999999762
3319  -3.980  -80.176  -1.117 0.4000000060
138  -13.872  -79.568  11.855 1.0000000000
5636  -8.022  -78.661  4.627 1.0000000000
7126  -4.742  -78.912  4.275 0.8999999762
5635  -11.357  -79.048  5.092 1.0000000000
10090  -13.898  -79.955  6.631 1.0000000000
3316  -15.074  -77.354  11.271 1.0000000000
7127  -3.139  -78.569  3.193 0.6999999881
3318  -15.061  -79.449  9.487 1.0000000000
3317  -16.564  -77.749  8.723 1.0000000000
10091  -13.107  -77.752  4.980 1.0000000000
1398  -15.371  -78.578  6.674 1.0000000000
7122  -18.567  -75.939  7.696 1.0000000000
7121  -20.624  -73.990  6.925 1.0000000000
7123  -17.681  -77.116  5.938 1.0000000000
1397  -20.038  -75.240  5.368 1.0000000000
10084  -22.495  -73.064  5.162 1.0000000000
7124  -15.584  -76.914  4.262 1.0000000000
9611  -10.662  -73.933  12.700 0.8999999762
2512  -9.954  -76.766  4.705 1.0000000000
1396  -16.664  -75.624  9.857 1.0000000000
7120  -18.413  -73.872  8.694 0.8999999762
5629  -18.423  -75.456  3.668 1.0000000000
5233  -8.505  -72.013  11.490 0.8999999762
9603  -13.070  -75.922  12.565 1.0000000000
9602  -14.811  -74.054  11.001 1.0000000000
10093  -6.466  -76.288  4.975 1.0000000000
9601  -16.675  -72.364  9.510 1.0000000000
5628  -22.598  -71.473  6.879 0.8999999762
10092  -12.404  -75.308  3.583 1.0000000000
625  -15.674  -74.497  2.822 1.0000000000
5630  -21.158  -73.558  3.365 1.0000000000
5230  -5.370  -69.388  12.505 0.3000000119
7128  -3.186  -75.262  3.171 0.4000000060
2349  -12.861  -72.203  10.639 1.0000000000
1400  -3.764  -75.771  4.980 0.8999999762
570  -20.350  -71.809  7.875 1.0000000000
3320  -3.550  -77.985  0.986 0.3000000119
5232  -6.395  -70.068  10.608 0.6999999881
9610  -10.876  -70.564  9.227 0.8999999762
5225  -14.899  -70.812  8.729 0.8999999762
10094  -8.723  -74.034  4.191 1.0000000000
9600  -18.585  -70.809  8.407 0.6999999881
5631  -18.877  -73.129  2.234 1.0000000000
5633  -15.301  -71.723  1.968 1.0000000000
10085  -23.808  -70.994  3.562 1.0000000000
2351  -8.993  -68.391  8.914 0.6999999881
2348  -17.132  -69.721  7.570 0.6999999881
5626  -21.910  -69.621  7.843 0.6000000238
9597  -20.334  -69.166  8.179 0.6000000238
10095  -11.686  -72.673  3.018 0.8999999762
5627  -23.877  -68.631  7.249 0.6999999881
2509  -24.420  -70.112  5.584 0.8000000119
2510  -22.028  -71.044  2.108 1.0000000000
9609  -11.856  -67.760  8.645 0.1000000015
5226  -13.207  -69.366  7.222 0.6999999881
5638  -5.463  -73.026  5.441 0.6999999881
10096  -10.756  -69.834  2.974 1.0000000000
5632  -19.052  -70.371  1.226 1.0000000000
10086  -24.660  -68.315  2.150 0.8999999762
10083  -25.701  -67.901  4.131 0.8999999762
10082  -25.407  -67.030  6.343 0.6999999881
10087  -22.315  -68.090  0.964 1.0000000000
5231  -8.421  -68.140  11.809 0.1000000015
5637  -3.234  -72.234  4.760 0.6000000238
5224  -15.758  -68.393  6.806 0.5000000000
2513  -7.849  -70.964  4.453 0.8999999762
2511  -14.827  -68.908  1.480 1.0000000000
10088  -19.031  -67.579  0.516 1.0000000000
211  -26.141  -65.349  2.989 0.8000000119
10097  -10.337  -67.096  3.091 1.0000000000
5851  -26.265  -64.694  5.226 0.6000000238
10089  -14.953  -66.389  1.260 1.0000000000
3511  -24.744  -65.512  1.225 0.8999999762
1531  -22.318  -65.271  0.274 1.0000000000
7129  -3.882  -72.151  2.399 0.4000000060
5639  -4.342  -69.608  5.149 0.8000000119
5640  -6.686  -67.958  4.634 1.0000000000
7411  -18.999  -64.707  0.238 0.8999999762
626  -3.751  -69.290  3.549 0.3000000119
2514  -7.110  -65.622  3.918 0.6999999881
10098  -11.022  -64.831  2.375 0.8000000119
91  -15.126  -63.902  0.706 0.8999999762
2907  -19.967  -62.050  -0.183 0.8000000119
5641  -4.754  -66.965  3.997 0.6999999881
2909  -16.553  -61.330  -0.215 0.5000000000
5643  -5.062  -66.762  2.232 0.3000000119
5642  -6.162  -64.779  2.834 0.2000000030
10099  -8.359  -63.441  2.716 0.4000000060
2911  -11.676  -62.618  1.077 0.5000000000
2910  -13.722  -60.109  0.019 0.5000000000
2908  -20.758  -58.925  -0.684 0.5000000000
989  -18.366  -58.374  -0.953 0.3000000119
10100  -7.719  -62.450  1.481 0.1000000015
991  -9.706  -60.760  1.099 0.2000000030
6389  -15.775  -57.622  -1.244 0.3000000119
6390  -11.706  -58.302  0.096 0.2000000030
990  -13.448  -55.938  -1.552 0.2000000030
4408  -12.260  -54.254  -2.662 0.1000000015
9599  -19.124  -68.587  7.401 0.6999999881
7410  -22.760  -62.406  0.069 0.8000000119
2515  -6.735  -64.810  0.938 0.1000000015
9657  -18.043  -101.631  -4.750 0.3000000119
9666  -20.710  -100.204  -4.468 0.4000000060
6903  -6.095  -100.193  7.602 0.6999999881
576  -5.191  -98.694  8.479 0.6000000238
571  -14.692  -67.747  9.333 0.1000000015
5223  -17.922  -67.880  7.379 0.2000000030
9596  -21.512  -66.999  8.065 0.3000000119
2347  -20.525  -66.797  7.627 0.1000000015
2346  -22.657  -66.951  8.199 0.3000000119
9595  -21.306  -64.465  8.241 0.2000000030
9594  -22.423  -64.347  8.201 0.3000000119
10081  -24.150  -65.750  7.883 0.2000000030
2611  -23.095  -62.940  7.775 0.2000000030
691  -25.126  -63.808  7.093 0.1000000015
3509  -26.074  -62.454  3.031 0.4000000060
3510  -24.810  -62.604  1.126 0.6999999881
3507  -25.927  -61.897  5.130 0.3000000119
1530  -25.159  -59.456  3.007 0.3000000119
7409  -24.502  -59.540  1.072 0.3000000119
5260  -4.858  -96.461  11.039 0.4000000060
8562  -11.825  -95.324  -12.302 0.4000000060
1273  -5.143  -93.370  14.117 0.1000000015
4371  -14.475  -96.749  -15.057 0.5000000000
6902  -6.380  -98.155  9.029 0.2000000030
7390  -22.138  -99.397  -7.864 0.3000000119
4372  -14.261  -95.561  -12.845 0.3000000119
1266  -4.614  -80.392  17.513 0.1000000015
3508  -24.899  -59.292  4.869 0.1000000015
987  -22.862  -59.354  -0.080 0.1000000015
1275  -7.577  -101.593  6.106 0.4000000060
2362  -4.203  -87.379  16.233 0.1000000015
7408  -23.766  -56.741  3.066 0.1000000015
7392  -22.780  -97.321  -10.521 0.3000000119
1523  -23.184  -97.370  -14.598 0.3000000119
5267  -9.421  -102.211  4.478 0.2000000030
577  -12.110  -102.125  3.025 0.2000000030
9663  -14.984  -101.780  2.416 0.1000000015
9662  -16.297  -99.744  4.335 0.1000000015
2369  -17.785  -100.839  2.150 0.1000000015
9665  -18.398  -100.791  -2.189 0.3000000119
5278  -19.830  -100.526  0.138 0.1000000015
1404  -11.828  -93.994  -10.195 0.1000000015
8563  -14.291  -93.676  -10.479 0.2000000030
4373  -17.349  -95.798  -13.321 0.2000000030
1401  -4.709  -74.986  1.061 0.1000000015
7131  -6.128  -72.675  0.235 0.1000000015
6386  -21.159  -55.789  -1.841 0.1000000015
6391  -9.310  -59.695  -0.087 0.1000000015
6387  -19.212  -55.388  -2.657 0.1000000015
4407  -10.702  -56.828  -1.098 0.1000000015
6388  -17.243  -54.687  -3.300 0.1000000015
5279  -22.651  -99.628  0.124 0.1000000015
1995  -23.127  -94.935  -17.077 0.1000000015
2370  -21.488  -99.444  -1.920 0.2000000030
4375  -23.623  -96.738  -16.890 0.1000000015
5280  -23.700  -98.367  -1.783 0.2000000030
9667  -23.194  -98.647  -4.341 0.1000000015
1522  -24.516  -98.394  -6.887 0.1000000015
3497  -24.894  -96.606  -8.915 0.1000000015
9668  -25.854  -98.076  -3.500 0.1000000015
3496  -26.806  -97.343  -6.001 0.1000000015
5850  -24.588  -61.353  6.735 0.1000000015
3321  -5.797  -77.618  -0.546 0.1000000015
6904  -7.418  -99.838  8.100 0.1000000015
1276  -11.179  -101.086  9.220 0.1000000015
6906  -11.152  -101.613  6.142 0.1000000015
6905  -9.131  -101.442  7.454 0.1000000015
3195  -9.754  -99.805  9.410 0.1000000015
9643  -4.042  -90.422  16.040 0.1000000015
