#!ascii label  , from subject fsaverage5 vox2ras=TkReg 
591
5268  -8.348  -101.940  2.393 0.4000000060
5269  -10.628  -102.706  0.858 0.6999999881
9664  -16.510  -101.443  -0.014 0.8000000119
2367  -15.190  -102.171  -2.721 0.8000000119
9665  -18.398  -100.791  -2.189 0.6999999881
5267  -9.421  -102.211  4.478 0.8000000119
577  -12.110  -102.125  3.025 0.8000000119
5271  -13.395  -102.643  0.426 0.8000000119
9657  -18.043  -101.631  -4.750 0.6000000238
9652  -7.093  -100.944  4.726 0.3000000119
9663  -14.984  -101.780  2.416 0.8000000119
5278  -19.830  -100.526  0.138 0.8000000119
9666  -20.710  -100.204  -4.468 0.6999999881
6903  -6.095  -100.193  7.602 0.4000000060
1275  -7.577  -101.593  6.106 0.8000000119
5266  -6.095  -99.396  6.343 0.3000000119
7390  -22.138  -99.397  -7.864 0.6999999881
86  -20.206  -100.153  -7.890 0.6999999881
2896  -17.850  -100.670  -8.008 0.3000000119
2370  -21.488  -99.444  -1.920 0.6999999881
7391  -21.353  -98.744  -11.773 0.5000000000
5264  -6.038  -97.816  7.258 0.2000000030
9667  -23.194  -98.647  -4.341 0.6999999881
8565  -21.127  -98.378  -15.595 0.6000000238
576  -5.191  -98.694  8.479 0.5000000000
5262  -4.338  -96.299  9.465 0.5000000000
1522  -24.516  -98.394  -6.887 0.6999999881
7134  -9.957  -95.390  -11.756 0.6999999881
8561  -10.459  -96.985  -11.942 0.4000000060
6902  -6.380  -98.155  9.029 0.8999999762
5260  -4.858  -96.461  11.039 0.8000000119
5279  -22.651  -99.628  0.124 0.6000000238
5280  -23.700  -98.367  -1.783 0.5000000000
5261  -3.803  -93.674  12.731 0.8000000119
1404  -11.828  -93.994  -10.195 0.8999999762
8562  -11.825  -95.324  -12.302 0.6999999881
8566  -20.607  -97.349  -17.280 0.6000000238
1993  -12.113  -97.165  -13.556 0.6000000238
6368  -17.674  -97.727  -16.995 0.8000000119
6904  -7.418  -99.838  8.100 0.8999999762
6901  -6.697  -95.101  11.097 1.0000000000
2371  -25.371  -96.608  -1.873 0.5000000000
7136  -9.801  -92.989  -10.755 0.8999999762
8567  -19.959  -95.815  -16.588 0.8999999762
444  -17.146  -96.571  -15.906 0.6999999881
1274  -8.650  -97.181  8.874 0.8000000119
3194  -11.263  -97.155  10.726 0.8000000119
1273  -5.143  -93.370  14.117 0.8999999762
3193  -9.466  -93.746  10.986 0.8000000119
5281  -23.541  -97.074  -0.337 0.6000000238
7135  -7.745  -94.473  -12.075 0.8000000119
9643  -4.042  -90.422  16.040 0.8999999762
3192  -11.910  -93.790  13.511 0.6999999881
10111  -5.958  -93.081  -12.251 0.6999999881
1405  -8.124  -91.463  -12.316 0.8000000119
9671  -27.138  -94.110  -1.711 0.4000000060
4371  -14.475  -96.749  -15.057 0.4000000060
4370  -13.544  -98.092  -13.758 0.2000000030
4369  -15.508  -97.892  -15.685 0.3000000119
8570  -20.081  -94.677  -14.253 0.8999999762
6900  -7.261  -92.146  13.836 0.8999999762
9644  -3.210  -90.451  13.335 0.8999999762
3325  -12.256  -91.074  -8.804 1.0000000000
3324  -14.543  -91.942  -7.875 1.0000000000
8563  -14.291  -93.676  -10.479 0.8999999762
4373  -17.349  -95.798  -13.321 0.8999999762
6899  -6.149  -90.084  16.179 0.8999999762
4372  -14.261  -95.561  -12.845 0.8000000119
2362  -4.203  -87.379  16.233 0.8999999762
9642  -3.730  -86.835  13.472 0.8999999762
1272  -10.374  -91.111  14.881 0.6999999881
2372  -28.281  -91.129  -1.662 0.2000000030
8564  -17.639  -91.716  -8.440 0.8000000119
8571  -20.670  -92.951  -11.466 0.8999999762
1994  -17.250  -94.009  -10.652 0.8999999762
7137  -10.673  -89.602  -10.645 0.8999999762
3326  -15.830  -88.777  -8.244 0.6999999881
5259  -5.260  -87.404  17.846 0.8000000119
6898  -8.610  -89.220  17.048 0.8000000119
87  -18.552  -89.236  -7.344 0.6000000238
5258  -3.723  -85.098  19.419 1.0000000000
575  -7.043  -86.800  18.835 0.8000000119
1406  -14.185  -88.154  -10.072 0.6999999881
5652  -9.143  -89.020  -12.696 0.8999999762
8573  -21.335  -88.639  -9.882 0.5000000000
8572  -20.943  -90.619  -10.381 0.6000000238
9641  -4.025  -84.289  16.862 1.0000000000
7990  -19.146  -86.947  -8.620 0.5000000000
9673  -28.777  -90.563  -3.753 0.2000000030
4380  -23.310  -89.335  -12.673 0.5000000000
1997  -22.633  -87.638  -13.214 0.6000000238
4381  -24.960  -87.153  -15.618 0.5000000000
6888  -4.246  -83.375  14.390 0.8999999762
573  -2.924  -86.270  11.489 0.6999999881
7138  -12.289  -87.460  -11.887 0.8000000119
10117  -17.511  -86.793  -10.121 0.6000000238
5285  -29.550  -88.112  -1.864 0.2000000030
7989  -21.282  -87.021  -9.713 0.4000000060
2361  -3.366  -83.353  21.975 0.6000000238
628  -10.218  -86.220  -12.742 0.8000000119
9640  -3.350  -82.068  19.774 0.8999999762
10118  -15.740  -85.986  -11.587 0.6999999881
1780  -19.860  -84.876  -8.399 0.4000000060
7991  -21.704  -85.128  -9.653 0.2000000030
8574  -22.728  -86.049  -12.638 0.2000000030
1779  -23.095  -84.664  -11.739 0.2000000030
4382  -25.052  -85.300  -14.784 0.3000000119
9639  -3.509  -79.960  21.665 0.5000000000
1266  -4.614  -80.392  17.513 1.0000000000
5658  -17.726  -83.991  -9.248 0.5000000000
5654  -7.478  -88.249  -11.840 0.8000000119
8575  -25.711  -83.954  -13.120 0.2000000030
5237  -3.840  -83.315  12.388 0.6000000238
7992  -23.101  -82.928  -7.640 0.1000000015
10119  -13.831  -84.315  -12.253 0.6999999881
3186  -3.361  -77.579  19.591 1.0000000000
6887  -3.854  -80.081  14.728 0.5000000000
5657  -20.304  -82.578  -6.932 0.3000000119
2519  -4.494  -89.486  -10.112 0.8000000119
3925  -25.137  -82.888  -9.815 0.1000000015
7993  -24.010  -80.777  -6.224 0.1000000015
1781  -26.628  -80.829  -7.844 0.1000000015
5655  -6.689  -87.800  -8.722 0.8000000119
2521  -16.283  -82.535  -10.536 0.5000000000
3926  -28.658  -80.162  -9.843 0.1000000015
3924  -26.989  -82.580  -11.416 0.1000000015
139  -3.918  -76.238  21.026 0.4000000060
3184  -3.516  -74.253  18.801 0.8000000119
5656  -9.411  -85.427  -10.586 0.8000000119
10122  -11.629  -82.230  -12.294 0.6999999881
6100  -30.324  -76.890  -12.075 0.1000000015
3185  -3.646  -76.481  16.798 1.0000000000
350  -21.609  -80.031  -6.120 0.1000000015
5659  -18.666  -81.481  -8.337 0.2000000030
7995  -27.588  -78.620  -6.996 0.1000000015
10121  -15.457  -80.764  -11.977 0.5000000000
3182  -5.971  -74.315  19.961 0.4000000060
6886  -2.689  -76.476  14.040 0.8000000119
10120  -17.803  -79.966  -9.661 0.4000000060
7994  -29.041  -78.035  -9.695 0.1000000015
3183  -5.786  -72.309  17.702 0.5000000000
1264  -3.467  -73.030  16.003 1.0000000000
10115  -5.091  -85.204  -5.926 0.8000000119
2520  -9.081  -85.571  -7.211 0.8999999762
830  -29.351  -74.611  -13.254 0.1000000015
7140  -20.249  -78.585  -7.099 0.1000000015
10123  -10.989  -82.250  -9.394 0.8000000119
5661  -17.222  -78.620  -10.967 0.2000000030
2522  -13.551  -79.444  -11.212 0.4000000060
6882  -8.849  -71.664  16.605 0.8000000119
7988  -4.495  -82.363  -3.200 0.8999999762
10116  -7.771  -83.311  -4.042 1.0000000000
7139  -23.095  -77.128  -5.113 0.1000000015
6883  -5.702  -70.943  15.186 0.8000000119
6881  -12.003  -70.835  16.254 0.5000000000
7141  -21.185  -75.540  -5.706 0.1000000015
1408  -18.882  -77.442  -7.997 0.2000000030
5660  -18.001  -75.690  -9.829 0.2000000030
1263  -8.693  -69.663  14.249 0.8999999762
9607  -11.640  -68.715  14.421 0.5000000000
5229  -15.038  -70.232  15.698 0.5000000000
2350  -14.591  -68.077  14.672 0.5000000000
5662  -15.162  -77.526  -9.615 0.2000000030
7143  -19.512  -71.783  -10.688 0.2000000030
629  -16.305  -73.945  -10.446 0.2000000030
7144  -17.815  -69.675  -11.219 0.2000000030
6884  -3.156  -72.515  13.232 0.8000000119
157  -6.560  -80.136  -1.729 1.0000000000
10125  -10.115  -79.643  -3.444 1.0000000000
10124  -11.411  -82.209  -5.745 1.0000000000
7142  -20.022  -73.617  -7.616 0.2000000030
5663  -12.982  -79.467  -8.010 0.6999999881
3319  -3.980  -80.176  -1.117 0.8999999762
7987  -3.332  -82.892  -1.236 0.8000000119
5230  -5.370  -69.388  12.505 0.8999999762
9606  -14.382  -67.194  12.483 0.6000000238
9605  -17.628  -67.652  14.423 0.5000000000
2523  -11.429  -77.597  -6.249 0.8999999762
5664  -13.278  -75.910  -8.517 0.5000000000
1409  -21.755  -69.379  -8.400 0.1000000015
9608  -11.442  -67.816  12.022 0.8000000119
3320  -3.550  -77.985  0.986 0.6000000238
3321  -5.797  -77.618  -0.546 1.0000000000
5231  -8.421  -68.140  11.809 0.8999999762
3323  -8.272  -77.496  -2.772 1.0000000000
572  -4.148  -73.039  11.445 0.6999999881
9609  -11.856  -67.760  8.645 0.8999999762
571  -14.692  -67.747  9.333 0.8999999762
5222  -17.224  -67.723  10.038 0.8999999762
10126  -8.959  -76.758  -6.047 1.0000000000
7128  -3.186  -75.262  3.171 0.6999999881
1401  -4.709  -74.986  1.061 0.8000000119
5224  -15.758  -68.393  6.806 0.8000000119
5223  -17.922  -67.880  7.379 0.8999999762
9598  -19.982  -66.901  8.861 1.0000000000
5220  -20.489  -64.345  9.063 0.4000000060
2347  -20.525  -66.797  7.627 0.4000000060
9596  -21.512  -66.999  8.065 0.6999999881
3322  -7.186  -74.959  -1.086 1.0000000000
1403  -8.484  -74.626  -4.108 0.8000000119
5665  -11.051  -74.851  -8.678 0.6000000238
10127  -9.653  -73.589  -6.956 0.5000000000
2351  -8.993  -68.391  8.914 1.0000000000
9599  -19.124  -68.587  7.401 1.0000000000
7133  -10.272  -72.690  -4.322 0.5000000000
5232  -6.395  -70.068  10.608 0.8000000119
5226  -13.207  -69.366  7.222 0.8000000119
2348  -17.132  -69.721  7.570 0.6000000238
9597  -20.334  -69.166  8.179 0.6000000238
2346  -22.657  -66.951  8.199 0.6000000238
5627  -23.877  -68.631  7.249 0.4000000060
7129  -3.882  -72.151  2.399 0.8000000119
7131  -6.128  -72.675  0.235 0.8999999762
10082  -25.407  -67.030  6.343 0.4000000060
7132  -8.453  -72.716  -1.976 0.8000000119
10128  -13.111  -71.923  -6.398 0.5000000000
5851  -26.265  -64.694  5.226 0.6999999881
211  -26.141  -65.349  2.989 0.3000000119
1402  -7.901  -70.597  -0.093 0.8000000119
5644  -10.509  -71.114  -1.965 0.6000000238
627  -13.023  -70.989  -3.702 0.6000000238
691  -25.126  -63.808  7.093 0.8999999762
3511  -24.744  -65.512  1.225 0.2000000030
7130  -5.244  -69.779  1.391 0.8000000119
5850  -24.588  -61.353  6.735 1.0000000000
3507  -25.927  -61.897  5.130 0.8999999762
3509  -26.074  -62.454  3.031 0.5000000000
3510  -24.810  -62.604  1.126 0.3000000119
5645  -9.613  -68.454  -1.003 0.6999999881
5646  -12.278  -68.238  -2.246 0.6000000238
7410  -22.760  -62.406  0.069 0.3000000119
626  -3.751  -69.290  3.549 0.8000000119
690  -23.519  -59.061  6.448 0.8999999762
10102  -7.213  -67.590  0.269 0.6999999881
2907  -19.967  -62.050  -0.183 0.4000000060
5643  -5.062  -66.762  2.232 0.8000000119
10103  -8.731  -65.560  -0.657 0.8000000119
2516  -11.374  -65.475  -1.792 0.6000000238
987  -22.862  -59.354  -0.080 0.6999999881
2515  -6.735  -64.810  0.938 0.8999999762
2908  -20.758  -58.925  -0.684 0.4000000060
10104  -10.474  -62.513  -2.039 0.4000000060
989  -18.366  -58.374  -0.953 0.8000000119
10105  -12.936  -62.163  -3.097 0.3000000119
10100  -7.719  -62.450  1.481 0.8000000119
10101  -8.484  -62.341  -0.433 0.6999999881
6385  -22.568  -56.124  -0.569 0.8000000119
6386  -21.159  -55.789  -1.841 0.6000000238
6389  -15.775  -57.622  -1.244 0.6000000238
6391  -9.310  -59.695  -0.087 0.6000000238
451  -10.066  -59.267  -1.615 0.3000000119
6387  -19.212  -55.388  -2.657 0.6000000238
4411  -11.951  -58.900  -2.893 0.3000000119
6388  -17.243  -54.687  -3.300 0.5000000000
991  -9.706  -60.760  1.099 0.6999999881
6390  -11.706  -58.302  0.096 0.6000000238
450  -20.085  -52.010  -3.864 0.6000000238
4400  -21.392  -52.625  -2.710 0.6000000238
4410  -12.534  -55.491  -4.434 0.3000000119
2011  -14.188  -58.736  -4.373 0.3000000119
990  -13.448  -55.938  -1.552 0.4000000060
4409  -11.183  -55.994  -2.810 0.2000000030
4406  -18.717  -51.134  -4.837 0.3000000119
2010  -12.402  -52.917  -4.035 0.2000000030
4407  -10.702  -56.828  -1.098 0.5000000000
8606  -15.314  -53.261  -3.642 0.5000000000
8608  -14.049  -49.969  -5.547 0.3000000119
8609  -13.617  -52.240  -5.674 0.1000000015
4408  -12.260  -54.254  -2.662 0.5000000000
8607  -14.058  -51.397  -4.185 0.4000000060
5626  -21.910  -69.621  7.843 0.6000000238
1531  -22.318  -65.271  0.274 0.2000000030
2009  -17.247  -49.934  -5.583 0.5000000000
9653  -9.045  -100.769  0.825 0.3000000119
2366  -10.257  -101.979  -1.279 0.3000000119
5270  -12.514  -102.575  -2.359 0.6999999881
2369  -17.785  -100.839  2.150 0.6999999881
6905  -9.131  -101.442  7.454 0.8000000119
6906  -11.152  -101.613  6.142 0.8000000119
9668  -25.854  -98.076  -3.500 0.6999999881
9660  -13.479  -100.741  4.920 0.8000000119
5277  -20.475  -99.688  2.105 0.6999999881
3496  -26.806  -97.343  -6.001 0.6999999881
2898  -19.487  -99.581  -12.091 0.4000000060
6367  -16.623  -98.924  -14.607 0.1000000015
7392  -22.780  -97.321  -10.521 0.5000000000
3196  -11.636  -99.580  11.838 0.6000000238
9658  -13.345  -100.347  11.721 0.5000000000
3195  -9.754  -99.805  9.410 0.8000000119
1276  -11.179  -101.086  9.220 0.6000000238
9669  -27.849  -96.136  -3.003 0.5000000000
1523  -23.184  -97.370  -14.598 0.6000000238
2897  -17.397  -99.787  -11.711 0.1000000015
978  -18.667  -98.783  -15.758 0.3000000119
4375  -23.623  -96.738  -16.890 0.6000000238
9670  -24.281  -94.461  -0.732 0.4000000060
4374  -26.249  -96.456  -15.166 0.6000000238
443  -8.651  -96.571  -11.040 0.6000000238
2363  -3.559  -93.390  9.793 0.3000000119
4376  -26.430  -94.671  -16.649 0.5000000000
8569  -23.100  -92.994  -14.983 0.6000000238
9659  -13.311  -100.719  8.629 0.6999999881
1996  -23.600  -91.132  -12.587 0.6000000238
8568  -26.155  -92.381  -15.370 0.5000000000
1995  -23.127  -94.935  -17.077 0.6999999881
9646  -4.576  -92.812  7.122 0.2000000030
140  -12.083  -97.438  13.914 0.6999999881
10112  -4.226  -91.795  -10.146 0.5000000000
9645  -2.707  -89.818  10.066 0.2000000030
5653  -6.223  -90.448  -12.805 0.6000000238
10113  -3.888  -90.387  -6.605 0.5000000000
10114  -3.629  -87.593  -7.210 0.6999999881
1778  -3.166  -85.048  -3.961 0.6000000238
6885  -3.433  -76.892  11.955 0.6000000238
1260  -19.842  -66.619  11.226 0.5000000000
9595  -21.306  -64.465  8.241 0.3000000119
9594  -22.423  -64.347  8.201 0.5000000000
2611  -23.095  -62.940  7.775 0.6000000238
9593  -19.899  -62.265  8.847 0.4000000060
7  -20.952  -61.960  8.060 0.4000000060
2609  -19.978  -60.161  7.986 0.6000000238
2610  -22.357  -60.911  7.434 0.6000000238
5641  -4.754  -66.965  3.997 0.6000000238
5849  -21.290  -58.793  7.342 0.6999999881
3508  -24.899  -59.292  4.869 0.8000000119
2514  -7.110  -65.622  3.918 0.5000000000
1530  -25.159  -59.456  3.007 0.8000000119
5642  -6.162  -64.779  2.834 0.6000000238
10099  -8.359  -63.441  2.716 0.6000000238
7406  -21.661  -56.609  6.127 0.6999999881
7407  -23.119  -56.665  4.767 0.8000000119
7409  -24.502  -59.540  1.072 0.6999999881
2911  -11.676  -62.618  1.077 0.6000000238
7408  -23.766  -56.741  3.066 0.6999999881
6383  -23.524  -56.461  1.159 0.6999999881
2910  -13.722  -60.109  0.019 0.5000000000
210  -21.997  -53.999  2.801 0.4000000060
6384  -22.387  -53.492  0.867 0.5000000000
988  -22.243  -53.098  -1.063 0.6000000238
4405  -18.960  -46.745  -5.222 0.2000000030
8605  -16.147  -48.451  -6.232 0.2000000030
8604  -17.905  -45.564  -6.162 0.1000000015
6366  -16.670  -99.087  -10.565 0.1000000015
3497  -24.894  -96.606  -8.915 0.6000000238
7405  -21.042  -54.282  4.419 0.6000000238
2365  -8.630  -99.727  3.536 0.1000000015
5265  -8.462  -98.180  5.358 0.1000000015
7807  -11.854  -96.083  20.279 0.4000000060
1270  -10.134  -94.599  21.321 0.4000000060
9650  -11.821  -97.747  2.515 0.1000000015
7806  -11.339  -93.947  23.020 0.3000000119
3793  -13.421  -94.446  21.016 0.3000000119
3191  -10.594  -92.900  18.217 0.6000000238
9656  -15.512  -102.331  -5.393 0.3000000119
3190  -11.585  -95.394  17.446 0.6000000238
6897  -9.140  -90.882  20.144 0.6000000238
1700  -14.373  -95.986  18.595 0.4000000060
3794  -15.753  -93.707  18.707 0.4000000060
7808  -12.718  -97.332  16.989 0.5000000000
2368  -15.547  -99.326  8.232 0.5000000000
1702  -19.081  -94.883  15.827 0.2000000030
7814  -21.273  -93.979  15.111 0.2000000030
7812  -20.573  -96.423  15.340 0.2000000030
6896  -8.708  -92.720  22.826 0.5000000000
5273  -15.588  -99.806  11.410 0.5000000000
9662  -16.297  -99.744  4.335 0.6000000238
3796  -17.665  -93.146  16.778 0.2000000030
3795  -16.356  -95.160  16.707 0.4000000060
5253  -7.835  -88.368  21.901 0.6000000238
5257  -5.342  -85.020  20.878 0.6000000238
2518  -5.283  -94.072  -9.128 0.2000000030
5239  -4.285  -86.896  10.337 0.3000000119
5241  -3.641  -89.441  8.389 0.3000000119
10110  -4.932  -92.519  -5.844 0.3000000119
5254  -6.384  -88.158  26.097 0.4000000060
5255  -6.866  -85.841  23.345 0.5000000000
7986  -3.979  -83.432  0.855 0.2000000030
9635  -5.496  -86.958  30.032 0.1000000015
2360  -5.456  -85.286  27.253 0.2000000030
1265  -3.579  -80.357  12.564 0.3000000119
3923  -3.726  -88.165  -4.001 0.2000000030
5256  -4.657  -83.669  23.923 0.4000000060
5235  -7.837  -79.130  12.097 0.1000000015
9616  -5.353  -80.815  11.696 0.2000000030
2353  -7.480  -81.664  11.607 0.1000000015
1399  -3.167  -80.919  1.089 0.4000000060
9613  -10.574  -80.656  12.452 0.1000000015
9614  -9.884  -82.942  11.824 0.1000000015
7127  -3.139  -78.569  3.193 0.3000000119
1400  -3.764  -75.771  4.980 0.3000000119
10093  -6.466  -76.288  4.975 0.2000000030
5637  -3.234  -72.234  4.760 0.6000000238
5638  -5.463  -73.026  5.441 0.3000000119
5639  -4.342  -69.608  5.149 0.5000000000
5640  -6.686  -67.958  4.634 0.3000000119
10097  -10.337  -67.096  3.091 0.3000000119
10098  -11.022  -64.831  2.375 0.3000000119
6879  -17.286  -66.938  12.733 0.6999999881
10081  -24.150  -65.750  7.883 0.6999999881
91  -15.126  -63.902  0.706 0.4000000060
7411  -18.999  -64.707  0.238 0.3000000119
2909  -16.553  -61.330  -0.215 0.4000000060
689  -18.590  -58.201  8.315 0.3000000119
9755  -17.841  -60.203  8.850 0.2000000030
5848  -19.464  -56.722  7.099 0.5000000000
578  -21.818  -97.390  1.334 0.4000000060
5276  -18.482  -98.681  4.203 0.5000000000
5275  -20.056  -97.329  3.631 0.2000000030
6912  -22.224  -94.538  1.040 0.3000000119
7393  -25.063  -96.550  -12.578 0.5000000000
5274  -18.673  -99.125  10.956 0.3000000119
305  -21.773  -97.961  13.487 0.2000000030
6908  -21.753  -98.230  10.043 0.2000000030
1701  -15.461  -99.251  14.130 0.5000000000
5272  -18.546  -98.725  13.864 0.4000000060
9661  -18.442  -98.682  7.533 0.4000000060
6909  -23.597  -96.573  9.537 0.2000000030
6911  -20.699  -95.313  3.210 0.2000000030
1280  -23.147  -91.396  1.183 0.2000000030
3498  -27.049  -95.569  -7.619 0.4000000060
7809  -13.235  -98.820  14.431 0.5000000000
1278  -20.501  -97.457  7.119 0.3000000119
6910  -21.511  -95.560  6.636 0.2000000030
206  -28.246  -95.352  -4.970 0.5000000000
1524  -27.282  -95.679  -10.544 0.2000000030
9672  -28.523  -93.395  -3.343 0.1000000015
3198  -25.008  -95.118  8.294 0.1000000015
6913  -21.996  -92.592  3.852 0.2000000030
7394  -28.324  -95.192  -13.113 0.2000000030
4379  -25.625  -88.526  -14.985 0.4000000060
6894  -10.061  -92.781  24.921 0.3000000119
1279  -23.103  -93.754  6.177 0.2000000030
5283  -25.421  -91.204  -0.401 0.1000000015
207  -28.743  -93.812  -14.715 0.2000000030
4378  -26.337  -89.888  -14.051 0.4000000060
7810  -14.985  -97.294  16.034 0.5000000000
6895  -8.295  -91.404  26.998 0.4000000060
6370  -29.078  -91.926  -15.553 0.3000000119
5282  -24.796  -88.504  1.738 0.1000000015
5842  -28.620  -92.576  -4.866 0.1000000015
7805  -12.177  -91.158  25.239 0.3000000119
1271  -7.270  -90.453  24.644 0.4000000060
3199  -26.335  -93.734  8.156 0.1000000015
6914  -23.730  -89.588  4.267 0.1000000015
5843  -28.762  -93.063  -6.775 0.1000000015
1699  -13.358  -91.530  22.611 0.2000000030
3200  -24.583  -91.589  6.479 0.2000000030
7395  -29.446  -93.544  -9.105 0.2000000030
5284  -27.117  -88.208  -0.393 0.1000000015
7396  -30.164  -93.160  -11.177 0.2000000030
7397  -30.686  -91.890  -12.729 0.2000000030
980  -29.039  -89.884  -15.817 0.4000000060
445  -28.245  -86.204  -16.930 0.2000000030
3201  -27.597  -91.157  8.035 0.1000000015
6369  -32.021  -90.831  -14.780 0.2000000030
4377  -28.517  -87.870  -16.138 0.2000000030
9634  -6.632  -89.378  28.637 0.3000000119
1281  -26.152  -88.870  6.654 0.1000000015
6915  -25.757  -86.828  4.175 0.1000000015
3500  -33.198  -91.249  -9.553 0.2000000030
1525  -33.668  -89.891  -10.711 0.2000000030
6371  -32.195  -89.686  -16.379 0.2000000030
6372  -32.003  -87.506  -16.878 0.1000000015
979  -35.580  -88.154  -15.152 0.2000000030
6373  -31.622  -85.436  -17.093 0.1000000015
2900  -35.790  -86.684  -16.233 0.1000000015
568  -26.982  -85.702  1.691 0.1000000015
7398  -34.871  -88.852  -12.999 0.2000000030
6374  -32.251  -83.473  -15.936 0.1000000015
981  -35.794  -84.653  -16.161 0.1000000015
4383  -28.689  -84.570  -15.431 0.1000000015
5844  -31.014  -90.111  -6.669 0.1000000015
687  -32.168  -91.016  -8.049 0.2000000030
2899  -39.284  -85.484  -14.429 0.1000000015
6375  -35.358  -82.841  -15.381 0.1000000015
7399  -38.909  -86.895  -12.952 0.1000000015
2901  -39.453  -83.804  -14.857 0.1000000015
2902  -38.522  -82.247  -14.152 0.1000000015
7794  -15.028  -74.782  17.475 0.1000000015
7791  -18.458  -73.142  17.948 0.1000000015
7795  -11.630  -74.976  18.876 0.2000000030
7796  -9.088  -75.605  20.154 0.4000000060
1262  -8.894  -73.453  18.606 0.3000000119
6880  -11.986  -72.694  17.822 0.2000000030
300  -15.324  -72.503  16.453 0.2000000030
5227  -18.550  -71.532  16.594 0.1000000015
2524  -13.080  -71.322  -8.793 0.3000000119
5666  -14.569  -72.679  -9.858 0.2000000030
5228  -18.168  -69.622  15.376 0.4000000060
6878  -20.219  -66.247  13.410 0.3000000119
1261  -20.585  -66.782  14.953 0.2000000030
5221  -20.744  -63.937  11.035 0.3000000119
10129  -16.026  -68.466  -10.160 0.2000000030
6876  -20.966  -63.481  13.260 0.2000000030
10131  -15.889  -69.601  -5.124 0.4000000060
10130  -15.883  -68.982  -7.834 0.3000000119
569  -19.933  -60.254  14.712 0.1000000015
5668  -17.679  -65.432  -9.321 0.2000000030
5648  -14.237  -67.696  -3.690 0.5000000000
5647  -13.543  -65.013  -3.181 0.3000000119
5847  -16.829  -56.240  8.569 0.2000000030
1529  -19.510  -54.557  5.676 0.4000000060
4399  -19.613  -51.574  2.194 0.3000000119
8597  -20.469  -50.983  0.544 0.4000000060
9655  -13.171  -101.745  -4.476 0.2000000030
976  -15.872  -100.797  -7.896 0.1000000015
8560  -12.102  -97.977  -11.578 0.1000000015
5651  -6.607  -95.534  -10.501 0.2000000030
5238  -5.254  -83.877  11.520 0.1000000015
2354  -6.093  -87.589  10.006 0.1000000015
5240  -5.901  -89.769  7.439 0.1000000015
9617  -7.015  -84.623  11.523 0.1000000015
9630  -4.862  -78.366  22.927 0.4000000060
7125  -4.100  -81.555  2.754 0.2000000030
5236  -5.611  -77.787  11.487 0.2000000030
2352  -8.605  -76.442  13.401 0.1000000015
5234  -6.291  -74.451  12.137 0.1000000015
5233  -8.505  -72.013  11.490 0.2000000030
9611  -10.662  -73.933  12.700 0.1000000015
9610  -10.876  -70.564  9.227 0.1000000015
10132  -16.812  -66.227  -4.952 0.3000000119
5670  -19.718  -64.300  -5.774 0.2000000030
3506  -17.417  -54.756  6.734 0.1000000015
4401  -20.774  -50.118  -1.216 0.4000000060
9612  -11.499  -78.245  13.277 0.1000000015
570  -20.350  -71.809  7.875 0.4000000060
9600  -18.585  -70.809  8.407 0.4000000060
348  -5.444  -90.029  -3.465 0.1000000015
3922  -3.948  -85.765  -1.582 0.1000000015
7985  -6.142  -83.599  1.806 0.1000000015
7126  -4.742  -78.912  4.275 0.1000000015
10094  -8.723  -74.034  4.191 0.1000000015
10095  -11.686  -72.673  3.018 0.1000000015
2513  -7.849  -70.964  4.453 0.1000000015
10089  -14.953  -66.389  1.260 0.2000000030
9836  -16.442  -58.628  9.088 0.1000000015
9835  -14.905  -57.096  9.428 0.1000000015
2007  -17.032  -47.487  -1.470 0.1000000015
4402  -20.435  -49.126  -2.728 0.3000000119
7811  -17.490  -97.190  15.264 0.3000000119
9638  -4.153  -81.405  23.750 0.3000000119
2358  -4.674  -79.606  25.936 0.2000000030
7797  -6.544  -76.534  21.590 0.3000000119
9629  -6.680  -78.532  24.181 0.2000000030
2525  -17.701  -66.526  -7.133 0.2000000030
5669  -20.489  -63.562  -8.073 0.1000000015
5671  -22.828  -61.592  -6.361 0.1000000015
10133  -18.396  -63.005  -4.973 0.1000000015
2517  -15.169  -64.518  -4.949 0.2000000030
4397  -18.491  -52.092  3.795 0.1000000015
7404  -17.075  -52.574  5.052 0.1000000015
4404  -19.769  -48.042  -4.057 0.2000000030
303  -10.385  -90.520  27.869 0.2000000030
5252  -8.427  -89.070  29.777 0.1000000015
7802  -12.136  -88.619  26.742 0.1000000015
5250  -10.106  -87.287  28.910 0.1000000015
2359  -6.712  -87.276  31.602 0.1000000015
686  -30.336  -89.494  -5.356 0.1000000015
9637  -4.330  -82.482  26.791 0.1000000015
5225  -14.899  -70.812  8.729 0.3000000119
1695  -9.355  -77.955  21.879 0.2000000030
5628  -22.598  -71.473  6.879 0.2000000030
9601  -16.675  -72.364  9.510 0.2000000030
7120  -18.413  -73.872  8.694 0.1000000015
2509  -24.420  -70.112  5.584 0.2000000030
10084  -22.495  -73.064  5.162 0.2000000030
10085  -23.808  -70.994  3.562 0.1000000015
10083  -25.701  -67.901  4.131 0.1000000015
10086  -24.660  -68.315  2.150 0.1000000015
7804  -14.151  -89.263  24.488 0.1000000015
3792  -14.777  -91.805  20.205 0.1000000015
7813  -19.740  -92.545  15.284 0.1000000015
304  -16.579  -91.552  17.999 0.1000000015
3791  -15.730  -89.419  22.142 0.1000000015
6021  -18.460  -90.794  16.051 0.1000000015
3790  -16.522  -89.090  19.616 0.1000000015
3785  -11.931  -77.258  20.392 0.1000000015
7145  -20.911  -67.071  -11.126 0.1000000015
3330  -23.348  -65.137  -8.991 0.1000000015
3331  -25.985  -63.965  -6.829 0.1000000015
9604  -20.959  -68.149  16.708 0.1000000015
1411  -24.829  -61.272  -8.951 0.1000000015
7146  -22.157  -62.157  -10.911 0.1000000015
1410  -18.889  -65.085  -11.309 0.1000000015
3180  -21.861  -63.888  17.079 0.1000000015
6877  -21.422  -63.380  15.211 0.1000000015
7121  -20.624  -73.990  6.925 0.1000000015
10106  -14.678  -62.115  -4.775 0.1000000015
2349  -12.861  -72.203  10.639 0.1000000015
4403  -16.586  -46.065  -2.650 0.1000000015
2008  -15.853  -44.611  -3.788 0.1000000015
