#!ascii label  , from subject fsaverage5 vox2ras=TkReg 
330
17  29.519  -31.262  69.279 0.5555559993
707  29.428  -34.278  65.215 0.4444440007
2627  29.848  -33.043  68.290 0.4444440007
2628  27.802  -34.066  66.147 0.5555559993
2629  28.102  -32.858  69.036 0.4444440007
8100  27.570  -30.962  69.693 0.4444440007
709  26.184  -34.005  66.916 0.4444440007
5882  25.404  -34.880  63.393 0.2222220004
2640  31.681  -33.736  66.828 0.4444440007
2639  31.587  -31.981  68.478 0.4444440007
8099  28.541  -30.078  67.878 0.3333329856
719  33.566  -32.824  67.308 0.4444440007
2638  32.717  -30.738  67.358 0.4444440007
5903  33.465  -34.288  65.315 0.3333329856
5904  31.145  -34.685  63.679 0.2222220004
2637  30.491  -30.138  67.527 0.3333329856
5901  35.470  -33.493  65.929 0.3333329856
720  32.908  -34.960  62.334 0.1111110002
5900  35.026  -31.404  66.830 0.5555559993
239  37.453  -33.863  64.199 0.3333329856
5902  35.161  -34.746  63.509 0.1111110002
5899  33.383  -30.339  64.631 0.3333329856
3597  30.401  -35.056  60.671 0.1111110002
3594  39.245  -33.905  62.457 0.3333329856
3596  37.010  -34.810  61.724 0.3333329856
7532  34.619  -35.170  60.791 0.1111110002
3598  31.973  -35.194  59.391 0.1111110002
3590  37.165  -31.751  65.840 0.6666669846
718  35.944  -30.448  64.757 0.7777780294
3592  39.328  -31.931  64.462 0.4444440007
1581  40.644  -33.587  60.413 0.4444440007
3591  38.376  -30.159  64.305 0.7777780294
3593  41.196  -31.866  62.887 0.4444440007
7526  42.749  -31.531  61.129 0.5555559993
1580  40.539  -29.656  63.811 0.6666669846
7525  42.417  -29.194  62.918 0.7777780294
7524  41.117  -27.564  62.208 0.6666669846
2990  44.022  -30.921  59.031 0.6666669846
2991  45.663  -28.115  59.748 0.7777780294
1070  44.121  -28.684  61.627 0.7777780294
6532  42.999  -26.585  62.144 0.8888890147
1072  46.573  -27.499  57.664 0.6666669846
6534  44.845  -25.655  61.312 0.8888890147
6535  46.590  -24.896  59.837 0.7777780294
6533  43.433  -24.373  60.265 0.7777780294
1071  45.293  -22.956  60.101 0.8888890147
6536  47.807  -24.579  57.875 0.8888890147
8900  44.093  -22.846  57.906 0.6666669846
4648  46.987  -22.015  59.143 0.8888890147
4649  45.682  -20.755  58.309 0.5555559993
8901  44.694  -21.243  55.191 0.2222220004
6538  46.849  -27.057  55.339 0.6666669846
6537  48.288  -24.272  55.555 0.7777780294
489  48.501  -21.519  57.507 0.8888890147
8909  48.281  -23.759  53.100 0.6666669846
2112  45.904  -18.922  55.843 0.2222220004
4650  47.403  -19.332  57.894 0.8888890147
4654  49.606  -21.248  55.460 0.7777780294
4656  46.221  -25.519  50.400 0.2222220004
8910  48.093  -23.507  50.468 0.2222220004
2115  45.891  -25.064  47.517 0.2222220004
8912  45.640  -24.521  44.761 0.2222220004
2114  50.193  -21.214  52.981 0.5555559993
8911  47.941  -23.452  47.771 0.3333329856
4652  49.212  -18.761  56.720 0.8888890147
4653  50.804  -18.562  54.748 0.8888890147
4651  47.538  -17.326  55.791 0.6666669846
8908  50.355  -21.728  50.458 0.5555559993
487  50.140  -21.898  48.286 0.5555559993
8907  51.897  -19.060  52.645 0.7777780294
6526  52.453  -19.854  50.540 0.6666669846
4632  51.959  -20.563  48.274 0.4444440007
2113  49.565  -16.704  54.944 0.5555559993
6525  53.611  -17.972  50.102 0.7777780294
1065  53.310  -18.779  48.151 0.8888890147
8906  51.452  -16.641  53.374 0.8888890147
1066  53.067  -17.000  51.714 0.8888890147
8806  26.460  -32.462  69.874 0.4444440007
8101  26.216  -30.301  67.202 0.2222220004
711  4.363  -39.616  72.397 0.1111110002
3569  6.174  -39.571  74.106 0.1111110002
7491  5.512  -38.151  74.346 0.1111110002
5885  4.234  -38.062  72.083 0.1111110002
232  7.631  -40.331  70.269 0.1111110002
7493  9.991  -38.439  76.199 0.1111110002
3570  7.746  -40.016  72.951 0.1111110002
3568  5.650  -40.643  71.505 0.1111110002
3574  9.895  -39.536  69.268 0.1111110002
231  11.556  -37.618  76.434 0.2222220004
4578  10.785  -34.936  76.537 0.3333329856
3567  6.039  -37.219  72.945 0.1111110002
3572  10.080  -39.499  71.571 0.1111110002
717  30.977  -30.106  64.190 0.2222220004
7490  8.994  -36.360  76.480 0.2222220004
1567  8.519  -39.225  75.062 0.1111110002
7492  7.334  -37.944  75.706 0.1111110002
1566  7.138  -36.401  75.327 0.1111110002
3571  10.387  -39.692  73.818 0.1111110002
372  21.196  -30.841  68.735 0.2222220004
4579  12.750  -33.583  76.106 0.3333329856
6488  20.782  -30.878  71.901 0.2222220004
6487  18.874  -31.086  68.491 0.2222220004
8103  21.788  -31.285  65.690 0.2222220004
8153  29.019  -30.119  59.528 0.1111110002
7489  9.176  -34.823  75.648 0.1111110002
1565  11.239  -33.284  75.487 0.3333329856
7487  12.246  -33.447  72.556 0.1111110002
2967  14.270  -31.965  72.201 0.1111110002
2965  14.454  -33.101  67.796 0.1111110002
1045  16.584  -31.836  68.114 0.1111110002
8154  28.859  -30.132  63.981 0.1111110002
4050  26.931  -30.222  59.389 0.1111110002
4007  25.090  -30.632  59.426 0.1111110002
8102  23.985  -30.707  66.368 0.1111110002
1825  22.297  -31.458  62.147 0.1111110002
5897  31.239  -30.364  59.904 0.1111110002
1823  26.871  -30.387  63.888 0.1111110002
4008  24.652  -30.835  62.903 0.1111110002
8106  19.370  -31.758  65.012 0.1111110002
7488  10.350  -34.920  72.929 0.1111110002
4009  22.782  -31.488  58.718 0.1111110002
5898  33.937  -30.532  60.705 0.2222220004
7523  39.076  -28.838  61.715 0.4444440007
7522  36.684  -30.092  61.145 0.4444440007
8152  29.137  -29.747  55.553 0.1111110002
3589  34.307  -29.888  56.861 0.1111110002
237  31.529  -29.985  56.011 0.1111110002
8107  17.102  -32.498  64.416 0.1111110002
7521  39.681  -28.031  58.824 0.3333329856
3587  31.636  -29.410  52.264 0.1111110002
238  41.661  -26.246  59.871 0.2222220004
1579  37.203  -29.375  57.753 0.1111110002
3588  34.431  -29.090  53.449 0.1111110002
8105  19.899  -32.117  61.518 0.1111110002
4645  39.832  -26.856  55.851 0.2222220004
4647  42.231  -25.005  56.901 0.3333329856
2111  42.730  -23.680  54.068 0.1111110002
8902  43.958  -19.913  51.537 0.1111110002
8899  42.679  -22.378  50.715 0.1111110002
8903  44.976  -17.915  52.230 0.1111110002
8904  46.980  -16.620  52.820 0.3333329856
8905  49.501  -15.906  52.430 0.5555559993
2986  51.742  -15.515  51.257 0.6666669846
8882  52.579  -19.327  45.852 0.6666669846
4627  55.671  -14.863  44.429 0.6666669846
486  55.408  -15.892  46.109 0.6666669846
4631  54.019  -17.993  45.210 0.5555559993
2103  55.828  -13.686  42.698 0.5555559993
4626  54.010  -14.218  42.914 0.3333329856
4621  57.392  -12.810  40.782 0.4444440007
8875  55.861  -12.704  41.222 0.5555559993
8874  53.656  -13.603  40.622 0.3333329856
2985  53.368  -15.593  50.327 0.7777780294
6523  54.574  -17.209  47.411 0.6666669846
8873  51.478  -15.184  40.046 0.2222220004
4619  57.751  -11.628  39.280 0.3333329856
485  55.862  -11.768  39.082 0.2222220004
6519  49.249  -16.695  39.541 0.1111110002
2102  51.003  -14.540  37.296 0.1111110002
4644  41.986  -19.006  48.020 0.1111110002
4625  54.424  -14.649  45.373 0.5555559993
1063  52.074  -15.549  42.969 0.3333329856
8872  53.357  -13.072  38.027 0.2222220004
6520  49.946  -16.748  42.850 0.1111110002
2100  58.679  -12.314  38.332 0.3333329856
6522  54.619  -15.172  47.528 0.7777780294
6524  54.338  -16.321  49.097 0.7777780294
2982  48.554  -16.819  46.366 0.2222220004
6521  52.548  -15.129  46.008 0.1111110002
2983  50.615  -16.000  46.301 0.2222220004
6517  53.598  -12.890  35.475 0.2222220004
4617  55.986  -11.482  36.626 0.3333329856
8866  58.657  -13.375  36.628 0.3333329856
8863  59.934  -11.766  35.437 0.3333329856
1064  53.147  -14.933  48.546 0.7777780294
2984  51.414  -15.241  49.213 0.4444440007
4618  58.130  -10.705  37.169 0.3333329856
107  49.344  -16.087  49.501 0.5555559993
8865  59.391  -10.946  36.654 0.3333329856
4615  60.268  -8.757  31.992 0.2222220004
7494  11.362  -40.087  75.453 0.1111110002
8815  13.535  -31.888  75.170 0.1111110002
1060  56.022  -11.555  33.674 0.2222220004
1583  36.015  -35.220  58.908 0.1111110002
3595  38.328  -34.652  59.749 0.2222220004
7529  39.258  -34.121  57.617 0.2222220004
7527  41.516  -32.776  58.153 0.3333329856
2992  44.802  -30.128  56.857 0.6666669846
108  42.049  -31.896  55.792 0.2222220004
7528  39.720  -33.158  55.324 0.2222220004
1073  46.704  -26.283  52.992 0.5555559993
4633  51.119  -20.730  45.930 0.4444440007
8864  58.355  -10.075  34.625 0.1111110002
2099  60.046  -9.748  34.507 0.1111110002
4616  58.025  -9.752  31.455 0.1111110002
3043  59.145  -0.781  18.289 0.1111110002
6631  57.833  -4.150  15.749 0.1111110002
7530  36.947  -34.927  56.822 0.1111110002
4573  18.561  -34.130  71.437 0.2222220004
1046  20.114  -32.373  72.618 0.2222220004
478  16.637  -35.865  69.430 0.2222220004
8809  21.575  -32.839  71.241 0.2222220004
4574  19.981  -34.561  69.464 0.2222220004
6490  18.225  -31.879  73.763 0.3333329856
2080  23.018  -33.227  69.835 0.2222220004
8810  21.141  -34.496  67.870 0.2222220004
6491  16.854  -33.243  73.302 0.3333329856
8807  24.653  -33.676  68.320 0.2222220004
6489  18.749  -30.909  71.985 0.2222220004
4572  22.672  -31.362  71.330 0.1111110002
1047  16.010  -31.435  74.595 0.3333329856
4571  24.583  -31.879  70.667 0.1111110002
4570  23.398  -30.750  69.206 0.3333329856
1824  25.545  -30.833  69.690 0.2222220004
2994  42.280  -30.854  53.471 0.2222220004
2993  44.867  -29.221  54.586 0.1111110002
6918  54.538  -17.911  33.203 0.1111110002
6917  55.959  -16.417  32.853 0.1111110002
8869  54.603  -17.188  38.112 0.2222220004
8877  55.729  -16.413  40.701 0.2222220004
8878  53.278  -18.363  39.076 0.2222220004
1282  54.784  -17.096  35.213 0.1111110002
8868  55.893  -16.124  37.472 0.2222220004
6916  56.162  -15.953  34.870 0.1111110002
4629  55.153  -16.904  44.257 0.4444440007
4628  56.251  -15.576  42.895 0.4444440007
2104  54.286  -17.661  41.849 0.4444440007
4630  53.226  -18.832  42.626 0.4444440007
2101  57.109  -15.069  39.932 0.3333329856
8867  57.145  -14.901  37.017 0.1111110002
484  57.784  -14.428  34.635 0.2222220004
2105  51.722  -19.852  43.220 0.4444440007
8876  57.040  -14.128  41.839 0.4444440007
4620  57.855  -13.756  39.317 0.2222220004
4634  49.464  -22.136  45.859 0.3333329856
2151  61.619  -7.918  23.801 0.1111110002
4813  62.904  -7.972  21.912 0.1111110002
8817  15.047  -35.285  71.991 0.2222220004
3202  53.566  -18.065  35.664 0.1111110002
8883  50.210  -20.892  43.381 0.3333329856
6922  56.497  -26.100  39.220 0.1111110002
5295  52.689  -25.448  36.649 0.1111110002
308  54.273  -26.595  38.803 0.1111110002
7822  50.746  -24.614  35.894 0.1111110002
7823  52.202  -26.532  37.888 0.1111110002
1706  51.220  -23.546  34.801 0.1111110002
7821  50.077  -21.937  35.493 0.1111110002
5297  54.860  -25.423  37.046 0.1111110002
1705  50.034  -21.011  37.791 0.1111110002
3803  49.271  -23.151  36.229 0.1111110002
7819  51.153  -19.933  37.197 0.1111110002
8879  52.173  -19.412  39.874 0.1111110002
8880  50.835  -20.473  40.539 0.1111110002
7820  51.040  -20.867  34.819 0.1111110002
106  52.344  -18.950  36.371 0.1111110002
2106  48.666  -22.055  43.247 0.1111110002
4635  47.062  -23.227  42.840 0.1111110002
2107  45.382  -24.163  42.249 0.1111110002
4636  47.626  -23.270  45.298 0.2222220004
2098  60.866  -11.615  32.224 0.2222220004
2  62.937  -9.121  28.103 0.2222220004
8860  62.003  -10.216  30.362 0.2222220004
9021  62.831  -7.646  26.249 0.2222220004
9103  63.703  -8.094  24.244 0.1111110002
5289  57.487  -14.757  32.283 0.1111110002
8859  62.130  -8.067  28.979 0.2222220004
5287  59.566  -13.037  33.706 0.1111110002
9020  60.817  -7.667  26.575 0.1111110002
8861  61.646  -9.089  31.471 0.2222220004
4746  58.137  -9.136  26.314 0.1111110002
8862  60.968  -10.351  33.669 0.2222220004
2097  60.249  -8.079  29.422 0.1111110002
4614  57.525  -9.355  28.965 0.1111110002
6492  12.740  -40.100  76.017 0.1111110002
8818  14.904  -39.257  73.462 0.2222220004
6493  14.209  -39.776  75.386 0.2222220004
1048  13.010  -42.473  74.897 0.1111110002
4580  12.837  -36.538  75.815 0.1111110002
2083  13.835  -35.714  74.316 0.2222220004
8816  14.846  -32.967  75.040 0.2222220004
2966  16.490  -31.123  72.127 0.1111110002
5881  27.090  -34.819  62.583 0.1111110002
5879  28.757  -34.850  61.867 0.1111110002
5880  26.149  -35.447  59.144 0.1111110002
227  27.770  -35.360  58.648 0.1111110002
6539  44.582  -28.494  52.411 0.1111110002
4655  44.419  -27.695  50.029 0.1111110002
4657  44.131  -26.924  47.338 0.1111110002
490  42.168  -28.490  46.880 0.1111110002
4659  42.065  -27.411  44.275 0.1111110002
4658  43.830  -25.983  44.620 0.1111110002
8913  43.762  -25.244  41.974 0.1111110002
8896  46.781  -16.983  49.713 0.1111110002
5883  23.831  -34.864  64.214 0.2222220004
2110  44.041  -17.755  48.830 0.1111110002
9675  60.445  -12.478  29.885 0.1111110002
2596  61.609  -11.438  27.987 0.1111110002
2595  61.872  -12.191  25.915 0.1111110002
194  64.175  -12.927  20.517 0.1111110002
2594  63.373  -9.784  26.045 0.1111110002
674  63.549  -10.673  24.039 0.1111110002
5822  63.802  -11.942  22.122 0.1111110002
9098  64.733  -10.837  18.227 0.1111110002
3464  63.924  -13.222  19.159 0.1111110002
9102  64.353  -9.018  22.214 0.1111110002
9101  64.653  -10.036  20.225 0.1111110002
9097  64.309  -11.226  16.409 0.1111110002
9096  63.272  -11.315  15.024 0.1111110002
9095  61.639  -11.311  14.445 0.1111110002
2179  63.825  -8.185  19.858 0.1111110002
9100  64.358  -8.591  17.677 0.1111110002
2178  64.576  -9.144  15.480 0.1111110002
4808  64.050  -9.646  13.462 0.1111110002
2177  62.901  -10.092  12.277 0.1111110002
9086  59.378  -11.494  14.602 0.1111110002
9094  61.121  -10.377  11.958 0.1111110002
2174  58.922  -10.661  12.172 0.1111110002
4807  63.247  -7.915  11.306 0.1111110002
4809  63.627  -7.977  12.936 0.1111110002
4806  62.086  -8.086  10.446 0.1111110002
511  62.251  -5.623  11.434 0.1111110002
4805  61.896  -5.382  10.408 0.1111110002
9085  57.148  -11.734  14.655 0.1111110002
6629  61.648  -6.439  12.702 0.1111110002
6494  14.482  -42.413  74.714 0.1111110002
8819  15.034  -38.819  70.933 0.1111110002
8820  15.893  -38.714  68.310 0.1111110002
8808  22.391  -34.580  66.020 0.1111110002
2996  39.998  -32.047  52.726 0.1111110002
1049  15.579  -42.026  73.016 0.1111110002
