#!ascii label  , from subject fsaverage5 vox2ras=TkReg 
854
3379  25.992  -20.723  67.724 0.5000000000
3390  29.048  -21.359  65.374 0.3750000000
1458  32.073  -20.255  66.749 0.3750000000
7239  34.313  -18.002  66.494 0.5000000000
7237  36.099  -18.052  65.236 0.6250000000
1457  35.548  -15.316  65.236 0.7500000000
7236  37.285  -15.038  64.587 1.0000000000
7235  37.426  -12.263  63.196 1.0000000000
3385  35.924  -12.851  63.476 1.0000000000
3373  19.386  -11.488  60.249 1.0000000000
5772  26.846  -18.644  69.421 0.7500000000
167  28.466  -19.852  68.451 0.6250000000
3377  27.304  -21.246  66.137 0.5000000000
3389  30.253  -20.057  67.918 0.5000000000
2566  22.908  -13.540  62.395 1.0000000000
3386  34.222  -13.663  63.503 1.0000000000
5770  21.147  -12.997  60.924 1.0000000000
1455  35.676  -11.110  61.204 1.0000000000
3384  34.279  -12.241  60.780 1.0000000000
7234  38.853  -11.881  62.533 0.8750000000
3374  18.353  -12.503  61.072 1.0000000000
3395  32.273  -12.823  57.417 1.0000000000
3396  33.706  -11.677  57.762 1.0000000000
3998  12.937  -5.844  68.510 1.0000000000
3999  10.843  -7.186  69.061 1.0000000000
4000  12.420  -4.100  68.889 1.0000000000
3996  14.824  -4.482  67.273 1.0000000000
8089  8.960  -8.491  68.546 1.0000000000
854  14.872  -6.139  65.740 1.0000000000
6143  16.592  -5.385  64.622 0.8750000000
6141  16.181  -7.535  62.903 0.8750000000
2565  24.719  -13.648  64.233 1.0000000000
7221  17.525  -7.127  62.348 0.8750000000
0  27.198  -14.101  60.787 1.0000000000
1450  17.320  -9.742  61.041 1.0000000000
169  32.830  -13.397  60.614 1.0000000000
2562  22.769  -12.841  60.087 1.0000000000
2569  27.657  -14.360  60.755 1.0000000000
7233  37.310  -10.172  61.454 1.0000000000
2564  24.497  -13.314  56.860 1.0000000000
642  21.289  -11.807  59.169 1.0000000000
2563  22.560  -11.794  56.893 1.0000000000
5762  20.185  -10.191  58.717 1.0000000000
1820  10.495  -5.697  68.754 1.0000000000
5773  26.634  -15.860  68.793 1.0000000000
5771  28.589  -17.232  69.149 0.8750000000
3387  30.536  -17.608  68.489 0.8750000000
1817  7.519  -11.081  68.515 0.8750000000
2568  25.904  -14.150  66.760 1.0000000000
2567  27.223  -13.622  65.243 1.0000000000
7238  33.606  -15.592  65.687 0.8750000000
3375  18.763  -8.736  60.540 1.0000000000
7251  35.024  -10.353  58.364 1.0000000000
7250  32.663  -11.169  54.805 1.0000000000
1461  31.422  -12.291  54.253 1.0000000000
5764  21.309  -10.493  57.095 1.0000000000
8734  6.990  -13.194  60.498 0.8750000000
8090  9.031  -7.273  67.393 1.0000000000
46  8.054  -9.089  65.812 0.8750000000
8081  7.547  -10.025  67.310 0.8750000000
3388  32.409  -17.796  67.596 0.6250000000
2570  28.829  -14.560  64.648 1.0000000000
649  29.048  -14.684  60.717 1.0000000000
1025  5.863  -13.741  62.568 0.8750000000
49  38.994  -9.468  61.021 1.0000000000
2571  26.672  -14.060  56.998 1.0000000000
873  34.234  -9.822  55.437 1.0000000000
644  24.030  -12.765  54.745 1.0000000000
2055  7.427  -12.437  58.108 0.8750000000
5765  22.494  -11.106  54.759 1.0000000000
2056  4.967  -17.496  54.296 0.5000000000
4518  6.912  -18.544  50.250 0.2500000000
4516  5.256  -16.470  52.058 0.2500000000
7455  9.250  -5.893  66.009 0.8750000000
6144  16.866  -3.391  66.294 0.8750000000
647  27.872  -14.696  67.428 1.0000000000
5778  29.708  -15.395  67.260 0.8750000000
2945  7.207  -11.466  64.251 0.8750000000
5777  30.289  -14.843  63.918 1.0000000000
2943  6.419  -11.984  66.164 0.8750000000
2944  5.093  -14.206  64.436 0.8750000000
2793  36.576  -8.919  58.872 1.0000000000
7249  30.492  -11.670  51.284 0.8750000000
6179  32.111  -10.501  51.713 1.0000000000
8737  5.698  -15.058  56.181 0.8750000000
8735  5.779  -15.583  58.540 0.8750000000
4001  11.510  -2.500  68.766 0.8750000000
8091  9.984  -4.046  67.946 0.8750000000
370  14.503  -2.497  68.092 1.0000000000
7456  8.717  -7.970  64.001 0.8750000000
853  18.094  -4.965  63.901 0.8750000000
8733  8.230  -10.494  62.181 0.8750000000
650  31.693  -15.617  66.435 1.0000000000
2784  40.627  -9.145  59.806 1.0000000000
3394  29.792  -13.276  54.041 0.8750000000
7248  28.894  -12.469  50.834 0.8750000000
171  30.080  -10.452  48.160 0.8750000000
4515  5.144  -13.985  54.142 0.8750000000
1551  8.855  -2.640  67.360 0.8750000000
7457  8.729  -4.219  64.855 0.8750000000
3544  7.437  -1.506  66.644 0.8750000000
1552  9.048  -6.710  62.400 1.0000000000
162  19.704  -7.758  59.109 1.0000000000
4512  8.573  -9.506  60.254 0.8750000000
2795  38.597  -7.907  58.921 1.0000000000
2794  36.207  -8.532  55.949 1.0000000000
864  41.425  -9.234  58.102 0.8750000000
6181  33.931  -9.428  52.071 1.0000000000
8736  6.526  -11.507  56.179 1.0000000000
6180  31.872  -9.496  48.442 0.8750000000
7246  28.241  -11.206  47.885 0.8750000000
469  6.637  -15.289  50.797 0.2500000000
8092  10.303  -1.097  68.286 0.8750000000
7458  7.870  -3.140  63.842 0.8750000000
3376  18.938  -6.275  61.772 1.0000000000
5780  25.894  -13.534  54.396 1.0000000000
5781  28.551  -14.246  57.458 1.0000000000
5766  23.664  -11.745  52.697 1.0000000000
3365  22.302  -9.600  52.919 1.0000000000
5776  32.333  -14.589  63.522 1.0000000000
2796  40.499  -7.418  58.259 0.8750000000
3393  30.647  -13.953  57.468 1.0000000000
4002  13.409  -1.104  67.829 0.8750000000
6145  16.540  -1.317  67.014 0.8750000000
3543  8.857  0.018  68.137 0.8750000000
3366  21.635  -7.085  53.630 0.8750000000
7208  21.506  -4.511  54.728 0.8750000000
7207  21.279  -6.274  55.997 0.8750000000
5775  30.855  -14.411  60.789 1.0000000000
643  21.574  -8.778  55.121 1.0000000000
875  38.247  -7.459  56.125 1.0000000000
1027  5.714  -10.159  55.078 0.8750000000
6186  41.972  -7.601  56.893 0.8750000000
6182  35.820  -8.302  52.427 1.0000000000
6162  41.286  -9.540  55.823 0.8750000000
874  33.595  -8.350  48.672 0.7500000000
4060  29.912  -8.475  45.776 0.7500000000
1821  12.021  0.143  67.027 0.8750000000
1553  6.507  -0.888  65.335 0.8750000000
7205  22.167  -1.820  58.791 0.7500000000
4511  8.697  -5.670  61.103 0.8750000000
7206  21.884  -2.062  56.076 0.7500000000
7459  7.478  -2.527  62.492 0.8750000000
224  8.371  -5.024  59.804 0.8750000000
4513  8.117  -8.791  58.493 0.8750000000
6453  7.345  -7.825  57.142 0.8750000000
164  23.342  -10.344  50.500 1.0000000000
5763  20.753  -8.186  57.380 1.0000000000
6185  40.240  -6.706  55.777 1.0000000000
651  27.839  -13.867  54.062 1.0000000000
7247  27.071  -12.926  50.881 0.8750000000
1460  26.315  -11.530  48.117 0.8750000000
4514  5.479  -12.642  52.862 0.8750000000
4058  27.949  -9.126  45.677 0.7500000000
8168  31.686  -7.567  45.629 0.6250000000
7204  22.279  -1.728  61.593 1.0000000000
2774  18.626  -2.836  65.782 0.8750000000
1443  23.109  0.512  60.023 0.7500000000
3970  22.358  0.376  57.267 0.6250000000
163  21.796  0.087  54.586 0.6250000000
7222  19.294  -4.102  63.190 1.0000000000
7209  21.838  -2.465  53.229 0.7500000000
1444  21.413  -4.028  57.307 0.8750000000
1445  21.928  -4.966  51.920 0.8750000000
3367  22.249  -7.741  50.936 0.8750000000
5779  25.246  -12.704  51.649 1.0000000000
3392  24.620  -11.220  48.967 0.8750000000
3369  23.049  -8.174  48.309 0.8750000000
6183  37.972  -7.272  52.547 0.8750000000
4068  42.683  -8.073  55.185 0.8750000000
375  40.664  -9.810  53.319 0.7500000000
4061  35.466  -7.463  48.849 0.8750000000
4062  33.422  -6.641  45.283 0.6250000000
6146  15.333  0.055  66.237 0.8750000000
8093  10.758  1.468  66.832 0.8750000000
7203  23.390  0.296  62.897 1.0000000000
8094  14.006  1.182  65.225 0.8750000000
3545  7.218  0.935  67.713 0.8750000000
3363  21.235  -3.746  59.900 1.0000000000
3362  19.961  -5.524  60.409 1.0000000000
3364  20.706  -5.767  58.366 0.8750000000
876  42.229  -6.562  55.025 1.0000000000
3391  24.363  -8.881  46.555 0.6250000000
7245  26.030  -9.356  45.808 0.7500000000
6458  8.453  -10.885  51.413 0.5000000000
4069  43.639  -6.899  54.048 1.0000000000
6456  6.878  -11.795  52.021 0.7500000000
4070  42.928  -8.572  53.073 1.0000000000
4071  42.993  -9.110  50.810 0.5000000000
4029  40.362  -9.971  50.702 0.5000000000
1847  29.844  -5.677  44.624 0.5000000000
1833  40.256  -10.237  47.986 0.3750000000
2773  20.067  -1.942  64.762 0.8750000000
8095  12.581  2.536  64.923 0.8750000000
7460  6.184  1.692  66.174 0.8750000000
3972  21.577  2.752  55.933 0.6250000000
6128  21.487  2.591  53.151 0.2500000000
7461  6.327  -0.262  63.440 0.8750000000
6129  21.742  2.437  50.306 0.1250000000
7462  7.418  -1.958  60.932 0.8750000000
6127  21.769  -0.106  51.901 0.3750000000
7210  22.064  -2.699  50.465 0.6250000000
6452  8.106  -4.178  58.586 0.8750000000
3368  22.433  -5.335  49.111 0.6250000000
1446  23.265  -5.415  46.672 0.6250000000
6459  9.963  -9.791  50.484 0.5000000000
6184  40.116  -6.575  52.630 0.8750000000
8177  42.198  -6.192  52.511 0.8750000000
1851  44.770  -7.477  52.670 1.0000000000
1459  26.245  -6.441  44.568 0.5000000000
8180  45.383  -8.098  51.024 0.8750000000
4067  39.880  -6.471  49.069 0.8750000000
381  37.784  -7.039  49.002 0.8750000000
4059  28.186  -6.227  44.554 0.5000000000
4063  35.334  -6.381  45.195 0.8750000000
8169  31.468  -4.844  44.434 0.5000000000
4065  37.410  -6.140  45.363 0.6250000000
1848  33.246  -3.946  44.138 0.6250000000
855  18.491  -0.378  66.343 0.8750000000
223  9.399  2.636  67.212 0.8750000000
3971  22.413  2.992  58.591 0.6250000000
2766  22.699  2.457  48.012 0.1250000000
845  22.151  -0.236  49.231 0.2500000000
2765  23.186  -0.124  47.256 0.1250000000
7211  22.681  -2.700  47.942 0.2500000000
6454  7.095  -6.607  56.212 0.8750000000
7244  24.575  -6.345  45.337 0.5000000000
2949  8.529  -7.275  51.715 0.6250000000
6455  5.969  -8.953  53.922 0.8750000000
1028  7.164  -7.983  52.928 0.7500000000
8179  45.802  -6.030  51.978 1.0000000000
1850  41.875  -5.767  49.069 0.8750000000
8167  29.979  -2.454  45.521 0.2500000000
8166  28.672  -3.193  45.527 0.3750000000
8181  43.085  -9.472  48.338 0.5000000000
3617  52.180  -4.755  41.289 0.5000000000
245  51.852  -4.843  43.582 0.2500000000
6147  17.450  1.226  65.297 0.8750000000
2775  20.331  0.370  65.767 0.7500000000
856  16.174  2.435  64.054 0.8750000000
8096  11.286  4.001  65.361 0.8750000000
5872  7.772  3.866  67.249 0.8750000000
1554  6.942  0.817  61.636 0.8750000000
849  27.782  4.505  49.259 0.1250000000
2769  26.228  2.430  47.739 0.1250000000
2767  24.467  2.416  47.024 0.1250000000
7463  7.832  -0.829  59.364 0.8750000000
6176  28.635  4.106  51.127 0.1250000000
871  29.523  3.748  53.013 0.1250000000
2791  27.248  1.840  49.077 0.1250000000
4054  31.163  3.290  54.565 0.1250000000
6177  28.288  1.084  50.349 0.1250000000
44  25.001  0.227  46.461 0.1250000000
1845  33.878  3.988  55.548 0.1250000000
8162  36.244  4.700  55.667 0.1250000000
4053  30.240  1.333  51.293 0.1250000000
7212  23.788  -2.568  45.932 0.2500000000
4055  32.095  2.102  52.149 0.1250000000
4056  34.088  2.665  52.680 0.1250000000
380  30.884  0.303  48.371 0.1250000000
6178  29.421  -0.419  48.077 0.1250000000
1030  9.735  -6.548  50.495 0.6250000000
4057  32.607  0.894  48.829 0.2500000000
8178  44.085  -5.826  52.288 1.0000000000
8165  27.005  -3.404  45.161 0.3750000000
8176  44.032  -5.241  49.640 1.0000000000
8170  31.676  -1.567  45.523 0.2500000000
4066  39.610  -5.579  45.475 0.7500000000
8171  33.603  -1.011  45.597 0.5000000000
8175  41.915  -5.039  45.748 0.8750000000
723  45.768  -8.388  48.874 0.5000000000
4064  35.207  -3.789  43.878 0.5000000000
8127  40.381  -10.540  45.378 0.1250000000
2643  43.227  -9.819  45.779 0.1250000000
5913  49.264  -6.614  43.448 0.1250000000
3616  54.450  -3.061  41.125 0.5000000000
1594  56.193  -0.990  38.181 0.8750000000
7559  55.326  -1.218  40.087 0.8750000000
2146  57.477  0.092  34.175 0.8750000000
2776  19.441  2.400  65.420 0.7500000000
5871  10.016  5.525  66.150 0.8750000000
7202  21.541  -1.424  63.614 1.0000000000
4004  14.627  3.656  63.214 0.7500000000
3547  6.319  2.865  64.001 0.8750000000
1442  20.560  -3.345  62.055 1.0000000000
846  21.694  4.779  51.117 0.2500000000
8056  21.415  5.143  53.843 0.3750000000
1026  8.622  -3.042  57.284 0.8750000000
8161  35.853  6.799  56.949 0.1250000000
2792  26.464  -0.342  46.778 0.2500000000
872  27.867  -0.885  47.540 0.2500000000
7243  25.329  -3.025  45.125 0.2500000000
1088  38.227  4.614  54.588 0.1250000000
8163  36.065  2.943  52.325 0.1250000000
3008  37.872  2.906  51.387 0.1250000000
1846  34.461  1.199  48.992 0.1250000000
5909  47.203  -6.477  51.018 1.0000000000
5911  48.380  -6.707  49.032 0.7500000000
8174  39.342  -3.245  43.642 0.5000000000
1849  37.128  -3.666  43.674 0.5000000000
7558  54.563  0.009  38.198 0.8750000000
9004  55.479  0.649  36.628 0.8750000000
9005  56.337  1.489  34.878 0.8750000000
1097  53.598  0.974  33.821 0.6250000000
3016  50.319  0.557  32.826 0.5000000000
6148  18.098  4.004  64.316 0.7500000000
8053  23.373  3.219  61.278 0.7500000000
1822  13.037  5.220  63.400 0.8750000000
847  24.065  4.437  47.082 0.1250000000
2768  26.175  4.423  47.492 0.1250000000
1807  21.630  5.182  56.698 0.3750000000
7464  8.641  0.360  57.502 0.8750000000
8160  33.279  6.294  56.402 0.1250000000
2946  9.610  -2.239  55.768 0.8750000000
2950  10.206  -4.171  52.403 0.6250000000
3009  40.057  5.070  52.981 0.1250000000
8164  36.260  1.399  48.579 0.1250000000
243  46.131  -4.784  50.213 1.0000000000
8172  35.486  -0.842  45.294 0.3750000000
3608  44.256  -4.386  46.657 0.8750000000
2644  46.127  -8.512  45.959 0.3750000000
725  46.311  -8.724  42.907 0.1250000000
3615  53.582  -2.892  43.189 0.8750000000
9006  57.297  2.390  33.284 0.8750000000
2762  21.444  3.175  65.252 0.7500000000
42  22.056  0.849  64.860 0.7500000000
704  6.707  5.058  65.928 0.8750000000
4003  16.736  5.114  62.874 0.7500000000
8097  11.570  6.945  63.978 0.8750000000
4005  15.034  6.467  61.754 0.7500000000
3549  7.686  2.123  59.391 0.8750000000
6130  22.375  4.596  48.634 0.1250000000
3974  21.323  7.163  51.466 0.2500000000
6566  38.073  7.101  56.267 0.1250000000
2947  7.951  -5.455  55.182 0.8750000000
2948  9.157  -4.811  53.833 0.7500000000
51  38.189  1.239  48.064 0.2500000000
5910  48.421  -4.616  50.098 1.0000000000
7547  39.393  -0.611  44.759 0.3750000000
8173  37.283  -0.725  44.981 0.3750000000
1589  41.971  -2.930  43.921 0.5000000000
5912  49.025  -6.695  46.227 0.2500000000
1593  54.207  -1.017  41.928 1.0000000000
6583  54.798  2.724  32.596 0.8750000000
6582  51.689  2.193  31.578 0.5000000000
5873  8.249  7.173  66.433 0.8750000000
842  20.001  5.143  64.575 0.7500000000
3546  6.849  6.048  63.560 0.8750000000
8054  22.240  5.567  59.403 0.5000000000
3548  6.932  4.076  61.442 0.8750000000
8057  21.154  7.331  54.445 0.2500000000
3610  46.742  -3.371  47.968 0.7500000000
3609  44.913  -1.943  44.980 0.5000000000
724  50.161  -4.661  48.737 0.7500000000
3611  51.218  -4.770  46.318 0.7500000000
9009  58.152  2.981  31.672 0.8750000000
2147  58.252  0.634  30.081 0.8750000000
5874  7.096  8.393  65.017 0.7500000000
2764  23.301  3.235  63.986 0.7500000000
6122  18.648  6.606  63.129 0.6250000000
703  10.251  8.636  64.865 0.8750000000
4006  13.242  8.081  61.648 0.7500000000
3550  7.244  4.860  58.550 0.8750000000
1555  7.707  2.864  56.695 0.8750000000
7465  9.116  1.039  55.459 0.8750000000
3975  21.374  9.232  49.159 0.1250000000
2952  10.682  -1.233  52.251 0.7500000000
100  10.306  -1.525  53.987 0.8750000000
7552  48.924  -2.523  48.472 1.0000000000
3613  52.403  -2.471  45.463 1.0000000000
499  56.049  4.477  31.715 0.8750000000
4739  58.249  0.468  27.561 0.7500000000
2763  22.213  5.580  64.010 0.6250000000
362  17.169  7.903  61.546 0.6250000000
225  7.358  6.915  60.836 0.8750000000
1032  10.874  -1.010  50.382 0.5000000000
6464  11.100  -0.535  48.639 0.5000000000
4528  11.269  -2.836  47.679 0.6250000000
1591  47.148  -0.801  46.249 0.8750000000
7549  41.926  -0.155  44.992 0.5000000000
3612  50.891  -2.254  47.529 1.0000000000
4728  52.970  4.339  31.059 0.3750000000
6124  20.763  7.633  63.414 0.6250000000
6123  19.210  9.134  62.186 0.6250000000
2624  8.620  10.511  65.169 0.7500000000
844  22.919  5.754  62.043 0.6250000000
8098  11.694  9.980  62.672 0.7500000000
3962  15.312  9.523  60.604 0.6250000000
7467  7.614  3.097  54.601 0.7500000000
7466  9.394  1.273  53.489 0.7500000000
8761  10.060  1.734  49.539 0.3750000000
471  11.840  -0.004  46.911 0.5000000000
8762  10.539  2.280  47.900 0.5000000000
7550  44.443  0.834  45.328 0.5000000000
4732  57.230  5.662  30.579 0.6250000000
9010  58.670  3.253  29.663 0.6250000000
6125  22.242  7.825  61.878 0.6250000000
2623  10.512  11.690  63.885 0.6250000000
3965  21.411  9.570  59.532 0.6250000000
3964  17.579  10.711  61.026 0.6250000000
1802  13.568  11.185  60.892 0.6250000000
5875  7.168  9.189  62.500 0.7500000000
3967  20.817  11.977  57.472 0.3750000000
3551  7.076  5.205  56.125 0.7500000000
8760  9.791  1.501  51.424 0.7500000000
2064  8.996  4.583  48.498 0.3750000000
7551  46.571  1.768  45.572 0.5000000000
8764  10.013  5.260  46.997 0.3750000000
4532  12.604  0.468  45.199 0.2500000000
8765  11.618  2.844  46.106 0.2500000000
7553  48.973  -0.058  46.411 1.0000000000
4730  54.060  6.274  30.950 0.3750000000
1096  49.112  3.504  31.191 0.2500000000
9011  59.103  3.098  27.246 0.6250000000
2148  58.164  0.184  25.207 0.5000000000
9013  58.111  -0.288  22.601 0.3750000000
3044  59.615  1.455  21.916 0.2500000000
3043  59.145  -0.781  18.289 0.1250000000
1124  57.991  -1.301  19.612 0.1250000000
843  21.015  9.864  61.869 0.6250000000
3966  20.705  12.011  59.831 0.6250000000
5876  7.673  9.617  60.104 0.7500000000
3552  7.711  7.378  58.333 0.7500000000
7468  6.931  5.729  53.666 0.7500000000
1556  7.756  3.339  52.468 0.7500000000
4534  8.053  3.777  50.254 0.6250000000
8763  9.210  7.635  47.849 0.3750000000
2145  58.448  6.066  28.624 0.5000000000
9012  59.407  2.487  24.505 0.5000000000
8047  19.442  11.737  61.402 0.6250000000
8042  12.169  12.962  62.097 0.6250000000
705  7.667  11.543  63.671 0.7500000000
3963  15.938  12.262  60.369 0.6250000000
2065  11.568  5.953  45.223 0.3750000000
4537  10.196  8.315  46.088 0.3750000000
4731  55.600  7.602  29.893 0.5000000000
9003  59.185  5.683  26.055 0.3750000000
111  59.719  4.835  23.249 0.5000000000
3042  60.031  2.258  20.232 0.2500000000
2625  8.992  13.467  64.160 0.7500000000
8044  14.357  13.831  60.597 0.6250000000
1804  17.904  13.510  60.710 0.6250000000
5877  7.889  12.053  61.582 0.7500000000
1805  20.592  14.424  58.146 0.5000000000
1557  8.066  7.655  55.902 0.7500000000
7470  8.337  9.912  57.836 0.6250000000
4533  7.528  6.536  51.507 0.6250000000
4535  8.332  7.088  49.554 0.3750000000
3040  59.895  5.445  21.224 0.3750000000
3041  60.319  2.933  18.329 0.2500000000
8048  19.471  14.431  59.958 0.6250000000
7469  8.594  8.268  53.467 0.6250000000
6466  9.795  9.703  49.142 0.6250000000
1034  9.892  10.611  47.321 0.5000000000
4538  11.736  8.961  44.313 0.1250000000
9002  57.442  7.509  27.332 0.5000000000
9001  53.921  7.500  28.112 0.3750000000
1120  59.830  5.697  19.194 0.3750000000
6626  60.254  3.385  16.506 0.3750000000
12  10.901  14.765  62.850 0.6250000000
8045  16.395  14.822  60.016 0.5000000000
2626  8.190  14.551  62.767 0.7500000000
706  8.607  12.629  59.366 0.6250000000
7471  9.161  10.381  55.501 0.6250000000
226  9.406  8.947  51.183 0.6250000000
4536  10.183  11.404  45.340 0.3750000000
7598  58.717  6.918  24.510 0.3750000000
7596  57.533  5.782  20.392 0.3750000000
8043  12.677  15.460  60.855 0.6250000000
2612  9.414  16.378  63.004 0.6250000000
1803  14.708  16.154  59.280 0.6250000000
8046  18.046  16.043  59.650 0.5000000000
5878  8.028  15.510  60.848 0.6250000000
3554  9.189  13.270  57.216 0.6250000000
7472  9.987  11.106  53.134 0.6250000000
7597  58.134  6.547  22.486 0.3750000000
6624  59.309  5.741  17.378 0.2500000000
2614  10.734  17.611  61.350 0.5000000000
4435  16.614  17.251  58.642 0.5000000000
363  18.277  18.286  58.131 0.5000000000
1558  9.723  14.026  54.798 0.5000000000
6465  10.581  11.895  50.658 0.6250000000
692  7.907  17.589  62.141 0.5000000000
8641  12.433  17.918  58.980 0.2500000000
4436  14.511  18.570  57.333 0.2500000000
3553  8.226  16.373  58.642 0.5000000000
2613  9.044  19.224  61.527 0.5000000000
5852  7.213  18.440  60.242 0.5000000000
4437  16.358  19.327  56.475 0.3750000000
3555  8.423  16.825  56.031 0.5000000000
694  10.435  20.064  59.404 0.3750000000
212  7.073  18.962  57.702 0.5000000000
7473  10.173  14.631  52.072 0.5000000000
5854  7.495  20.333  60.529 0.5000000000
8642  12.087  20.622  57.140 0.1250000000
3556  8.838  17.026  53.513 0.5000000000
5853  6.698  20.996  58.539 0.5000000000
2023  13.924  21.065  55.337 0.1250000000
8644  16.122  21.951  54.513 0.1250000000
3512  7.297  19.102  54.938 0.5000000000
1532  7.565  19.243  52.351 0.5000000000
7474  9.234  17.389  50.782 0.5000000000
5855  8.767  21.761  59.443 0.2500000000
5856  10.062  22.919  57.630 0.1250000000
3514  6.709  21.401  55.794 0.3750000000
6407  18.204  20.433  56.259 0.1250000000
1001  18.113  23.322  55.082 0.1250000000
6409  20.479  24.062  55.541 0.1250000000
693  7.409  23.174  58.670 0.2500000000
8643  11.603  23.532  55.381 0.1250000000
8645  13.647  24.244  53.629 0.1250000000
3515  8.557  25.000  58.069 0.1250000000
7417  6.682  24.010  56.762 0.2500000000
4439  16.120  25.381  53.733 0.1250000000
4438  18.437  26.665  54.618 0.1250000000
3513  6.947  21.739  53.273 0.3750000000
1002  21.060  23.426  53.122 0.1250000000
214  9.952  26.322  56.493 0.1250000000
1534  6.788  24.487  54.407 0.2500000000
6410  20.163  26.795  53.525 0.1250000000
8646  11.729  26.973  54.470 0.1250000000
3516  7.142  26.462  57.432 0.2500000000
3517  8.474  28.255  56.936 0.2500000000
2024  14.142  27.641  53.520 0.1250000000
7418  6.538  27.196  55.504 0.2500000000
4440  16.438  28.705  53.821 0.1250000000
7416  7.034  27.737  53.000 0.2500000000
3519  10.104  29.303  55.434 0.1250000000
1535  6.983  29.565  56.068 0.2500000000
8647  12.193  29.832  53.772 0.1250000000
4441  14.364  30.480  52.898 0.1250000000
4420  7.689  28.328  50.160 0.2500000000
3518  8.508  31.040  55.300 0.2500000000
7419  6.527  30.230  53.741 0.2500000000
213  6.922  30.773  50.871 0.2500000000
1536  9.953  31.837  53.392 0.1250000000
4442  16.255  31.609  52.376 0.1250000000
457  18.458  29.696  53.491 0.1250000000
7420  7.172  32.205  53.971 0.2500000000
6397  6.597  33.112  51.528 0.2500000000
8655  18.063  32.364  51.072 0.1250000000
8648  11.786  32.201  51.533 0.1250000000
7560  55.064  -2.892  39.097 0.8750000000
3017  52.414  0.017  35.683 0.7500000000
3010  39.870  2.910  50.632 0.1250000000
8055  21.439  7.438  57.372 0.5000000000
6126  21.944  7.665  59.757 0.6250000000
8049  19.581  16.840  58.758 0.5000000000
1448  13.888  -16.988  66.997 0.7500000000
3994  12.403  -15.031  65.746 0.7500000000
7232  16.751  -20.279  71.573 0.5000000000
3989  6.640  -18.319  70.416 0.7500000000
1816  5.802  -16.914  69.251 0.6250000000
6140  9.498  -16.068  68.866 0.7500000000
3988  8.166  -16.993  69.965 0.6250000000
8083  11.001  -15.512  67.370 0.7500000000
8078  5.248  -18.893  68.212 0.6250000000
368  5.657  -21.254  66.931 0.5000000000
6448  6.006  -20.257  65.232 0.3750000000
3383  18.765  -19.229  71.132 0.5000000000
7231  18.261  -21.328  70.544 0.5000000000
3990  7.220  -15.221  69.401 0.7500000000
6447  4.869  -17.901  66.622 0.5000000000
3993  13.859  -14.467  63.798 0.8750000000
1024  6.200  -19.565  63.154 0.3750000000
1447  16.968  -18.398  70.465 0.7500000000
7215  15.542  -17.824  68.692 0.7500000000
369  8.799  -14.031  68.809 0.7500000000
7216  15.419  -16.121  65.637 0.8750000000
8084  10.184  -13.265  67.299 0.7500000000
8079  5.124  -15.765  67.897 0.7500000000
6449  4.639  -17.285  64.610 0.5000000000
4506  6.403  -19.121  61.027 0.2500000000
1454  20.414  -20.426  70.427 0.5000000000
3991  6.347  -13.834  68.889 0.7500000000
1818  11.562  -12.500  65.431 0.7500000000
6450  4.848  -16.697  62.701 0.5000000000
3995  13.009  -11.741  63.604 0.8750000000
1456  38.697  -14.666  63.463 0.7500000000
3371  17.246  -16.876  67.763 0.8750000000
1023  4.834  -14.746  66.411 0.7500000000
7217  15.386  -13.947  62.533 0.8750000000
468  6.228  -18.673  58.735 0.3750000000
3370  18.764  -17.456  69.706 0.8750000000
3992  8.073  -12.464  68.874 0.7500000000
8080  5.988  -12.762  67.763 0.7500000000
8138  39.627  -14.411  61.862 0.7500000000
8087  9.642  -11.439  67.963 0.8750000000
1449  17.068  -15.630  64.377 0.8750000000
6451  5.190  -16.201  60.694 0.5000000000
7228  24.450  -20.101  69.174 0.7500000000
1453  23.269  -21.789  67.028 0.3750000000
7229  22.015  -21.220  68.777 0.5000000000
7227  20.887  -22.482  66.560 0.2500000000
3378  24.371  -21.861  65.092 0.2500000000
7226  21.837  -22.715  64.324 0.2500000000
3372  19.017  -16.113  66.713 0.8750000000
8139  38.643  -17.078  59.976 0.5000000000
8086  11.250  -10.409  66.529 0.8750000000
3381  22.618  -19.292  70.143 0.6250000000
3382  20.519  -18.191  70.546 0.7500000000
8088  9.201  -9.850  68.664 0.8750000000
1819  11.222  -8.743  68.075 0.8750000000
866  39.636  -14.147  59.814 0.6250000000
8085  12.860  -9.214  65.156 0.8750000000
7219  17.099  -13.290  61.720 0.8750000000
166  14.563  -11.142  62.359 0.8750000000
648  24.782  -17.578  69.681 0.8750000000
6166  38.000  -16.513  57.733 0.3750000000
5774  24.735  -15.678  68.280 0.8750000000
5768  20.891  -15.505  65.687 0.8750000000
5767  22.326  -15.822  67.551 0.8750000000
165  20.493  -16.691  68.786 0.8750000000
7218  19.070  -15.054  63.569 0.8750000000
2786  40.140  -11.611  61.111 0.7500000000
3997  12.996  -7.288  67.065 0.8750000000
6165  38.738  -13.686  57.672 0.5000000000
6142  14.586  -8.260  63.749 0.8750000000
4032  36.728  -15.882  55.601 0.2500000000
3380  22.582  -17.039  69.632 0.8750000000
645  23.842  -14.516  65.989 0.8750000000
646  20.280  -14.281  62.292 0.8750000000
2785  40.423  -11.378  59.143 0.7500000000
7220  16.168  -10.439  61.639 0.8750000000
5769  22.395  -14.583  64.213 0.8750000000
865  37.416  -13.192  55.311 0.2500000000
6164  39.810  -11.310  56.877 0.6250000000
8132  36.449  -13.081  52.366 0.1250000000
6163  38.887  -11.338  54.267 0.5000000000
4733  55.563  -2.636  36.921 0.5000000000
4031  38.187  -11.514  51.323 0.3750000000
1592  50.818  0.120  45.606 0.8750000000
3614  52.651  -0.488  43.964 0.8750000000
246  53.039  -4.264  34.726 0.2500000000
2951  10.698  -3.784  50.919 0.6250000000
7555  49.812  1.016  43.302 0.8750000000
7556  51.672  0.176  41.848 0.7500000000
7557  53.382  -0.286  39.897 0.7500000000
110  51.259  -0.486  37.350 0.7500000000
4735  55.977  -2.283  34.654 0.3750000000
6463  10.937  -3.340  49.299 0.5000000000
1091  47.964  0.323  40.902 0.5000000000
3012  45.556  -0.395  38.600 0.1250000000
6573  44.090  0.867  40.222 0.1250000000
6574  41.684  0.655  38.309 0.1250000000
3011  49.632  -0.632  39.230 0.7500000000
4734  56.946  -0.450  36.117 0.7500000000
3013  47.135  -1.015  36.610 0.6250000000
1093  43.128  -0.567  36.435 0.2500000000
6575  39.743  1.153  36.698 0.1250000000
6585  53.249  -3.929  32.305 0.2500000000
8058  20.852  9.642  55.192 0.1250000000
7554  48.293  1.926  44.516 0.7500000000
6571  46.391  1.566  42.340 0.3750000000
7548  40.295  1.118  47.736 0.2500000000
1092  40.589  2.199  40.349 0.1250000000
4714  38.928  2.767  38.790 0.1250000000
9007  56.217  -1.958  32.361 0.3750000000
4737  56.255  -1.608  30.107 0.3750000000
4738  55.914  -1.543  27.408 0.3750000000
500  52.613  -3.523  24.392 0.1250000000
4740  55.589  -1.903  24.661 0.1250000000
4742  53.084  -4.147  22.027 0.1250000000
9016  52.646  -7.139  21.245 0.1250000000
2149  54.160  -5.318  20.089 0.1250000000
364  21.053  9.567  57.475 0.2500000000
1590  42.271  1.809  47.226 0.3750000000
6572  42.785  2.370  42.066 0.1250000000
497  37.599  3.880  37.604 0.1250000000
3015  48.902  -0.492  34.620 0.5000000000
3014  44.861  -0.678  34.523 0.2500000000
1808  20.756  9.417  52.057 0.1250000000
4711  43.737  2.840  45.905 0.2500000000
8977  41.153  3.563  49.198 0.1250000000
3969  20.668  11.897  55.733 0.2500000000
8059  20.665  11.628  53.006 0.1250000000
4712  41.438  4.125  46.794 0.1250000000
244  44.780  2.743  43.916 0.3750000000
8980  40.074  3.818  42.459 0.1250000000
4741  55.655  -2.231  22.230 0.1250000000
4713  41.903  3.694  44.477 0.1250000000
9008  57.913  0.448  32.180 0.5000000000
2137  39.968  4.888  45.159 0.1250000000
8077  5.663  -20.247  69.709 0.5000000000
4530  11.801  -2.262  45.970 0.1250000000
2770  11.128  -21.510  73.495 0.3750000000
850  9.090  -22.830  73.870 0.3750000000
6138  8.183  -21.450  73.039 0.3750000000
6136  7.252  -24.340  73.603 0.3750000000
6137  6.531  -22.923  72.781 0.2500000000
2771  10.031  -20.168  72.610 0.3750000000
3987  5.077  -24.632  71.702 0.2500000000
8076  6.037  -21.590  71.348 0.3750000000
2772  11.922  -19.152  71.559 0.6250000000
1815  4.967  -23.404  70.261 0.2500000000
851  7.379  -19.898  71.695 0.3750000000
45  13.100  -20.373  72.633 0.5000000000
7213  15.105  -19.294  71.447 0.6250000000
8075  5.219  -22.474  68.530 0.2500000000
6139  9.027  -18.720  71.219 0.5000000000
852  10.661  -17.968  69.947 0.6250000000
7214  13.731  -18.450  69.891 0.6250000000
8082  12.202  -17.497  68.382 0.6250000000
4510  7.140  -20.741  56.374 0.2500000000
8739  6.052  -20.207  54.372 0.2500000000
8738  5.567  -18.092  56.578 0.2500000000
4517  5.850  -19.502  52.096 0.1250000000
4037  37.607  -17.799  63.784 0.3750000000
4038  38.530  -17.484  62.001 0.3750000000
6457  8.346  -14.263  50.242 0.6250000000
1095  46.631  0.384  32.875 0.2500000000
6581  48.003  1.725  31.781 0.3750000000
4503  5.099  -24.490  66.860 0.2500000000
7240  33.819  -20.249  65.453 0.3750000000
170  35.323  -20.230  63.681 0.2500000000
4039  36.463  -20.196  61.690 0.2500000000
6161  8.523  -25.146  73.722 0.2500000000
2783  10.461  -23.662  73.767 0.1250000000
1838  37.081  -19.868  59.558 0.2500000000
862  11.603  -24.439  72.379 0.1250000000
2782  12.524  -22.408  73.270 0.1250000000
2781  13.767  -23.208  71.667 0.1250000000
7230  19.530  -21.999  68.607 0.3750000000
168  18.182  -23.057  66.284 0.2500000000
6154  17.034  -22.666  68.787 0.2500000000
6156  14.496  -23.662  69.238 0.1250000000
6155  15.510  -23.830  66.334 0.1250000000
4522  11.773  -15.160  47.235 0.1250000000
860  15.926  -22.229  70.911 0.2500000000
1029  10.182  -13.186  49.676 0.2500000000
4523  12.977  -13.982  46.050 0.1250000000
4521  11.679  -12.011  48.607 0.1250000000
4525  13.696  -12.616  44.657 0.1250000000
2780  14.697  -21.305  72.386 0.3750000000
470  12.664  -10.809  47.181 0.1250000000
4527  13.218  -9.937  45.470 0.1250000000
4526  13.793  -11.739  43.041 0.1250000000
2061  13.056  -9.219  43.926 0.1250000000
6460  11.065  -8.873  49.072 0.3750000000
6461  11.882  -8.208  47.669 0.1250000000
1835  35.830  -13.121  49.299 0.1250000000
7561  52.793  -4.487  36.924 0.1250000000
6462  10.523  -6.211  49.278 0.2500000000
1031  11.080  -5.679  47.910 0.3750000000
4030  37.765  -11.469  48.598 0.2500000000
6584  50.321  -5.689  32.311 0.1250000000
6467  10.170  12.554  48.255 0.5000000000
1451  25.595  -21.739  63.074 0.2500000000
7242  27.285  -21.625  62.151 0.2500000000
2787  25.187  -21.806  58.619 0.1250000000
867  29.198  -21.677  61.063 0.1250000000
7241  30.961  -21.491  64.280 0.2500000000
6167  32.517  -21.576  62.712 0.1250000000
6168  33.782  -21.702  60.800 0.1250000000
6169  30.635  -22.126  59.273 0.1250000000
868  31.877  -22.613  57.688 0.1250000000
8141  34.854  -21.788  58.921 0.1250000000
8140  37.330  -19.384  57.110 0.1250000000
377  36.756  -18.794  54.798 0.1250000000
1595  52.495  -4.638  39.041 0.2500000000
6578  42.692  0.405  33.421 0.1250000000
6579  44.520  1.393  32.033 0.1250000000
1099  53.172  -3.501  29.890 0.1250000000
6580  45.624  2.709  30.802 0.1250000000
4729  50.093  5.322  30.876 0.2500000000
8997  46.814  4.918  26.499 0.1250000000
8999  47.540  5.679  28.931 0.1250000000
2144  51.499  6.991  29.850 0.1250000000
9000  50.139  6.395  27.488 0.1250000000
1033  10.116  14.924  49.394 0.3750000000
3644  52.921  6.011  26.201 0.1250000000
6468  9.664  13.316  46.246 0.2500000000
472  11.325  11.958  43.317 0.1250000000
1610  56.123  6.944  25.806 0.1250000000
3643  55.447  5.636  23.856 0.1250000000
2953  8.732  17.393  48.327 0.3750000000
2954  9.285  15.206  47.114 0.3750000000
6469  9.727  14.015  44.312 0.1250000000
7595  56.822  5.004  18.474 0.1250000000
7412  7.676  19.572  49.684 0.2500000000
1035  8.842  15.726  45.119 0.1250000000
7414  7.551  22.155  50.669 0.2500000000
6471  9.167  16.510  43.351 0.1250000000
2955  8.100  17.532  46.045 0.1250000000
92  7.211  19.720  47.245 0.1250000000
2956  8.117  18.138  44.027 0.1250000000
6472  9.121  19.315  42.242 0.1250000000
7413  7.771  22.443  47.825 0.2500000000
2912  7.154  20.158  44.765 0.1250000000
7415  7.487  24.902  51.972 0.1250000000
992  7.793  21.306  42.491 0.1250000000
4543  10.264  20.036  40.369 0.1250000000
1533  8.303  25.425  49.215 0.1250000000
2914  7.425  23.140  44.996 0.2500000000
6392  8.771  22.193  40.571 0.1250000000
2913  7.133  24.093  42.393 0.1250000000
8623  8.788  25.929  45.996 0.1250000000
4421  8.449  28.824  47.062 0.1250000000
994  8.306  26.461  42.933 0.1250000000
7421  8.353  33.781  52.892 0.1250000000
4422  7.552  31.319  47.923 0.1250000000
6398  6.877  33.906  48.623 0.1250000000
6396  8.559  29.636  40.762 0.1250000000
8624  8.813  29.190  43.711 0.1250000000
2017  8.241  31.930  44.731 0.1250000000
8625  8.583  32.340  41.520 0.1250000000
8626  7.302  34.530  45.493 0.1250000000
454  8.121  32.449  38.726 0.1250000000
995  7.052  35.412  51.660 0.1250000000
6399  6.468  36.383  49.310 0.1250000000
8627  7.918  34.895  42.373 0.1250000000
996  6.696  36.993  46.248 0.1250000000
8628  8.297  35.084  39.267 0.1250000000
4417  7.770  32.638  36.240 0.1250000000
2916  6.986  38.629  49.622 0.1250000000
4424  7.475  37.546  43.227 0.1250000000
4419  7.969  35.269  36.501 0.1250000000
6400  6.460  39.539  47.004 0.1250000000
2018  8.521  37.911  40.159 0.1250000000
4423  6.859  40.298  44.077 0.1250000000
4418  8.116  35.465  33.921 0.1250000000
2788  26.789  -21.615  57.345 0.1250000000
8142  35.832  -21.885  56.367 0.1250000000
4505  5.869  -23.779  65.062 0.1250000000
8727  6.874  -22.973  63.155 0.1250000000
2053  7.294  -24.618  57.943 0.1250000000
4507  7.664  -22.062  61.050 0.1250000000
8728  6.876  -25.164  60.273 0.1250000000
4509  6.976  -23.947  55.942 0.1250000000
4508  7.853  -21.477  58.687 0.1250000000
2054  6.769  -23.191  54.182 0.1250000000
5914  49.230  -6.446  41.153 0.1250000000
7562  49.439  -6.127  38.807 0.1250000000
726  46.513  -8.051  38.548 0.1250000000
8745  10.284  -16.257  48.256 0.1250000000
4520  8.620  -17.411  49.208 0.1250000000
4529  11.471  -4.985  46.290 0.2500000000
8766  12.616  3.476  44.253 0.1250000000
6625  59.811  3.459  14.940 0.1250000000
253  58.662  5.417  15.551 0.1250000000
4800  58.114  5.251  13.632 0.1250000000
6406  20.020  18.922  57.513 0.1250000000
1000  21.545  18.758  56.485 0.1250000000
6408  20.189  21.359  56.579 0.1250000000
7592  56.089  4.573  16.399 0.1250000000
7225  22.753  -22.559  62.242 0.1250000000
7223  23.545  -22.253  59.907 0.1250000000
1452  20.155  -23.771  61.402 0.1250000000
7224  20.969  -23.732  59.094 0.1250000000
4017  16.732  -24.231  63.627 0.1250000000
4016  17.705  -24.791  61.124 0.1250000000
4015  19.302  -23.434  63.754 0.1250000000
8754  12.344  -7.518  46.087 0.1250000000
3968  20.997  14.353  56.335 0.1250000000
