#!ascii label  , from subject fsaverage5 vox2ras=TkReg 
484
4581  16.006  -44.535  69.851 0.1000000015
4582  15.840  -41.796  70.315 0.1000000015
4583  16.563  -44.095  67.149 0.2000000030
2084  16.516  -41.659  67.854 0.3000000119
8820  15.893  -38.714  68.310 0.4000000060
8821  17.386  -41.610  65.499 0.4000000060
1040  23.301  -43.700  59.442 0.3000000119
103  21.336  -44.978  60.021 0.1000000015
6490  18.225  -31.879  73.763 0.4000000060
1046  20.114  -32.373  72.618 0.4000000060
4573  18.561  -34.130  71.437 0.4000000060
478  16.637  -35.865  69.430 0.3000000119
6479  26.709  -43.781  59.991 0.3000000119
6478  23.911  -43.098  58.403 0.3000000119
8822  18.323  -43.464  62.536 0.3000000119
2961  24.820  -44.770  61.406 0.2000000030
7483  21.616  -41.828  57.540 0.3000000119
2962  23.713  -45.606  61.471 0.2000000030
8814  19.484  -43.168  61.019 0.3000000119
7485  20.522  -42.851  59.916 0.3000000119
4575  18.099  -36.251  67.706 0.3000000119
4577  17.090  -38.929  66.332 0.4000000060
2074  30.679  -44.975  59.240 0.1000000015
4557  27.655  -43.706  58.470 0.2000000030
228  24.837  -42.914  57.201 0.3000000119
2082  18.305  -41.391  63.501 0.4000000060
2960  22.501  -44.290  59.865 0.2000000030
8813  19.220  -40.883  61.821 0.3000000119
1563  19.764  -40.345  60.061 0.3000000119
4552  36.742  -47.492  58.399 0.1000000015
8809  21.575  -32.839  71.241 0.4000000060
475  35.783  -46.236  59.499 0.1000000015
4574  19.981  -34.561  69.464 0.4000000060
7482  22.430  -41.421  56.337 0.3000000119
7484  21.092  -42.323  58.979 0.3000000119
6488  20.782  -30.878  71.901 0.4000000060
8790  33.576  -45.793  59.557 0.1000000015
4556  28.646  -43.737  57.032 0.2000000030
2080  23.018  -33.227  69.835 0.4000000060
8810  21.141  -34.496  67.870 0.4000000060
2081  19.210  -36.097  65.698 0.3000000119
4576  18.159  -38.704  64.400 0.4000000060
4555  25.904  -42.619  55.915 0.3000000119
8812  18.989  -38.170  62.378 0.4000000060
3563  20.220  -39.776  58.249 0.4000000060
3564  19.877  -37.763  60.536 0.4000000060
4572  22.672  -31.362  71.330 0.4000000060
4550  36.258  -45.523  57.456 0.1000000015
8789  31.654  -44.825  57.546 0.2000000030
7479  23.502  -41.162  55.036 0.3000000119
17  29.519  -31.262  69.279 0.2000000030
2629  28.102  -32.858  69.036 0.3000000119
2627  29.848  -33.043  68.290 0.6000000238
5881  27.090  -34.819  62.583 0.6000000238
707  29.428  -34.278  65.215 0.6000000238
4551  36.851  -47.203  56.266 0.1000000015
2628  27.802  -34.066  66.147 0.6000000238
5880  26.149  -35.447  59.144 0.6000000238
8808  22.391  -34.580  66.020 0.5000000000
8811  20.144  -35.873  63.754 0.4000000060
1562  21.140  -39.265  56.906 0.4000000060
4571  24.583  -31.879  70.667 0.4000000060
6477  34.533  -44.995  57.622 0.2000000030
8807  24.653  -33.676  68.320 0.4000000060
1038  35.957  -45.099  55.422 0.1000000015
7478  24.552  -40.636  54.039 0.3000000119
1561  23.429  -38.390  54.589 0.4000000060
7480  23.788  -36.676  56.848 0.5000000000
7481  22.271  -38.787  55.678 0.4000000060
229  21.486  -35.794  61.951 0.5000000000
3562  20.991  -37.245  59.087 0.5000000000
1560  26.737  -42.236  54.804 0.2000000030
5883  23.831  -34.864  64.214 0.5000000000
6474  35.011  -45.087  53.613 0.1000000015
6475  34.427  -43.732  54.078 0.2000000030
6473  33.830  -43.558  52.025 0.1000000015
4677  32.871  -43.924  49.909 0.1000000015
5879  28.757  -34.850  61.867 0.6000000238
8788  29.269  -43.566  55.602 0.2000000030
5882  25.404  -34.880  63.393 0.6000000238
3559  25.094  -36.254  56.095 0.6000000238
708  24.558  -35.673  59.950 0.6000000238
3560  23.136  -35.685  60.946 0.5000000000
6552  32.389  -42.794  50.379 0.1000000015
8100  27.570  -30.962  69.693 0.2000000030
709  26.184  -34.005  66.916 0.5000000000
3558  24.607  -37.746  53.914 0.4000000060
227  27.770  -35.360  58.648 0.6999999881
1037  32.085  -42.992  52.616 0.2000000030
3561  22.367  -36.928  57.866 0.5000000000
2640  31.681  -33.736  66.828 0.8000000119
6476  34.679  -44.297  55.914 0.2000000030
1039  32.243  -44.369  55.919 0.2000000030
7476  27.115  -41.804  53.677 0.3000000119
7477  25.461  -39.937  53.288 0.3000000119
3000  30.485  -42.185  51.063 0.2000000030
2998  28.081  -38.792  50.551 0.2000000030
2999  28.356  -41.090  51.366 0.2000000030
6551  30.795  -41.889  48.901 0.2000000030
1077  28.255  -36.638  51.657 0.4000000060
1079  29.118  -40.700  49.790 0.2000000030
6547  29.135  -36.857  50.422 0.4000000060
6545  30.410  -35.656  52.437 0.5000000000
5904  31.145  -34.685  63.679 0.6999999881
3557  26.523  -35.857  55.745 0.6999999881
2958  32.214  -43.745  54.259 0.2000000030
2959  29.570  -43.285  54.168 0.3000000119
1559  25.876  -36.961  53.548 0.4000000060
2957  29.619  -42.680  52.741 0.2000000030
7475  26.221  -39.042  52.534 0.4000000060
6549  29.444  -40.297  47.661 0.2000000030
5903  33.465  -34.288  65.315 0.6999999881
720  32.908  -34.960  62.334 0.6999999881
3597  30.401  -35.056  60.671 0.6999999881
101  27.468  -41.313  52.571 0.3000000119
6548  28.774  -38.540  48.990 0.2000000030
240  32.786  -35.696  53.180 0.5000000000
5902  35.161  -34.746  63.509 0.8000000119
3599  29.094  -35.347  57.678 0.6999999881
3600  27.795  -35.479  54.858 0.6999999881
2997  27.153  -38.838  51.629 0.3000000119
6546  31.191  -36.016  50.746 0.4000000060
3594  39.245  -33.905  62.457 0.6999999881
239  37.453  -33.863  64.199 0.6999999881
3596  37.010  -34.810  61.724 0.6999999881
7532  34.619  -35.170  60.791 0.6999999881
3598  31.973  -35.194  59.391 0.6999999881
7536  27.065  -36.635  52.565 0.4000000060
7531  34.491  -35.411  56.026 0.6000000238
1581  40.644  -33.587  60.413 0.8999999762
3595  38.328  -34.652  59.749 0.8999999762
1583  36.015  -35.220  58.908 0.6999999881
7533  33.430  -35.310  57.874 0.6999999881
1584  30.532  -35.100  56.430 0.6999999881
7530  36.947  -34.927  56.822 0.6999999881
7534  31.841  -35.268  54.976 0.6000000238
4667  35.273  -35.027  53.918 0.6999999881
7535  29.142  -35.328  53.620 0.6000000238
7529  39.258  -34.121  57.617 0.8000000119
8927  31.917  -35.452  48.951 0.4000000060
4669  33.587  -35.236  51.256 0.4000000060
3593  41.196  -31.866  62.887 0.6000000238
7527  41.516  -32.776  58.153 0.6999999881
1582  37.340  -34.090  54.629 0.8000000119
7526  42.749  -31.531  61.129 0.6999999881
7528  39.720  -33.158  55.324 0.8000000119
8924  37.687  -33.246  52.353 0.8000000119
4668  35.625  -34.233  51.878 0.6999999881
2121  31.017  -35.820  44.719 0.1000000015
4673  30.828  -37.118  42.874 0.1000000015
8931  31.838  -36.457  41.014 0.1000000015
2990  44.022  -30.921  59.031 0.8000000119
1076  38.140  -32.587  50.335 0.6999999881
8925  35.988  -33.579  49.908 0.5000000000
8926  34.037  -33.647  47.152 0.5000000000
2120  33.921  -34.414  49.490 0.5000000000
8928  32.136  -34.774  46.916 0.5000000000
8929  32.444  -34.011  44.666 0.4000000060
8930  31.598  -35.059  42.588 0.1000000015
108  42.049  -31.896  55.792 0.6999999881
2996  39.998  -32.047  52.726 0.8000000119
6544  36.169  -32.875  47.549 0.5000000000
2991  45.663  -28.115  59.748 0.5000000000
2992  44.802  -30.128  56.857 0.6999999881
2995  40.157  -31.415  50.846 0.8000000119
6543  38.307  -31.961  48.193 0.8000000119
491  34.251  -32.785  44.775 0.5000000000
4666  32.977  -33.257  42.537 0.1000000015
2994  42.280  -30.854  53.471 0.8000000119
4662  36.209  -31.834  45.109 0.4000000060
1072  46.573  -27.499  57.664 0.6000000238
1074  42.183  -30.173  51.703 0.6999999881
1075  38.110  -30.893  45.703 0.6000000238
4664  34.462  -31.917  42.541 0.3000000119
6535  46.590  -24.896  59.837 0.5000000000
2993  44.867  -29.221  54.586 0.8000000119
6542  40.222  -30.746  48.898 0.6999999881
4663  36.218  -30.753  42.819 0.4000000060
6541  40.199  -29.699  46.344 0.6999999881
8918  38.077  -29.541  43.282 0.5000000000
8411  44.072  -30.231  38.164 0.3000000119
8410  42.448  -28.604  37.730 0.2000000030
8919  36.615  -29.868  40.598 0.2000000030
6536  47.807  -24.579  57.875 0.6999999881
6538  46.849  -27.057  55.339 0.8000000119
6539  44.582  -28.494  52.411 0.6999999881
6540  42.237  -29.492  49.400 0.6999999881
4661  40.016  -28.471  43.768 0.5000000000
9704  49.211  -33.120  43.309 0.1000000015
9703  47.539  -32.526  41.367 0.1000000015
9702  45.954  -31.529  39.654 0.1000000015
8915  40.922  -27.518  38.977 0.3000000119
8916  39.320  -28.684  38.821 0.2000000030
1936  40.979  -29.684  37.750 0.2000000030
2117  38.389  -28.671  40.904 0.2000000030
9708  52.835  -33.744  46.878 0.1000000015
490  42.168  -28.490  46.880 0.6999999881
4659  42.065  -27.411  44.275 0.6999999881
9707  50.970  -33.442  45.208 0.1000000015
2116  42.047  -26.541  41.713 0.5000000000
4660  40.231  -27.552  41.256 0.4000000060
8914  42.500  -26.433  39.386 0.5000000000
2709  45.516  -29.049  38.111 0.2000000030
20  43.755  -27.490  37.838 0.5000000000
789  47.144  -30.527  39.216 0.1000000015
3804  48.458  -24.442  36.754 0.4000000060
6537  48.288  -24.272  55.555 0.6999999881
1073  46.704  -26.283  52.992 0.8000000119
4655  44.419  -27.695  50.029 0.6999999881
4657  44.131  -26.924  47.338 0.6999999881
4658  43.830  -25.983  44.620 0.8000000119
1709  54.422  -31.554  45.452 0.1000000015
8913  43.762  -25.244  41.974 0.6000000238
6029  48.874  -31.530  40.838 0.1000000015
8887  44.022  -25.251  39.657 0.5000000000
2707  44.771  -26.481  37.928 0.4000000060
8909  48.281  -23.759  53.100 0.8000000119
4656  46.221  -25.519  50.400 0.8000000119
2708  46.251  -28.013  37.645 0.1000000015
3803  49.271  -23.151  36.229 0.4000000060
4654  49.606  -21.248  55.460 0.6999999881
8886  45.145  -24.389  39.795 0.6000000238
8910  48.093  -23.507  50.468 0.8000000119
2115  45.891  -25.064  47.517 0.8999999762
8912  45.640  -24.521  44.761 0.8999999762
2107  45.382  -24.163  42.249 0.6999999881
787  45.589  -25.498  37.680 0.6000000238
3809  52.558  -32.022  44.035 0.1000000015
3808  53.809  -30.318  43.235 0.1000000015
6027  46.935  -27.009  37.154 0.5000000000
3807  51.820  -30.817  41.739 0.1000000015
3805  49.802  -30.399  40.201 0.1000000015
6028  47.916  -29.469  38.665 0.1000000015
788  48.801  -28.440  38.059 0.2000000030
6026  47.634  -25.766  37.016 0.3000000119
7821  50.077  -21.937  35.493 0.4000000060
2114  50.193  -21.214  52.981 0.6999999881
8911  47.941  -23.452  47.771 0.8999999762
4636  47.626  -23.270  45.298 0.8000000119
4635  47.062  -23.227  42.840 0.8000000119
8885  46.529  -23.377  40.204 0.6999999881
6025  46.478  -24.271  37.924 0.6000000238
487  50.140  -21.898  48.286 0.8999999762
309  50.673  -32.052  42.470 0.1000000015
8884  47.945  -22.319  40.539 0.6999999881
307  47.634  -23.113  38.230 0.6999999881
3802  48.896  -22.067  38.184 0.5000000000
7820  51.040  -20.867  34.819 0.5000000000
9684  52.108  -22.510  33.742 0.3000000119
4653  50.804  -18.562  54.748 0.5000000000
8908  50.355  -21.728  50.458 0.8000000119
4634  49.464  -22.136  45.859 0.8000000119
2106  48.666  -22.055  43.247 0.8000000119
1705  50.034  -21.011  37.791 0.6000000238
6526  52.453  -19.854  50.540 0.8999999762
4632  51.959  -20.563  48.274 0.8999999762
4633  51.119  -20.730  45.930 0.8999999762
8883  50.210  -20.892  43.381 0.8999999762
8881  49.409  -21.436  40.703 0.6999999881
7819  51.153  -19.933  37.197 0.6000000238
3204  52.324  -19.837  34.184 0.4000000060
1065  53.310  -18.779  48.151 1.0000000000
2104  54.286  -17.661  41.849 1.0000000000
8879  52.173  -19.412  39.874 0.8999999762
4630  53.226  -18.832  42.626 0.8999999762
8880  50.835  -20.473  40.539 0.8999999762
8877  55.729  -16.413  40.701 0.8000000119
8878  53.278  -18.363  39.076 0.8999999762
106  52.344  -18.950  36.371 0.6999999881
6525  53.611  -17.972  50.102 0.6999999881
8882  52.579  -19.327  45.852 1.0000000000
2105  51.722  -19.852  43.220 1.0000000000
8869  54.603  -17.188  38.112 0.6999999881
3202  53.566  -18.065  35.664 0.6999999881
4628  56.251  -15.576  42.895 0.6000000238
8876  57.040  -14.128  41.839 0.6000000238
6523  54.574  -17.209  47.411 0.8000000119
4629  55.153  -16.904  44.257 0.8000000119
4631  54.019  -17.993  45.210 0.8999999762
2101  57.109  -15.069  39.932 0.6999999881
8868  55.893  -16.124  37.472 0.8000000119
1282  54.784  -17.096  35.213 0.6000000238
486  55.408  -15.892  46.109 0.6999999881
2103  55.828  -13.686  42.698 0.3000000119
6522  54.619  -15.172  47.528 0.3000000119
4627  55.671  -14.863  44.429 0.6000000238
4621  57.392  -12.810  40.782 0.5000000000
4620  57.855  -13.756  39.317 0.5000000000
8867  57.145  -14.901  37.017 0.6000000238
6916  56.162  -15.953  34.870 0.6000000238
6918  54.538  -17.911  33.203 0.6999999881
6917  55.959  -16.417  32.853 0.5000000000
8875  55.861  -12.704  41.222 0.3000000119
4619  57.751  -11.628  39.280 0.4000000060
2100  58.679  -12.314  38.332 0.3000000119
8806  26.460  -32.462  69.874 0.3000000119
8412  42.682  -31.223  38.421 0.2000000030
3806  50.688  -29.208  39.566 0.1000000015
2639  31.587  -31.981  68.478 0.5000000000
2637  30.491  -30.138  67.527 0.2000000030
2638  32.717  -30.738  67.358 0.4000000060
5900  35.026  -31.404  66.830 0.3000000119
8099  28.541  -30.078  67.878 0.1000000015
6492  12.740  -40.100  76.017 0.1000000015
7494  11.362  -40.087  75.453 0.1000000015
8101  26.216  -30.301  67.202 0.1000000015
8154  28.859  -30.132  63.981 0.2000000030
717  30.977  -30.106  64.190 0.2000000030
231  11.556  -37.618  76.434 0.1000000015
1824  25.545  -30.833  69.690 0.1000000015
3590  37.165  -31.751  65.840 0.3000000119
1823  26.871  -30.387  63.888 0.1000000015
5899  33.383  -30.339  64.631 0.3000000119
7493  9.991  -38.439  76.199 0.1000000015
6491  16.854  -33.243  73.302 0.3000000119
3571  10.387  -39.692  73.818 0.1000000015
4580  12.837  -36.538  75.815 0.1000000015
8817  15.047  -35.285  71.991 0.3000000119
8816  14.846  -32.967  75.040 0.2000000030
2083  13.835  -35.714  74.316 0.1000000015
4050  26.931  -30.222  59.389 0.1000000015
4570  23.398  -30.750  69.206 0.1000000015
1047  16.010  -31.435  74.595 0.3000000119
718  35.944  -30.448  64.757 0.2000000030
8102  23.985  -30.707  66.368 0.1000000015
3570  7.746  -40.016  72.951 0.1000000015
4579  12.750  -33.583  76.106 0.1000000015
232  7.631  -40.331  70.269 0.1000000015
372  21.196  -30.841  68.735 0.1000000015
2966  16.490  -31.123  72.127 0.3000000119
3591  38.376  -30.159  64.305 0.3000000119
4008  24.652  -30.835  62.903 0.1000000015
4007  25.090  -30.632  59.426 0.1000000015
3569  6.174  -39.571  74.106 0.1000000015
4578  10.785  -34.936  76.537 0.1000000015
6489  18.749  -30.909  71.985 0.3000000119
8815  13.535  -31.888  75.170 0.2000000030
1045  16.584  -31.836  68.114 0.1000000015
1580  40.539  -29.656  63.811 0.3000000119
6487  18.874  -31.086  68.491 0.1000000015
8103  21.788  -31.285  65.690 0.1000000015
1825  22.297  -31.458  62.147 0.1000000015
8153  29.019  -30.119  59.528 0.1000000015
4009  22.782  -31.488  58.718 0.1000000015
7490  8.994  -36.360  76.480 0.1000000015
1567  8.519  -39.225  75.062 0.1000000015
3572  10.080  -39.499  71.571 0.1000000015
2967  14.270  -31.965  72.201 0.2000000030
7525  42.417  -29.194  62.918 0.3000000119
7523  39.076  -28.838  61.715 0.2000000030
7524  41.117  -27.564  62.208 0.3000000119
2965  14.454  -33.101  67.796 0.2000000030
1565  11.239  -33.284  75.487 0.1000000015
6532  42.999  -26.585  62.144 0.1000000015
8106  19.370  -31.758  65.012 0.1000000015
238  41.661  -26.246  59.871 0.1000000015
6533  43.433  -24.373  60.265 0.1000000015
5897  31.239  -30.364  59.904 0.1000000015
6534  44.845  -25.655  61.312 0.3000000119
7521  39.681  -28.031  58.824 0.1000000015
8900  44.093  -22.846  57.906 0.1000000015
4648  46.987  -22.015  59.143 0.3000000119
1071  45.293  -22.956  60.101 0.2000000030
4647  42.231  -25.005  56.901 0.1000000015
4649  45.682  -20.755  58.309 0.2000000030
2112  45.904  -18.922  55.843 0.1000000015
8901  44.694  -21.243  55.191 0.1000000015
2111  42.730  -23.680  54.068 0.1000000015
7522  36.684  -30.092  61.145 0.1000000015
4645  39.832  -26.856  55.851 0.1000000015
2113  49.565  -16.704  54.944 0.4000000060
4651  47.538  -17.326  55.791 0.1000000015
8906  51.452  -16.641  53.374 0.4000000060
8903  44.976  -17.915  52.230 0.1000000015
1066  53.067  -17.000  51.714 0.3000000119
8904  46.980  -16.620  52.820 0.1000000015
8902  43.958  -19.913  51.537 0.1000000015
1284  53.237  -21.167  32.861 0.4000000060
3203  53.593  -18.863  33.628 0.5000000000
6919  53.997  -19.888  32.124 0.2000000030
8905  49.501  -15.906  52.430 0.1000000015
719  33.566  -32.824  67.308 0.4000000060
7487  12.246  -33.447  72.556 0.1000000015
5901  35.470  -33.493  65.929 0.8000000119
1078  29.869  -36.690  48.804 0.2000000030
4670  29.315  -38.217  47.033 0.2000000030
4671  30.465  -36.297  46.824 0.3000000119
4672  30.003  -37.712  44.882 0.2000000030
8907  51.897  -19.060  52.645 0.5000000000
485  55.862  -11.768  39.082 0.2000000030
8866  58.657  -13.375  36.628 0.4000000060
484  57.784  -14.428  34.635 0.4000000060
4617  55.986  -11.482  36.626 0.2000000030
4618  58.130  -10.705  37.169 0.2000000030
8865  59.391  -10.946  36.654 0.2000000030
5289  57.487  -14.757  32.283 0.3000000119
4626  54.010  -14.218  42.914 0.1000000015
8864  58.355  -10.075  34.625 0.2000000030
8863  59.934  -11.766  35.437 0.3000000119
8874  53.656  -13.603  40.622 0.1000000015
1060  56.022  -11.555  33.674 0.2000000030
2099  60.046  -9.748  34.507 0.2000000030
4616  58.025  -9.752  31.455 0.2000000030
4615  60.268  -8.757  31.992 0.1000000015
2097  60.249  -8.079  29.422 0.1000000015
8859  62.130  -8.067  28.979 0.1000000015
8819  15.034  -38.819  70.933 0.3000000119
3592  39.328  -31.931  64.462 0.6999999881
5898  33.937  -30.532  60.705 0.2000000030
1070  44.121  -28.684  61.627 0.4000000060
489  48.501  -21.519  57.507 0.4000000060
4652  49.212  -18.761  56.720 0.4000000060
6524  54.338  -16.321  49.097 0.4000000060
2985  53.368  -15.593  50.327 0.4000000060
4584  17.380  -43.536  64.710 0.2000000030
1707  50.162  -25.813  36.883 0.2000000030
1706  51.220  -23.546  34.801 0.2000000030
1937  44.215  -32.363  40.160 0.1000000015
1708  52.628  -29.348  41.034 0.1000000015
7827  54.615  -28.932  42.505 0.1000000015
6921  55.785  -27.728  41.006 0.1000000015
6922  56.497  -26.100  39.220 0.1000000015
308  54.273  -26.595  38.803 0.1000000015
7823  52.202  -26.532  37.888 0.1000000015
7826  53.509  -27.977  40.048 0.1000000015
7825  51.529  -27.683  38.819 0.1000000015
7824  49.573  -27.114  37.636 0.1000000015
5295  52.689  -25.448  36.649 0.1000000015
7822  50.746  -24.614  35.894 0.1000000015
6923  57.871  -26.872  41.349 0.1000000015
5297  54.860  -25.423  37.046 0.1000000015
5296  53.322  -24.481  35.004 0.1000000015
2376  55.553  -24.947  35.134 0.1000000015
9685  54.060  -23.632  33.366 0.1000000015
9687  57.073  -25.418  37.318 0.1000000015
1283  54.769  -18.560  31.551 0.1000000015
5291  55.588  -19.785  30.462 0.1000000015
9678  56.087  -17.043  30.961 0.1000000015
6920  54.702  -22.453  32.070 0.1000000015
5290  54.866  -21.240  31.150 0.1000000015
8818  14.904  -39.257  73.462 0.1000000015
6493  14.209  -39.776  75.386 0.1000000015
2118  35.054  -31.228  40.363 0.2000000030
5287  59.566  -13.037  33.706 0.2000000030
4650  47.403  -19.332  57.894 0.2000000030
2986  51.742  -15.515  51.257 0.2000000030
1064  53.147  -14.933  48.546 0.2000000030
6521  52.548  -15.129  46.008 0.1000000015
4625  54.424  -14.649  45.373 0.1000000015
8791  29.447  -44.589  61.164 0.2000000030
8920  36.403  -31.112  38.731 0.1000000015
418  38.330  -31.739  38.075 0.1000000015
4254  40.007  -32.912  38.795 0.1000000015
8917  37.878  -29.932  38.800 0.1000000015
4252  39.618  -30.672  37.943 0.1000000015
8823  19.636  -45.347  60.430 0.1000000015
6480  25.902  -44.123  61.002 0.2000000030
6295  37.064  -32.996  38.034 0.1000000015
1042  25.913  -45.878  63.356 0.1000000015
492  29.962  -39.821  45.548 0.1000000015
6550  30.796  -41.523  46.668 0.1000000015
107  49.344  -16.087  49.501 0.1000000015
2984  51.414  -15.241  49.213 0.1000000015
2373  57.417  -15.612  30.066 0.1000000015
5824  62.552  -13.470  24.173 0.1000000015
9676  58.727  -14.576  28.970 0.1000000015
5823  63.291  -14.687  22.493 0.1000000015
5826  58.833  -16.165  26.995 0.1000000015
675  61.704  -15.891  23.907 0.1000000015
5288  59.079  -13.629  31.191 0.1000000015
5825  60.792  -14.778  25.584 0.1000000015
676  60.072  -13.784  27.519 0.1000000015
9675  60.445  -12.478  29.885 0.1000000015
2595  61.872  -12.191  25.915 0.1000000015
8862  60.968  -10.351  33.669 0.1000000015
2098  60.866  -11.615  32.224 0.1000000015
2  62.937  -9.121  28.103 0.1000000015
674  63.549  -10.673  24.039 0.1000000015
8860  62.003  -10.216  30.362 0.1000000015
2596  61.609  -11.438  27.987 0.1000000015
2594  63.373  -9.784  26.045 0.1000000015
9020  60.817  -7.667  26.575 0.1000000015
8861  61.646  -9.089  31.471 0.1000000015
9021  62.831  -7.646  26.249 0.1000000015
