#!ascii label  , from subject fsaverage5 vox2ras=TkReg 
357
7492  7.334  -37.944  75.706 0.2222220004
7493  9.991  -38.439  76.199 0.2222220004
231  11.556  -37.618  76.434 0.1111110002
7490  8.994  -36.360  76.480 0.2222220004
1567  8.519  -39.225  75.062 0.2222220004
4578  10.785  -34.936  76.537 0.1111110002
4580  12.837  -36.538  75.815 0.1111110002
7489  9.176  -34.823  75.648 0.3333329856
1566  7.138  -36.401  75.327 0.4444440007
3569  6.174  -39.571  74.106 0.2222220004
4579  12.750  -33.583  76.106 0.1111110002
6489  18.749  -30.909  71.985 0.4444440007
6490  18.225  -31.879  73.763 0.3333329856
1565  11.239  -33.284  75.487 0.2222220004
3566  8.219  -36.091  73.013 0.6666669846
7491  5.512  -38.151  74.346 0.4444440007
711  4.363  -39.616  72.397 0.2222220004
3568  5.650  -40.643  71.505 0.2222220004
1047  16.010  -31.435  74.595 0.3333329856
6491  16.854  -33.243  73.302 0.2222220004
7488  10.350  -34.920  72.929 0.6666669846
3567  6.039  -37.219  72.945 0.5555559993
8816  14.846  -32.967  75.040 0.1111110002
8815  13.535  -31.888  75.170 0.3333329856
2966  16.490  -31.123  72.127 0.4444440007
6487  18.874  -31.086  68.491 0.6666669846
1045  16.584  -31.836  68.114 0.4444440007
7487  12.246  -33.447  72.556 0.5555559993
8108  15.015  -33.464  64.355 0.6666669846
2967  14.270  -31.965  72.201 0.4444440007
8107  17.102  -32.498  64.416 0.5555559993
2965  14.454  -33.101  67.796 0.4444440007
372  21.196  -30.841  68.735 0.4444440007
8106  19.370  -31.758  65.012 0.5555559993
48  12.693  -34.486  68.046 0.5555559993
4572  22.672  -31.362  71.330 0.4444440007
4013  15.498  -33.236  61.283 0.6666669846
1826  17.670  -32.692  61.257 0.6666669846
8109  13.029  -34.481  64.606 0.6666669846
8103  21.788  -31.285  65.690 0.5555559993
8105  19.899  -32.117  61.518 0.6666669846
4011  18.147  -32.329  58.350 0.5555559993
8102  23.985  -30.707  66.368 0.7777780294
4012  15.918  -32.407  58.735 0.4444440007
1825  22.297  -31.458  62.147 0.6666669846
8104  20.477  -32.101  58.444 0.4444440007
2638  32.717  -30.738  67.358 0.5555559993
717  30.977  -30.106  64.190 0.7777780294
8154  28.859  -30.132  63.981 0.7777780294
1823  26.871  -30.387  63.888 0.7777780294
4008  24.652  -30.835  62.903 0.7777780294
4009  22.782  -31.488  58.718 0.7777780294
5899  33.383  -30.339  64.631 0.5555559993
5897  31.239  -30.364  59.904 0.8888890147
8153  29.019  -30.119  59.528 0.7777780294
4050  26.931  -30.222  59.389 0.7777780294
8152  29.137  -29.747  55.553 0.7777780294
4007  25.090  -30.632  59.426 0.8888890147
237  31.529  -29.985  56.011 0.7777780294
1842  26.946  -29.606  55.311 0.7777780294
8149  29.326  -29.311  51.828 0.5555559993
3587  31.636  -29.410  52.264 0.8888890147
8151  27.184  -28.928  51.725 0.5555559993
5900  35.026  -31.404  66.830 0.2222220004
718  35.944  -30.448  64.757 0.4444440007
7522  36.684  -30.092  61.145 0.5555559993
5898  33.937  -30.532  60.705 0.4444440007
3589  34.307  -29.888  56.861 0.8888890147
1577  31.975  -28.688  49.193 0.4444440007
8148  29.718  -28.489  48.956 0.4444440007
3588  34.431  -29.090  53.449 0.8888890147
7519  34.602  -28.232  50.167 0.8888890147
3591  38.376  -30.159  64.305 0.2222220004
1579  37.203  -29.375  57.753 0.6666669846
7521  39.681  -28.031  58.824 0.8888890147
7520  37.231  -28.224  54.664 0.8888890147
7523  39.076  -28.838  61.715 0.3333329856
1578  37.191  -27.092  51.379 0.8888890147
1580  40.539  -29.656  63.811 0.3333329856
4645  39.832  -26.856  55.851 0.8888890147
4646  40.085  -25.621  52.792 0.8888890147
7524  41.117  -27.564  62.208 0.3333329856
238  41.661  -26.246  59.871 0.7777780294
4647  42.231  -25.005  56.901 1.0000000000
8898  40.230  -24.562  49.561 1.0000000000
2111  42.730  -23.680  54.068 1.0000000000
8899  42.679  -22.378  50.715 1.0000000000
6532  42.999  -26.585  62.144 0.3333329856
6533  43.433  -24.373  60.265 0.4444440007
8900  44.093  -22.846  57.906 0.8888890147
488  40.976  -20.949  47.307 0.8888890147
8901  44.694  -21.243  55.191 0.8888890147
8902  43.958  -19.913  51.537 1.0000000000
4644  41.986  -19.006  48.020 1.0000000000
4642  38.765  -19.777  44.071 1.0000000000
2110  44.041  -17.755  48.830 1.0000000000
4643  40.974  -18.915  44.357 1.0000000000
8894  40.351  -19.900  41.037 0.7777780294
8895  43.789  -18.440  45.456 1.0000000000
2112  45.904  -18.922  55.843 0.7777780294
8903  44.976  -17.915  52.230 0.7777780294
8896  46.781  -16.983  49.713 1.0000000000
1576  43.332  -19.577  41.826 1.0000000000
7516  46.470  -17.715  46.264 1.0000000000
4651  47.538  -17.326  55.791 0.4444440007
8904  46.980  -16.620  52.820 0.7777780294
107  49.344  -16.087  49.501 0.8888890147
7515  45.663  -18.783  42.387 1.0000000000
3586  39.890  -20.431  37.940 0.5555559993
3584  39.349  -19.512  35.308 0.3333329856
8905  49.501  -15.906  52.430 0.7777780294
2982  48.554  -16.819  46.366 0.8888890147
3585  42.433  -20.043  38.211 0.7777780294
7514  44.837  -19.154  38.591 0.7777780294
236  37.006  -19.234  35.996 0.1111110002
5896  35.592  -16.717  36.137 0.1111110002
2113  49.565  -16.704  54.944 0.5555559993
2986  51.742  -15.515  51.257 0.4444440007
2985  53.368  -15.593  50.327 0.3333329856
2984  51.414  -15.241  49.213 0.4444440007
1062  47.830  -17.870  42.644 1.0000000000
6518  47.041  -18.021  39.065 1.0000000000
7513  44.029  -18.416  35.304 0.6666669846
1575  41.729  -19.166  35.120 0.5555559993
1064  53.147  -14.933  48.546 0.2222220004
2983  50.615  -16.000  46.301 0.5555559993
235  46.270  -17.372  35.645 0.8888890147
1066  53.067  -17.000  51.714 0.1111110002
6524  54.338  -16.321  49.097 0.1111110002
6520  49.946  -16.748  42.850 0.7777780294
1063  52.074  -15.549  42.969 0.7777780294
8873  51.478  -15.184  40.046 0.8888890147
6519  49.249  -16.695  39.541 0.8888890147
8906  51.452  -16.641  53.374 0.4444440007
6523  54.574  -17.209  47.411 0.1111110002
6521  52.548  -15.129  46.008 0.6666669846
4624  48.659  -16.102  36.425 1.0000000000
6522  54.619  -15.172  47.528 0.1111110002
486  55.408  -15.892  46.109 0.1111110002
2103  55.828  -13.686  42.698 0.3333329856
4626  54.010  -14.218  42.914 0.5555559993
4625  54.424  -14.649  45.373 0.5555559993
8874  53.656  -13.603  40.622 0.3333329856
8875  55.861  -12.704  41.222 0.4444440007
4622  45.573  -16.061  32.837 0.6666669846
7510  43.334  -16.584  32.712 0.3333329856
4627  55.671  -14.863  44.429 0.2222220004
4621  57.392  -12.810  40.782 0.3333329856
8872  53.357  -13.072  38.027 0.6666669846
2102  51.003  -14.540  37.296 0.8888890147
8871  50.983  -14.227  34.493 1.0000000000
4623  48.162  -15.391  33.427 1.0000000000
1061  50.796  -13.753  31.710 0.8888890147
8870  47.792  -14.185  30.869 0.8888890147
4619  57.751  -11.628  39.280 0.3333329856
485  55.862  -11.768  39.082 0.4444440007
6517  53.598  -12.890  35.475 1.0000000000
2980  50.168  -12.752  29.200 0.8888890147
2981  47.522  -12.803  28.711 0.6666669846
6516  53.566  -12.804  32.729 1.0000000000
4618  58.130  -10.705  37.169 0.7777780294
4617  55.986  -11.482  36.626 0.6666669846
1060  56.022  -11.555  33.674 1.0000000000
6515  52.906  -12.233  30.006 0.7777780294
1059  49.868  -11.521  26.886 0.5555559993
8865  59.391  -10.946  36.654 0.3333329856
8864  58.355  -10.075  34.625 0.7777780294
6514  55.511  -11.223  30.741 0.7777780294
6513  52.312  -11.430  27.463 0.4444440007
4743  53.058  -10.654  25.116 0.4444440007
6591  50.678  -10.235  24.868 0.3333329856
2099  60.046  -9.748  34.507 0.3333329856
4744  53.728  -9.743  22.800 0.3333329856
1101  51.488  -8.784  22.868 0.2222220004
8862  60.968  -10.351  33.669 0.2222220004
4616  58.025  -9.752  31.455 0.6666669846
483  54.734  -10.602  28.166 0.6666669846
4615  60.268  -8.757  31.992 0.5555559993
4614  57.525  -9.355  28.965 0.5555559993
4745  55.609  -10.353  25.840 0.4444440007
8861  61.646  -9.089  31.471 0.2222220004
2150  56.328  -10.139  23.216 0.4444440007
8860  62.003  -10.216  30.362 0.2222220004
4746  58.137  -9.136  26.314 0.5555559993
9017  54.660  -8.537  20.578 0.4444440007
9016  52.646  -7.139  21.245 0.1111110002
8859  62.130  -8.067  28.979 0.2222220004
2097  60.249  -8.079  29.422 0.4444440007
2  62.937  -9.121  28.103 0.3333329856
9019  59.044  -9.418  23.706 0.5555559993
4742  53.084  -4.147  22.027 0.1111110002
9020  60.817  -7.667  26.575 0.5555559993
500  52.613  -3.523  24.392 0.1111110002
9018  57.140  -9.581  20.497 0.4444440007
9021  62.831  -7.646  26.249 0.3333329856
9103  63.703  -8.094  24.244 0.2222220004
2151  61.619  -7.918  23.801 0.5555559993
4814  59.860  -9.527  20.827 0.5555559993
4813  62.904  -7.972  21.912 0.5555559993
4812  61.067  -8.931  18.865 0.5555559993
9102  64.353  -9.018  22.214 0.3333329856
2179  63.825  -8.185  19.858 0.4444440007
9101  64.653  -10.036  20.225 0.2222220004
9100  64.358  -8.591  17.677 0.2222220004
2637  30.491  -30.138  67.527 0.6666669846
1841  27.615  -27.829  49.112 0.4444440007
8897  37.692  -26.124  48.476 0.8888890147
6525  53.611  -17.972  50.102 0.1111110002
1065  53.310  -18.779  48.151 0.1111110002
5885  4.234  -38.062  72.083 0.3333329856
230  5.073  -36.805  70.085 0.2222220004
3565  7.141  -37.139  69.586 0.1111110002
1564  9.096  -36.602  68.888 0.3333329856
8120  7.479  -35.907  66.968 0.1111110002
8119  9.213  -35.806  65.986 0.1111110002
7486  10.934  -35.713  68.358 0.4444440007
1830  9.436  -34.131  63.730 0.1111110002
8118  11.029  -35.295  65.066 0.4444440007
8117  11.308  -34.066  62.440 0.3333329856
8116  11.857  -32.325  60.642 0.1111110002
1827  13.388  -33.773  61.679 0.3333329856
4014  13.843  -32.419  59.476 0.3333329856
373  14.614  -30.723  57.792 0.2222220004
4010  16.554  -31.125  56.662 0.2222220004
4048  25.221  -28.930  51.892 0.3333329856
8150  25.701  -27.140  49.601 0.3333329856
4049  24.974  -30.081  55.230 0.5555559993
4047  23.379  -29.477  52.214 0.3333329856
371  23.253  -30.955  55.517 0.4444440007
858  18.747  -31.508  55.903 0.2222220004
6150  21.002  -31.498  55.469 0.2222220004
6149  21.650  -30.160  53.030 0.2222220004
6151  19.576  -29.966  53.978 0.2222220004
1069  37.906  -24.799  45.765 0.4444440007
2989  35.892  -25.875  45.601 0.2222220004
6531  39.723  -23.080  46.467 0.4444440007
4640  37.839  -21.412  43.929 0.4444440007
8893  36.975  -20.117  38.211 0.3333329856
2109  37.670  -19.982  40.841 0.5555559993
1573  45.073  -14.300  30.592 0.4444440007
7507  44.973  -12.343  28.824 0.3333329856
7508  42.985  -11.966  29.529 0.2222220004
3580  41.248  -11.810  30.676 0.1111110002
3620  44.145  -8.737  34.565 0.1111110002
3579  41.686  -9.665  32.561 0.1111110002
1572  42.586  -9.555  30.489 0.1111110002
3621  44.448  -8.190  32.452 0.1111110002
7506  43.843  -9.864  28.802 0.2222220004
105  45.483  -10.376  27.479 0.2222220004
2979  47.516  -11.033  26.913 0.2222220004
857  20.741  -27.961  52.728 0.1111110002
4641  35.457  -20.339  41.498 0.3333329856
3619  46.781  -7.676  36.492 0.1111110002
17  29.519  -31.262  69.279 0.4444440007
2629  28.102  -32.858  69.036 0.2222220004
8100  27.570  -30.962  69.693 0.4444440007
8099  28.541  -30.078  67.878 0.4444440007
4571  24.583  -31.879  70.667 0.3333329856
4570  23.398  -30.750  69.206 0.3333329856
6488  20.782  -30.878  71.901 0.3333329856
1824  25.545  -30.833  69.690 0.4444440007
8101  26.216  -30.301  67.202 0.5555559993
1046  20.114  -32.373  72.618 0.3333329856
7525  42.417  -29.194  62.918 0.1111110002
7512  41.157  -17.055  32.944 0.2222220004
7518  35.266  -27.238  47.748 0.2222220004
4811  62.256  -8.251  17.038 0.3333329856
501  57.743  -8.183  17.953 0.2222220004
4810  58.841  -7.812  16.185 0.2222220004
4649  45.682  -20.755  58.309 0.5555559993
3593  41.196  -31.866  62.887 0.1111110002
7494  11.362  -40.087  75.453 0.1111110002
3570  7.746  -40.016  72.951 0.1111110002
5887  3.885  -40.127  69.770 0.1111110002
5888  5.559  -40.823  68.576 0.1111110002
5886  3.118  -38.173  70.488 0.1111110002
232  7.631  -40.331  70.269 0.1111110002
5889  7.494  -40.391  67.656 0.1111110002
8115  12.854  -30.202  59.363 0.1111110002
2639  31.587  -31.981  68.478 0.2222220004
7517  32.831  -27.616  47.311 0.1111110002
2778  19.151  -27.684  54.423 0.1111110002
6174  22.309  -27.444  51.358 0.1111110002
50  33.792  -26.191  46.068 0.1111110002
4046  26.981  -25.473  48.535 0.1111110002
870  23.965  -27.142  50.295 0.1111110002
4044  29.001  -24.286  48.970 0.1111110002
6172  25.235  -24.794  49.570 0.1111110002
378  27.631  -23.418  50.303 0.1111110002
6173  23.638  -24.659  50.928 0.1111110002
1071  45.293  -22.956  60.101 0.3333329856
4650  47.403  -19.332  57.894 0.2222220004
4652  49.212  -18.761  56.720 0.1111110002
8876  57.040  -14.128  41.839 0.1111110002
2100  58.679  -12.314  38.332 0.2222220004
2627  29.848  -33.043  68.290 0.2222220004
3571  10.387  -39.692  73.818 0.1111110002
4045  28.740  -26.527  47.784 0.1111110002
2988  35.386  -24.070  44.136 0.1111110002
7509  42.869  -14.321  30.817 0.1111110002
2594  63.373  -9.784  26.045 0.2222220004
719  33.566  -32.824  67.308 0.1111110002
2640  31.681  -33.736  66.828 0.1111110002
5879  28.757  -34.850  61.867 0.1111110002
707  29.428  -34.278  65.215 0.1111110002
5881  27.090  -34.819  62.583 0.1111110002
3590  37.165  -31.751  65.840 0.1111110002
709  26.184  -34.005  66.916 0.1111110002
2628  27.802  -34.066  66.147 0.1111110002
5882  25.404  -34.880  63.393 0.1111110002
3592  39.328  -31.931  64.462 0.1111110002
8806  26.460  -32.462  69.874 0.2222220004
4573  18.561  -34.130  71.437 0.1111110002
4574  19.981  -34.561  69.464 0.1111110002
2080  23.018  -33.227  69.835 0.1111110002
8810  21.141  -34.496  67.870 0.1111110002
8809  21.575  -32.839  71.241 0.1111110002
3582  37.283  -17.275  34.638 0.1111110002
3583  39.191  -17.326  33.573 0.1111110002
3021  48.464  -9.444  25.285 0.1111110002
3020  46.712  -8.624  26.368 0.1111110002
6590  49.675  -7.787  23.690 0.1111110002
9015  55.656  -6.729  18.676 0.1111110002
9099  63.311  -8.036  14.973 0.2222220004
2178  64.576  -9.144  15.480 0.2222220004
6632  56.464  -4.737  17.366 0.1111110002
1123  60.358  -7.393  14.285 0.1111110002
6629  61.648  -6.439  12.702 0.1111110002
4805  61.896  -5.382  10.408 0.1111110002
511  62.251  -5.623  11.434 0.1111110002
6631  57.833  -4.150  15.749 0.1111110002
6630  59.578  -3.728  14.641 0.1111110002
2176  60.694  -5.693  10.070 0.1111110002
6628  60.802  -3.184  13.566 0.1111110002
4803  61.089  -2.615  12.369 0.1111110002
4804  60.438  -2.680  11.495 0.1111110002
1122  60.021  -0.331  16.923 0.1111110002
5904  31.145  -34.685  63.679 0.1111110002
8807  24.653  -33.676  68.320 0.1111110002
4809  63.627  -7.977  12.936 0.1111110002
4648  46.987  -22.015  59.143 0.1111110002
6535  46.590  -24.896  59.837 0.1111110002
6536  47.807  -24.579  57.875 0.1111110002
4620  57.855  -13.756  39.317 0.1111110002
9675  60.445  -12.478  29.885 0.1111110002
676  60.072  -13.784  27.519 0.1111110002
8863  59.934  -11.766  35.437 0.1111110002
5287  59.566  -13.037  33.706 0.1111110002
5288  59.079  -13.629  31.191 0.1111110002
2098  60.866  -11.615  32.224 0.1111110002
2596  61.609  -11.438  27.987 0.1111110002
9098  64.733  -10.837  18.227 0.1111110002
4808  64.050  -9.646  13.462 0.1111110002
2177  62.901  -10.092  12.277 0.1111110002
4807  63.247  -7.915  11.306 0.1111110002
2595  61.872  -12.191  25.915 0.1111110002
8892  34.460  -19.514  39.280 0.1111110002
