#!ascii label  , from subject fsaverage5 vox2ras=TkReg 
434
4027  4.978  -28.362  72.070 0.6250000000
1832  4.872  -30.901  70.764 0.5000000000
4028  3.722  -30.127  70.783 0.6250000000
4025  6.703  -26.721  73.073 0.5000000000
4026  6.265  -29.132  71.584 0.5000000000
863  7.952  -27.369  72.281 0.5000000000
1813  3.174  -29.397  69.458 0.7500000000
6161  8.523  -25.146  73.722 0.7500000000
3985  4.041  -27.568  71.348 0.6250000000
6159  8.955  -27.979  70.057 0.5000000000
8071  2.770  -31.326  67.215 0.6250000000
6136  7.252  -24.340  73.603 0.7500000000
367  5.442  -25.950  72.709 0.7500000000
6160  9.813  -25.797  72.603 0.7500000000
3986  4.036  -26.392  70.071 0.6250000000
8073  3.552  -28.289  67.889 0.6250000000
8072  3.538  -30.231  65.606 0.5000000000
15  3.024  -33.549  65.386 0.5000000000
2770  11.128  -21.510  73.495 0.7500000000
850  9.090  -22.830  73.870 0.7500000000
2783  10.461  -23.662  73.767 0.7500000000
6137  6.531  -22.923  72.781 0.7500000000
2782  12.524  -22.408  73.270 0.7500000000
862  11.603  -24.439  72.379 0.8750000000
3987  5.077  -24.632  71.702 0.8750000000
6158  10.759  -26.411  70.128 0.6250000000
8074  4.522  -25.404  68.496 0.7500000000
1814  4.410  -27.239  66.339 0.6250000000
8724  4.718  -29.553  63.807 0.5000000000
2622  3.986  -32.779  63.509 0.5000000000
702  5.317  -32.088  61.590 0.5000000000
1815  4.967  -23.404  70.261 0.8750000000
4504  5.168  -26.554  64.283 0.5000000000
4018  11.538  -26.986  66.856 0.6250000000
45  13.100  -20.373  72.633 0.6250000000
2780  14.697  -21.305  72.386 0.7500000000
8075  5.219  -22.474  68.530 1.0000000000
2781  13.767  -23.208  71.667 0.7500000000
4503  5.099  -24.490  66.860 1.0000000000
6157  12.547  -24.863  69.789 0.7500000000
8725  6.044  -28.853  61.920 0.6250000000
861  13.260  -25.299  66.627 0.6250000000
5870  6.617  -31.336  59.473 0.5000000000
3538  5.853  -33.205  57.380 0.5000000000
7213  15.105  -19.294  71.447 0.6250000000
7232  16.751  -20.279  71.573 0.6250000000
860  15.926  -22.229  70.911 0.5000000000
4505  5.869  -23.779  65.062 1.0000000000
6156  14.496  -23.662  69.238 0.7500000000
2052  5.901  -25.845  62.301 1.0000000000
8726  7.030  -28.141  59.674 0.8750000000
3383  18.765  -19.229  71.132 0.5000000000
368  5.657  -21.254  66.931 0.8750000000
7231  18.261  -21.328  70.544 0.5000000000
6154  17.034  -22.666  68.787 0.5000000000
222  7.083  -30.401  56.993 0.5000000000
3540  5.532  -32.024  55.195 0.3750000000
3381  22.618  -19.292  70.143 0.3750000000
3382  20.519  -18.191  70.546 0.3750000000
1454  20.414  -20.426  70.427 0.3750000000
8727  6.874  -22.973  63.155 0.8750000000
7228  24.450  -20.101  69.174 0.2500000000
7229  22.015  -21.220  68.777 0.2500000000
7230  19.530  -21.999  68.607 0.3750000000
6155  15.510  -23.830  66.334 0.5000000000
168  18.182  -23.057  66.284 0.5000000000
8113  14.294  -25.571  63.756 0.6250000000
3542  6.314  -29.502  54.795 0.3750000000
3541  5.317  -31.091  53.120 0.2500000000
5772  26.846  -18.644  69.421 0.2500000000
648  24.782  -17.578  69.681 0.2500000000
6448  6.006  -20.257  65.232 0.8750000000
3379  25.992  -20.723  67.724 0.2500000000
1453  23.269  -21.789  67.028 0.5000000000
7227  20.887  -22.482  66.560 0.5000000000
8728  6.876  -25.164  60.273 1.0000000000
3378  24.371  -21.861  65.092 0.5000000000
7226  21.837  -22.715  64.324 0.6250000000
4017  16.732  -24.231  63.627 0.6250000000
4015  19.302  -23.434  63.754 0.6250000000
2053  7.294  -24.618  57.943 0.8750000000
8729  7.223  -27.344  57.304 0.7500000000
8730  6.421  -26.649  55.271 0.7500000000
1828  15.372  -25.898  61.158 0.3750000000
1550  5.658  -28.593  52.940 0.6250000000
4507  7.664  -22.062  61.050 0.8750000000
4508  7.853  -21.477  58.687 0.7500000000
3377  27.304  -21.246  66.137 0.7500000000
4509  6.976  -23.947  55.942 0.7500000000
4016  17.705  -24.791  61.124 0.5000000000
8731  6.013  -25.915  53.502 0.6250000000
7453  6.438  -30.194  51.439 0.1250000000
167  28.466  -19.852  68.451 0.2500000000
1024  6.200  -19.565  63.154 0.7500000000
1451  25.595  -21.739  63.074 0.6250000000
7225  22.753  -22.559  62.242 0.6250000000
1452  20.155  -23.771  61.402 0.5000000000
8110  18.745  -25.172  58.698 0.2500000000
7454  6.317  -27.642  51.252 0.1250000000
3389  30.253  -20.057  67.918 0.5000000000
4506  6.403  -19.121  61.027 0.7500000000
3390  29.048  -21.359  65.374 0.6250000000
7241  30.961  -21.491  64.280 0.6250000000
4510  7.140  -20.741  56.374 0.7500000000
6167  32.517  -21.576  62.712 0.7500000000
2054  6.769  -23.191  54.182 0.8750000000
7242  27.285  -21.625  62.151 0.7500000000
7223  23.545  -22.253  59.907 0.6250000000
7224  20.969  -23.732  59.094 0.6250000000
8732  6.595  -25.077  51.784 0.5000000000
6168  33.782  -21.702  60.800 0.6250000000
867  29.198  -21.677  61.063 0.5000000000
8741  8.091  -24.131  50.301 0.1250000000
47  21.884  -23.629  56.796 0.2500000000
99  8.119  -26.833  49.849 0.1250000000
1458  32.073  -20.255  66.749 0.6250000000
7240  33.819  -20.249  65.453 0.6250000000
170  35.323  -20.230  63.681 0.7500000000
8740  6.962  -22.217  52.301 0.2500000000
2057  7.881  -21.232  50.641 0.1250000000
8742  10.089  -23.165  49.419 0.1250000000
2942  10.380  -25.958  48.944 0.1250000000
1022  12.362  -25.113  47.775 0.1250000000
468  6.228  -18.673  58.735 0.8750000000
8739  6.052  -20.207  54.372 0.7500000000
8141  34.854  -21.788  58.921 0.3750000000
8743  11.925  -22.213  48.233 0.1250000000
6446  13.956  -24.243  46.242 0.1250000000
8744  13.465  -21.257  46.808 0.1250000000
7239  34.313  -18.002  66.494 0.3750000000
4039  36.463  -20.196  61.690 0.5000000000
1838  37.081  -19.868  59.558 0.6250000000
8142  35.832  -21.885  56.367 0.5000000000
7237  36.099  -18.052  65.236 0.6250000000
8140  37.330  -19.384  57.110 0.6250000000
4519  9.511  -20.220  49.403 0.1250000000
4037  37.607  -17.799  63.784 0.6250000000
8143  36.410  -21.388  53.898 0.2500000000
2058  11.199  -19.265  48.252 0.1250000000
4038  38.530  -17.484  62.001 0.6250000000
377  36.756  -18.794  54.798 0.3750000000
4036  35.860  -20.506  51.927 0.2500000000
4034  35.515  -17.956  52.861 0.2500000000
4035  34.860  -19.886  50.187 0.1250000000
8139  38.643  -17.078  59.976 0.7500000000
1836  34.145  -17.322  50.536 0.3750000000
8135  33.505  -19.482  48.267 0.1250000000
6166  38.000  -16.513  57.733 0.8750000000
4032  36.728  -15.882  55.601 0.6250000000
4033  35.446  -15.253  53.107 0.5000000000
8138  39.627  -14.411  61.862 0.6250000000
866  39.636  -14.147  59.814 0.6250000000
8133  34.500  -14.980  50.029 0.3750000000
6165  38.738  -13.686  57.672 0.7500000000
865  37.416  -13.192  55.311 0.8750000000
8132  36.449  -13.081  52.366 0.7500000000
2785  40.423  -11.378  59.143 0.3750000000
6163  38.887  -11.338  54.267 0.8750000000
6164  39.810  -11.310  56.877 0.5000000000
375  40.664  -9.810  53.319 0.1250000000
4031  38.187  -11.514  51.323 0.5000000000
4070  42.928  -8.572  53.073 0.2500000000
864  41.425  -9.234  58.102 0.2500000000
6162  41.286  -9.540  55.823 0.2500000000
4068  42.683  -8.073  55.185 0.2500000000
4071  42.993  -9.110  50.810 0.3750000000
1833  40.256  -10.237  47.986 0.3750000000
8127  40.381  -10.540  45.378 0.7500000000
8181  43.085  -9.472  48.338 0.8750000000
19  40.651  -11.103  42.756 0.2500000000
2646  43.666  -10.701  40.209 0.3750000000
2634  40.725  -11.932  40.295 0.3750000000
2643  43.227  -9.819  45.779 0.8750000000
2645  43.467  -10.445  42.574 0.3750000000
5915  46.419  -8.572  40.649 0.2500000000
723  45.768  -8.388  48.874 0.7500000000
5913  49.264  -6.614  43.448 0.6250000000
725  46.311  -8.724  42.907 0.8750000000
5916  43.812  -10.194  38.347 0.3750000000
726  46.513  -8.051  38.548 0.3750000000
5912  49.025  -6.695  46.227 0.7500000000
3611  51.218  -4.770  46.318 0.3750000000
245  51.852  -4.843  43.582 0.5000000000
5914  49.230  -6.446  41.153 0.6250000000
2644  46.127  -8.512  45.959 0.8750000000
7562  49.439  -6.127  38.807 0.7500000000
3615  53.582  -2.892  43.189 0.5000000000
3616  54.450  -3.061  41.125 0.5000000000
3617  52.180  -4.755  41.289 0.5000000000
1595  52.495  -4.638  39.041 0.7500000000
3619  46.781  -7.676  36.492 0.5000000000
7561  52.793  -4.487  36.924 0.7500000000
7563  49.764  -6.036  36.516 0.6250000000
7560  55.064  -2.892  39.097 0.8750000000
4733  55.563  -2.636  36.921 0.6250000000
246  53.039  -4.264  34.726 0.7500000000
6585  53.249  -3.929  32.305 0.7500000000
4735  55.977  -2.283  34.654 0.6250000000
1594  56.193  -0.990  38.181 0.3750000000
9007  56.217  -1.958  32.361 0.6250000000
4737  56.255  -1.608  30.107 0.5000000000
9008  57.913  0.448  32.180 0.3750000000
2146  57.477  0.092  34.175 0.3750000000
5771  28.589  -17.232  69.149 0.1250000000
5884  3.700  -35.704  70.009 0.1250000000
710  2.798  -34.980  69.249 0.1250000000
8121  5.954  -35.235  68.205 0.1250000000
230  5.073  -36.805  70.085 0.1250000000
8124  4.823  -33.748  69.600 0.1250000000
2630  2.516  -34.280  67.516 0.2500000000
2620  3.801  -35.925  64.107 0.2500000000
8125  3.695  -32.789  70.014 0.1250000000
2621  4.687  -35.269  62.010 0.3750000000
5869  5.434  -34.387  59.754 0.3750000000
8123  6.038  -31.931  69.474 0.1250000000
8126  2.802  -32.027  69.155 0.5000000000
8122  7.413  -29.797  69.774 0.2500000000
4024  8.195  -30.812  66.885 0.2500000000
374  9.706  -28.807  66.863 0.2500000000
4019  12.279  -27.417  63.892 0.3750000000
6169  30.635  -22.126  59.273 0.3750000000
6170  28.170  -22.051  55.564 0.1250000000
4040  29.596  -22.620  54.191 0.1250000000
4517  5.850  -19.502  52.096 0.5000000000
6450  4.848  -16.697  62.701 0.5000000000
6451  5.190  -16.201  60.694 0.5000000000
868  31.877  -22.613  57.688 0.2500000000
8735  5.779  -15.583  58.540 0.5000000000
2056  4.967  -17.496  54.296 0.6250000000
8076  6.037  -21.590  71.348 0.7500000000
6449  4.639  -17.285  64.610 0.5000000000
8738  5.567  -18.092  56.578 0.7500000000
8077  5.663  -20.247  69.709 0.7500000000
8078  5.248  -18.893  68.212 0.7500000000
6447  4.869  -17.901  66.622 0.5000000000
1023  4.834  -14.746  66.411 0.5000000000
2944  5.093  -14.206  64.436 0.5000000000
8737  5.698  -15.058  56.181 0.6250000000
4516  5.256  -16.470  52.058 0.3750000000
1025  5.863  -13.741  62.568 0.5000000000
1835  35.830  -13.121  49.299 0.5000000000
7564  50.151  -5.971  34.362 0.6250000000
4030  37.765  -11.469  48.598 0.6250000000
8130  35.392  -13.100  46.335 0.5000000000
8129  37.607  -11.368  45.804 0.5000000000
1834  35.122  -13.000  43.697 0.3750000000
7565  47.405  -7.010  32.265 0.1250000000
6584  50.321  -5.689  32.311 0.5000000000
7566  44.933  -7.935  30.207 0.1250000000
8128  37.728  -11.589  43.094 0.5000000000
1098  47.419  -6.512  30.043 0.2500000000
3018  45.570  -8.062  28.118 0.1250000000
3019  47.610  -6.408  27.558 0.1250000000
6586  50.147  -5.131  29.814 0.2500000000
6587  50.049  -4.847  27.114 0.1250000000
4736  52.790  -3.191  27.131 0.2500000000
6588  50.245  -5.165  24.483 0.1250000000
1099  53.172  -3.501  29.890 0.3750000000
4738  55.914  -1.543  27.408 0.7500000000
2787  25.187  -21.806  58.619 0.3750000000
4020  10.461  -29.480  63.987 0.1250000000
6138  8.183  -21.450  73.039 0.6250000000
7216  15.419  -16.121  65.637 0.2500000000
851  7.379  -19.898  71.695 0.6250000000
1449  17.068  -15.630  64.377 0.2500000000
3989  6.640  -18.319  70.416 0.6250000000
7217  15.386  -13.947  62.533 0.2500000000
3993  13.859  -14.467  63.798 0.2500000000
3371  17.246  -16.876  67.763 0.2500000000
7215  15.542  -17.824  68.692 0.2500000000
7214  13.731  -18.450  69.891 0.5000000000
1448  13.888  -16.988  66.997 0.2500000000
6139  9.027  -18.720  71.219 0.5000000000
8082  12.202  -17.497  68.382 0.5000000000
8083  11.001  -15.512  67.370 0.5000000000
6140  9.498  -16.068  68.866 0.5000000000
3988  8.166  -16.993  69.965 0.5000000000
7219  17.099  -13.290  61.720 0.1250000000
3994  12.403  -15.031  65.746 0.5000000000
1816  5.802  -16.914  69.251 0.5000000000
3990  7.220  -15.221  69.401 0.3750000000
1447  16.968  -18.398  70.465 0.3750000000
3370  18.764  -17.456  69.706 0.2500000000
165  20.493  -16.691  68.786 0.2500000000
3372  19.017  -16.113  66.713 0.2500000000
2772  11.922  -19.152  71.559 0.5000000000
2771  10.031  -20.168  72.610 0.6250000000
852  10.661  -17.968  69.947 0.5000000000
7218  19.070  -15.054  63.569 0.2500000000
7236  37.285  -15.038  64.587 0.5000000000
3374  18.353  -12.503  61.072 0.1250000000
369  8.799  -14.031  68.809 0.3750000000
1456  38.697  -14.666  63.463 0.3750000000
8084  10.184  -13.265  67.299 0.3750000000
3380  22.582  -17.039  69.632 0.2500000000
5768  20.891  -15.505  65.687 0.2500000000
646  20.280  -14.281  62.292 0.2500000000
1457  35.548  -15.316  65.236 0.5000000000
3995  13.009  -11.741  63.604 0.2500000000
1818  11.562  -12.500  65.431 0.2500000000
5767  22.326  -15.822  67.551 0.2500000000
5769  22.395  -14.583  64.213 0.2500000000
5770  21.147  -12.997  60.924 0.1250000000
3991  6.347  -13.834  68.889 0.3750000000
8079  5.124  -15.765  67.897 0.3750000000
3373  19.386  -11.488  60.249 0.1250000000
7220  16.168  -10.439  61.639 0.1250000000
166  14.563  -11.142  62.359 0.1250000000
7234  38.853  -11.881  62.533 0.2500000000
5774  24.735  -15.678  68.280 0.2500000000
645  23.842  -14.516  65.989 0.2500000000
2566  22.908  -13.540  62.395 0.1250000000
3992  8.073  -12.464  68.874 0.2500000000
854  14.872  -6.139  65.740 0.1250000000
3997  12.996  -7.288  67.065 0.1250000000
6142  14.586  -8.260  63.749 0.1250000000
6141  16.181  -7.535  62.903 0.1250000000
8085  12.860  -9.214  65.156 0.1250000000
7221  17.525  -7.127  62.348 0.1250000000
8087  9.642  -11.439  67.963 0.1250000000
8080  5.988  -12.762  67.763 0.3750000000
1450  17.320  -9.742  61.041 0.1250000000
2786  40.140  -11.611  61.111 0.2500000000
5773  26.634  -15.860  68.793 0.1250000000
3998  12.937  -5.844  68.510 0.1250000000
3999  10.843  -7.186  69.061 0.1250000000
8089  8.960  -8.491  68.546 0.1250000000
3996  14.824  -4.482  67.273 0.1250000000
1819  11.222  -8.743  68.075 0.1250000000
8088  9.201  -9.850  68.664 0.1250000000
8086  11.250  -10.409  66.529 0.1250000000
1817  7.519  -11.081  68.515 0.2500000000
2565  24.719  -13.648  64.233 0.2500000000
8734  6.990  -13.194  60.498 0.3750000000
2568  25.904  -14.150  66.760 0.2500000000
8081  7.547  -10.025  67.310 0.2500000000
2055  7.427  -12.437  58.108 0.3750000000
2943  6.419  -11.984  66.164 0.2500000000
46  8.054  -9.089  65.812 0.2500000000
2945  7.207  -11.466  64.251 0.2500000000
49  38.994  -9.468  61.021 0.1250000000
2784  40.627  -9.145  59.806 0.2500000000
4029  40.362  -9.971  50.702 0.3750000000
4734  56.946  -0.450  36.117 0.2500000000
9004  55.479  0.649  36.628 0.1250000000
9005  56.337  1.489  34.878 0.1250000000
9009  58.152  2.981  31.672 0.1250000000
2147  58.252  0.634  30.081 0.2500000000
500  52.613  -3.523  24.392 0.1250000000
4739  58.249  0.468  27.561 0.3750000000
4740  55.589  -1.903  24.661 0.1250000000
4742  53.084  -4.147  22.027 0.1250000000
2149  54.160  -5.318  20.089 0.1250000000
6632  56.464  -4.737  17.366 0.1250000000
9015  55.656  -6.729  18.676 0.1250000000
4741  55.655  -2.231  22.230 0.1250000000
9014  55.873  -3.189  19.684 0.1250000000
2148  58.164  0.184  25.207 0.1250000000
9013  58.111  -0.288  22.601 0.1250000000
1124  57.991  -1.301  19.612 0.1250000000
6143  16.592  -5.385  64.622 0.1250000000
9006  57.297  2.390  33.284 0.1250000000
9016  52.646  -7.139  21.245 0.1250000000
3388  32.409  -17.796  67.596 0.3750000000
650  31.693  -15.617  66.435 0.2500000000
5778  29.708  -15.395  67.260 0.1250000000
647  27.872  -14.696  67.428 0.1250000000
2567  27.223  -13.622  65.243 0.1250000000
2570  28.829  -14.560  64.648 0.1250000000
0  27.198  -14.101  60.787 0.1250000000
2569  27.657  -14.360  60.755 0.1250000000
2571  26.672  -14.060  56.998 0.1250000000
4515  5.144  -13.985  54.142 0.1250000000
4518  6.912  -18.544  50.250 0.1250000000
469  6.637  -15.289  50.797 0.1250000000
4514  5.479  -12.642  52.862 0.1250000000
8736  6.526  -11.507  56.179 0.1250000000
4512  8.573  -9.506  60.254 0.2500000000
1027  5.714  -10.159  55.078 0.1250000000
8733  8.230  -10.494  62.181 0.2500000000
4513  8.117  -8.791  58.493 0.1250000000
6456  6.878  -11.795  52.021 0.1250000000
7456  8.717  -7.970  64.001 0.1250000000
1552  9.048  -6.710  62.400 0.1250000000
6453  7.345  -7.825  57.142 0.1250000000
4511  8.697  -5.670  61.103 0.1250000000
3613  52.403  -2.471  45.463 0.1250000000
1593  54.207  -1.017  41.928 0.1250000000
7559  55.326  -1.218  40.087 0.1250000000
3614  52.651  -0.488  43.964 0.1250000000
7556  51.672  0.176  41.848 0.1250000000
7557  53.382  -0.286  39.897 0.1250000000
5911  48.380  -6.707  49.032 0.5000000000
7555  49.812  1.016  43.302 0.1250000000
5777  30.289  -14.843  63.918 0.1250000000
7238  33.606  -15.592  65.687 0.2500000000
3387  30.536  -17.608  68.489 0.2500000000
6455  5.969  -8.953  53.922 0.1250000000
2631  2.801  -37.830  68.237 0.1250000000
2632  3.239  -37.151  65.924 0.1250000000
701  4.706  -35.903  57.851 0.1250000000
4041  33.027  -22.880  55.841 0.1250000000
5909  47.203  -6.477  51.018 0.2500000000
8180  45.383  -8.098  51.024 0.1250000000
724  50.161  -4.661  48.737 0.2500000000
1596  47.131  -7.412  34.346 0.1250000000
5868  4.481  -37.223  60.133 0.1250000000
7235  37.426  -12.263  63.196 0.1250000000
6186  41.972  -7.601  56.893 0.1250000000
2796  40.499  -7.418  58.259 0.1250000000
9012  59.407  2.487  24.505 0.1250000000
3044  59.615  1.455  21.916 0.1250000000
9011  59.103  3.098  27.246 0.1250000000
3042  60.031  2.258  20.232 0.1250000000
9010  58.670  3.253  29.663 0.1250000000
111  59.719  4.835  23.249 0.1250000000
9003  59.185  5.683  26.055 0.1250000000
3041  60.319  2.933  18.329 0.1250000000
3040  59.895  5.445  21.224 0.1250000000
1831  6.933  -33.062  67.178 0.1250000000
8114  13.220  -27.538  61.302 0.1250000000
2778  19.151  -27.684  54.423 0.1250000000
8112  14.363  -28.220  58.764 0.1250000000
8111  16.349  -26.598  58.506 0.1250000000
859  17.689  -27.270  56.220 0.1250000000
2779  19.708  -25.526  56.291 0.1250000000
2789  23.162  -22.998  55.098 0.1250000000
2777  20.854  -25.677  54.141 0.1250000000
2790  22.229  -25.080  52.528 0.1250000000
2788  26.789  -21.615  57.345 0.1250000000
3618  43.937  -9.428  36.545 0.1250000000
8134  33.143  -16.990  48.016 0.1250000000
8131  33.870  -14.997  47.238 0.1250000000
5910  48.421  -4.616  50.098 0.1250000000
