#!ascii label  , from subject fsaverage5 vox2ras=TkReg 
307
3566  8.219  -36.091  73.013 0.1111110002
3567  6.039  -37.219  72.945 0.2222220004
7487  12.246  -33.447  72.556 0.1111110002
7488  10.350  -34.920  72.929 0.1111110002
48  12.693  -34.486  68.046 0.2222220004
3565  7.141  -37.139  69.586 0.3333329856
230  5.073  -36.805  70.085 0.4444440007
5885  4.234  -38.062  72.083 0.4444440007
7486  10.934  -35.713  68.358 0.2222220004
1564  9.096  -36.602  68.888 0.1111110002
8109  13.029  -34.481  64.606 0.2222220004
5886  3.118  -38.173  70.488 0.3333329856
8108  15.015  -33.464  64.355 0.2222220004
8118  11.029  -35.295  65.066 0.3333329856
1827  13.388  -33.773  61.679 0.4444440007
5884  3.700  -35.704  70.009 0.4444440007
4013  15.498  -33.236  61.283 0.2222220004
2631  2.801  -37.830  68.237 0.1111110002
8120  7.479  -35.907  66.968 0.5555559993
8119  9.213  -35.806  65.986 0.5555559993
1830  9.436  -34.131  63.730 0.6666669846
8121  5.954  -35.235  68.205 0.6666669846
8117  11.308  -34.066  62.440 0.5555559993
4023  7.942  -33.777  65.206 0.7777780294
8124  4.823  -33.748  69.600 0.5555559993
4012  15.918  -32.407  58.735 0.6666669846
710  2.798  -34.980  69.249 0.2222220004
8116  11.857  -32.325  60.642 0.8888890147
4021  10.195  -32.024  62.270 0.8888890147
4014  13.843  -32.419  59.476 0.6666669846
4011  18.147  -32.329  58.350 0.7777780294
4010  16.554  -31.125  56.662 0.7777780294
8115  12.854  -30.202  59.363 0.8888890147
1829  11.422  -29.907  61.488 0.7777780294
373  14.614  -30.723  57.792 0.7777780294
8104  20.477  -32.101  58.444 0.5555559993
858  18.747  -31.508  55.903 0.7777780294
4050  26.931  -30.222  59.389 0.3333329856
4009  22.782  -31.488  58.718 0.4444440007
6150  21.002  -31.498  55.469 0.6666669846
4007  25.090  -30.632  59.426 0.3333329856
1842  26.946  -29.606  55.311 0.4444440007
8112  14.363  -28.220  58.764 0.7777780294
371  23.253  -30.955  55.517 0.5555559993
6152  17.656  -29.586  55.209 0.8888890147
6153  15.824  -28.946  56.710 0.8888890147
6151  19.576  -29.966  53.978 0.7777780294
4049  24.974  -30.081  55.230 0.4444440007
8151  27.184  -28.928  51.725 0.5555559993
4048  25.221  -28.930  51.892 0.6666669846
4047  23.379  -29.477  52.214 0.7777780294
6149  21.650  -30.160  53.030 0.7777780294
1577  31.975  -28.688  49.193 0.5555559993
8148  29.718  -28.489  48.956 0.7777780294
1841  27.615  -27.829  49.112 0.6666669846
8150  25.701  -27.140  49.601 0.6666669846
870  23.965  -27.142  50.295 0.8888890147
6174  22.309  -27.444  51.358 0.8888890147
857  20.741  -27.961  52.728 0.8888890147
4045  28.740  -26.527  47.784 0.8888890147
859  17.689  -27.270  56.220 0.8888890147
2778  19.151  -27.684  54.423 0.8888890147
7519  34.602  -28.232  50.167 0.6666669846
7517  32.831  -27.616  47.311 0.8888890147
8147  30.712  -27.341  47.397 0.8888890147
4046  26.981  -25.473  48.535 0.7777780294
1578  37.191  -27.092  51.379 0.4444440007
7518  35.266  -27.238  47.748 0.5555559993
6172  25.235  -24.794  49.570 0.8888890147
6173  23.638  -24.659  50.928 0.8888890147
2790  22.229  -25.080  52.528 0.7777780294
4044  29.001  -24.286  48.970 0.7777780294
2779  19.708  -25.526  56.291 0.5555559993
8897  37.692  -26.124  48.476 0.2222220004
2777  20.854  -25.677  54.141 0.4444440007
50  33.792  -26.191  46.068 0.8888890147
8146  32.026  -26.026  46.772 0.8888890147
1840  30.441  -25.359  47.787 0.7777780294
2788  26.789  -21.615  57.345 0.3333329856
2789  23.162  -22.998  55.098 0.1111110002
47  21.884  -23.629  56.796 0.1111110002
6170  28.170  -22.051  55.564 0.1111110002
4646  40.085  -25.621  52.792 0.2222220004
4040  29.596  -22.620  54.191 0.1111110002
869  24.554  -22.602  53.471 0.2222220004
8898  40.230  -24.562  49.561 0.3333329856
4042  30.805  -23.244  52.490 0.1111110002
6171  26.123  -22.750  51.769 0.3333329856
8145  32.867  -24.363  48.715 0.5555559993
4043  31.889  -23.885  50.612 0.4444440007
378  27.631  -23.418  50.303 0.6666669846
2989  35.892  -25.875  45.601 0.8888890147
1069  37.906  -24.799  45.765 0.5555559993
8137  33.768  -24.456  47.044 0.7777780294
2987  34.419  -24.311  45.489 0.8888890147
1837  35.041  -22.537  49.251 0.5555559993
2988  35.386  -24.070  44.136 0.8888890147
8144  34.869  -23.316  51.177 0.2222220004
8899  42.679  -22.378  50.715 0.2222220004
6531  39.723  -23.080  46.467 0.4444440007
8136  34.407  -21.981  47.641 0.6666669846
1067  33.681  -21.915  45.908 0.8888890147
6530  36.800  -23.107  43.649 1.0000000000
8143  36.410  -21.388  53.898 0.1111110002
4036  35.860  -20.506  51.927 0.2222220004
6529  33.440  -21.848  44.018 1.0000000000
488  40.976  -20.949  47.307 0.2222220004
4640  37.839  -21.412  43.929 1.0000000000
4035  34.860  -19.886  50.187 0.2222220004
8135  33.505  -19.482  48.267 0.4444440007
6527  32.472  -19.344  46.166 0.7777780294
1068  34.156  -21.218  42.550 1.0000000000
6528  32.015  -19.467  43.579 1.0000000000
4642  38.765  -19.777  44.071 0.5555559993
4643  40.974  -18.915  44.357 0.2222220004
4641  35.457  -20.339  41.498 0.6666669846
2109  37.670  -19.982  40.841 0.3333329856
8891  32.699  -19.347  41.171 1.0000000000
4639  32.103  -17.265  42.543 1.0000000000
8892  34.460  -19.514  39.280 0.8888890147
8893  36.975  -20.117  38.211 0.8888890147
2108  32.910  -17.521  39.665 1.0000000000
8134  33.143  -16.990  48.016 0.4444440007
376  32.386  -17.125  45.470 0.7777780294
8894  40.351  -19.900  41.037 0.2222220004
1576  43.332  -19.577  41.826 0.2222220004
4638  33.230  -15.124  41.326 0.8888890147
3586  39.890  -20.431  37.940 0.4444440007
8890  34.617  -18.245  37.488 1.0000000000
8131  33.870  -14.997  47.238 0.5555559993
4637  33.379  -15.087  44.488 0.7777780294
8889  34.050  -15.764  38.384 1.0000000000
236  37.006  -19.234  35.996 0.8888890147
7515  45.663  -18.783  42.387 0.1111110002
1834  35.122  -13.000  43.697 0.2222220004
8888  35.299  -13.297  40.558 0.4444440007
5896  35.592  -16.717  36.137 0.8888890147
2965  14.454  -33.101  67.796 0.2222220004
8149  29.326  -29.311  51.828 0.6666669846
8111  16.349  -26.598  58.506 0.7777780294
868  31.877  -22.613  57.688 0.1111110002
3585  42.433  -20.043  38.211 0.3333329856
3584  39.349  -19.512  35.308 0.8888890147
8125  3.695  -32.789  70.014 0.2222220004
1831  6.933  -33.062  67.178 0.6666669846
8123  6.038  -31.931  69.474 0.3333329856
4022  9.001  -31.544  64.404 0.6666669846
4024  8.195  -30.812  66.885 0.6666669846
4020  10.461  -29.480  63.987 0.3333329856
8114  13.220  -27.538  61.302 0.4444440007
4019  12.279  -27.417  63.892 0.1111110002
3587  31.636  -29.410  52.264 0.2222220004
3588  34.431  -29.090  53.449 0.3333329856
6169  30.635  -22.126  59.273 0.1111110002
1828  15.372  -25.898  61.158 0.2222220004
1839  34.004  -23.234  53.565 0.2222220004
3582  37.283  -17.275  34.638 0.7777780294
5895  36.850  -14.742  35.700 0.7777780294
715  37.914  -14.821  33.963 0.6666669846
5893  39.087  -12.217  34.081 0.7777780294
3581  39.899  -11.873  32.225 0.7777780294
5894  38.676  -12.766  35.982 0.3333329856
716  35.973  -14.148  37.804 0.5555559993
3580  41.248  -11.810  30.676 0.7777780294
714  40.951  -11.922  38.229 0.1111110002
2635  38.348  -12.949  37.968 0.2222220004
3618  43.937  -9.428  36.545 0.1111110002
5892  41.105  -11.175  36.508 0.5555559993
234  41.235  -10.273  34.684 0.4444440007
3620  44.145  -8.737  34.565 0.1111110002
3579  41.686  -9.665  32.561 0.7777780294
2636  38.040  -12.358  40.153 0.2222220004
1572  42.586  -9.555  30.489 0.7777780294
5887  3.885  -40.127  69.770 0.1111110002
2967  14.270  -31.965  72.201 0.1111110002
2966  16.490  -31.123  72.127 0.1111110002
1045  16.584  -31.836  68.114 0.1111110002
8106  19.370  -31.758  65.012 0.1111110002
6487  18.874  -31.086  68.491 0.1111110002
8107  17.102  -32.498  64.416 0.1111110002
1826  17.670  -32.692  61.257 0.1111110002
4008  24.652  -30.835  62.903 0.2222220004
8152  29.137  -29.747  55.553 0.2222220004
8105  19.899  -32.117  61.518 0.1111110002
8102  23.985  -30.707  66.368 0.1111110002
8103  21.788  -31.285  65.690 0.1111110002
1825  22.297  -31.458  62.147 0.1111110002
237  31.529  -29.985  56.011 0.1111110002
3589  34.307  -29.888  56.861 0.1111110002
1579  37.203  -29.375  57.753 0.1111110002
7523  39.076  -28.838  61.715 0.1111110002
7521  39.681  -28.031  58.824 0.1111110002
4016  17.705  -24.791  61.124 0.2222220004
4645  39.832  -26.856  55.851 0.1111110002
8110  18.745  -25.172  58.698 0.2222220004
7520  37.231  -28.224  54.664 0.1111110002
1575  41.729  -19.166  35.120 0.6666669846
3583  39.191  -17.326  33.573 0.6666669846
7512  41.157  -17.055  32.944 0.6666669846
4622  45.573  -16.061  32.837 0.5555559993
7510  43.334  -16.584  32.712 0.5555559993
7511  39.236  -14.583  32.573 0.6666669846
1574  40.872  -14.340  31.500 0.6666669846
1573  45.073  -14.300  30.592 0.5555559993
7509  42.869  -14.321  30.817 0.5555559993
8870  47.792  -14.185  30.869 0.4444440007
7508  42.985  -11.966  29.529 0.6666669846
1061  50.796  -13.753  31.710 0.3333329856
2981  47.522  -12.803  28.711 0.3333329856
7507  44.973  -12.343  28.824 0.6666669846
105  45.483  -10.376  27.479 0.6666669846
7506  43.843  -9.864  28.802 0.6666669846
2980  50.168  -12.752  29.200 0.2222220004
7566  44.933  -7.935  30.207 0.5555559993
6515  52.906  -12.233  30.006 0.2222220004
6514  55.511  -11.223  30.741 0.1111110002
1059  49.868  -11.521  26.886 0.2222220004
2979  47.516  -11.033  26.913 0.5555559993
483  54.734  -10.602  28.166 0.1111110002
3018  45.570  -8.062  28.118 0.5555559993
6513  52.312  -11.430  27.463 0.1111110002
4745  55.609  -10.353  25.840 0.2222220004
4743  53.058  -10.654  25.116 0.2222220004
3020  46.712  -8.624  26.368 0.5555559993
3021  48.464  -9.444  25.285 0.5555559993
4746  58.137  -9.136  26.314 0.1111110002
6591  50.678  -10.235  24.868 0.3333329856
9019  59.044  -9.418  23.706 0.1111110002
2150  56.328  -10.139  23.216 0.2222220004
4744  53.728  -9.743  22.800 0.2222220004
1101  51.488  -8.784  22.868 0.4444440007
3019  47.610  -6.408  27.558 0.3333329856
1100  48.350  -6.959  25.221 0.4444440007
4814  59.860  -9.527  20.827 0.1111110002
2151  61.619  -7.918  23.801 0.1111110002
6590  49.675  -7.787  23.690 0.4444440007
4813  62.904  -7.972  21.912 0.1111110002
9018  57.140  -9.581  20.497 0.2222220004
9017  54.660  -8.537  20.578 0.3333329856
4812  61.067  -8.931  18.865 0.2222220004
9016  52.646  -7.139  21.245 0.4444440007
501  57.743  -8.183  17.953 0.4444440007
2149  54.160  -5.318  20.089 0.4444440007
4810  58.841  -7.812  16.185 0.4444440007
4741  55.655  -2.231  22.230 0.1111110002
4742  53.084  -4.147  22.027 0.3333329856
9015  55.656  -6.729  18.676 0.4444440007
6631  57.833  -4.150  15.749 0.3333329856
9014  55.873  -3.189  19.684 0.1111110002
6632  56.464  -4.737  17.366 0.2222220004
2148  58.164  0.184  25.207 0.1111110002
9013  58.111  -0.288  22.601 0.1111110002
1124  57.991  -1.301  19.612 0.1111110002
3043  59.145  -0.781  18.289 0.1111110002
2179  63.825  -8.185  19.858 0.1111110002
8122  7.413  -29.797  69.774 0.2222220004
6589  51.167  -5.997  22.549 0.4444440007
4017  16.732  -24.231  63.627 0.1111110002
7514  44.837  -19.154  38.591 0.3333329856
7513  44.029  -18.416  35.304 0.2222220004
235  46.270  -17.372  35.645 0.2222220004
4623  48.162  -15.391  33.427 0.4444440007
6516  53.566  -12.804  32.729 0.1111110002
3621  44.448  -8.190  32.452 0.4444440007
4624  48.659  -16.102  36.425 0.1111110002
8871  50.983  -14.227  34.493 0.1111110002
8807  24.653  -33.676  68.320 0.1111110002
5897  31.239  -30.364  59.904 0.1111110002
8153  29.019  -30.119  59.528 0.1111110002
8806  26.460  -32.462  69.874 0.1111110002
8154  28.859  -30.132  63.981 0.2222220004
8099  28.541  -30.078  67.878 0.1111110002
8100  27.570  -30.962  69.693 0.1111110002
1823  26.871  -30.387  63.888 0.1111110002
4571  24.583  -31.879  70.667 0.1111110002
8101  26.216  -30.301  67.202 0.1111110002
1824  25.545  -30.833  69.690 0.1111110002
374  9.706  -28.807  66.863 0.1111110002
6518  47.041  -18.021  39.065 0.1111110002
1836  34.145  -17.322  50.536 0.1111110002
1098  47.419  -6.512  30.043 0.1111110002
6588  50.245  -5.165  24.483 0.2222220004
500  52.613  -3.523  24.392 0.1111110002
4811  62.256  -8.251  17.038 0.2222220004
1123  60.358  -7.393  14.285 0.3333329856
6630  59.578  -3.728  14.641 0.1111110002
6628  60.802  -3.184  13.566 0.1111110002
6629  61.648  -6.439  12.702 0.1111110002
6587  50.049  -4.847  27.114 0.2222220004
1566  7.138  -36.401  75.327 0.1111110002
7491  5.512  -38.151  74.346 0.1111110002
4034  35.515  -17.956  52.861 0.1111110002
8130  35.392  -13.100  46.335 0.1111110002
8128  37.728  -11.589  43.094 0.1111110002
9100  64.358  -8.591  17.677 0.1111110002
1832  4.872  -30.901  70.764 0.1111110002
8133  34.500  -14.980  50.029 0.1111110002
9094  61.121  -10.377  11.958 0.1111110002
9093  60.266  -8.456  10.532 0.1111110002
9099  63.311  -8.036  14.973 0.1111110002
4807  63.247  -7.915  11.306 0.1111110002
4809  63.627  -7.977  12.936 0.1111110002
4806  62.086  -8.086  10.446 0.1111110002
2174  58.922  -10.661  12.172 0.1111110002
4798  56.846  -10.761  12.351 0.1111110002
511  62.251  -5.623  11.434 0.1111110002
2177  62.901  -10.092  12.277 0.1111110002
