#!ascii label  , from subject fsaverage5 vox2ras=TkReg 
496
6196  40.979  24.719  22.332 0.2000000030
6197  39.620  22.970  21.248 0.3000000119
8205  39.080  20.532  20.408 0.3000000119
4089  41.488  21.747  19.705 0.4000000060
1860  41.245  19.255  19.666 0.5000000000
8204  41.262  16.636  20.287 0.4000000060
3630  43.652  15.625  20.420 0.5000000000
8203  43.504  17.955  19.433 0.5000000000
4088  43.698  20.686  19.088 0.5000000000
1604  46.741  11.688  19.287 0.8000000119
3632  44.379  12.750  20.892 0.8000000119
3631  46.270  14.371  20.847 0.8000000119
7584  46.654  9.366  16.249 0.6999999881
1602  45.922  16.907  19.737 0.5000000000
7585  47.971  7.983  12.977 0.6999999881
7582  47.897  10.852  16.132 0.8000000119
8202  45.886  19.621  18.816 0.5000000000
7586  49.638  5.408  11.176 0.6000000238
7581  48.504  13.147  19.480 0.8999999762
6611  49.638  6.777  9.608 0.6999999881
7580  48.263  15.700  20.422 0.8000000119
1113  52.258  4.886  8.192 0.6999999881
251  48.778  9.686  12.338 0.6999999881
4778  49.526  12.426  16.081 0.8000000119
6612  50.100  8.463  8.439 0.6000000238
7587  52.675  4.412  10.659 0.5000000000
6613  52.177  6.043  6.240 0.6000000238
4780  50.069  11.412  11.923 0.6999999881
9063  50.687  10.226  7.571 0.6999999881
882  41.586  25.166  24.653 0.2000000030
385  42.131  23.689  20.426 0.2000000030
7588  56.007  5.253  10.531 0.6000000238
1603  50.323  14.478  19.449 0.8999999762
1114  52.169  7.641  4.883 0.5000000000
6195  42.708  26.432  22.968 0.2000000030
4087  44.212  22.957  19.609 0.3000000119
7578  48.241  18.658  19.081 0.6000000238
3033  55.603  4.611  7.876 0.6000000238
3034  55.096  4.677  5.346 0.6000000238
6614  54.437  5.856  3.326 0.6000000238
9064  52.227  11.564  6.717 0.8000000119
4782  52.150  9.297  3.616 0.5000000000
4781  53.799  7.109  2.143 0.5000000000
1115  55.983  3.968  3.495 0.4000000060
2801  43.635  26.814  24.867 0.2000000030
880  45.542  28.484  24.372 0.1000000015
4083  42.937  25.496  21.254 0.2000000030
4085  44.766  24.737  20.471 0.2000000030
4086  46.865  24.328  19.831 0.3000000119
1859  46.361  22.219  18.783 0.3000000119
8201  48.384  21.245  18.565 0.6000000238
7579  50.458  17.390  19.576 0.6000000238
115  57.658  4.457  8.058 0.6000000238
9060  52.559  15.873  18.612 0.6999999881
4779  51.301  13.735  15.516 0.8999999762
3035  57.050  3.765  5.661 0.5000000000
2166  51.978  12.390  11.162 0.8999999762
2167  52.540  10.764  2.676 0.6000000238
6615  54.501  4.898  1.928 0.5000000000
4783  52.686  8.506  1.216 0.5000000000
8200  48.750  23.667  19.016 0.3000000119
53  50.540  20.423  18.840 0.6000000238
9061  53.914  14.352  14.634 0.8999999762
8199  48.141  25.479  18.485 0.2000000030
1858  45.659  25.631  18.857 0.3000000119
4084  43.383  26.033  19.446 0.2000000030
1856  50.666  25.062  18.669 0.3000000119
3032  52.997  18.833  18.878 0.5000000000
1112  54.885  16.701  17.359 0.5000000000
6610  55.483  14.925  13.678 0.6999999881
9062  54.202  12.977  10.106 0.8000000119
4777  52.993  13.557  5.176 0.8999999762
9065  53.537  12.611  5.779 0.8999999762
8191  52.828  23.920  18.359 0.2000000030
8192  50.818  22.766  18.850 0.2000000030
3030  53.054  21.637  18.686 0.4000000060
3031  55.122  19.744  18.101 0.5000000000
9055  49.768  17.864  12.719 0.6000000238
9053  47.751  18.899  10.743 0.6000000238
9056  47.291  15.307  9.134 0.6000000238
4774  52.415  16.597  13.215 0.6999999881
2164  50.166  14.552  9.040 0.6000000238
6609  55.654  17.658  16.265 0.4000000060
4775  52.956  14.599  8.764 0.6000000238
4773  54.882  15.820  13.085 0.6000000238
507  54.748  13.970  9.115 0.8000000119
8190  53.698  24.714  16.010 0.2000000030
1110  54.635  22.668  17.576 0.3000000119
6608  55.569  20.676  16.576 0.4000000060
9054  52.654  20.206  13.708 0.5000000000
1111  54.721  18.838  15.161 0.5000000000
6606  54.996  23.484  15.221 0.2000000030
2163  50.884  21.026  10.960 0.5000000000
383  54.869  23.693  12.072 0.2000000030
6607  54.648  21.822  14.225 0.2000000030
4770  54.438  23.902  9.341 0.2000000030
4771  52.327  22.466  8.722 0.2000000030
4772  53.806  22.178  11.086 0.2000000030
9051  50.332  23.372  7.813 0.2000000030
9052  49.283  21.160  8.875 0.3000000119
1853  52.925  24.591  7.644 0.2000000030
729  47.443  22.321  8.177 0.2000000030
8183  51.011  25.578  6.133 0.2000000030
6198  39.429  23.644  23.732 0.3000000119
8206  39.059  17.724  20.667 0.4000000060
3641  51.947  4.020  21.713 0.3000000119
7593  51.521  3.810  19.585 0.3000000119
9012  59.407  2.487  24.505 0.2000000030
7594  54.158  4.026  19.329 0.3000000119
5927  48.595  3.679  19.450 0.3000000119
111  59.719  4.835  23.249 0.2000000030
3040  59.895  5.445  21.224 0.3000000119
1120  59.830  5.697  19.194 0.3000000119
3639  51.171  3.915  17.419 0.3000000119
1608  53.760  4.094  17.161 0.3000000119
252  48.315  4.102  17.494 0.3000000119
7592  56.089  4.573  16.399 0.3000000119
4800  58.114  5.251  13.632 0.3000000119
1607  57.876  5.261  11.727 0.3000000119
733  48.917  3.449  21.425 0.3000000119
9011  59.103  3.098  27.246 0.2000000030
1609  54.868  4.595  21.473 0.3000000119
9003  59.185  5.683  26.055 0.2000000030
7596  57.533  5.782  20.392 0.3000000119
7595  56.822  5.004  18.474 0.3000000119
7597  58.134  6.547  22.486 0.3000000119
3637  50.782  4.026  15.510 0.3000000119
7591  55.695  4.756  14.434 0.3000000119
3638  53.510  4.295  15.180 0.3000000119
7589  57.919  5.106  10.099 0.4000000060
3640  49.274  3.788  23.557 0.3000000119
5928  45.697  3.637  21.174 0.3000000119
3643  55.447  5.636  23.856 0.3000000119
5926  45.703  4.444  19.394 0.2000000030
7598  58.717  6.918  24.510 0.3000000119
3633  45.453  5.989  17.827 0.2000000030
3635  47.709  5.054  15.765 0.4000000060
1606  53.288  4.463  13.222 0.4000000060
7590  55.834  5.142  12.689 0.4000000060
3636  50.135  4.521  13.451 0.4000000060
1605  47.664  6.441  14.166 0.5000000000
9010  58.670  3.253  29.663 0.2000000030
2145  58.448  6.066  28.624 0.2000000030
3642  52.551  4.703  24.050 0.3000000119
3634  45.694  7.612  16.741 0.6000000238
3644  52.921  6.011  26.201 0.3000000119
5929  45.837  3.449  22.922 0.3000000119
732  43.033  5.049  20.968 0.2000000030
4732  57.230  5.662  30.579 0.2000000030
254  49.627  4.748  25.527 0.3000000119
1610  56.123  6.944  25.806 0.3000000119
2653  42.839  4.150  22.322 0.2000000030
5925  43.290  6.820  19.730 0.3000000119
499  56.049  4.477  31.715 0.2000000030
9002  57.442  7.509  27.332 0.3000000119
5930  46.142  3.857  24.531 0.3000000119
734  42.818  3.949  23.898 0.2000000030
2654  39.959  4.628  23.503 0.2000000030
2652  40.322  5.913  22.234 0.2000000030
7583  45.059  10.157  19.098 0.6000000238
731  43.919  8.699  19.097 0.5000000000
2651  40.733  7.662  21.152 0.3000000119
9001  53.921  7.500  28.112 0.3000000119
9000  50.139  6.395  27.488 0.3000000119
8995  40.580  3.708  25.116 0.2000000030
8994  37.736  4.478  24.895 0.2000000030
21  37.579  6.292  23.681 0.2000000030
5924  41.640  9.556  20.889 0.4000000060
4731  55.600  7.602  29.893 0.2000000030
6580  45.624  2.709  30.802 0.1000000015
8998  46.668  4.162  30.066 0.1000000015
498  42.377  1.947  30.472 0.1000000015
4721  40.542  1.224  32.030 0.1000000015
4723  38.350  2.234  30.779 0.2000000030
4727  43.426  3.178  29.295 0.1000000015
4725  40.255  2.730  28.920 0.1000000015
2143  44.546  4.329  27.955 0.1000000015
4724  36.512  3.180  28.720 0.1000000015
8997  46.814  4.918  26.499 0.3000000119
4726  41.661  3.439  27.159 0.1000000015
2142  38.695  3.273  26.738 0.1000000015
8996  43.699  3.958  25.588 0.3000000119
8993  35.427  4.696  26.650 0.1000000015
8967  35.163  6.791  25.125 0.2000000030
2650  38.092  8.345  22.568 0.4000000060
5923  42.742  11.144  20.750 0.5000000000
4714  38.928  2.767  38.790 0.1000000015
497  37.599  3.880  37.604 0.1000000015
6575  39.743  1.153  36.698 0.1000000015
4720  36.164  5.368  36.547 0.1000000015
6577  41.000  0.225  34.962 0.1000000015
6576  38.216  2.414  35.677 0.1000000015
1097  53.598  0.974  33.821 0.2000000030
1094  39.175  1.377  33.861 0.2000000030
8989  36.330  3.706  34.615 0.1000000015
6582  51.689  2.193  31.578 0.2000000030
6581  48.003  1.725  31.781 0.2000000030
6578  42.692  0.405  33.421 0.1000000015
4730  54.060  6.274  30.950 0.2000000030
4728  52.970  4.339  31.059 0.2000000030
1096  49.112  3.504  31.191 0.2000000030
6579  44.520  1.393  32.033 0.1000000015
4722  37.035  2.616  32.699 0.2000000030
4729  50.093  5.322  30.876 0.2000000030
2141  35.073  3.812  30.950 0.2000000030
2144  51.499  6.991  29.850 0.2000000030
8992  33.793  5.473  28.874 0.2000000030
2133  33.221  7.648  26.982 0.2000000030
8210  35.858  8.729  23.796 0.3000000119
730  39.146  10.523  21.909 0.3000000119
4716  37.444  5.691  39.794 0.1000000015
6574  41.684  0.655  38.309 0.1000000015
3017  52.414  0.017  35.683 0.1000000015
1093  43.128  -0.567  36.435 0.1000000015
3014  44.861  -0.678  34.523 0.1000000015
3016  50.319  0.557  32.826 0.2000000030
6583  54.798  2.724  32.596 0.2000000030
1095  46.631  0.384  32.875 0.2000000030
8990  34.550  5.128  33.213 0.1000000015
8999  47.540  5.679  28.931 0.2000000030
8966  33.839  9.566  25.349 0.3000000119
8209  36.836  11.081  22.864 0.3000000119
5922  40.284  12.397  21.375 0.3000000119
4718  36.474  7.139  38.346 0.1000000015
7558  54.563  0.009  38.198 0.1000000015
3012  45.556  -0.395  38.600 0.1000000015
2140  34.873  6.955  35.021 0.1000000015
3015  48.902  -0.492  34.620 0.2000000030
8991  33.115  6.922  31.102 0.2000000030
1862  34.964  11.624  24.016 0.3000000119
3011  49.632  -0.632  39.230 0.1000000015
3013  47.135  -1.015  36.610 0.1000000015
4702  32.423  9.043  29.061 0.2000000030
4701  32.639  10.787  27.197 0.3000000119
250  41.686  14.103  20.814 0.4000000060
8208  38.123  13.229  22.151 0.4000000060
110  51.259  -0.486  37.350 0.1000000015
495  32.793  10.790  31.197 0.1000000015
4700  32.516  12.276  29.381 0.2000000030
8965  33.541  12.829  25.450 0.2000000030
4093  36.271  14.035  22.915 0.4000000060
8962  35.767  17.406  29.830 0.2000000030
4699  33.644  15.236  29.682 0.2000000030
8963  34.633  16.587  27.827 0.2000000030
2132  33.076  13.909  27.471 0.2000000030
8207  39.424  15.009  21.251 0.4000000060
4094  34.795  14.626  24.068 0.3000000119
8964  34.180  15.675  25.781 0.3000000119
8988  33.658  8.818  33.132 0.1000000015
1861  37.491  15.976  21.747 0.4000000060
3037  57.150  2.318  6.834 0.2000000030
1117  55.066  -0.338  6.801 0.3000000119
6618  53.989  -0.496  5.526 0.2000000030
3039  57.498  2.783  8.678 0.3000000119
3036  56.110  1.955  4.826 0.3000000119
1116  52.651  0.237  5.066 0.1000000015
9072  51.446  1.291  5.433 0.1000000015
4787  51.451  4.483  2.859 0.2000000030
6617  54.646  2.371  3.525 0.3000000119
6616  53.153  3.386  2.754 0.1000000015
9069  47.413  4.732  6.090 0.1000000015
4786  49.469  4.681  4.203 0.2000000030
2168  49.099  7.183  2.176 0.2000000030
4785  51.260  7.016  1.287 0.2000000030
508  53.079  6.108  1.265 0.3000000119
9068  47.101  7.470  4.019 0.1000000015
7576  43.327  11.171  6.578 0.3000000119
9059  47.306  10.479  2.882 0.3000000119
114  45.322  7.955  5.926 0.2000000030
7577  44.898  10.498  4.874 0.3000000119
3628  43.306  13.622  6.532 0.4000000060
4784  51.575  9.597  0.922 0.4000000060
1601  44.839  12.871  4.855 0.4000000060
9058  47.370  12.551  3.411 0.3000000119
3626  42.183  17.361  8.231 0.4000000060
3627  43.609  16.086  7.051 0.6000000238
3629  45.149  14.844  6.335 0.5000000000
9067  49.973  10.377  1.358 0.3000000119
3625  44.407  18.389  8.275 0.5000000000
2165  50.450  12.477  2.635 0.4000000060
9057  47.576  13.836  5.842 0.6000000238
9066  52.193  11.896  2.300 0.5000000000
4776  50.584  13.677  5.313 0.6000000238
7572  40.733  18.632  9.599 0.2000000030
4092  36.157  16.909  22.932 0.2000000030
386  35.496  17.510  24.605 0.2000000030
6199  38.268  21.952  24.865 0.2000000030
4090  36.693  19.736  23.632 0.2000000030
6200  37.135  19.953  25.605 0.2000000030
2803  40.471  23.394  26.049 0.1000000015
4091  37.313  18.852  21.691 0.2000000030
4691  41.036  20.833  33.889 0.1000000015
6561  38.546  19.384  33.729 0.1000000015
4698  33.441  13.890  31.457 0.1000000015
883  37.886  21.663  22.387 0.2000000030
8961  35.991  18.143  26.455 0.2000000030
494  39.987  19.290  32.025 0.1000000015
6562  37.213  18.196  31.737 0.1000000015
1086  34.891  16.447  31.750 0.1000000015
884  39.461  21.573  26.999 0.2000000030
1084  40.866  22.527  35.225 0.1000000015
6558  39.262  23.381  36.496 0.1000000015
4692  42.580  22.928  33.822 0.1000000015
8953  40.826  24.095  34.818 0.1000000015
6563  36.326  17.501  33.759 0.1000000015
6559  39.706  21.872  37.214 0.1000000015
4693  42.753  20.748  32.887 0.1000000015
4697  38.577  18.669  30.029 0.1000000015
7573  40.304  15.684  9.370 0.2000000030
1600  41.815  14.542  8.046 0.3000000119
7575  41.975  11.993  8.265 0.3000000119
4695  41.608  19.579  30.928 0.1000000015
2131  37.296  18.450  28.208 0.1000000015
2802  42.876  24.800  26.783 0.1000000015
249  45.537  16.804  8.377 0.5000000000
8960  38.667  19.909  27.581 0.2000000030
881  42.595  27.271  21.199 0.1000000015
4696  40.294  19.703  29.114 0.1000000015
2804  42.044  22.759  28.067 0.1000000015
5921  46.425  19.563  8.928 0.4000000060
4694  44.773  21.420  32.276 0.1000000015
2130  43.469  20.898  30.517 0.2000000030
2800  45.017  26.724  26.872 0.1000000015
8959  41.586  21.326  28.891 0.2000000030
8958  44.467  22.487  29.845 0.2000000030
8957  46.519  22.605  31.724 0.1000000015
7574  40.571  12.896  9.712 0.2000000030
6629  61.648  -6.439  12.702 0.1000000015
6630  59.578  -3.728  14.641 0.1000000015
511  62.251  -5.623  11.434 0.1000000015
6628  60.802  -3.184  13.566 0.1000000015
3043  59.145  -0.781  18.289 0.1000000015
6631  57.833  -4.150  15.749 0.1000000015
4803  61.089  -2.615  12.369 0.1000000015
4805  61.896  -5.382  10.408 0.1000000015
2176  60.694  -5.693  10.070 0.1000000015
1122  60.021  -0.331  16.923 0.1000000015
509  51.180  -5.802  8.925 0.1000000015
6627  60.470  0.071  15.419 0.1000000015
4804  60.438  -2.680  11.495 0.1000000015
4796  54.362  -8.527  11.497 0.1000000015
9081  52.728  -8.286  11.432 0.1000000015
1118  53.372  -5.697  10.760 0.1000000015
6620  52.159  -5.665  9.724 0.1000000015
4794  51.192  -8.091  11.184 0.1000000015
6619  52.884  -3.086  7.605 0.1000000015
1121  60.224  0.390  14.046 0.1000000015
9091  59.067  -3.099  11.562 0.1000000015
9092  58.944  -5.958  10.391 0.1000000015
510  56.997  -6.285  11.055 0.1000000015
4795  55.098  -6.145  11.372 0.1000000015
9089  57.236  -3.303  11.951 0.1000000015
6623  55.450  -3.214  11.721 0.1000000015
6622  54.187  -2.706  10.433 0.1000000015
6621  53.554  -2.812  8.854 0.1000000015
1119  55.936  0.410  10.204 0.1000000015
3041  60.319  2.933  18.329 0.1000000015
2175  57.670  0.167  13.043 0.1000000015
9088  56.405  0.417  11.963 0.1000000015
3038  55.617  0.217  8.445 0.1000000015
6626  60.254  3.385  16.506 0.1000000015
9090  59.204  0.232  13.366 0.1000000015
3042  60.031  2.258  20.232 0.1000000015
9087  57.702  3.130  10.262 0.2000000030
3044  59.615  1.455  21.916 0.1000000015
9013  58.111  -0.288  22.601 0.1000000015
6625  59.811  3.459  14.940 0.2000000030
4802  58.932  3.416  13.581 0.1000000015
4801  58.130  3.358  11.981 0.2000000030
2148  58.164  0.184  25.207 0.1000000015
6624  59.309  5.741  17.378 0.2000000030
253  58.662  5.417  15.551 0.2000000030
9009  58.152  2.981  31.672 0.1000000015
3029  45.317  5.270  7.675 0.1000000015
3027  43.690  5.731  8.738 0.1000000015
3025  43.794  8.635  7.390 0.1000000015
1105  42.174  9.315  8.720 0.1000000015
6597  40.692  10.109  9.981 0.1000000015
248  39.250  11.058  11.144 0.1000000015
7571  39.008  13.928  10.847 0.2000000030
1599  38.872  16.857  10.540 0.2000000030
4078  51.530  25.750  16.397 0.1000000015
1597  35.712  19.416  12.128 0.1000000015
7629  33.528  19.890  12.219 0.1000000015
3623  37.338  18.159  11.537 0.1000000015
1855  52.177  26.326  13.380 0.1000000015
1143  31.680  19.921  11.353 0.1000000015
3666  35.241  22.113  11.359 0.1000000015
3624  39.207  19.960  10.687 0.1000000015
8189  53.943  25.333  12.971 0.1000000015
7628  32.994  22.627  11.052 0.1000000015
3622  37.470  21.318  11.068 0.1000000015
8197  43.564  26.488  16.818 0.1000000015
8198  46.303  26.255  16.063 0.1000000015
4079  48.855  26.072  16.195 0.1000000015
8196  41.483  27.086  18.367 0.1000000015
1857  41.676  27.689  15.462 0.1000000015
8195  44.200  27.629  14.255 0.1000000015
4077  49.691  27.061  13.577 0.1000000015
2648  45.768  23.702  7.843 0.1000000015
5919  43.406  22.607  8.917 0.1000000015
3665  37.181  23.787  10.001 0.1000000015
1623  34.931  24.605  9.891 0.1000000015
6665  31.374  22.716  9.988 0.1000000015
5920  45.123  21.111  8.804 0.1000000015
5917  41.605  23.839  8.571 0.1000000015
247  39.448  22.746  9.986 0.1000000015
5918  41.337  21.301  9.956 0.1000000015
728  42.984  19.908  9.324 0.1000000015
4082  40.367  28.610  17.612 0.1000000015
384  46.868  27.291  13.655 0.1000000015
727  43.847  24.767  7.048 0.1000000015
5943  41.702  25.713  6.871 0.1000000015
3663  39.392  24.910  8.508 0.1000000015
7627  32.926  25.269  9.329 0.1000000015
4081  40.211  29.274  14.583 0.1000000015
4075  48.006  28.636  11.290 0.1000000015
6191  45.346  29.178  11.969 0.1000000015
8194  42.547  29.231  13.078 0.1000000015
8188  52.970  26.809  10.493 0.1000000015
8186  54.554  25.648  9.948 0.1000000015
3664  37.113  25.964  8.306 0.1000000015
741  39.446  26.616  6.652 0.1000000015
4080  39.287  30.316  17.173 0.1000000015
4076  50.603  27.676  11.057 0.1000000015
1463  38.505  30.967  13.922 0.1000000015
2649  48.119  24.667  6.991 0.1000000015
2647  46.334  25.584  5.718 0.1000000015
2661  44.129  26.359  5.177 0.1000000015
5942  41.914  27.121  4.985 0.1000000015
6193  42.145  28.790  20.539 0.1000000015
8193  41.020  31.014  12.316 0.1000000015
2660  46.884  26.833  3.924 0.1000000015
2659  48.080  28.367  2.111 0.1000000015
6192  44.735  29.995  21.944 0.1000000015
173  41.845  30.399  19.700 0.1000000015
7255  37.807  32.033  16.589 0.1000000015
6190  46.355  30.532  10.296 0.1000000015
879  43.846  30.969  11.263 0.1000000015
1854  53.838  27.247  8.080 0.1000000015
8185  54.271  25.871  7.757 0.1000000015
8187  51.782  28.359  8.485 0.1000000015
878  49.066  29.359  9.228 0.1000000015
7254  36.638  32.658  13.615 0.1000000015
7253  38.841  32.472  11.548 0.1000000015
2799  42.025  32.536  10.284 0.1000000015
22  48.940  26.210  4.660 0.1000000015
2658  50.202  27.169  2.708 0.1000000015
7259  44.512  31.657  20.761 0.1000000015
7256  40.930  32.246  18.862 0.1000000015
6189  47.765  31.212  8.454 0.1000000015
2798  44.723  32.095  9.485 0.1000000015
738  51.160  28.606  0.853 0.1000000015
5938  49.134  29.335  -0.160 0.1000000015
7260  47.020  30.168  23.220 0.1000000015
4073  53.909  27.389  5.996 0.1000000015
3398  36.395  33.844  16.350 0.1000000015
1465  46.702  32.166  22.482 0.1000000015
8184  53.049  26.259  5.825 0.1000000015
4074  52.997  28.823  6.303 0.1000000015
6188  50.512  30.066  7.139 0.1000000015
7252  36.843  33.961  10.685 0.1000000015
1462  35.177  34.917  12.929 0.1000000015
52  39.825  33.640  9.269 0.1000000015
8182  51.419  26.583  3.898 0.1000000015
8237  52.550  29.750  0.855 0.1000000015
1464  39.498  33.622  18.776 0.1000000015
3397  35.907  36.413  15.704 0.1000000015
877  46.188  32.734  7.088 0.1000000015
2797  43.009  33.398  8.169 0.1000000015
8238  52.297  27.817  2.333 0.1000000015
7258  43.271  33.262  20.512 0.1000000015
1852  53.162  27.341  3.832 0.1000000015
382  51.762  30.504  5.184 0.1000000015
6187  49.130  31.686  6.102 0.1000000015
2811  43.836  34.368  6.522 0.1000000015
2810  40.409  34.680  7.277 0.1000000015
2808  37.350  35.346  8.516 0.1000000015
890  41.318  36.027  5.612 0.1000000015
6213  46.980  33.620  5.514 0.1000000015
7272  35.611  36.623  10.416 0.1000000015
2809  38.270  36.813  6.440 0.1000000015
172  37.369  37.936  17.731 0.1000000015
3411  35.787  38.276  13.033 0.1000000015
4113  49.782  32.614  4.381 0.1000000015
4072  53.233  28.777  4.299 0.1000000015
4115  52.082  30.951  3.325 0.1000000015
888  36.634  38.245  8.179 0.1000000015
3410  37.059  39.799  15.382 0.1000000015
7257  41.309  34.578  20.698 0.1000000015
261  31.265  25.407  8.353 0.1000000015
5941  39.844  28.421  4.410 0.1000000015
740  44.645  27.577  3.578 0.1000000015
6212  44.714  35.656  5.219 0.1000000015
9070  48.146  2.251  8.494 0.1000000015
2169  50.022  2.140  6.716 0.1000000015
