#!ascii label  , from subject fsaverage5 vox2ras=TkReg 
389
1856  50.666  25.062  18.669 0.8999999762
8191  52.828  23.920  18.359 0.8999999762
8199  48.141  25.479  18.485 0.8000000119
1858  45.659  25.631  18.857 0.6000000238
4084  43.383  26.033  19.446 0.5000000000
8197  43.564  26.488  16.818 0.4000000060
8190  53.698  24.714  16.010 0.8999999762
4078  51.530  25.750  16.397 0.8999999762
8196  41.483  27.086  18.367 0.3000000119
4082  40.367  28.610  17.612 0.3000000119
173  41.845  30.399  19.700 0.3000000119
4079  48.855  26.072  16.195 0.8999999762
4080  39.287  30.316  17.173 0.4000000060
8198  46.303  26.255  16.063 0.6000000238
1857  41.676  27.689  15.462 0.3000000119
8189  53.943  25.333  12.971 0.8999999762
1855  52.177  26.326  13.380 0.8999999762
6606  54.996  23.484  15.221 0.8999999762
4077  49.691  27.061  13.577 0.6000000238
384  46.868  27.291  13.655 0.6000000238
879  43.846  30.969  11.263 0.4000000060
8193  41.020  31.014  12.316 0.4000000060
4081  40.211  29.274  14.583 0.4000000060
1463  38.505  30.967  13.922 0.4000000060
8186  54.554  25.648  9.948 0.8999999762
8195  44.200  27.629  14.255 0.5000000000
383  54.869  23.693  12.072 0.8999999762
4770  54.438  23.902  9.341 0.8999999762
8194  42.547  29.231  13.078 0.5000000000
1853  52.925  24.591  7.644 0.6000000238
4076  50.603  27.676  11.057 0.8999999762
8188  52.970  26.809  10.493 0.8999999762
4075  48.006  28.636  11.290 0.6999999881
6191  45.346  29.178  11.969 0.6000000238
8185  54.271  25.871  7.757 0.8999999762
6190  46.355  30.532  10.296 0.6000000238
1854  53.838  27.247  8.080 0.8999999762
8183  51.011  25.578  6.133 0.4000000060
878  49.066  29.359  9.228 0.8000000119
8187  51.782  28.359  8.485 0.8999999762
8184  53.049  26.259  5.825 0.6999999881
2649  48.119  24.667  6.991 0.4000000060
6189  47.765  31.212  8.454 0.8999999762
4073  53.909  27.389  5.996 0.8999999762
4074  52.997  28.823  6.303 0.8999999762
22  48.940  26.210  4.660 0.4000000060
8182  51.419  26.583  3.898 0.4000000060
1852  53.162  27.341  3.832 0.8000000119
6188  50.512  30.066  7.139 0.8999999762
6187  49.130  31.686  6.102 0.8000000119
382  51.762  30.504  5.184 0.8999999762
4072  53.233  28.777  4.299 0.8999999762
2660  46.884  26.833  3.924 0.3000000119
2658  50.202  27.169  2.708 0.3000000119
8238  52.297  27.817  2.333 0.5000000000
4115  52.082  30.951  3.325 0.6999999881
4116  53.046  29.229  2.536 0.6999999881
738  51.160  28.606  0.853 0.5000000000
4113  49.782  32.614  4.381 0.6999999881
6213  46.980  33.620  5.514 0.6000000238
2659  48.080  28.367  2.111 0.2000000030
8237  52.550  29.750  0.855 0.5000000000
1872  52.332  31.512  1.699 0.6999999881
4114  50.344  34.080  3.378 0.6999999881
891  47.596  35.264  4.542 0.5000000000
5938  49.134  29.335  -0.160 0.5000000000
5936  51.940  30.296  -0.740 0.6000000238
8236  52.256  32.021  0.113 0.6000000238
8234  47.549  35.507  2.512 0.4000000060
8235  50.573  33.991  1.507 0.4000000060
258  51.793  32.941  -1.650 0.5000000000
5937  50.966  30.715  -2.190 0.4000000060
7615  49.679  31.489  -3.576 0.3000000119
3655  51.523  33.235  -3.749 0.4000000060
1871  47.685  35.477  0.350 0.3000000119
4112  44.777  36.637  1.135 0.3000000119
1618  50.677  32.759  -5.695 0.3000000119
8233  50.301  34.614  -0.615 0.4000000060
3653  50.497  35.634  -2.722 0.4000000060
3654  50.437  35.287  -4.857 0.3000000119
8232  48.106  36.658  -1.863 0.3000000119
4111  45.132  37.439  -0.883 0.3000000119
6612  50.100  8.463  8.439 0.1000000015
7582  47.897  10.852  16.132 0.1000000015
6611  49.638  6.777  9.608 0.1000000015
9063  50.687  10.226  7.571 0.1000000015
7581  48.504  13.147  19.480 0.1000000015
4778  49.526  12.426  16.081 0.1000000015
251  48.778  9.686  12.338 0.1000000015
4780  50.069  11.412  11.923 0.1000000015
4782  52.150  9.297  3.616 0.1000000015
2167  52.540  10.764  2.676 0.1000000015
1603  50.323  14.478  19.449 0.1000000015
2166  51.978  12.390  11.162 0.1000000015
9064  52.227  11.564  6.717 0.1000000015
1601  44.839  12.871  4.855 0.1000000015
4779  51.301  13.735  15.516 0.2000000030
9061  53.914  14.352  14.634 0.2000000030
6610  55.483  14.925  13.678 0.2000000030
9062  54.202  12.977  10.106 0.2000000030
507  54.748  13.970  9.115 0.2000000030
9065  53.537  12.611  5.779 0.2000000030
9058  47.370  12.551  3.411 0.1000000015
9059  47.306  10.479  2.882 0.1000000015
9067  49.973  10.377  1.358 0.1000000015
9066  52.193  11.896  2.300 0.1000000015
4784  51.575  9.597  0.922 0.1000000015
9060  52.559  15.873  18.612 0.1000000015
1112  54.885  16.701  17.359 0.3000000119
9055  49.768  17.864  12.719 0.2000000030
9056  47.291  15.307  9.134 0.2000000030
4775  52.956  14.599  8.764 0.3000000119
4774  52.415  16.597  13.215 0.3000000119
3628  43.306  13.622  6.532 0.1000000015
2164  50.166  14.552  9.040 0.3000000119
9057  47.576  13.836  5.842 0.2000000030
3629  45.149  14.844  6.335 0.1000000015
4776  50.584  13.677  5.313 0.2000000030
2165  50.450  12.477  2.635 0.1000000015
4773  54.882  15.820  13.085 0.3000000119
3627  43.609  16.086  7.051 0.1000000015
1600  41.815  14.542  8.046 0.1000000015
4777  52.993  13.557  5.176 0.2000000030
249  45.537  16.804  8.377 0.2000000030
9053  47.751  18.899  10.743 0.2000000030
6562  37.213  18.196  31.737 0.1000000015
8962  35.767  17.406  29.830 0.1000000015
6609  55.654  17.658  16.265 0.4000000060
1111  54.721  18.838  15.161 0.5000000000
3625  44.407  18.389  8.275 0.2000000030
494  39.987  19.290  32.025 0.1000000015
4697  38.577  18.669  30.029 0.1000000015
2131  37.296  18.450  28.208 0.1000000015
8963  34.633  16.587  27.827 0.1000000015
7580  48.263  15.700  20.422 0.1000000015
3631  46.270  14.371  20.847 0.2000000030
1602  45.922  16.907  19.737 0.2000000030
3630  43.652  15.625  20.420 0.1000000015
250  41.686  14.103  20.814 0.1000000015
8207  39.424  15.009  21.251 0.1000000015
1861  37.491  15.976  21.747 0.1000000015
4093  36.271  14.035  22.915 0.1000000015
8204  41.262  16.636  20.287 0.1000000015
9054  52.654  20.206  13.708 0.5000000000
5921  46.425  19.563  8.928 0.2000000030
4693  42.753  20.748  32.887 0.1000000015
4695  41.608  19.579  30.928 0.1000000015
8961  35.991  18.143  26.455 0.1000000015
8964  34.180  15.675  25.781 0.1000000015
3032  52.997  18.833  18.878 0.4000000060
7579  50.458  17.390  19.576 0.3000000119
4092  36.157  16.909  22.932 0.1000000015
8206  39.059  17.724  20.667 0.1000000015
7578  48.241  18.658  19.081 0.2000000030
8203  43.504  17.955  19.433 0.2000000030
6607  54.648  21.822  14.225 0.6999999881
2163  50.884  21.026  10.960 0.4000000060
9052  49.283  21.160  8.875 0.4000000060
4771  52.327  22.466  8.722 0.4000000060
9051  50.332  23.372  7.813 0.4000000060
4696  40.294  19.703  29.114 0.1000000015
8960  38.667  19.909  27.581 0.1000000015
386  35.496  17.510  24.605 0.1000000015
3031  55.122  19.744  18.101 0.5000000000
8202  45.886  19.621  18.816 0.3000000119
1860  41.245  19.255  19.666 0.2000000030
6608  55.569  20.676  16.576 0.6000000238
1110  54.635  22.668  17.576 0.6999999881
6200  37.135  19.953  25.605 0.1000000015
4091  37.313  18.852  21.691 0.1000000015
53  50.540  20.423  18.840 0.4000000060
8205  39.080  20.532  20.408 0.2000000030
3030  53.054  21.637  18.686 0.6000000238
8201  48.384  21.245  18.565 0.4000000060
4088  43.698  20.686  19.088 0.2000000030
4772  53.806  22.178  11.086 0.6999999881
4090  36.693  19.736  23.632 0.1000000015
8192  50.818  22.766  18.850 0.6999999881
884  39.461  21.573  26.999 0.1000000015
6199  38.268  21.952  24.865 0.1000000015
883  37.886  21.663  22.387 0.2000000030
1859  46.361  22.219  18.783 0.3000000119
4089  41.488  21.747  19.705 0.2000000030
8200  48.750  23.667  19.016 0.6999999881
6197  39.620  22.970  21.248 0.2000000030
385  42.131  23.689  20.426 0.2000000030
4087  44.212  22.957  19.609 0.3000000119
2798  44.723  32.095  9.485 0.6000000238
4086  46.865  24.328  19.831 0.3000000119
4085  44.766  24.737  20.471 0.3000000119
4083  42.937  25.496  21.254 0.3000000119
729  47.443  22.321  8.177 0.4000000060
5918  41.337  21.301  9.956 0.1000000015
728  42.984  19.908  9.324 0.1000000015
5919  43.406  22.607  8.917 0.2000000030
5920  45.123  21.111  8.804 0.1000000015
877  46.188  32.734  7.088 0.6000000238
6195  42.708  26.432  22.968 0.2000000030
881  42.595  27.271  21.199 0.2000000030
6194  44.130  28.101  22.835 0.2000000030
2802  42.876  24.800  26.783 0.1000000015
2801  43.635  26.814  24.867 0.2000000030
6193  42.145  28.790  20.539 0.2000000030
2800  45.017  26.724  26.872 0.1000000015
54  44.671  24.066  28.801 0.1000000015
2804  42.044  22.759  28.067 0.1000000015
880  45.542  28.484  24.372 0.2000000030
8958  44.467  22.487  29.845 0.1000000015
4687  45.682  26.527  32.413 0.1000000015
7262  46.674  25.974  28.901 0.1000000015
2127  47.665  25.320  32.154 0.1000000015
4686  46.885  27.404  31.516 0.1000000015
8949  46.883  24.179  30.665 0.1000000015
8948  48.046  26.467  30.604 0.1000000015
6192  44.735  29.995  21.944 0.2000000030
8957  46.519  22.605  31.724 0.1000000015
4685  44.156  28.440  31.175 0.1000000015
7260  47.020  30.168  23.220 0.2000000030
7259  44.512  31.657  20.761 0.2000000030
2647  46.334  25.584  5.718 0.1000000015
8947  47.607  28.906  29.685 0.1000000015
1466  48.129  28.234  28.515 0.1000000015
2661  44.129  26.359  5.177 0.1000000015
3404  48.215  30.921  27.577 0.2000000030
7261  47.115  28.619  26.222 0.1000000015
1465  46.702  32.166  22.482 0.2000000030
7256  40.930  32.246  18.862 0.3000000119
3403  48.347  30.639  25.395 0.1000000015
3402  47.416  32.871  24.620 0.1000000015
7255  37.807  32.033  16.589 0.2000000030
740  44.645  27.577  3.578 0.1000000015
7254  36.638  32.658  13.615 0.2000000030
7253  38.841  32.472  11.548 0.2000000030
3401  44.895  33.896  22.357 0.1000000015
2799  42.025  32.536  10.284 0.3000000119
7252  36.843  33.961  10.685 0.2000000030
5940  42.504  28.717  2.863 0.2000000030
3656  44.272  30.481  0.272 0.2000000030
739  47.655  30.336  -1.076 0.2000000030
3657  46.248  31.529  -2.240 0.2000000030
7258  43.271  33.262  20.512 0.2000000030
3398  36.395  33.844  16.350 0.2000000030
52  39.825  33.640  9.269 0.3000000119
1462  35.177  34.917  12.929 0.2000000030
2797  43.009  33.398  8.169 0.4000000060
2808  37.350  35.346  8.516 0.3000000119
5939  45.755  29.202  1.349 0.2000000030
1464  39.498  33.622  18.776 0.2000000030
2810  40.409  34.680  7.277 0.4000000060
2811  43.836  34.368  6.522 0.5000000000
2809  38.270  36.813  6.440 0.4000000060
890  41.318  36.027  5.612 0.4000000060
882  41.586  25.166  24.653 0.1000000015
6196  40.979  24.719  22.332 0.2000000030
174  46.677  33.504  26.732 0.1000000015
8943  44.186  33.705  27.856 0.1000000015
7257  41.309  34.578  20.698 0.1000000015
3399  37.887  35.499  18.704 0.1000000015
3397  35.907  36.413  15.704 0.1000000015
7272  35.611  36.623  10.416 0.2000000030
6212  44.714  35.656  5.219 0.2000000030
888  36.634  38.245  8.179 0.2000000030
6209  39.083  38.221  4.624 0.3000000119
6208  37.372  39.630  6.343 0.3000000119
8946  45.949  31.520  28.644 0.1000000015
6210  42.009  37.255  3.701 0.2000000030
6211  44.795  36.671  3.188 0.2000000030
390  42.337  37.946  2.036 0.2000000030
4106  39.997  39.321  3.314 0.2000000030
7616  48.187  32.021  -4.889 0.2000000030
4110  42.680  38.911  0.387 0.2000000030
4108  40.994  40.395  1.851 0.2000000030
1616  47.969  37.788  -3.481 0.2000000030
8231  45.191  38.526  -2.434 0.2000000030
1870  42.360  39.684  -1.448 0.2000000030
4109  40.552  41.271  -0.136 0.2000000030
8230  41.552  39.482  -3.365 0.2000000030
8229  39.568  41.563  -1.788 0.2000000030
6654  46.666  31.451  -10.335 0.1000000015
1137  47.399  32.181  -12.619 0.1000000015
4869  30.193  27.641  4.981 0.1000000015
9170  29.390  26.550  3.285 0.1000000015
1136  43.969  31.360  -7.307 0.1000000015
6652  47.452  31.964  -9.209 0.1000000015
3057  43.230  30.470  -8.058 0.1000000015
7614  50.087  32.824  -7.450 0.1000000015
7617  47.614  32.450  -6.940 0.1000000015
6655  45.827  30.331  -11.362 0.1000000015
259  49.416  33.168  -9.519 0.1000000015
6653  48.563  33.085  -11.463 0.1000000015
7626  35.003  26.931  7.876 0.1000000015
7624  33.217  27.727  7.192 0.1000000015
4868  31.505  28.000  6.351 0.1000000015
1621  32.256  30.228  3.927 0.1000000015
7620  37.064  31.581  -1.290 0.1000000015
7621  33.712  31.059  0.966 0.1000000015
9169  30.839  29.628  2.555 0.1000000015
3056  40.006  30.747  -4.581 0.1000000015
119  35.895  30.604  -2.082 0.1000000015
3062  32.372  30.224  -0.193 0.1000000015
4848  48.271  35.159  -11.385 0.1000000015
4849  46.232  30.504  -13.413 0.1000000015
7625  37.417  27.886  6.076 0.1000000015
5941  39.844  28.421  4.410 0.1000000015
7623  33.906  30.114  4.851 0.1000000015
7622  35.180  31.570  1.936 0.1000000015
7619  40.889  32.011  -3.894 0.1000000015
1142  29.760  28.477  1.046 0.1000000015
7618  44.494  32.332  -6.062 0.1000000015
4846  48.777  34.608  -8.713 0.1000000015
9145  47.416  34.881  -13.216 0.1000000015
6656  45.208  28.393  -11.907 0.1000000015
1622  35.643  29.227  5.524 0.1000000015
3662  38.297  30.084  3.632 0.1000000015
260  41.028  30.419  1.945 0.1000000015
1620  38.318  32.133  -0.211 0.1000000015
3058  39.268  29.996  -5.553 0.1000000015
1619  45.044  32.495  -3.944 0.1000000015
7613  49.686  34.579  -6.538 0.1000000015
1138  42.694  29.467  -9.029 0.1000000015
4850  45.802  33.720  -13.979 0.1000000015
4851  44.125  32.092  -13.876 0.1000000015
518  45.138  28.520  -13.582 0.1000000015
3661  36.731  31.254  2.910 0.1000000015
3660  39.710  31.714  0.964 0.1000000015
3658  42.881  31.807  -0.917 0.1000000015
3659  41.788  32.450  -2.547 0.1000000015
2195  43.102  35.724  -13.226 0.1000000015
9146  45.339  37.322  -14.095 0.1000000015
2194  46.716  38.122  -13.214 0.1000000015
6657  43.745  26.501  -12.050 0.1000000015
6658  41.627  27.911  -9.619 0.1000000015
3059  38.308  29.418  -6.354 0.1000000015
4852  41.612  33.679  -11.723 0.1000000015
6659  36.993  28.430  -7.100 0.1000000015
4853  43.011  29.945  -13.478 0.1000000015
1139  40.194  26.356  -9.927 0.1000000015
4847  46.584  37.456  -11.085 0.1000000015
9148  40.413  37.164  -10.488 0.1000000015
9147  42.416  39.216  -13.411 0.1000000015
4856  35.576  27.492  -8.056 0.1000000015
4855  43.544  26.848  -13.663 0.1000000015
1617  46.397  35.892  -7.863 0.1000000015
9144  44.730  40.804  -13.892 0.1000000015
4857  38.695  25.387  -10.710 0.1000000015
9154  41.845  25.161  -12.519 0.1000000015
7612  47.196  36.569  -5.489 0.1000000015
9143  45.840  41.064  -12.259 0.1000000015
4858  34.239  26.543  -9.086 0.1000000015
3410  37.059  39.799  15.382 0.1000000015
3411  35.787  38.276  13.033 0.1000000015
7611  43.809  37.763  -6.906 0.1000000015
9142  44.566  39.621  -10.019 0.1000000015
4854  41.260  28.536  -13.953 0.1000000015
9155  40.118  24.635  -13.513 0.1000000015
7270  37.962  42.844  10.714 0.1000000015
1470  37.849  41.376  12.940 0.1000000015
7271  36.772  39.814  10.452 0.1000000015
7610  44.120  37.843  -4.385 0.1000000015
56  41.428  40.178  -5.576 0.1000000015
9149  38.555  35.064  -8.973 0.1000000015
2196  39.951  31.531  -11.697 0.1000000015
2198  36.963  25.071  -11.792 0.1000000015
2197  41.585  25.932  -14.644 0.1000000015
6206  37.191  41.332  8.392 0.1000000015
3055  42.706  41.721  -7.947 0.1000000015
7269  39.082  44.191  12.745 0.1000000015
176  37.987  44.385  8.810 0.1000000015
6207  38.054  42.620  6.616 0.1000000015
889  38.566  40.850  4.930 0.1000000015
1135  44.507  43.182  -10.206 0.1000000015
6651  44.237  43.600  -12.522 0.1000000015
8225  39.621  43.896  5.302 0.1000000015
4107  40.187  41.996  3.833 0.1000000015
8221  39.623  42.421  -3.835 0.1000000015
517  41.726  42.619  -13.389 0.1000000015
3053  40.891  43.570  -5.838 0.1000000015
4845  39.574  40.713  -10.905 0.1000000015
3054  43.071  44.883  -7.893 0.1000000015
6650  44.015  45.836  -10.312 0.1000000015
4841  42.001  45.437  -11.985 0.1000000015
8220  39.554  45.746  -3.865 0.1000000015
1867  38.924  44.938  -1.743 0.1000000015
1133  41.154  46.786  -5.746 0.1000000015
9171  30.057  22.757  3.096 0.1000000015
261  31.265  25.407  8.353 0.1000000015
6198  39.429  23.644  23.732 0.1000000015
727  43.847  24.767  7.048 0.1000000015
2648  45.768  23.702  7.843 0.1000000015
