#!ascii label  , from subject fsaverage5 vox2ras=TkReg 
342
1832  4.872  -30.901  70.764 0.6250000000
4027  4.978  -28.362  72.070 0.5000000000
4028  3.722  -30.127  70.783 0.5000000000
8125  3.695  -32.789  70.014 0.3750000000
8126  2.802  -32.027  69.155 0.2500000000
8122  7.413  -29.797  69.774 0.6250000000
4026  6.265  -29.132  71.584 0.6250000000
8123  6.038  -31.931  69.474 0.6250000000
8124  4.823  -33.748  69.600 0.6250000000
710  2.798  -34.980  69.249 0.2500000000
230  5.073  -36.805  70.085 0.2500000000
5884  3.700  -35.704  70.009 0.3750000000
8121  5.954  -35.235  68.205 0.2500000000
5886  3.118  -38.173  70.488 0.3750000000
6159  8.955  -27.979  70.057 0.6250000000
1813  3.174  -29.397  69.458 0.2500000000
8071  2.770  -31.326  67.215 0.2500000000
1831  6.933  -33.062  67.178 0.8750000000
4024  8.195  -30.812  66.885 0.7500000000
15  3.024  -33.549  65.386 0.2500000000
4023  7.942  -33.777  65.206 0.8750000000
2630  2.516  -34.280  67.516 0.2500000000
1830  9.436  -34.131  63.730 0.3750000000
4021  10.195  -32.024  62.270 0.5000000000
6158  10.759  -26.411  70.128 0.5000000000
374  9.706  -28.807  66.863 0.5000000000
4022  9.001  -31.544  64.404 0.7500000000
8116  11.857  -32.325  60.642 0.3750000000
4018  11.538  -26.986  66.856 0.5000000000
4020  10.461  -29.480  63.987 0.7500000000
1829  11.422  -29.907  61.488 0.6250000000
861  13.260  -25.299  66.627 0.6250000000
4019  12.279  -27.417  63.892 0.6250000000
8115  12.854  -30.202  59.363 0.3750000000
373  14.614  -30.723  57.792 0.1250000000
8114  13.220  -27.538  61.302 1.0000000000
8112  14.363  -28.220  58.764 0.7500000000
8113  14.294  -25.571  63.756 0.5000000000
6153  15.824  -28.946  56.710 0.8750000000
1828  15.372  -25.898  61.158 0.7500000000
4047  23.379  -29.477  52.214 0.1250000000
6149  21.650  -30.160  53.030 0.5000000000
6174  22.309  -27.444  51.358 0.7500000000
8111  16.349  -26.598  58.506 0.8750000000
859  17.689  -27.270  56.220 0.8750000000
870  23.965  -27.142  50.295 0.2500000000
857  20.741  -27.961  52.728 0.7500000000
2778  19.151  -27.684  54.423 0.7500000000
6173  23.638  -24.659  50.928 0.7500000000
2790  22.229  -25.080  52.528 0.7500000000
8110  18.745  -25.172  58.698 0.8750000000
2779  19.708  -25.526  56.291 0.7500000000
2777  20.854  -25.677  54.141 0.7500000000
6167  32.517  -21.576  62.712 0.3750000000
867  29.198  -21.677  61.063 0.6250000000
6168  33.782  -21.702  60.800 0.5000000000
6169  30.635  -22.126  59.273 0.6250000000
2787  25.187  -21.806  58.619 0.8750000000
7223  23.545  -22.253  59.907 0.8750000000
868  31.877  -22.613  57.688 0.7500000000
8141  34.854  -21.788  58.921 0.7500000000
2788  26.789  -21.615  57.345 1.0000000000
47  21.884  -23.629  56.796 0.8750000000
4041  33.027  -22.880  55.841 0.8750000000
6170  28.170  -22.051  55.564 1.0000000000
2789  23.162  -22.998  55.098 0.8750000000
4042  30.805  -23.244  52.490 1.0000000000
4040  29.596  -22.620  54.191 1.0000000000
869  24.554  -22.602  53.471 1.0000000000
4043  31.889  -23.885  50.612 1.0000000000
6171  26.123  -22.750  51.769 1.0000000000
4044  29.001  -24.286  48.970 1.0000000000
378  27.631  -23.418  50.303 0.8750000000
6172  25.235  -24.794  49.570 0.8750000000
8142  35.832  -21.885  56.367 1.0000000000
1839  34.004  -23.234  53.565 1.0000000000
8144  34.869  -23.316  51.177 1.0000000000
8145  32.867  -24.363  48.715 1.0000000000
1837  35.041  -22.537  49.251 0.8750000000
8137  33.768  -24.456  47.044 0.8750000000
2987  34.419  -24.311  45.489 0.7500000000
8143  36.410  -21.388  53.898 1.0000000000
8136  34.407  -21.981  47.641 0.8750000000
1067  33.681  -21.915  45.908 0.6250000000
2988  35.386  -24.070  44.136 0.6250000000
4036  35.860  -20.506  51.927 1.0000000000
6529  33.440  -21.848  44.018 0.6250000000
4035  34.860  -19.886  50.187 1.0000000000
8135  33.505  -19.482  48.267 1.0000000000
6527  32.472  -19.344  46.166 0.6250000000
6528  32.015  -19.467  43.579 0.7500000000
8134  33.143  -16.990  48.016 1.0000000000
376  32.386  -17.125  45.470 1.0000000000
4639  32.103  -17.265  42.543 0.8750000000
2108  32.910  -17.521  39.665 0.6250000000
1836  34.145  -17.322  50.536 0.8750000000
4638  33.230  -15.124  41.326 1.0000000000
8133  34.500  -14.980  50.029 0.7500000000
8131  33.870  -14.997  47.238 0.8750000000
4637  33.379  -15.087  44.488 1.0000000000
8130  35.392  -13.100  46.335 0.8750000000
8889  34.050  -15.764  38.384 0.8750000000
1835  35.830  -13.121  49.299 0.7500000000
8129  37.607  -11.368  45.804 0.7500000000
1834  35.122  -13.000  43.697 0.8750000000
8888  35.299  -13.297  40.558 1.0000000000
4033  35.446  -15.253  53.107 0.5000000000
8132  36.449  -13.081  52.366 0.6250000000
4030  37.765  -11.469  48.598 0.5000000000
236  37.006  -19.234  35.996 0.1250000000
5896  35.592  -16.717  36.137 0.5000000000
4031  38.187  -11.514  51.323 0.3750000000
1833  40.256  -10.237  47.986 0.2500000000
8128  37.728  -11.589  43.094 0.7500000000
716  35.973  -14.148  37.804 0.8750000000
3584  39.349  -19.512  35.308 0.1250000000
3582  37.283  -17.275  34.638 0.1250000000
4070  42.928  -8.572  53.073 0.2500000000
375  40.664  -9.810  53.319 0.2500000000
4029  40.362  -9.971  50.702 0.2500000000
3583  39.191  -17.326  33.573 0.1250000000
5895  36.850  -14.742  35.700 0.6250000000
4071  42.993  -9.110  50.810 0.2500000000
8127  40.381  -10.540  45.378 0.5000000000
2636  38.040  -12.358  40.153 1.0000000000
715  37.914  -14.821  33.963 0.7500000000
2635  38.348  -12.949  37.968 1.0000000000
7511  39.236  -14.583  32.573 0.3750000000
1574  40.872  -14.340  31.500 0.1250000000
19  40.651  -11.103  42.756 0.5000000000
2634  40.725  -11.932  40.295 1.0000000000
714  40.951  -11.922  38.229 1.0000000000
5894  38.676  -12.766  35.982 1.0000000000
5893  39.087  -12.217  34.081 0.8750000000
3581  39.899  -11.873  32.225 0.5000000000
5892  41.105  -11.175  36.508 1.0000000000
2646  43.666  -10.701  40.209 0.7500000000
5916  43.812  -10.194  38.347 0.8750000000
234  41.235  -10.273  34.684 1.0000000000
3580  41.248  -11.810  30.676 0.3750000000
3618  43.937  -9.428  36.545 1.0000000000
3579  41.686  -9.665  32.561 0.7500000000
7566  44.933  -7.935  30.207 0.8750000000
1572  42.586  -9.555  30.489 0.7500000000
3018  45.570  -8.062  28.118 0.3750000000
7506  43.843  -9.864  28.802 0.7500000000
3020  46.712  -8.624  26.368 0.2500000000
726  46.513  -8.051  38.548 0.7500000000
3620  44.145  -8.737  34.565 1.0000000000
3621  44.448  -8.190  32.452 0.8750000000
7565  47.405  -7.010  32.265 1.0000000000
7564  50.151  -5.971  34.362 1.0000000000
1098  47.419  -6.512  30.043 0.8750000000
3019  47.610  -6.408  27.558 0.8750000000
1100  48.350  -6.959  25.221 0.7500000000
3619  46.781  -7.676  36.492 0.6250000000
1596  47.131  -7.412  34.346 1.0000000000
6584  50.321  -5.689  32.311 0.7500000000
7561  52.793  -4.487  36.924 0.5000000000
7563  49.764  -6.036  36.516 0.5000000000
6586  50.147  -5.131  29.814 0.7500000000
6587  50.049  -4.847  27.114 0.8750000000
246  53.039  -4.264  34.726 0.3750000000
6588  50.245  -5.165  24.483 0.8750000000
6585  53.249  -3.929  32.305 0.6250000000
1099  53.172  -3.501  29.890 0.7500000000
4736  52.790  -3.191  27.131 0.7500000000
500  52.613  -3.523  24.392 0.6250000000
4737  56.255  -1.608  30.107 0.1250000000
4738  55.914  -1.543  27.408 0.5000000000
9007  56.217  -1.958  32.361 0.1250000000
9008  57.913  0.448  32.180 0.1250000000
8072  3.538  -30.231  65.606 0.2500000000
8117  11.308  -34.066  62.440 0.1250000000
8120  7.479  -35.907  66.968 0.3750000000
7224  20.969  -23.732  59.094 0.8750000000
725  46.311  -8.724  42.907 0.6250000000
105  45.483  -10.376  27.479 0.3750000000
6150  21.002  -31.498  55.469 0.1250000000
858  18.747  -31.508  55.903 0.1250000000
6152  17.656  -29.586  55.209 0.6250000000
8104  20.477  -32.101  58.444 0.1250000000
6151  19.576  -29.966  53.978 0.2500000000
4046  26.981  -25.473  48.535 0.6250000000
4045  28.740  -26.527  47.784 0.5000000000
8146  32.026  -26.026  46.772 0.6250000000
1840  30.441  -25.359  47.787 0.5000000000
50  33.792  -26.191  46.068 0.5000000000
4017  16.732  -24.231  63.627 0.6250000000
4016  17.705  -24.791  61.124 0.6250000000
7225  22.753  -22.559  62.242 0.5000000000
1452  20.155  -23.771  61.402 0.5000000000
377  36.756  -18.794  54.798 0.6250000000
4034  35.515  -17.956  52.861 0.7500000000
4032  36.728  -15.882  55.601 0.3750000000
3617  52.180  -4.755  41.289 0.2500000000
5914  49.230  -6.446  41.153 0.2500000000
5915  46.419  -8.572  40.649 0.3750000000
7562  49.439  -6.127  38.807 0.2500000000
865  37.416  -13.192  55.311 0.1250000000
245  51.852  -4.843  43.582 0.2500000000
5913  49.264  -6.614  43.448 0.2500000000
1595  52.495  -4.638  39.041 0.2500000000
8140  37.330  -19.384  57.110 0.6250000000
8147  30.712  -27.341  47.397 0.3750000000
2633  4.143  -39.056  64.663 0.1250000000
5891  5.389  -39.916  63.469 0.1250000000
700  4.252  -38.100  62.479 0.1250000000
5866  5.215  -39.217  61.178 0.1250000000
5887  3.885  -40.127  69.770 0.1250000000
2631  2.801  -37.830  68.237 0.1250000000
712  3.981  -39.868  67.048 0.1250000000
2632  3.239  -37.151  65.924 0.1250000000
2620  3.801  -35.925  64.107 0.1250000000
2621  4.687  -35.269  62.010 0.1250000000
5868  4.481  -37.223  60.133 0.1250000000
5885  4.234  -38.062  72.083 0.2500000000
5869  5.434  -34.387  59.754 0.1250000000
2622  3.986  -32.779  63.509 0.1250000000
702  5.317  -32.088  61.590 0.1250000000
701  4.706  -35.903  57.851 0.1250000000
3538  5.853  -33.205  57.380 0.1250000000
3540  5.532  -32.024  55.195 0.1250000000
8724  4.718  -29.553  63.807 0.1250000000
8725  6.044  -28.853  61.920 0.1250000000
5870  6.617  -31.336  59.473 0.1250000000
222  7.083  -30.401  56.993 0.1250000000
8073  3.552  -28.289  67.889 0.1250000000
1814  4.410  -27.239  66.339 0.1250000000
3985  4.041  -27.568  71.348 0.3750000000
3986  4.036  -26.392  70.071 0.1250000000
8074  4.522  -25.404  68.496 0.1250000000
4504  5.168  -26.554  64.283 0.1250000000
8726  7.030  -28.141  59.674 0.1250000000
4015  19.302  -23.434  63.754 0.2500000000
4503  5.099  -24.490  66.860 0.1250000000
1841  27.615  -27.829  49.112 0.1250000000
863  7.952  -27.369  72.281 0.5000000000
4025  6.703  -26.721  73.073 0.5000000000
367  5.442  -25.950  72.709 0.3750000000
3987  5.077  -24.632  71.702 0.2500000000
1815  4.967  -23.404  70.261 0.1250000000
8150  25.701  -27.140  49.601 0.1250000000
8148  29.718  -28.489  48.956 0.2500000000
1577  31.975  -28.688  49.193 0.1250000000
7517  32.831  -27.616  47.311 0.1250000000
6160  9.813  -25.797  72.603 0.5000000000
7227  20.887  -22.482  66.560 0.2500000000
168  18.182  -23.057  66.284 0.2500000000
6155  15.510  -23.830  66.334 0.5000000000
7226  21.837  -22.715  64.324 0.3750000000
2989  35.892  -25.875  45.601 0.2500000000
7229  22.015  -21.220  68.777 0.2500000000
7230  19.530  -21.999  68.607 0.2500000000
6154  17.034  -22.666  68.787 0.2500000000
1453  23.269  -21.789  67.028 0.2500000000
1454  20.414  -20.426  70.427 0.2500000000
7231  18.261  -21.328  70.544 0.2500000000
170  35.323  -20.230  63.681 0.3750000000
4039  36.463  -20.196  61.690 0.3750000000
1838  37.081  -19.868  59.558 0.3750000000
6530  36.800  -23.107  43.649 0.1250000000
4038  38.530  -17.484  62.001 0.2500000000
7242  27.285  -21.625  62.151 0.3750000000
3021  48.464  -9.444  25.285 0.1250000000
6591  50.678  -10.235  24.868 0.1250000000
1101  51.488  -8.784  22.868 0.1250000000
6590  49.675  -7.787  23.690 0.1250000000
9016  52.646  -7.139  21.245 0.1250000000
6589  51.167  -5.997  22.549 0.3750000000
4742  53.084  -4.147  22.027 0.1250000000
2149  54.160  -5.318  20.089 0.1250000000
711  4.363  -39.616  72.397 0.1250000000
3539  4.905  -34.659  55.719 0.1250000000
6136  7.252  -24.340  73.603 0.2500000000
6161  8.523  -25.146  73.722 0.2500000000
7232  16.751  -20.279  71.573 0.1250000000
2780  14.697  -21.305  72.386 0.1250000000
2782  12.524  -22.408  73.270 0.1250000000
860  15.926  -22.229  70.911 0.1250000000
2781  13.767  -23.208  71.667 0.1250000000
862  11.603  -24.439  72.379 0.1250000000
2783  10.461  -23.662  73.767 0.1250000000
6156  14.496  -23.662  69.238 0.1250000000
6157  12.547  -24.863  69.789 0.2500000000
3381  22.618  -19.292  70.143 0.1250000000
4037  37.607  -17.799  63.784 0.1250000000
7228  24.450  -20.101  69.174 0.1250000000
1456  38.697  -14.666  63.463 0.1250000000
7240  33.819  -20.249  65.453 0.1250000000
648  24.782  -17.578  69.681 0.1250000000
7237  36.099  -18.052  65.236 0.1250000000
7239  34.313  -18.002  66.494 0.1250000000
1458  32.073  -20.255  66.749 0.1250000000
7241  30.961  -21.491  64.280 0.2500000000
8139  38.643  -17.078  59.976 0.1250000000
3378  24.371  -21.861  65.092 0.2500000000
3390  29.048  -21.359  65.374 0.1250000000
5772  26.846  -18.644  69.421 0.1250000000
3379  25.992  -20.723  67.724 0.1250000000
3388  32.409  -17.796  67.596 0.1250000000
3389  30.253  -20.057  67.918 0.1250000000
3377  27.304  -21.246  66.137 0.2500000000
1451  25.595  -21.739  63.074 0.2500000000
6166  38.000  -16.513  57.733 0.1250000000
167  28.466  -19.852  68.451 0.1250000000
8892  34.460  -19.514  39.280 0.1250000000
8891  32.699  -19.347  41.171 0.2500000000
8890  34.617  -18.245  37.488 0.2500000000
2645  43.467  -10.445  42.574 0.6250000000
3611  51.218  -4.770  46.318 0.1250000000
5912  49.025  -6.695  46.227 0.1250000000
2644  46.127  -8.512  45.959 0.1250000000
2643  43.227  -9.819  45.779 0.5000000000
4740  55.589  -1.903  24.661 0.5000000000
3387  30.536  -17.608  68.489 0.1250000000
6137  6.531  -22.923  72.781 0.1250000000
4010  16.554  -31.125  56.662 0.2500000000
7518  35.266  -27.238  47.748 0.1250000000
1068  34.156  -21.218  42.550 0.1250000000
8181  43.085  -9.472  48.338 0.1250000000
6632  56.464  -4.737  17.366 0.1250000000
9014  55.873  -3.189  19.684 0.1250000000
4741  55.655  -2.231  22.230 0.1250000000
9013  58.111  -0.288  22.601 0.1250000000
6631  57.833  -4.150  15.749 0.1250000000
1124  57.991  -1.301  19.612 0.1250000000
4739  58.249  0.468  27.561 0.1250000000
2148  58.164  0.184  25.207 0.1250000000
3044  59.615  1.455  21.916 0.1250000000
3043  59.145  -0.781  18.289 0.1250000000
9012  59.407  2.487  24.505 0.1250000000
3042  60.031  2.258  20.232 0.1250000000
6163  38.887  -11.338  54.267 0.1250000000
1122  60.021  -0.331  16.923 0.1250000000
7560  55.064  -2.892  39.097 0.1250000000
4733  55.563  -2.636  36.921 0.1250000000
4735  55.977  -2.283  34.654 0.1250000000
3567  6.039  -37.219  72.945 0.1250000000
3565  7.141  -37.139  69.586 0.1250000000
8119  9.213  -35.806  65.986 0.1250000000
7508  42.985  -11.966  29.529 0.1250000000
