#!ascii label  , from subject fsaverage5 vox2ras=TkReg 
881
27  1.025  -6.710  20.958 0.0000000000
28  10.478  -22.901  -16.793 0.0000000000
37  29.727  -8.693  -30.344 0.0000000000
60  1.382  17.989  10.570 0.0000000000
80  11.132  -1.465  -13.846 0.0000000000
81  35.074  -19.018  -12.852 0.0000000000
82  24.091  -2.002  -12.836 0.0000000000
123  5.945  -28.027  13.180 0.0000000000
124  19.873  -34.708  -0.926 0.0000000000
125  2.033  -12.110  3.039 0.0000000000
126  5.387  8.257  -5.616 0.0000000000
128  2.688  -33.761  25.273 0.0000000000
147  33.769  1.376  -17.474 0.0000000000
151  36.916  -37.258  -7.714 0.0000000000
201  17.662  -1.321  -11.503 0.0000000000
269  2.145  -18.097  16.196 0.0000000000
270  3.941  -19.613  9.127 0.0000000000
271  2.483  -7.816  11.993 0.0000000000
272  0.032  29.265  2.639 0.0000000000
273  1.840  14.088  0.874 0.0000000000
280  2.608  -6.934  29.611 0.0000000000
282  0.123  -19.988  24.128 0.0000000000
283  0.738  -31.176  17.808 0.0000000000
324  30.477  12.306  -14.473 0.0000000000
330  15.918  -27.446  -6.747 0.0000000000
331  31.096  -34.900  0.558 0.0000000000
332  28.197  -29.822  -7.942 0.0000000000
333  39.038  -14.804  -21.928 0.0000000000
334  36.785  -23.277  -19.771 0.0000000000
395  0.182  4.336  24.833 0.0000000000
396  1.291  5.264  15.815 0.0000000000
397  0.291  16.934  19.830 0.0000000000
398  3.424  28.443  12.126 0.0000000000
432  9.230  -12.848  -17.430 0.0000000000
433  21.850  -21.434  -12.836 0.0000000000
434  18.688  -12.510  -12.632 0.0000000000
435  29.255  -11.316  -13.009 0.0000000000
436  35.780  -7.767  -22.533 0.0000000000
531  7.966  -36.020  6.471 0.0000000000
532  19.245  -36.876  5.458 0.0000000000
533  8.923  -31.136  4.457 0.0000000000
534  6.868  -25.882  -0.984 0.0000000000
535  2.123  -23.616  -7.421 0.0000000000
536  2.369  2.142  6.260 0.0000000000
537  3.936  -4.385  -2.702 0.0000000000
538  2.225  -11.501  -11.242 0.0000000000
539  6.698  1.296  -10.649 0.0000000000
547  4.409  -43.593  17.552 0.0000000000
548  1.922  -40.739  8.612 0.0000000000
598  29.695  -0.399  -13.549 0.0000000000
599  32.680  -2.818  -25.750 0.0000000000
607  26.115  -40.469  1.964 0.0000000000
608  26.902  -39.049  -7.734 0.0000000000
610  38.676  -28.200  -10.374 0.0000000000
611  30.765  -29.519  -16.683 0.0000000000
749  1.318  -12.516  18.383 0.0000000000
750  2.630  -12.595  14.186 0.0000000000
751  1.536  -7.264  16.355 0.0000000000
753  1.967  26.433  -2.413 0.0000000000
760  0.157  -6.429  25.535 0.0000000000
761  0.258  -13.190  27.370 0.0000000000
762  0.464  -13.237  22.625 0.0000000000
763  1.020  -19.055  20.116 0.0000000000
810  13.413  -24.287  -10.278 0.0000000000
811  21.967  -28.829  -6.842 0.0000000000
812  19.177  -25.329  -9.664 0.0000000000
813  34.936  -12.494  -26.997 0.0000000000
814  32.745  -16.016  -25.980 0.0000000000
815  26.568  -11.560  -29.755 0.0000000000
900  0.143  10.749  22.297 0.0000000000
960  9.054  -5.125  -14.788 0.0000000000
961  14.288  -12.771  -15.873 0.0000000000
962  13.824  -7.268  -13.881 0.0000000000
963  21.276  -1.822  -11.374 0.0000000000
964  22.320  -6.723  -10.676 0.0000000000
965  26.652  -6.371  -12.426 0.0000000000
966  33.914  -10.428  -17.706 0.0000000000
967  30.112  -6.675  -16.152 0.0000000000
1169  6.624  -32.373  10.447 0.0000000000
1170  9.961  -32.743  7.637 0.0000000000
1171  8.184  -28.154  9.877 0.0000000000
1172  2.143  -15.456  6.517 0.0000000000
1173  4.299  -23.127  4.120 0.0000000000
1174  3.683  -20.309  1.159 0.0000000000
1175  4.779  -24.603  -4.218 0.0000000000
1176  3.592  -17.782  -2.032 0.0000000000
1177  1.199  11.352  13.174 0.0000000000
1178  1.890  3.589  10.897 0.0000000000
1179  1.544  9.926  8.227 0.0000000000
1180  3.749  11.121  -2.965 0.0000000000
1181  2.821  4.157  -0.797 0.0000000000
1182  2.729  0.709  -4.642 0.0000000000
1183  3.525  -8.726  -7.278 0.0000000000
1184  3.912  -1.943  -8.078 0.0000000000
1185  3.622  -4.327  -12.342 0.0000000000
1186  5.745  4.811  -8.173 0.0000000000
1209  2.481  -39.068  22.096 0.0000000000
1210  2.699  -29.470  14.845 0.0000000000
1211  1.056  -36.165  13.154 0.0000000000
1212  2.600  -33.669  10.009 0.0000000000
1213  4.410  -37.673  6.366 0.0000000000
1330  29.519  6.293  -15.132 0.0000000000
1331  27.602  6.268  -14.024 0.0000000000
1332  32.322  0.460  -14.668 0.0000000000
1333  33.160  -3.448  -19.058 0.0000000000
1334  34.418  -1.488  -21.896 0.0000000000
1350  20.751  -35.327  3.658 0.0000000000
1351  23.549  -38.717  4.670 0.0000000000
1352  26.295  -36.379  4.706 0.0000000000
1353  34.976  -36.729  -2.464 0.0000000000
1354  32.097  -39.503  -1.388 0.0000000000
1355  32.923  -38.771  -6.983 0.0000000000
1356  24.788  -34.755  -10.294 0.0000000000
1357  30.823  -35.914  -11.456 0.0000000000
1358  28.375  -19.928  -11.044 0.0000000000
1359  31.499  -24.218  -9.868 0.0000000000
1360  37.311  -23.121  -11.653 0.0000000000
1361  28.487  -22.156  -22.168 0.0000000000
1362  34.344  -27.022  -18.198 0.0000000000
1512  10.865  5.989  -14.663 0.0000000000
1513  14.216  -1.188  -12.637 0.0000000000
1514  13.577  5.755  -14.754 0.0000000000
1515  16.762  4.973  -14.932 0.0000000000
1516  20.023  3.947  -14.124 0.0000000000
1637  4.084  -23.221  14.669 0.0000000000
1638  6.150  -23.226  11.652 0.0000000000
1639  4.156  -18.031  13.124 0.0000000000
1640  3.070  -12.803  10.778 0.0000000000
1641  3.111  -8.151  8.157 0.0000000000
1642  0.608  23.845  7.124 0.0000000000
1643  1.778  17.104  5.370 0.0000000000
1644  0.809  21.854  2.133 0.0000000000
1645  1.436  19.090  -2.392 0.0000000000
1646  4.707  17.313  -5.803 0.0000000000
1660  0.394  -27.263  25.107 0.0000000000
1661  0.116  -32.856  22.129 0.0000000000
1662  0.480  -25.788  21.248 0.0000000000
1663  1.998  -24.518  17.490 0.0000000000
1735  27.600  12.509  -16.163 0.0000000000
1736  31.506  6.580  -15.887 0.0000000000
1746  17.818  -31.526  -4.323 0.0000000000
1747  26.108  -34.974  0.191 0.0000000000
1748  24.580  -33.129  -4.418 0.0000000000
1749  30.253  -32.722  -4.109 0.0000000000
1750  35.184  -32.725  -4.790 0.0000000000
1751  38.936  -17.133  -16.922 0.0000000000
1752  40.403  -21.506  -16.347 0.0000000000
1753  38.351  -19.133  -20.989 0.0000000000
1754  30.804  -19.503  -24.574 0.0000000000
1883  0.716  -1.170  23.008 0.0000000000
1884  1.234  -0.587  18.664 0.0000000000
1885  1.026  5.145  20.337 0.0000000000
1886  0.991  11.298  17.723 0.0000000000
1887  0.364  17.297  15.046 0.0000000000
1889  0.797  22.861  16.319 0.0000000000
1890  0.070  23.590  11.748 0.0000000000
1891  0.475  30.270  8.033 0.0000000000
1903  0.489  -0.925  27.805 0.0000000000
1968  10.084  -19.543  -20.259 0.0000000000
1969  17.072  -23.868  -15.803 0.0000000000
1970  16.069  -19.085  -18.537 0.0000000000
1971  19.864  -17.290  -13.763 0.0000000000
1972  25.828  -16.238  -11.356 0.0000000000
1973  18.120  -7.187  -12.383 0.0000000000
1974  24.032  -11.971  -11.159 0.0000000000
1975  32.218  -15.629  -13.518 0.0000000000
1976  36.922  -13.761  -17.889 0.0000000000
1977  38.118  -10.880  -22.891 0.0000000000
1978  35.364  -8.478  -27.686 0.0000000000
2235  12.111  -39.980  4.955 0.0000000000
2236  16.396  -39.649  3.964 0.0000000000
2237  13.688  -36.480  5.796 0.0000000000
2238  14.526  -34.758  4.449 0.0000000000
2239  13.499  -34.127  0.510 0.0000000000
2240  6.471  -25.335  6.884 0.0000000000
2241  8.203  -28.710  1.432 0.0000000000
2242  12.431  -30.779  -2.539 0.0000000000
2243  11.873  -26.589  -3.999 0.0000000000
2244  9.404  -25.573  -8.370 0.0000000000
2245  4.681  -23.660  -13.683 0.0000000000
2246  1.761  -1.459  13.870 0.0000000000
2247  2.549  -2.751  9.059 0.0000000000
2248  4.223  -3.416  5.165 0.0000000000
2249  2.139  7.573  3.622 0.0000000000
2250  2.967  -0.271  1.591 0.0000000000
2251  2.872  -8.246  -0.145 0.0000000000
2252  3.422  -14.107  -5.171 0.0000000000
2253  1.659  -18.456  -10.782 0.0000000000
2254  3.819  -19.889  -17.786 0.0000000000
2255  4.992  -12.217  -14.325 0.0000000000
2256  5.109  -4.182  -15.198 0.0000000000
2257  8.126  -0.147  -13.493 0.0000000000
2284  0.700  -38.103  17.795 0.0000000000
2285  2.052  -42.731  13.291 0.0000000000
2287  8.140  -43.360  7.988 0.0000000000
2288  9.784  -41.774  6.218 0.0000000000
2429  22.168  5.045  -14.190 0.0000000000
2431  24.752  5.865  -13.907 0.0000000000
2432  26.654  -0.925  -13.000 0.0000000000
2433  31.053  -4.979  -17.985 0.0000000000
2434  34.523  -5.384  -24.648 0.0000000000
2435  31.600  -5.003  -29.304 0.0000000000
2437  34.461  5.804  -16.418 0.0000000000
2438  34.329  3.135  -21.684 0.0000000000
2455  19.112  -40.604  2.066 0.0000000000
2456  21.000  -41.147  -0.695 0.0000000000
2457  21.741  -39.890  -3.899 0.0000000000
2458  29.726  -38.191  2.928 0.0000000000
2459  27.308  -41.195  -2.818 0.0000000000
2464  25.157  -24.957  -9.981 0.0000000000
2465  33.543  -28.295  -7.562 0.0000000000
2466  38.830  -33.320  -9.032 0.0000000000
2467  40.089  -26.533  -15.089 0.0000000000
2468  38.402  -31.361  -14.037 0.0000000000
2469  35.132  -34.533  -12.762 0.0000000000
2470  26.652  -30.579  -14.466 0.0000000000
2669  1.183  -9.667  19.698 0.0000000000
2670  1.482  -9.866  17.406 0.0000000000
2671  1.266  -7.006  18.666 0.0000000000
2680  0.678  -6.585  23.280 0.0000000000
2681  0.245  -9.840  24.064 0.0000000000
2682  0.739  -10.007  21.812 0.0000000000
2683  0.904  -12.981  20.540 0.0000000000
2730  11.875  -23.127  -13.378 0.0000000000
2731  16.022  -24.882  -10.132 0.0000000000
2732  14.877  -24.159  -12.752 0.0000000000
2733  32.347  -10.964  -28.720 0.0000000000
2734  31.124  -12.541  -28.504 0.0000000000
2735  28.297  -10.229  -30.200 0.0000000000
2737  26.687  -7.551  -31.453 0.0000000000
2880  10.491  -3.205  -15.431 0.0000000000
2881  11.597  -6.481  -14.332 0.0000000000
2882  12.531  -4.080  -14.649 0.0000000000
2883  22.728  -2.021  -12.093 0.0000000000
2884  23.638  -4.154  -11.449 0.0000000000
2885  25.307  -4.387  -12.819 0.0000000000
2886  28.688  -6.539  -14.278 0.0000000000
2887  26.710  -4.423  -14.066 0.0000000000
3089  6.485  -30.267  12.094 0.0000000000
3090  7.942  -30.277  11.012 0.0000000000
3091  7.415  -28.125  11.910 0.0000000000
3092  2.000  -13.723  4.707 0.0000000000
3093  2.517  -17.807  3.765 0.0000000000
3094  2.598  -16.362  2.072 0.0000000000
3095  3.637  -18.990  -0.403 0.0000000000
3096  2.744  -14.948  0.487 0.0000000000
3097  1.235  14.724  11.825 0.0000000000
3098  1.345  10.716  10.684 0.0000000000
3099  1.383  14.139  9.314 0.0000000000
3100  4.706  9.644  -4.236 0.0000000000
3101  4.025  5.372  -3.439 0.0000000000
3102  3.809  3.977  -4.957 0.0000000000
3103  3.387  -0.628  -6.335 0.0000000000
3104  3.978  2.964  -6.523 0.0000000000
3105  4.700  1.178  -7.729 0.0000000000
3106  5.538  6.566  -6.885 0.0000000000
3128  4.730  -39.140  23.429 0.0000000000
3129  2.344  -36.477  23.884 0.0000000000
3130  4.448  -28.733  14.138 0.0000000000
3131  2.748  -31.890  12.791 0.0000000000
3132  4.686  -31.179  12.394 0.0000000000
3133  4.704  -33.069  10.000 0.0000000000
3250  31.598  3.738  -15.263 0.0000000000
3251  30.948  3.620  -14.123 0.0000000000
3252  33.361  0.896  -15.912 0.0000000000
3253  34.060  -1.275  -17.926 0.0000000000
3254  34.551  -0.421  -19.736 0.0000000000
3270  20.405  -35.145  1.133 0.0000000000
3271  23.673  -35.852  4.129 0.0000000000
3272  23.576  -35.296  2.034 0.0000000000
3273  36.324  -37.355  -4.985 0.0000000000
3274  34.884  -38.671  -4.429 0.0000000000
3275  35.191  -38.127  -7.287 0.0000000000
3276  32.179  -37.540  -9.472 0.0000000000
3277  34.593  -37.170  -9.633 0.0000000000
3278  31.870  -19.492  -11.549 0.0000000000
3279  33.482  -21.514  -11.033 0.0000000000
3280  36.327  -20.964  -12.283 0.0000000000
3282  27.138  -23.106  -20.679 0.0000000000
3481  12.219  6.034  -14.748 0.0000000000
3482  11.760  10.322  -15.381 0.0000000000
3486  18.381  4.533  -14.687 0.0000000000
3689  3.126  -20.837  15.303 0.0000000000
3690  4.309  -20.568  13.979 0.0000000000
3691  3.322  -18.055  14.738 0.0000000000
3692  2.543  -10.032  13.155 0.0000000000
3693  3.253  -12.433  12.570 0.0000000000
3694  3.258  -10.009  11.398 0.0000000000
3695  2.977  -10.475  9.559 0.0000000000
3696  3.648  -7.575  10.108 0.0000000000
3697  -0.064  26.626  5.127 0.0000000000
3698  0.888  23.270  4.477 0.0000000000
3699  0.112  25.336  2.470 0.0000000000
3700  4.137  25.054  -4.218 0.0000000000
3701  1.201  22.779  -2.299 0.0000000000
3702  3.495  21.710  -4.155 0.0000000000
3703  3.468  18.252  -4.142 0.0000000000
3704  4.924  20.696  -5.930 0.0000000000
3723  0.067  -16.546  25.705 0.0000000000
3724  0.930  -16.796  27.629 0.0000000000
3725  0.386  -20.106  26.328 0.0000000000
3726  1.064  -23.791  26.419 0.0000000000
3727  0.164  -23.592  24.694 0.0000000000
3728  0.164  -26.446  23.265 0.0000000000
3729  0.308  -22.939  22.781 0.0000000000
3730  1.560  -18.609  18.140 0.0000000000
3731  1.452  -21.959  18.878 0.0000000000
3732  2.216  -21.412  16.931 0.0000000000
3733  3.073  -23.907  15.800 0.0000000000
3852  28.963  12.463  -15.286 0.0000000000
3853  29.690  9.753  -16.018 0.0000000000
3854  31.068  9.689  -15.572 0.0000000000
3870  16.774  -29.427  -5.635 0.0000000000
3871  21.324  -32.549  -4.397 0.0000000000
3872  20.070  -30.353  -5.639 0.0000000000
3873  25.010  -29.459  -7.417 0.0000000000
3874  26.519  -31.670  -6.223 0.0000000000
3875  29.459  -31.475  -6.339 0.0000000000
3876  32.856  -32.245  -3.962 0.0000000000
3877  32.042  -30.738  -5.788 0.0000000000
3878  39.746  -15.907  -19.366 0.0000000000
3879  40.159  -18.077  -19.157 0.0000000000
3880  38.737  -16.967  -21.552 0.0000000000
3881  28.224  -15.500  -27.675 0.0000000000
3882  31.733  -17.797  -25.398 0.0000000000
3883  27.083  -16.948  -26.571 0.0000000000
3884  26.208  -18.275  -25.174 0.0000000000
4139  0.337  1.640  23.776 0.0000000000
4140  0.883  2.037  21.719 0.0000000000
4141  0.471  4.772  22.504 0.0000000000
4142  0.169  13.952  21.163 0.0000000000
4143  0.477  11.017  19.934 0.0000000000
4144  0.210  14.049  18.655 0.0000000000
4145  0.569  14.191  16.294 0.0000000000
4146  0.012  17.038  17.403 0.0000000000
4151  3.790  24.745  15.913 0.0000000000
4152  1.699  25.833  14.358 0.0000000000
4153  0.055  23.339  14.118 0.0000000000
4154  0.459  26.707  12.402 0.0000000000
4155  -0.065  27.016  10.092 0.0000000000
4156  1.527  29.506  10.286 0.0000000000
4180  1.023  4.539  27.247 0.0000000000
4181  1.627  1.732  28.429 0.0000000000
4182  0.191  1.815  26.354 0.0000000000
4183  0.176  -1.030  25.230 0.0000000000
4320  9.496  -16.131  -20.247 0.0000000000
4321  13.543  -19.475  -20.128 0.0000000000
4322  12.661  -15.935  -19.641 0.0000000000
4323  16.423  -12.603  -14.144 0.0000000000
4324  17.142  -15.401  -15.537 0.0000000000
4325  19.282  -14.904  -13.196 0.0000000000
4326  22.548  -16.639  -11.952 0.0000000000
4327  21.835  -14.576  -11.828 0.0000000000
4328  15.902  -1.227  -11.835 0.0000000000
4329  16.083  -4.369  -12.860 0.0000000000
4330  17.861  -4.454  -11.942 0.0000000000
4331  25.526  -8.972  -11.112 0.0000000000
4332  23.034  -9.471  -11.042 0.0000000000
4333  26.621  -11.547  -11.451 0.0000000000
4334  27.809  -13.826  -11.690 0.0000000000
4335  30.634  -13.529  -13.410 0.0000000000
4336  35.003  -14.949  -15.763 0.0000000000
4337  33.361  -13.166  -15.772 0.0000000000
4338  35.204  -9.222  -20.152 0.0000000000
4339  36.878  -10.613  -20.440 0.0000000000
4340  37.127  -9.074  -22.943 0.0000000000
4341  37.177  -9.651  -25.738 0.0000000000
4342  36.635  -7.701  -25.393 0.0000000000
4949  9.974  -37.826  5.384 0.0000000000
4950  12.776  -37.938  5.099 0.0000000000
4951  10.687  -36.296  6.204 0.0000000000
4952  9.821  -31.741  6.277 0.0000000000
4953  12.023  -33.764  5.669 0.0000000000
4954  11.480  -33.579  3.935 0.0000000000
4955  14.022  -34.611  2.371 0.0000000000
4956  10.824  -33.072  2.189 0.0000000000
4957  5.200  -21.409  10.323 0.0000000000
4958  6.413  -23.999  9.450 0.0000000000
4959  5.234  -22.636  8.135 0.0000000000
4960  5.102  -25.015  1.397 0.0000000000
4961  5.938  -25.911  2.668 0.0000000000
4962  7.643  -27.260  0.210 0.0000000000
4963  10.202  -30.031  -0.709 0.0000000000
4964  10.128  -28.106  -1.515 0.0000000000
4965  12.261  -28.595  -3.145 0.0000000000
4966  9.561  -26.140  -2.446 0.0000000000
4967  3.323  -24.514  -5.864 0.0000000000
4968  6.595  -25.653  -6.692 0.0000000000
4969  4.806  -25.660  -8.839 0.0000000000
4970  7.345  -24.916  -11.017 0.0000000000
4971  3.082  -24.531  -10.812 0.0000000000
4972  1.362  2.388  17.276 0.0000000000
4973  1.532  -0.974  16.172 0.0000000000
4974  1.620  1.804  14.683 0.0000000000
4975  2.219  2.953  8.592 0.0000000000
4976  2.090  0.416  10.029 0.0000000000
4977  2.413  -0.347  7.608 0.0000000000
4978  4.115  -2.733  7.156 0.0000000000
4979  3.307  -0.970  5.437 0.0000000000
4980  1.740  15.765  2.989 0.0000000000
4981  1.775  12.287  4.506 0.0000000000
4982  2.002  10.772  2.307 0.0000000000
4983  2.652  0.005  -1.856 0.0000000000
4984  2.349  1.694  0.265 0.0000000000
4985  3.554  -2.024  -0.478 0.0000000000
4986  3.814  -3.812  1.010 0.0000000000
4987  3.613  -6.380  -1.420 0.0000000000
4988  3.316  -11.198  -2.693 0.0000000000
4989  3.709  -9.077  -3.941 0.0000000000
4990  2.521  -10.436  -9.323 0.0000000000
4991  2.258  -13.718  -8.532 0.0000000000
4992  2.353  -15.321  -11.052 0.0000000000
4993  2.295  -19.776  -14.874 0.0000000000
4994  3.494  -15.720  -13.671 0.0000000000
4995  4.696  -16.118  -16.498 0.0000000000
4996  3.233  -12.123  -12.942 0.0000000000
4997  5.051  -1.534  -11.772 0.0000000000
4998  3.859  -4.637  -14.053 0.0000000000
4999  5.254  -1.919  -13.975 0.0000000000
5000  6.390  -1.537  -15.491 0.0000000000
5001  7.117  0.534  -12.309 0.0000000000
5065  5.774  -43.720  19.177 0.0000000000
5070  0.276  -31.999  19.872 0.0000000000
5071  0.343  -35.432  20.074 0.0000000000
5072  0.472  -34.584  17.783 0.0000000000
5073  1.221  -38.567  10.543 0.0000000000
5074  0.962  -39.843  12.956 0.0000000000
5075  1.739  -41.933  10.881 0.0000000000
5076  4.771  -43.911  11.554 0.0000000000
5077  4.401  -43.062  9.655 0.0000000000
5078  7.813  -44.151  9.184 0.0000000000
5079  4.614  -41.939  7.970 0.0000000000
5080  6.114  -36.660  6.249 0.0000000000
5081  6.611  -39.564  6.135 0.0000000000
5082  8.228  -38.607  5.652 0.0000000000
5083  10.853  -40.966  5.553 0.0000000000
5428  20.367  8.920  -15.986 0.0000000000
5429  21.381  9.116  -16.250 0.0000000000
5433  28.647  3.259  -13.121 0.0000000000
5434  26.181  6.100  -13.830 0.0000000000
5435  27.329  2.792  -12.753 0.0000000000
5436  25.759  2.352  -12.567 0.0000000000
5437  28.318  -0.859  -13.217 0.0000000000
5438  28.710  -3.186  -15.056 0.0000000000
5439  30.257  -3.086  -15.100 0.0000000000
5440  33.781  -3.337  -22.740 0.0000000000
5441  33.734  -4.492  -21.836 0.0000000000
5442  33.622  -4.196  -25.234 0.0000000000
5443  33.641  -5.192  -27.411 0.0000000000
5444  32.170  -3.784  -27.672 0.0000000000
5450  35.995  3.986  -19.894 0.0000000000
5451  34.471  4.135  -18.956 0.0000000000
5490  17.952  -38.266  4.803 0.0000000000
5491  17.845  -40.177  3.120 0.0000000000
5492  19.647  -38.855  4.225 0.0000000000
5493  25.037  -39.537  3.697 0.0000000000
5494  22.789  -40.472  2.290 0.0000000000
5495  23.735  -41.207  0.715 0.0000000000
5496  21.614  -40.861  -2.294 0.0000000000
5497  24.379  -41.497  -1.195 0.0000000000
5498  28.603  -34.599  0.618 0.0000000000
5499  28.901  -35.662  2.952 0.0000000000
5500  30.929  -36.581  2.244 0.0000000000
5501  30.434  -40.035  -4.591 0.0000000000
5502  29.758  -40.279  -1.733 0.0000000000
5503  27.414  -40.638  -5.678 0.0000000000
5504  24.409  -39.896  -5.792 0.0000000000
5505  23.500  -37.650  -7.312 0.0000000000
5507  22.376  -35.420  -8.495 0.0000000000
5508  23.301  -32.519  -11.305 0.0000000000
5513  19.542  -22.677  -14.260 0.0000000000
5514  20.638  -23.940  -11.926 0.0000000000
5515  23.476  -23.118  -11.284 0.0000000000
5516  35.669  -25.882  -9.389 0.0000000000
5517  32.461  -26.303  -8.850 0.0000000000
5518  36.361  -28.197  -8.492 0.0000000000
5519  36.962  -30.571  -7.644 0.0000000000
5520  38.991  -30.774  -9.790 0.0000000000
5521  39.501  -22.636  -18.288 0.0000000000
5522  40.440  -23.897  -15.667 0.0000000000
5523  38.824  -25.058  -17.605 0.0000000000
5524  32.672  -28.425  -17.508 0.0000000000
5525  36.654  -29.313  -16.210 0.0000000000
5526  35.048  -30.946  -15.538 0.0000000000
5527  36.912  -33.180  -13.436 0.0000000000
5528  33.184  -32.116  -14.817 0.0000000000
5529  31.077  -32.980  -14.111 0.0000000000
5530  28.779  -30.256  -15.749 0.0000000000
5957  1.555  -15.278  17.161 0.0000000000
5958  2.363  -15.420  15.187 0.0000000000
5959  1.752  -12.770  16.117 0.0000000000
5960  1.889  -10.190  15.154 0.0000000000
5961  1.809  -7.721  14.076 0.0000000000
5962  3.026  31.111  0.152 0.0000000000
5963  0.623  27.920  -0.108 0.0000000000
5964  4.386  29.745  -2.401 0.0000000000
5976  0.437  -6.441  28.057 0.0000000000
5977  0.992  -10.008  28.681 0.0000000000
5978  0.022  -9.741  26.541 0.0000000000
5979  0.044  -13.142  24.988 0.0000000000
5980  0.298  -16.525  23.430 0.0000000000
5981  0.477  -19.477  22.172 0.0000000000
5982  0.742  -16.248  21.347 0.0000000000
5983  1.207  -15.836  19.270 0.0000000000
6066  14.697  -25.591  -8.022 0.0000000000
6067  18.836  -28.200  -6.940 0.0000000000
6068  17.430  -26.254  -8.238 0.0000000000
6069  20.681  -26.711  -7.964 0.0000000000
6070  23.791  -27.215  -8.202 0.0000000000
6071  37.233  -13.728  -24.565 0.0000000000
6072  36.564  -15.823  -24.110 0.0000000000
6073  33.874  -14.335  -26.548 0.0000000000
6074  29.677  -14.075  -28.228 0.0000000000
6075  24.885  -12.557  -28.847 0.0000000000
6227  0.554  7.102  25.891 0.0000000000
6228  0.179  7.517  23.496 0.0000000000
6229  0.717  10.339  24.651 0.0000000000
6230  1.079  13.543  23.274 0.0000000000
6231  1.699  16.481  21.776 0.0000000000
6336  8.474  -8.686  -14.131 0.0000000000
6337  11.874  -12.785  -17.180 0.0000000000
6338  11.108  -9.350  -14.243 0.0000000000
6339  13.644  -9.924  -14.011 0.0000000000
6340  15.987  -10.137  -13.273 0.0000000000
6341  19.523  -1.562  -11.223 0.0000000000
6342  19.938  -4.382  -11.110 0.0000000000
6343  21.998  -4.155  -10.706 0.0000000000
6344  24.552  -6.272  -10.951 0.0000000000
6345  28.001  -8.779  -12.510 0.0000000000
6346  31.799  -11.081  -15.208 0.0000000000
6347  30.501  -8.619  -14.573 0.0000000000
6348  32.103  -8.345  -16.867 0.0000000000
6349  33.264  -7.689  -19.432 0.0000000000
6713  6.889  -34.244  8.264 0.0000000000
6714  9.104  -34.562  7.832 0.0000000000
6715  8.213  -32.555  9.625 0.0000000000
6716  8.831  -30.516  8.775 0.0000000000
6717  8.347  -29.329  7.233 0.0000000000
6718  2.868  -17.619  7.917 0.0000000000
6719  3.857  -21.318  6.814 0.0000000000
6720  2.854  -19.598  5.384 0.0000000000
6721  3.769  -21.768  2.706 0.0000000000
6722  4.577  -23.842  0.051 0.0000000000
6723  5.975  -24.928  -2.449 0.0000000000
6724  4.185  -22.682  -1.560 0.0000000000
6725  3.580  -21.821  -3.132 0.0000000000
6726  2.849  -20.763  -4.611 0.0000000000
6727  1.171  8.223  14.483 0.0000000000
6728  1.566  4.376  13.168 0.0000000000
6729  1.424  7.373  11.952 0.0000000000
6730  1.680  6.649  9.594 0.0000000000
6731  2.048  5.768  7.278 0.0000000000
6732  2.566  12.519  -1.044 0.0000000000
6733  2.517  9.086  0.243 0.0000000000
6734  3.296  7.459  -1.629 0.0000000000
6735  2.705  2.429  -2.836 0.0000000000
6736  3.411  -1.893  -3.767 0.0000000000
6737  3.997  -6.604  -5.004 0.0000000000
6738  3.816  -3.712  -5.753 0.0000000000
6739  3.693  -5.415  -7.922 0.0000000000
6740  3.140  -6.797  -10.065 0.0000000000
6741  2.422  -7.902  -11.786 0.0000000000
6742  3.793  -3.457  -10.212 0.0000000000
6743  5.134  -0.562  -9.474 0.0000000000
6744  6.239  2.899  -9.297 0.0000000000
6784  5.007  -41.547  21.486 0.0000000000
6785  3.158  -41.491  19.930 0.0000000000
6786  1.418  -30.267  16.009 0.0000000000
6787  0.898  -33.728  15.761 0.0000000000
6788  1.478  -32.794  13.999 0.0000000000
6789  1.573  -34.965  11.177 0.0000000000
6790  1.683  -37.044  8.494 0.0000000000
6791  2.743  -39.132  7.030 0.0000000000
6792  2.892  -35.460  7.567 0.0000000000
6793  4.902  -34.647  7.614 0.0000000000
7002  27.556  9.058  -16.200 0.0000000000
7003  26.345  9.018  -15.926 0.0000000000
7004  28.783  6.319  -14.427 0.0000000000
7005  29.884  3.511  -13.313 0.0000000000
7006  30.934  0.034  -14.015 0.0000000000
7007  31.586  -2.461  -15.733 0.0000000000
7008  32.809  -1.905  -16.671 0.0000000000
7009  33.944  -2.508  -20.397 0.0000000000
7010  33.396  -2.001  -23.844 0.0000000000
7038  20.369  -35.938  5.073 0.0000000000
7039  21.554  -37.740  5.134 0.0000000000
7040  22.878  -36.807  5.226 0.0000000000
7041  25.129  -37.677  5.129 0.0000000000
7042  26.872  -38.419  4.341 0.0000000000
7043  33.184  -35.760  -0.551 0.0000000000
7044  32.530  -37.694  0.571 0.0000000000
7045  33.975  -38.289  -1.804 0.0000000000
7046  32.923  -39.373  -4.230 0.0000000000
7047  30.202  -39.247  -7.361 0.0000000000
7048  26.027  -37.001  -9.161 0.0000000000
7049  29.315  -37.702  -9.527 0.0000000000
7050  27.932  -35.683  -11.069 0.0000000000
7051  26.344  -33.375  -12.198 0.0000000000
7052  24.985  -20.447  -11.525 0.0000000000
7053  26.828  -22.525  -10.906 0.0000000000
7054  29.960  -22.060  -10.607 0.0000000000
7055  34.734  -23.665  -10.229 0.0000000000
7056  38.077  -25.539  -11.040 0.0000000000
7057  33.002  -23.067  -21.238 0.0000000000
7058  35.777  -25.201  -18.927 0.0000000000
7059  31.658  -24.552  -20.269 0.0000000000
7060  29.912  -25.884  -19.282 0.0000000000
7061  28.081  -26.676  -18.017 0.0000000000
7062  26.375  -27.271  -16.600 0.0000000000
7368  11.335  1.588  -12.987 0.0000000000
7369  12.742  -1.378  -13.189 0.0000000000
7370  12.685  1.968  -13.019 0.0000000000
7371  14.173  1.927  -12.966 0.0000000000
7372  15.665  1.860  -12.950 0.0000000000
7373  13.273  9.828  -15.195 0.0000000000
7374  15.203  5.411  -14.733 0.0000000000
7375  17.168  1.702  -12.870 0.0000000000
7376  18.843  1.364  -12.614 0.0000000000
7377  20.473  0.975  -12.468 0.0000000000
7378  22.014  0.642  -12.393 0.0000000000
7661  5.143  -25.476  14.040 0.0000000000
7662  6.306  -25.405  12.643 0.0000000000
7663  5.432  -22.987  13.321 0.0000000000
7664  5.215  -20.793  12.362 0.0000000000
7665  4.085  -18.561  11.274 0.0000000000
7666  3.371  -15.154  13.702 0.0000000000
7667  3.491  -15.311  12.021 0.0000000000
7668  3.201  -16.103  10.107 0.0000000000
7669  2.577  -13.830  8.879 0.0000000000
7670  2.229  -11.628  7.441 0.0000000000
7671  2.239  -9.592  5.821 0.0000000000
7672  1.256  21.069  8.974 0.0000000000
7673  1.698  17.805  7.897 0.0000000000
7674  1.786  20.925  6.330 0.0000000000
7675  1.857  20.073  3.779 0.0000000000
7676  1.364  18.199  1.494 0.0000000000
7677  0.288  23.867  0.107 0.0000000000
7678  0.539  20.309  -0.061 0.0000000000
7679  1.373  16.568  -0.586 0.0000000000
7680  2.640  15.399  -2.657 0.0000000000
7681  4.009  14.386  -4.273 0.0000000000
7682  5.010  13.296  -5.609 0.0000000000
7683  5.778  12.089  -6.740 0.0000000000
7684  5.502  16.396  -6.985 0.0000000000
7709  2.144  -13.525  28.744 0.0000000000
7713  2.085  -27.362  26.347 0.0000000000
7714  1.073  -30.683  25.451 0.0000000000
7715  0.669  -33.430  24.159 0.0000000000
7716  0.153  -30.090  23.769 0.0000000000
7717  0.192  -29.339  21.657 0.0000000000
7718  0.631  -28.530  19.654 0.0000000000
7719  0.755  -22.378  20.750 0.0000000000
7720  1.058  -25.136  19.318 0.0000000000
7721  1.289  -27.736  17.705 0.0000000000
7722  2.444  -26.939  16.113 0.0000000000
7723  3.839  -26.098  15.059 0.0000000000
7890  28.624  9.297  -16.222 0.0000000000
7891  30.415  6.401  -15.642 0.0000000000
7892  32.382  3.792  -16.304 0.0000000000
7914  18.984  -33.482  -2.755 0.0000000000
7915  23.278  -35.069  -0.277 0.0000000000
7916  22.529  -34.169  -2.504 0.0000000000
7917  25.694  -34.533  -2.180 0.0000000000
7918  28.225  -34.187  -1.974 0.0000000000
7919  23.319  -31.168  -5.892 0.0000000000
7920  27.572  -33.312  -4.469 0.0000000000
7921  30.733  -33.690  -1.652 0.0000000000
7922  33.194  -33.985  -2.194 0.0000000000
7923  35.338  -34.793  -3.546 0.0000000000
7924  37.066  -35.582  -5.672 0.0000000000
7925  37.269  -18.185  -14.716 0.0000000000
7926  38.456  -20.193  -14.289 0.0000000000
7927  39.895  -19.119  -16.694 0.0000000000
7928  40.006  -20.380  -18.887 0.0000000000
7929  37.621  -21.315  -20.474 0.0000000000
7930  35.764  -17.787  -23.525 0.0000000000
7931  35.053  -19.691  -22.769 0.0000000000
7932  34.082  -21.451  -22.030 0.0000000000
7933  29.809  -21.049  -23.474 0.0000000000
8267  0.973  -3.932  22.017 0.0000000000
8268  1.149  -3.618  19.859 0.0000000000
8269  1.057  -0.829  20.928 0.0000000000
8270  1.186  2.218  19.574 0.0000000000
8271  1.254  5.292  18.185 0.0000000000
8272  0.536  7.894  21.195 0.0000000000
8273  1.092  8.238  19.122 0.0000000000
8274  1.197  8.364  16.847 0.0000000000
8275  1.083  11.322  15.398 0.0000000000
8276  0.939  14.476  14.095 0.0000000000
8277  0.923  17.610  12.839 0.0000000000
8280  2.580  19.320  19.945 0.0000000000
8282  3.020  22.050  17.878 0.0000000000
8283  0.611  19.905  18.198 0.0000000000
8284  -0.001  20.137  15.820 0.0000000000
8285  0.297  20.365  13.401 0.0000000000
8286  0.905  20.754  11.214 0.0000000000
8287  0.318  23.838  9.436 0.0000000000
8288  -0.125  26.982  7.569 0.0000000000
8289  0.026  30.116  5.262 0.0000000000
8290  3.975  31.455  7.689 0.0000000000
8291  2.706  32.025  5.304 0.0000000000
8292  2.449  31.899  2.645 0.0000000000
8320  2.794  -1.277  29.416 0.0000000000
8321  1.141  -3.823  28.963 0.0000000000
8322  0.145  -3.657  26.706 0.0000000000
8323  0.491  -3.799  24.300 0.0000000000
8496  10.208  -21.977  -19.072 0.0000000000
8497  14.035  -23.960  -16.597 0.0000000000
8498  14.150  -22.622  -19.063 0.0000000000
8499  16.943  -22.202  -17.704 0.0000000000
8500  18.750  -21.093  -15.896 0.0000000000
8501  15.033  -15.797  -17.923 0.0000000000
8502  17.887  -18.243  -16.405 0.0000000000
8503  20.684  -19.556  -13.671 0.0000000000
8504  23.602  -18.635  -11.811 0.0000000000
8505  27.048  -18.125  -11.261 0.0000000000
8506  30.489  -17.770  -11.766 0.0000000000
8507  14.350  -4.330  -13.756 0.0000000000
8508  16.040  -7.267  -13.314 0.0000000000
8509  18.328  -9.945  -12.378 0.0000000000
8510  20.153  -7.227  -11.473 0.0000000000
8511  20.731  -9.776  -11.613 0.0000000000
8512  21.294  -12.290  -11.674 0.0000000000
8513  24.922  -14.202  -11.266 0.0000000000
8514  29.015  -15.841  -11.843 0.0000000000
8515  33.686  -17.349  -13.268 0.0000000000
8516  36.308  -16.665  -15.253 0.0000000000
8517  37.981  -15.447  -17.401 0.0000000000
8518  38.968  -14.019  -19.823 0.0000000000
8519  35.640  -12.188  -18.124 0.0000000000
8520  38.135  -12.242  -20.217 0.0000000000
8521  38.760  -12.850  -22.539 0.0000000000
8522  37.334  -11.754  -25.303 0.0000000000
8523  35.296  -10.599  -27.545 0.0000000000
8524  32.694  -9.017  -29.016 0.0000000000
9269  14.165  -39.803  4.437 0.0000000000
9270  15.431  -38.119  4.859 0.0000000000
9271  16.533  -36.845  5.624 0.0000000000
9272  11.718  -34.912  6.758 0.0000000000
9273  14.579  -35.363  5.761 0.0000000000
9274  17.309  -35.634  5.215 0.0000000000
9275  17.704  -35.076  3.986 0.0000000000
9276  17.178  -34.991  1.543 0.0000000000
9277  16.551  -34.537  -0.503 0.0000000000
9278  7.258  -25.718  10.784 0.0000000000
9279  7.351  -26.570  8.387 0.0000000000
9280  7.505  -28.106  5.668 0.0000000000
9281  5.407  -24.226  5.441 0.0000000000
9282  6.902  -26.950  4.112 0.0000000000
9283  8.405  -30.160  2.846 0.0000000000
9284  10.464  -31.809  0.539 0.0000000000
9285  12.906  -32.754  -1.220 0.0000000000
9286  15.669  -33.107  -2.329 0.0000000000
9287  14.953  -31.153  -3.732 0.0000000000
9288  14.380  -28.923  -4.667 0.0000000000
9289  13.862  -26.877  -5.446 0.0000000000
9290  8.186  -25.411  -4.444 0.0000000000
9291  10.785  -25.815  -5.913 0.0000000000
9292  12.871  -25.728  -7.132 0.0000000000
9293  11.427  -24.760  -9.471 0.0000000000
9294  9.355  -23.599  -12.591 0.0000000000
9295  6.659  -22.712  -15.883 0.0000000000
9296  1.361  -3.919  17.521 0.0000000000
9297  1.669  -4.348  15.177 0.0000000000
9298  1.564  -4.965  12.952 0.0000000000
9299  1.869  1.150  12.350 0.0000000000
9300  1.748  -2.192  11.386 0.0000000000
9301  2.376  -5.162  10.620 0.0000000000
9302  3.676  -5.019  8.787 0.0000000000
9303  3.711  -5.413  6.696 0.0000000000
9304  2.784  -7.062  4.476 0.0000000000
9305  1.548  13.528  6.825 0.0000000000
9306  1.849  8.886  5.921 0.0000000000
9307  2.337  4.692  4.906 0.0000000000
9308  2.510  5.926  1.318 0.0000000000
9309  2.507  3.405  2.617 0.0000000000
9310  2.599  1.096  3.919 0.0000000000
9311  3.819  -1.786  3.221 0.0000000000
9312  3.467  -5.308  2.877 0.0000000000
9313  2.340  -10.109  1.389 0.0000000000
9314  2.951  -13.212  -1.240 0.0000000000
9315  3.521  -16.110  -3.725 0.0000000000
9316  2.298  -18.889  -6.178 0.0000000000
9317  3.341  -11.701  -6.379 0.0000000000
9318  2.152  -16.584  -7.553 0.0000000000
9319  1.545  -21.336  -9.363 0.0000000000
9320  1.995  -22.320  -13.231 0.0000000000
9321  3.425  -22.118  -16.621 0.0000000000
9322  5.932  -21.679  -18.382 0.0000000000
9323  6.307  -19.477  -19.292 0.0000000000
9324  6.592  -15.972  -18.926 0.0000000000
9325  6.879  -12.524  -15.845 0.0000000000
9326  2.962  -8.113  -13.337 0.0000000000
9327  4.443  -7.830  -14.091 0.0000000000
9328  6.232  -7.665  -14.147 0.0000000000
9329  7.017  -4.274  -15.368 0.0000000000
9330  8.437  -2.039  -15.799 0.0000000000
9331  9.575  -0.704  -13.832 0.0000000000
9332  6.370  10.901  -7.930 0.0000000000
9333  6.680  9.450  -9.078 0.0000000000
9334  6.985  7.926  -10.180 0.0000000000
9337  7.319  6.273  -11.303 0.0000000000
9338  7.809  5.033  -12.350 0.0000000000
9339  8.663  3.804  -12.943 0.0000000000
9340  9.987  2.598  -13.143 0.0000000000
9341  9.427  7.312  -15.006 0.0000000000
9412  0.728  -36.109  22.245 0.0000000000
9413  1.145  -38.737  20.088 0.0000000000
9414  1.738  -41.195  17.840 0.0000000000
9415  0.702  -37.236  15.439 0.0000000000
9416  1.058  -40.609  15.440 0.0000000000
9417  3.074  -43.229  15.559 0.0000000000
9418  5.335  -44.494  13.492 0.0000000000
9424  5.449  -40.752  6.812 0.0000000000
9425  8.872  -42.595  7.007 0.0000000000
9844  21.068  4.507  -14.155 0.0000000000
9845  23.076  1.418  -12.558 0.0000000000
9849  25.041  9.176  -15.851 0.0000000000
9850  23.782  9.167  -16.059 0.0000000000
9851  22.470  9.031  -16.133 0.0000000000
9852  23.488  5.500  -14.061 0.0000000000
9853  24.380  1.974  -12.625 0.0000000000
9854  25.134  -1.264  -13.025 0.0000000000
9855  27.359  -3.681  -14.727 0.0000000000
9856  30.247  -5.948  -17.471 0.0000000000
9857  33.385  -6.619  -20.623 0.0000000000
9858  32.278  -4.344  -18.198 0.0000000000
9859  33.475  -5.569  -21.282 0.0000000000
9860  35.278  -6.541  -23.808 0.0000000000
9861  35.318  -6.451  -26.697 0.0000000000
9862  33.419  -6.898  -28.688 0.0000000000
9863  30.739  -6.733  -30.137 0.0000000000
9866  32.237  11.822  -13.536 0.0000000000
9868  34.205  8.159  -14.344 0.0000000000
9869  32.683  9.182  -14.861 0.0000000000
9870  32.922  6.367  -16.071 0.0000000000
9871  33.256  3.899  -17.584 0.0000000000
9872  33.828  2.139  -19.599 0.0000000000
9881  34.052  0.823  -22.146 0.0000000000
9882  33.413  0.214  -23.947 0.0000000000
9883  32.090  -0.278  -25.250 0.0000000000
9884  30.857  -0.992  -26.381 0.0000000000
9887  29.970  -1.984  -27.657 0.0000000000
9888  29.399  -2.915  -29.230 0.0000000000
9889  28.540  -4.116  -30.634 0.0000000000
9890  27.517  -5.691  -31.435 0.0000000000
9919  15.522  -41.693  1.957 0.0000000000
9920  16.415  -41.174  0.751 0.0000000000
9921  17.184  -40.696  -0.500 0.0000000000
9922  21.370  -39.701  3.511 0.0000000000
9923  20.243  -40.953  0.858 0.0000000000
9924  17.879  -40.048  -1.698 0.0000000000
9925  18.220  -39.365  -2.932 0.0000000000
9928  26.353  -35.256  2.715 0.0000000000
9929  28.400  -37.294  4.314 0.0000000000
9930  28.031  -39.282  2.831 0.0000000000
9931  30.839  -39.086  0.875 0.0000000000
9932  29.024  -40.014  0.650 0.0000000000
9933  26.854  -41.000  -0.246 0.0000000000
9934  24.672  -41.201  -3.682 0.0000000000
9946  17.633  -24.663  -12.507 0.0000000000
9947  22.346  -25.114  -9.563 0.0000000000
9948  26.666  -27.454  -9.076 0.0000000000
9949  28.299  -24.723  -10.247 0.0000000000
9950  29.489  -26.915  -9.384 0.0000000000
9951  30.740  -29.024  -7.825 0.0000000000
9952  34.562  -30.403  -6.197 0.0000000000
9953  37.233  -33.143  -6.724 0.0000000000
9954  38.157  -35.636  -8.254 0.0000000000
9955  39.246  -22.486  -13.746 0.0000000000
9956  39.739  -24.933  -13.225 0.0000000000
9957  39.996  -27.625  -12.665 0.0000000000
9958  37.942  -27.270  -16.988 0.0000000000
9959  39.469  -29.120  -14.530 0.0000000000
9960  39.865  -30.285  -12.106 0.0000000000
9961  39.316  -32.782  -11.509 0.0000000000
9962  38.171  -34.844  -10.893 0.0000000000
9963  36.414  -36.286  -10.365 0.0000000000
9964  33.179  -35.422  -12.028 0.0000000000
9965  28.844  -33.470  -13.240 0.0000000000
9966  24.398  -30.657  -13.205 0.0000000000
