#!ascii label  , from subject fsaverage5 vox2ras=TkReg 
588
9436  9.707  -100.505  10.848 0.6000000238
9435  10.445  -98.786  12.726 0.8999999762
2292  11.519  -100.719  10.559 0.8000000119
9434  11.636  -102.037  7.312 0.6999999881
9437  10.717  -101.125  7.078 0.3000000119
5088  8.576  -98.186  13.123 0.6999999881
5084  15.913  -98.644  11.484 1.0000000000
5085  14.402  -100.736  10.662 1.0000000000
5086  12.757  -98.630  11.251 0.8999999762
5558  13.699  -102.450  3.854 0.3000000119
5560  14.867  -102.565  -0.021 0.2000000030
5089  7.424  -96.843  12.373 0.6999999881
2293  9.040  -99.194  10.563 0.5000000000
1215  10.070  -96.163  13.659 1.0000000000
5218  19.472  -99.295  11.786 0.6999999881
2290  17.550  -100.363  10.644 0.8999999762
9432  16.328  -101.181  7.829 0.8999999762
9433  13.450  -101.983  7.671 0.8999999762
9431  18.534  -100.657  4.135 0.6999999881
2291  15.789  -101.583  4.122 0.6999999881
10000  19.246  -101.194  0.930 0.5000000000
5559  16.902  -102.200  0.404 0.5000000000
551  12.335  -101.930  3.668 0.2000000030
2482  17.482  -101.742  -3.381 0.2000000030
10003  15.639  -101.925  -3.563 0.2000000030
6795  12.156  -96.418  12.353 1.0000000000
5217  17.933  -97.727  13.077 0.6999999881
9430  19.551  -100.043  7.304 0.8999999762
10001  19.542  -100.301  -2.558 0.4000000060
552  5.991  -94.308  12.665 0.8000000119
5090  9.057  -97.365  9.516 0.3000000119
550  14.738  -96.389  10.824 0.8000000119
9591  21.319  -99.478  8.570 0.8999999762
6  20.835  -99.814  3.965 0.8999999762
2608  21.258  -100.472  1.382 0.8000000119
688  21.852  -99.841  -1.868 0.6000000238
5087  7.778  -95.253  13.957 1.0000000000
5091  6.564  -95.437  9.897 0.3000000119
6796  12.082  -93.616  13.048 1.0000000000
2343  21.083  -97.749  12.914 0.8000000119
5215  16.992  -95.024  12.270 0.8000000119
9590  22.616  -97.957  9.834 0.8000000119
6797  9.814  -93.214  13.206 1.0000000000
9447  5.357  -93.713  7.649 0.6000000238
6794  14.027  -93.658  12.268 0.6999999881
9592  22.611  -98.826  5.336 0.8999999762
5846  22.552  -98.727  -4.664 0.5000000000
10002  19.537  -99.925  -6.239 0.5000000000
208  23.274  -99.413  -7.897 0.5000000000
10005  20.396  -100.774  -9.309 0.4000000060
9446  4.882  -92.585  10.678 1.0000000000
2296  4.351  -90.096  9.574 0.8000000119
2606  22.354  -98.305  2.436 0.8999999762
2607  22.598  -98.658  0.241 1.0000000000
1764  5.644  -88.575  -9.611 0.6000000238
5845  23.730  -98.830  -1.928 0.8000000119
7955  5.739  -90.322  -11.460 0.5000000000
3499  25.586  -98.702  -4.251 0.5000000000
3501  26.341  -98.739  -7.401 0.6000000238
5097  4.134  -87.403  9.150 0.4000000060
2344  24.528  -98.048  7.134 0.8000000119
9674  24.287  -97.626  3.929 0.8000000119
10034  8.806  -86.613  -8.793 1.0000000000
10033  6.279  -84.920  -6.988 0.6999999881
7956  8.172  -87.748  -11.986 0.8999999762
686  23.464  -96.263  1.549 0.8999999762
5844  23.815  -96.624  -0.532 0.8000000119
1525  28.271  -96.985  -6.967 0.8000000119
687  26.114  -97.185  -1.423 0.8000000119
3500  28.097  -97.200  -3.890 0.5000000000
3503  23.870  -99.628  -10.416 0.5000000000
553  3.984  -84.950  9.130 0.3000000119
5286  25.248  -96.413  9.601 0.8000000119
5587  9.537  -83.837  -5.626 0.8999999762
7395  27.834  -94.953  -1.725 0.6000000238
3296  8.520  -89.375  -12.967 0.6000000238
3502  26.635  -98.282  -9.925 0.8000000119
2493  11.870  -83.268  -9.138 0.8999999762
5843  26.071  -94.776  -0.665 0.6000000238
7398  28.155  -96.391  -9.243 0.8999999762
7396  29.086  -94.793  -4.100 0.6000000238
1376  6.665  -91.904  -11.698 0.5000000000
7399  27.030  -97.427  -12.208 1.0000000000
1526  24.405  -98.945  -12.859 0.6999999881
6804  4.284  -82.178  9.299 0.1000000015
5588  12.722  -80.954  -6.110 0.8999999762
7397  28.899  -94.245  -6.543 0.6999999881
3297  9.583  -90.281  -11.957 0.8000000119
7086  8.455  -93.044  -10.624 0.8000000119
5095  6.053  -84.422  11.687 0.8000000119
2492  6.648  -81.233  -4.964 1.0000000000
10032  4.259  -82.031  -6.199 0.8000000119
10035  11.158  -84.776  -12.713 0.8999999762
1524  28.860  -92.419  -2.308 0.5000000000
10007  21.722  -99.346  -14.162 0.4000000060
5096  5.987  -87.111  12.029 1.0000000000
5586  10.152  -80.246  -4.195 1.0000000000
979  29.228  -95.189  -11.148 0.8000000119
154  11.615  -87.217  -14.492 0.8999999762
2899  27.913  -95.727  -13.927 0.8999999762
7400  24.955  -97.250  -14.279 1.0000000000
10042  13.022  -79.806  -9.383 0.8000000119
10008  22.289  -97.397  -14.556 0.5000000000
10041  13.132  -77.733  -7.405 0.8000000119
619  12.144  -77.580  -5.164 0.8999999762
7394  29.937  -92.176  -4.179 0.5000000000
10043  12.905  -81.109  -12.395 0.8000000119
10031  4.511  -78.755  -3.339 1.0000000000
207  30.952  -91.230  -6.385 0.6000000238
5575  19.405  -91.358  -6.233 0.8000000119
88  25.567  -94.960  -14.185 0.6999999881
2903  26.158  -92.842  -12.815 0.6000000238
10018  23.973  -93.333  -10.238 0.5000000000
5573  18.424  -93.811  -8.754 0.8000000119
617  16.253  -92.143  -7.445 0.8999999762
10017  23.001  -95.468  -12.702 0.6000000238
5569  13.456  -93.052  -8.207 0.8999999762
7087  11.001  -91.111  -9.377 0.8999999762
5571  15.446  -94.303  -10.092 0.8999999762
2484  19.076  -98.947  -14.211 0.6999999881
10016  19.558  -97.074  -13.521 0.6999999881
10015  16.883  -97.439  -13.518 0.6999999881
5572  17.313  -95.766  -11.774 0.6000000238
1218  7.362  -83.800  16.265 1.0000000000
6803  4.832  -81.814  12.499 0.6999999881
5593  18.153  -75.127  -7.778 0.4000000060
10040  15.834  -74.860  -7.531 0.4000000060
2495  15.485  -77.393  -9.385 0.4000000060
5585  7.535  -78.393  -2.059 1.0000000000
10044  14.820  -84.209  -14.560 0.6000000238
5574  21.630  -92.985  -7.935 0.6000000238
7088  14.558  -90.029  -7.836 0.8999999762
2487  20.343  -95.398  -10.836 0.6999999881
5595  15.626  -78.404  -11.505 0.5000000000
1378  13.391  -88.904  -10.774 1.0000000000
3298  12.611  -88.609  -13.224 0.8000000119
6802  6.939  -81.025  16.163 0.8000000119
6805  3.804  -79.367  12.716 0.5000000000
10038  13.571  -74.361  -6.295 0.3000000119
5584  10.908  -77.026  -2.163 0.8999999762
5597  18.921  -80.658  -10.931 0.5000000000
2496  16.800  -81.047  -12.901 0.5000000000
1219  5.947  -78.575  16.084 0.8000000119
1220  5.517  -80.097  10.089 0.4000000060
10039  17.881  -72.294  -5.787 0.2000000030
1385  20.097  -73.068  -4.729 0.2000000030
10030  4.975  -76.481  0.445 1.0000000000
5596  19.303  -78.224  -10.935 0.4000000060
2491  3.055  -77.473  0.357 0.6000000238
3300  15.987  -86.572  -14.297 0.6000000238
2494  15.872  -71.386  -7.365 0.2000000030
7097  12.439  -74.684  -3.996 0.8999999762
1382  7.846  -75.200  1.430 1.0000000000
5594  18.982  -75.977  -10.379 0.3000000119
5592  20.829  -74.018  -7.514 0.2000000030
3138  5.100  -78.575  19.303 0.8000000119
3140  3.715  -76.304  15.431 0.8999999762
6806  3.380  -77.052  12.324 0.4000000060
7096  10.315  -74.085  -0.693 0.8999999762
3139  4.792  -75.845  18.480 0.8000000119
10037  12.801  -71.678  -6.525 0.4000000060
1383  10.769  -72.430  -4.191 0.6000000238
3303  10.251  -69.227  -3.948 0.5000000000
3302  8.757  -71.573  -1.313 0.6000000238
3137  3.949  -75.978  21.542 0.8000000119
7095  7.677  -71.649  2.400 0.8999999762
7094  5.176  -72.866  3.800 1.0000000000
10036  12.265  -68.148  -6.784 0.3000000119
1221  3.050  -73.519  14.476 0.6999999881
6807  4.448  -74.830  12.687 0.2000000030
5583  3.348  -74.416  3.552 0.6000000238
3141  3.149  -73.090  17.516 0.8999999762
1381  7.111  -69.125  1.086 0.8999999762
7093  5.308  -69.358  4.164 0.8999999762
3301  9.417  -68.479  -0.630 0.6000000238
438  3.293  -71.173  5.677 0.6999999881
9478  3.686  -70.135  13.540 0.3000000119
8534  7.972  -66.347  1.418 0.6999999881
9475  8.827  -70.934  18.759 0.8000000119
9476  4.467  -70.938  18.637 0.8999999762
9477  3.116  -69.823  15.817 0.8999999762
8533  5.691  -66.775  3.924 0.8999999762
5121  11.719  -69.026  17.695 0.8000000119
2306  6.017  -68.432  16.346 0.8000000119
1982  4.534  -64.663  5.963 0.8000000119
8532  3.618  -67.862  6.256 0.8000000119
84  13.096  -66.816  -1.830 0.5000000000
5123  5.316  -67.017  14.014 0.8000000119
8531  3.855  -66.781  8.019 0.5000000000
4349  6.278  -63.873  3.225 1.0000000000
5122  9.694  -66.494  15.389 0.8000000119
8535  10.752  -65.540  -0.054 0.6000000238
2307  6.250  -67.290  12.239 0.5000000000
556  13.419  -65.210  14.858 0.8000000119
5124  9.271  -65.244  12.643 0.8000000119
4347  5.577  -63.925  7.154 0.4000000060
4348  6.116  -62.135  5.235 0.4000000060
6821  18.103  -66.974  8.131 0.4000000060
5125  15.090  -67.305  9.752 0.3000000119
6820  17.014  -64.618  8.116 0.5000000000
1228  13.667  -64.947  8.916 0.3000000119
5126  11.935  -67.966  11.798 0.2000000030
9480  10.094  -65.709  10.432 0.4000000060
1983  8.526  -63.594  0.932 0.8000000119
4350  7.235  -61.501  2.541 0.8999999762
6818  13.157  -64.170  11.672 0.6999999881
1229  19.552  -64.995  7.868 0.8999999762
3150  21.428  -64.896  7.696 0.8999999762
439  8.314  -60.546  4.019 0.5000000000
6819  16.360  -64.460  11.190 0.8000000119
3148  18.861  -65.216  10.463 0.8000000119
1231  22.774  -63.886  7.926 0.8999999762
8542  8.887  -59.993  -0.291 1.0000000000
3151  22.682  -63.314  10.572 0.6999999881
2313  22.684  -60.093  8.740 0.6000000238
9495  22.547  -61.211  11.069 0.4000000060
9496  23.173  -62.164  8.438 0.5000000000
5138  21.460  -59.277  11.283 0.3000000119
5139  19.642  -57.675  11.402 0.1000000015
6827  17.262  -56.437  11.149 0.2000000030
9498  21.254  -58.124  8.874 0.3000000119
1233  19.024  -56.441  8.981 0.2000000030
6828  14.782  -55.355  10.619 0.2000000030
9499  24.320  -60.229  7.630 0.6000000238
6829  16.058  -55.169  8.893 0.2000000030
5141  22.959  -57.904  7.634 0.6999999881
5137  18.787  -56.340  14.007 0.1000000015
2314  26.225  -60.266  6.721 0.8999999762
5142  24.666  -57.517  6.891 0.6000000238
5140  20.587  -55.718  7.695 0.4000000060
6830  17.356  -54.123  7.896 0.1000000015
1985  9.857  -56.473  -0.571 0.8000000119
4357  10.821  -57.111  -2.170 0.6999999881
5143  27.665  -59.851  5.130 1.0000000000
559  21.913  -54.859  6.887 0.3000000119
5144  26.014  -56.846  5.567 0.8000000119
2315  27.918  -59.215  3.022 1.0000000000
4355  11.727  -53.686  -1.190 0.6000000238
4356  11.297  -53.462  -2.366 0.6000000238
5146  22.996  -54.015  5.942 0.3000000119
6831  18.730  -52.955  6.786 0.1000000015
5145  26.470  -56.118  3.823 0.6999999881
9504  27.077  -58.048  1.418 0.6999999881
4351  20.547  -54.714  -2.019 0.5000000000
4353  17.433  -55.435  -1.786 0.5000000000
972  14.377  -51.400  -2.907 0.4000000060
440  13.021  -50.708  -4.633 0.3000000119
9507  19.724  -51.980  5.716 0.2000000030
2316  23.543  -53.047  4.652 0.3000000119
9505  26.168  -55.029  2.273 0.5000000000
1517  26.022  -56.714  0.219 0.6999999881
7381  23.897  -57.153  -0.512 0.6000000238
7382  22.754  -54.417  -1.801 0.3000000119
6356  17.318  -52.263  -3.497 0.4000000060
4354  12.794  -50.512  -3.390 0.5000000000
9508  20.176  -51.001  4.487 0.1000000015
9506  23.510  -51.957  3.166 0.4000000060
3488  25.386  -53.606  0.917 0.6000000238
3489  24.552  -54.149  -0.888 0.6000000238
204  20.176  -52.134  -3.752 0.5000000000
6359  14.332  -47.945  -5.658 0.4000000060
6360  15.003  -48.537  -6.778 0.2000000030
9509  20.251  -49.990  2.977 0.2000000030
7383  22.207  -51.858  -3.378 0.4000000060
6357  17.755  -49.005  -5.291 0.5000000000
6358  15.116  -48.392  -4.874 0.4000000060
203  23.104  -50.710  1.531 0.3000000119
5837  20.009  -48.832  1.380 0.1000000015
6355  20.237  -48.849  -5.478 0.4000000060
5838  21.539  -48.585  0.049 0.2000000030
3490  24.042  -50.928  -0.426 0.4000000060
1519  23.675  -51.439  -2.247 0.5000000000
7386  21.929  -48.563  -4.715 0.4000000060
2892  18.271  -45.814  -6.915 0.3000000119
7384  22.561  -48.404  -1.659 0.4000000060
7385  22.669  -48.355  -3.301 0.4000000060
973  16.271  -45.393  -6.865 0.1000000015
1520  20.553  -44.768  -4.168 0.3000000119
7387  20.944  -44.599  -5.536 0.2000000030
7089  17.557  -89.116  -7.155 0.8000000119
5101  5.880  -85.605  7.642 0.1000000015
1377  10.578  -94.339  -9.154 0.6999999881
6823  20.446  -66.672  7.301 0.8000000119
3149  21.456  -65.026  10.139 0.8000000119
6824  22.287  -66.041  6.981 0.8000000119
2901  28.579  -93.535  -14.218 0.5000000000
5570  12.914  -95.290  -10.398 0.8000000119
5565  17.087  -99.088  -12.267 0.2000000030
7085  8.474  -95.219  -8.989 0.3000000119
5285  26.493  -96.490  6.074 0.6999999881
5284  27.009  -94.932  8.752 0.5000000000
5842  25.113  -94.398  0.944 0.5000000000
7084  6.572  -93.961  -9.083 0.1000000015
9673  25.613  -95.329  3.372 0.6000000238
5282  26.625  -93.321  10.836 0.3000000119
2372  27.398  -93.965  5.359 0.6000000238
5283  27.618  -93.110  7.904 0.4000000060
9589  23.308  -95.951  11.514 0.6999999881
9672  26.411  -92.846  3.265 0.4000000060
9671  27.202  -91.495  5.167 0.2000000030
206  26.355  -92.114  0.967 0.4000000060
9443  5.701  -91.173  12.988 0.8999999762
7954  5.328  -92.269  -9.640 0.1000000015
2295  5.497  -88.662  15.513 0.8999999762
6798  7.645  -92.500  13.199 0.8999999762
9445  5.277  -89.351  12.691 0.8999999762
9669  27.039  -90.094  3.096 0.4000000060
3496  27.761  -89.397  0.713 0.3000000119
7953  6.473  -93.055  -6.253 0.1000000015
9442  7.240  -89.450  14.822 0.8000000119
5098  4.916  -91.138  6.807 0.5000000000
10021  20.936  -88.010  -6.267 0.5000000000
7090  16.938  -88.130  -9.766 0.6000000238
1763  5.341  -91.274  -5.888 0.1000000015
1379  19.734  -86.763  -8.414 0.5000000000
3299  16.420  -87.851  -12.281 0.6000000238
9441  8.716  -87.918  17.250 0.8000000119
7091  19.544  -86.276  -11.022 0.3000000119
3899  4.519  -89.802  -8.847 0.1000000015
1380  19.194  -85.546  -12.940 0.5000000000
3898  4.244  -87.927  -5.667 0.1000000015
1216  9.591  -89.848  13.455 0.6999999881
7092  21.400  -83.989  -11.031 0.4000000060
3900  4.271  -86.284  -7.694 0.1000000015
9444  5.930  -86.395  15.702 0.8999999762
6800  5.991  -83.416  19.577 0.8000000119
5094  5.400  -85.706  19.284 0.8000000119
285  6.230  -82.775  22.123 0.6999999881
6801  5.392  -80.874  19.416 0.6999999881
6799  5.141  -80.817  22.527 0.6999999881
1217  3.825  -78.830  22.323 0.6999999881
7732  4.163  -78.780  25.463 0.6999999881
10029  3.209  -80.693  -2.676 0.4000000060
132  4.242  -73.508  20.185 0.6000000238
1227  19.491  -65.445  12.657 0.4000000060
3147  22.150  -64.894  12.476 0.3000000119
6817  17.041  -64.906  14.029 0.6000000238
6825  23.766  -64.679  7.042 0.6000000238
9497  24.532  -62.626  7.314 0.8000000119
8543  10.989  -61.569  -1.536 0.5000000000
9500  26.324  -63.204  6.552 0.8000000119
9502  27.804  -62.223  2.866 0.6999999881
9503  26.856  -60.790  1.251 0.6000000238
8541  8.564  -59.151  1.695 0.8999999762
8540  10.817  -57.161  0.469 0.3000000119
8539  14.046  -54.748  -1.195 0.5000000000
684  19.056  -46.154  -1.519 0.1000000015
3492  19.907  -45.444  -2.867 0.1000000015
971  20.308  -45.234  -6.770 0.2000000030
2891  19.261  -41.477  -7.283 0.1000000015
7379  25.378  -59.519  0.333 0.6000000238
7388  18.415  -41.314  -6.004 0.1000000015
3177  12.530  -90.803  19.309 0.3000000119
3178  13.696  -92.141  16.230 0.4000000060
6874  15.353  -93.134  13.894 0.5000000000
1214  13.704  -91.466  14.241 0.5000000000
3135  11.971  -90.639  13.215 0.6999999881
10004  17.711  -101.362  -6.713 0.2000000030
5562  16.296  -101.151  -6.755 0.1000000015
3175  11.697  -88.972  23.014 0.2000000030
3134  12.189  -90.070  16.655 0.5000000000
5563  16.715  -100.208  -9.712 0.1000000015
5561  16.381  -99.467  -6.275 0.1000000015
2483  18.026  -100.998  -9.873 0.1000000015
1258  18.196  -94.686  14.660 0.5000000000
5564  18.847  -100.344  -12.612 0.1000000015
7786  10.735  -87.373  26.433 0.1000000015
3778  9.959  -86.427  29.955 0.1000000015
130  10.731  -89.830  20.404 0.2000000030
6873  15.772  -93.426  15.721 0.5000000000
10006  21.295  -100.535  -11.995 0.2000000030
7785  12.762  -86.034  27.788 0.1000000015
1257  14.578  -91.421  18.077 0.2000000030
1690  12.861  -86.960  30.931 0.1000000015
3777  10.352  -85.949  33.598 0.1000000015
7783  15.550  -87.532  31.307 0.1000000015
7724  9.794  -89.039  24.537 0.2000000030
3136  10.797  -88.455  16.863 0.5000000000
1664  8.597  -87.888  28.171 0.1000000015
3776  13.224  -87.183  34.044 0.1000000015
3734  7.782  -86.204  31.936 0.1000000015
7725  9.342  -88.365  20.938 0.5000000000
5093  6.637  -87.528  18.341 0.6999999881
1665  8.048  -86.585  21.093 0.6000000238
5092  6.701  -84.761  21.380 0.6999999881
9467  7.064  -72.871  20.667 0.6000000238
5120  15.134  -67.513  17.101 0.6000000238
2311  22.516  -70.101  4.473 0.1000000015
5133  22.719  -70.033  6.657 0.1000000015
6350  15.560  -68.498  3.277 0.1000000015
9492  20.944  -69.065  2.700 0.1000000015
1230  21.793  -68.611  8.071 0.1000000015
5132  23.754  -67.595  7.272 0.2000000030
5134  24.686  -68.480  5.746 0.1000000015
5135  24.713  -68.074  3.767 0.1000000015
968  18.442  -67.096  1.967 0.1000000015
9493  23.689  -66.831  2.043 0.1000000015
558  25.371  -65.774  6.771 0.3000000119
5136  26.451  -66.054  5.222 0.1000000015
2888  21.521  -65.048  1.189 0.1000000015
2312  26.585  -65.305  3.215 0.3000000119
9494  25.642  -64.000  1.515 0.2000000030
83  23.850  -62.373  0.716 0.2000000030
2890  19.954  -62.611  0.866 0.2000000030
9501  27.666  -63.089  4.934 0.6999999881
7380  22.434  -60.033  0.187 0.2000000030
1518  21.176  -57.243  -0.463 0.2000000030
8536  18.854  -59.962  0.736 0.2000000030
8538  10.732  -59.370  2.457 0.1000000015
8537  14.720  -59.969  1.568 0.1000000015
4352  17.986  -57.720  -0.079 0.1000000015
1984  13.826  -58.059  0.477 0.1000000015
2342  24.015  -94.723  17.693 0.4000000060
9588  22.274  -95.946  14.759 0.5000000000
9586  24.241  -94.582  14.657 0.4000000060
6369  30.016  -93.359  -8.668 0.5000000000
9585  26.214  -93.028  16.755 0.3000000119
9587  20.845  -95.588  17.060 0.4000000060
5216  19.917  -96.731  14.904 0.5000000000
7726  8.134  -87.805  24.557 0.1000000015
3176  13.326  -88.611  20.421 0.1000000015
5213  25.303  -92.096  18.772 0.2000000030
5214  22.232  -93.372  18.870 0.3000000119
568  25.047  -94.344  11.798 0.6000000238
2900  30.845  -93.516  -13.115 0.5000000000
3735  6.692  -86.860  28.243 0.2000000030
1255  12.759  -86.557  23.839 0.1000000015
6870  15.652  -89.508  17.719 0.1000000015
6871  17.441  -92.079  16.973 0.3000000119
6872  18.706  -94.038  17.489 0.2000000030
567  20.466  -91.716  18.190 0.3000000119
4376  34.190  -89.190  -5.509 0.2000000030
4374  32.559  -90.044  -4.147 0.2000000030
6370  32.677  -90.413  -8.514 0.3000000119
6371  32.008  -92.352  -10.856 0.3000000119
5212  23.636  -90.938  18.997 0.2000000030
4375  35.997  -88.938  -3.543 0.1000000015
983  26.951  -90.354  -11.419 0.2000000030
7727  6.851  -85.811  24.763 0.3000000119
6869  14.721  -87.024  21.046 0.1000000015
1256  16.933  -87.930  18.812 0.1000000015
5208  18.677  -90.001  17.510 0.2000000030
8566  38.884  -87.006  -2.890 0.1000000015
1995  37.105  -87.390  -5.223 0.1000000015
8568  35.458  -87.516  -7.854 0.1000000015
2902  29.015  -91.023  -13.428 0.2000000030
981  31.853  -91.368  -13.827 0.1000000015
2486  14.851  -95.929  -12.011 0.4000000060
3736  6.082  -85.350  32.332 0.3000000119
1666  5.663  -84.754  28.745 0.3000000119
1523  34.100  -88.288  -2.494 0.1000000015
7393  30.829  -90.065  -2.852 0.3000000119
980  34.808  -89.289  -10.732 0.1000000015
10019  25.108  -90.257  -8.857 0.3000000119
6372  34.134  -91.228  -12.678 0.1000000015
3497  29.243  -89.718  -1.024 0.3000000119
3498  27.225  -92.286  -0.637 0.3000000119
7729  5.157  -83.043  32.085 0.2000000030
7728  6.667  -83.381  25.413 0.4000000060
7730  5.358  -82.029  28.773 0.2000000030
3738  5.199  -80.443  31.105 0.2000000030
1667  4.743  -79.528  28.179 0.2000000030
7731  5.495  -80.857  25.432 0.3000000119
3739  6.611  -78.749  29.295 0.2000000030
10045  18.094  -83.317  -13.510 0.5000000000
3740  5.339  -77.562  27.357 0.2000000030
7733  4.233  -76.265  24.610 0.3000000119
5102  6.575  -78.491  11.514 0.1000000015
554  7.468  -76.749  13.268 0.1000000015
2305  16.420  -70.481  17.562 0.4000000060
9472  20.448  -71.022  18.123 0.1000000015
5119  19.215  -69.713  15.822 0.1000000015
5118  18.242  -67.162  15.245 0.1000000015
7958  14.430  -65.811  -5.119 0.3000000119
1226  22.277  -67.946  16.371 0.2000000030
6816  21.138  -66.743  14.326 0.2000000030
133  23.259  -62.459  13.237 0.2000000030
4358  12.825  -54.221  -3.840 0.4000000060
9479  5.825  -71.799  13.528 0.1000000015
1280  27.405  -91.889  10.142 0.2000000030
6915  26.617  -92.932  13.990 0.1000000015
9670  27.060  -90.751  7.621 0.2000000030
6914  28.127  -92.262  12.925 0.1000000015
10046  20.560  -82.302  -11.245 0.3000000119
5598  21.018  -78.079  -8.161 0.3000000119
620  21.522  -75.685  -8.814 0.3000000119
7734  5.429  -74.355  22.635 0.4000000060
9466  8.846  -74.465  22.881 0.3000000119
2303  11.196  -72.874  21.284 0.4000000060
1766  16.887  -64.568  -7.978 0.3000000119
9481  8.531  -69.422  13.226 0.2000000030
7957  16.607  -63.582  -3.531 0.3000000119
8544  13.924  -62.743  -1.978 0.3000000119
2294  8.487  -95.980  7.624 0.2000000030
9448  7.957  -94.115  6.114 0.2000000030
2488  23.171  -89.920  -6.669 0.4000000060
10020  25.642  -87.447  -9.519 0.1000000015
6377  27.435  -87.698  -11.503 0.1000000015
446  28.089  -85.821  -12.206 0.1000000015
6375  32.709  -88.765  -13.821 0.1000000015
5577  22.713  -85.916  -8.110 0.3000000119
10022  24.210  -86.904  -8.212 0.3000000119
10023  26.535  -85.456  -11.115 0.1000000015
6376  29.709  -88.156  -13.191 0.1000000015
9474  13.746  -71.334  19.664 0.3000000119
10028  3.515  -79.968  1.375 0.1000000015
5582  3.159  -76.444  4.008 0.1000000015
5581  3.058  -73.338  6.485 0.1000000015
8529  3.162  -70.157  7.818 0.1000000015
8530  6.388  -66.666  7.949 0.1000000015
3145  24.055  -61.851  16.061 0.1000000015
7745  22.924  -59.008  16.534 0.1000000015
7746  22.667  -59.984  13.892 0.1000000015
4346  8.400  -62.223  5.655 0.1000000015
1986  13.512  -58.420  -3.045 0.3000000119
969  8.630  -64.523  6.062 0.1000000015
10012  11.196  -96.211  -9.006 0.1000000015
5209  19.223  -87.947  18.369 0.1000000015
5099  4.985  -88.249  6.836 0.2000000030
1668  6.711  -75.805  25.397 0.2000000030
5590  16.063  -67.810  -8.340 0.2000000030
5591  18.760  -68.428  -6.753 0.2000000030
5589  20.172  -64.688  -8.089 0.2000000030
7960  20.483  -62.849  -7.810 0.2000000030
7961  23.087  -62.391  -6.664 0.2000000030
7959  17.726  -63.499  -6.836 0.2000000030
1765  17.971  -60.820  -6.452 0.2000000030
8545  16.729  -59.829  -4.111 0.2000000030
4360  15.147  -52.001  -5.780 0.2000000030
1987  18.336  -53.983  -7.039 0.2000000030
8548  17.633  -50.310  -7.762 0.2000000030
4362  20.248  -48.588  -9.293 0.1000000015
974  17.458  -46.643  -8.692 0.1000000015
6361  16.018  -45.498  -7.737 0.1000000015
7080  13.885  -101.541  0.141 0.1000000015
7079  12.373  -100.506  3.808 0.1000000015
7081  15.008  -99.619  1.048 0.1000000015
1374  15.391  -100.638  -3.053 0.1000000015
7392  31.919  -87.354  -1.530 0.1000000015
9438  10.712  -99.488  7.042 0.1000000015
9439  11.717  -97.261  7.498 0.1000000015
7391  34.877  -85.197  -1.457 0.1000000015
6911  30.528  -88.847  10.597 0.1000000015
2371  26.997  -88.498  5.146 0.1000000015
7082  17.088  -98.348  -2.173 0.1000000015
6912  28.014  -89.273  9.576 0.1000000015
578  29.178  -86.842  8.740 0.1000000015
5275  31.366  -86.340  9.717 0.1000000015
5281  27.233  -87.599  7.203 0.1000000015
9668  27.754  -87.097  2.405 0.2000000030
5280  27.765  -85.249  4.539 0.2000000030
2898  38.007  -83.970  -0.531 0.1000000015
5279  28.379  -84.288  6.416 0.1000000015
5576  21.895  -85.026  -9.758 0.1000000015
2489  25.574  -84.744  -10.339 0.1000000015
618  23.507  -83.027  -9.374 0.1000000015
5578  24.685  -84.007  -9.741 0.1000000015
10047  22.669  -81.672  -8.793 0.2000000030
10049  24.999  -79.156  -7.087 0.2000000030
2497  21.212  -80.179  -8.089 0.2000000030
10050  26.236  -80.276  -7.541 0.2000000030
10048  23.981  -77.619  -6.364 0.2000000030
7103  23.231  -75.506  -6.340 0.1000000015
7102  23.275  -73.519  -6.173 0.1000000015
9584  26.463  -89.780  16.717 0.1000000015
9453  7.617  -83.473  8.964 0.1000000015
5600  27.622  -76.068  -7.372 0.1000000015
5104  10.431  -80.320  12.154 0.1000000015
5103  9.185  -81.813  10.585 0.1000000015
5127  14.258  -70.238  13.101 0.1000000015
2308  11.339  -71.954  14.796 0.1000000015
1522  29.945  -86.523  -0.221 0.1000000015
9667  29.632  -84.348  1.370 0.1000000015
3741  8.069  -77.744  27.079 0.1000000015
9465  9.922  -76.896  24.332 0.1000000015
7099  20.767  -69.337  -4.587 0.1000000015
7100  23.383  -69.494  -3.232 0.1000000015
7101  23.048  -72.201  -4.315 0.1000000015
7098  24.494  -66.025  -4.087 0.1000000015
342  22.182  -65.581  -5.945 0.1000000015
7965  28.475  -62.938  -4.169 0.1000000015
7964  25.468  -62.793  -4.913 0.1000000015
1768  28.802  -59.746  -4.566 0.1000000015
3902  20.748  -61.319  -7.181 0.1000000015
3146  23.496  -64.775  15.040 0.1000000015
3901  20.729  -58.093  -8.066 0.1000000015
8546  18.455  -57.561  -7.103 0.1000000015
4359  16.057  -55.742  -4.782 0.1000000015
