#!ascii label  , from subject fsaverage5 vox2ras=TkReg 
340
9437  10.717  -101.125  7.078 0.8000000119
2293  9.040  -99.194  10.563 0.6000000238
9436  9.707  -100.505  10.848 0.5000000000
9434  11.636  -102.037  7.312 0.8000000119
5558  13.699  -102.450  3.854 0.6999999881
551  12.335  -101.930  3.668 0.8000000119
5089  7.424  -96.843  12.373 0.8000000119
5090  9.057  -97.365  9.516 0.8999999762
9438  10.712  -99.488  7.042 0.8999999762
7079  12.373  -100.506  3.808 0.8999999762
7080  13.885  -101.541  0.141 0.8999999762
10003  15.639  -101.925  -3.563 0.8999999762
5098  4.916  -91.138  6.807 0.8999999762
7081  15.008  -99.619  1.048 0.8999999762
1374  15.391  -100.638  -3.053 0.8999999762
2482  17.482  -101.742  -3.381 0.8999999762
10004  17.711  -101.362  -6.713 1.0000000000
5562  16.296  -101.151  -6.755 1.0000000000
5091  6.564  -95.437  9.897 0.8000000119
9439  11.717  -97.261  7.498 1.0000000000
7082  17.088  -98.348  -2.173 1.0000000000
2294  8.487  -95.980  7.624 0.8999999762
9447  5.357  -93.713  7.649 0.6999999881
9448  7.957  -94.115  6.114 0.6999999881
5099  4.985  -88.249  6.836 0.8999999762
1373  13.736  -98.423  4.723 1.0000000000
2297  7.663  -91.464  5.956 1.0000000000
10002  19.537  -99.925  -6.239 0.6999999881
5561  16.381  -99.467  -6.275 1.0000000000
10005  20.396  -100.774  -9.309 0.8999999762
2483  18.026  -100.998  -9.873 0.8999999762
2296  4.351  -90.096  9.574 0.4000000060
5097  4.134  -87.403  9.150 0.8000000119
7954  5.328  -92.269  -9.640 0.8999999762
3899  4.519  -89.802  -8.847 0.8999999762
7955  5.739  -90.322  -11.460 0.6999999881
1764  5.644  -88.575  -9.611 0.6999999881
7083  17.777  -97.036  -5.891 1.0000000000
5563  16.715  -100.208  -9.712 0.8999999762
9440  11.921  -94.964  7.094 1.0000000000
5101  5.880  -85.605  7.642 1.0000000000
3294  16.619  -96.985  2.021 1.0000000000
3900  4.271  -86.284  -7.694 0.8999999762
208  23.274  -99.413  -7.897 0.6000000238
10006  21.295  -100.535  -11.995 0.6999999881
9449  11.435  -92.774  6.229 1.0000000000
5100  8.013  -89.280  6.537 1.0000000000
1763  5.341  -91.274  -5.888 0.8999999762
7953  6.473  -93.055  -6.253 0.8999999762
7084  6.572  -93.961  -9.083 0.8999999762
1376  6.665  -91.904  -11.698 0.6999999881
616  16.790  -98.364  -9.210 1.0000000000
3503  23.870  -99.628  -10.416 0.5000000000
5564  18.847  -100.344  -12.612 0.8999999762
9453  7.617  -83.473  8.964 1.0000000000
2298  8.805  -87.037  8.271 1.0000000000
1375  18.056  -95.311  -1.848 1.0000000000
339  8.137  -94.489  -6.379 1.0000000000
5565  17.087  -99.088  -12.267 0.8999999762
3293  14.795  -95.917  5.571 1.0000000000
3898  4.244  -87.927  -5.667 0.8999999762
10014  15.744  -97.104  -11.326 1.0000000000
131  15.029  -93.245  5.345 1.0000000000
9454  10.657  -84.758  9.857 1.0000000000
9450  10.993  -90.946  6.447 1.0000000000
9452  12.217  -87.540  8.336 1.0000000000
9451  10.980  -89.404  7.109 1.0000000000
10033  6.279  -84.920  -6.988 0.4000000060
5568  10.534  -95.087  -6.486 1.0000000000
7085  8.474  -95.219  -8.989 0.8999999762
10011  16.501  -95.789  -8.663 1.0000000000
7086  8.455  -93.044  -10.624 0.6999999881
3295  17.072  -94.139  1.923 1.0000000000
7950  8.921  -92.343  -3.697 1.0000000000
7952  7.618  -91.390  -2.495 1.0000000000
5566  10.930  -93.050  -4.616 1.0000000000
3897  6.694  -89.195  -3.469 1.0000000000
340  3.609  -84.382  -4.703 1.0000000000
10032  4.259  -82.031  -6.199 0.8000000119
10010  16.780  -94.180  -5.218 1.0000000000
1526  24.405  -98.945  -12.859 0.6000000238
10007  21.722  -99.346  -14.162 0.6999999881
2484  19.076  -98.947  -14.211 0.6999999881
10015  16.883  -97.439  -13.518 1.0000000000
9455  14.188  -85.271  8.430 1.0000000000
338  14.148  -86.735  5.327 1.0000000000
3893  13.154  -88.881  5.301 1.0000000000
10009  16.746  -92.647  -2.137 1.0000000000
5567  13.779  -93.189  -4.631 1.0000000000
2492  6.648  -81.233  -4.964 0.3000000119
1377  10.578  -94.339  -9.154 0.6999999881
10013  13.594  -96.446  -9.920 1.0000000000
2486  14.851  -95.929  -12.011 1.0000000000
7946  14.219  -91.190  4.924 1.0000000000
3895  11.864  -88.303  2.372 1.0000000000
3896  5.437  -86.087  -2.934 1.0000000000
2485  13.757  -94.930  -7.074 1.0000000000
10012  11.196  -96.211  -9.006 1.0000000000
5570  12.914  -95.290  -10.398 1.0000000000
3297  9.583  -90.281  -11.957 0.2000000030
7947  16.215  -91.666  1.486 1.0000000000
1760  13.552  -90.157  5.097 1.0000000000
6081  12.389  -86.218  1.261 1.0000000000
7949  12.124  -90.977  -1.682 1.0000000000
1762  10.166  -90.510  0.017 1.0000000000
10029  3.209  -80.693  -2.676 0.8999999762
10031  4.511  -78.755  -3.339 0.5000000000
7087  11.001  -91.111  -9.377 0.3000000119
5572  17.313  -95.766  -11.774 0.6000000238
5571  15.446  -94.303  -10.092 0.6000000238
2299  12.716  -82.897  10.421 1.0000000000
5103  9.185  -81.813  10.585 1.0000000000
6080  15.081  -84.801  4.164 1.0000000000
7951  9.370  -88.703  -0.465 1.0000000000
1761  14.209  -91.396  -2.304 1.0000000000
6084  4.371  -83.150  -1.170 1.0000000000
5569  13.456  -93.052  -8.207 0.3000000119
10016  19.558  -97.074  -13.521 0.4000000060
7948  14.593  -90.367  1.525 1.0000000000
6082  12.247  -84.322  0.011 1.0000000000
3894  12.824  -89.670  2.032 1.0000000000
819  9.303  -86.636  -2.152 1.0000000000
6083  8.068  -83.887  -1.019 1.0000000000
9456  15.488  -83.210  7.710 1.0000000000
818  15.319  -82.608  3.522 1.0000000000
2739  11.540  -81.933  1.168 1.0000000000
2491  3.055  -77.473  0.357 0.8999999762
9457  15.771  -81.002  7.570 1.0000000000
5104  10.431  -80.320  12.154 1.0000000000
1220  5.517  -80.097  10.089 0.8999999762
820  6.943  -81.824  1.223 1.0000000000
10028  3.515  -79.968  1.375 1.0000000000
5105  13.965  -81.136  10.853 1.0000000000
5102  6.575  -78.491  11.514 1.0000000000
2738  14.568  -80.066  3.736 1.0000000000
9458  15.499  -79.070  7.435 1.0000000000
31  13.235  -77.615  3.936 1.0000000000
6806  3.380  -77.052  12.324 0.8000000119
2740  10.568  -79.704  2.661 1.0000000000
10027  5.623  -78.840  3.640 1.0000000000
2300  14.351  -79.526  11.187 1.0000000000
9485  14.744  -77.152  7.336 1.0000000000
5106  11.260  -78.633  13.632 1.0000000000
9484  14.654  -77.825  11.311 1.0000000000
8526  8.731  -76.736  4.552 1.0000000000
8525  11.800  -75.433  4.889 1.0000000000
5582  3.159  -76.444  4.008 1.0000000000
554  7.468  -76.749  13.268 1.0000000000
2309  15.091  -75.851  11.088 1.0000000000
9483  12.296  -76.517  14.656 1.0000000000
9486  14.058  -75.535  7.840 1.0000000000
6807  4.448  -74.830  12.687 0.8999999762
9482  8.816  -74.280  14.824 1.0000000000
5128  14.052  -74.357  14.213 1.0000000000
5130  16.407  -74.420  9.762 1.0000000000
1979  11.683  -73.645  6.717 1.0000000000
1980  4.688  -75.582  6.275 1.0000000000
5583  3.348  -74.416  3.552 0.8999999762
2308  11.339  -71.954  14.796 1.0000000000
9479  5.825  -71.799  13.528 1.0000000000
9487  14.955  -73.584  7.246 1.0000000000
8527  7.892  -74.302  6.446 1.0000000000
5581  3.058  -73.338  6.485 1.0000000000
5129  16.390  -72.721  12.129 1.0000000000
2310  18.167  -73.272  7.588 1.0000000000
438  3.293  -71.173  5.677 0.6999999881
9481  8.531  -69.422  13.226 1.0000000000
4343  12.437  -71.468  6.250 1.0000000000
4344  8.426  -71.565  7.546 1.0000000000
8528  4.674  -72.539  7.780 1.0000000000
5127  14.258  -70.238  13.101 1.0000000000
5131  18.418  -72.002  9.788 1.0000000000
9478  3.686  -70.135  13.540 0.8000000119
9488  16.367  -72.257  5.302 1.0000000000
8529  3.162  -70.157  7.818 1.0000000000
9489  20.412  -70.972  7.994 1.0000000000
9490  20.132  -71.808  5.722 1.0000000000
4345  9.162  -69.098  6.964 1.0000000000
1981  5.189  -69.452  8.565 1.0000000000
6822  19.490  -69.201  9.170 1.0000000000
557  17.130  -69.587  10.757 1.0000000000
5126  11.935  -67.966  11.798 0.8999999762
9477  3.116  -69.823  15.817 0.3000000119
437  13.607  -69.851  4.856 1.0000000000
8530  6.388  -66.666  7.949 1.0000000000
8531  3.855  -66.781  8.019 0.8000000119
8532  3.618  -67.862  6.256 0.6999999881
2306  6.017  -68.432  16.346 0.1000000015
5123  5.316  -67.017  14.014 0.2000000030
2307  6.250  -67.290  12.239 0.8999999762
5133  22.719  -70.033  6.657 1.0000000000
9491  18.315  -70.804  3.797 1.0000000000
6351  10.611  -67.228  5.372 1.0000000000
5125  15.090  -67.305  9.752 1.0000000000
5122  9.694  -66.494  15.389 0.1000000015
2311  22.516  -70.101  4.473 1.0000000000
4347  5.577  -63.925  7.154 0.6000000238
6821  18.103  -66.974  8.131 1.0000000000
1230  21.793  -68.611  8.071 1.0000000000
6350  15.560  -68.498  3.277 1.0000000000
969  8.630  -64.523  6.062 1.0000000000
6823  20.446  -66.672  7.301 0.8999999762
5134  24.686  -68.480  5.746 0.8999999762
9492  20.944  -69.065  2.700 1.0000000000
4348  6.116  -62.135  5.235 0.6000000238
6352  13.060  -65.794  3.517 1.0000000000
5132  23.754  -67.595  7.272 0.8000000119
5135  24.713  -68.074  3.767 0.8999999762
4346  8.400  -62.223  5.655 0.8999999762
6353  11.829  -63.355  3.834 1.0000000000
968  18.442  -67.096  1.967 0.8999999762
6824  22.287  -66.041  6.981 0.6000000238
1229  19.552  -64.995  7.868 0.6000000238
9493  23.689  -66.831  2.043 0.8999999762
6354  11.453  -61.120  3.760 1.0000000000
2889  16.551  -64.540  1.830 1.0000000000
558  25.371  -65.774  6.771 0.6999999881
5136  26.451  -66.054  5.222 0.8999999762
2312  26.585  -65.305  3.215 0.8999999762
439  8.314  -60.546  4.019 0.6000000238
2888  21.521  -65.048  1.189 1.0000000000
970  15.403  -61.998  1.950 1.0000000000
6825  23.766  -64.679  7.042 0.4000000060
1231  22.774  -63.886  7.926 0.1000000015
8538  10.732  -59.370  2.457 1.0000000000
4350  7.235  -61.501  2.541 0.4000000060
2890  19.954  -62.611  0.866 1.0000000000
9497  24.532  -62.626  7.314 0.3000000119
9500  26.324  -63.204  6.552 0.4000000060
9496  23.173  -62.164  8.438 0.1000000015
2313  22.684  -60.093  8.740 0.1000000015
9494  25.642  -64.000  1.515 0.8000000119
8541  8.564  -59.151  1.695 0.5000000000
8537  14.720  -59.969  1.568 1.0000000000
9501  27.666  -63.089  4.934 0.4000000060
9499  24.320  -60.229  7.630 0.1000000015
83  23.850  -62.373  0.716 0.8000000119
8542  8.887  -59.993  -0.291 0.1000000015
8536  18.854  -59.962  0.736 1.0000000000
9502  27.804  -62.223  2.866 0.6000000238
2314  26.225  -60.266  6.721 0.1000000015
5141  22.959  -57.904  7.634 0.1000000015
9503  26.856  -60.790  1.251 0.8000000119
1984  13.826  -58.059  0.477 0.8999999762
7380  22.434  -60.033  0.187 0.8000000119
8540  10.817  -57.161  0.469 0.8000000119
5143  27.665  -59.851  5.130 0.1000000015
7379  25.378  -59.519  0.333 0.6999999881
4352  17.986  -57.720  -0.079 0.8999999762
1985  9.857  -56.473  -0.571 0.1000000015
1518  21.176  -57.243  -0.463 0.8000000119
8539  14.046  -54.748  -1.195 0.5000000000
2315  27.918  -59.215  3.022 0.1000000015
9504  27.077  -58.048  1.418 0.2000000030
1517  26.022  -56.714  0.219 0.2000000030
7381  23.897  -57.153  -0.512 0.3000000119
4353  17.433  -55.435  -1.786 0.6999999881
4355  11.727  -53.686  -1.190 0.2000000030
4351  20.547  -54.714  -2.019 0.5000000000
6356  17.318  -52.263  -3.497 0.3000000119
553  3.984  -84.950  9.130 1.0000000000
6804  4.284  -82.178  9.299 0.8999999762
10030  4.975  -76.481  0.445 0.6000000238
1982  4.534  -64.663  5.963 0.5000000000
3150  21.428  -64.896  7.696 0.1000000015
7382  22.754  -54.417  -1.801 0.5000000000
972  14.377  -51.400  -2.907 0.2000000030
5559  16.902  -102.200  0.404 0.6999999881
5560  14.867  -102.565  -0.021 0.6999999881
9433  13.450  -101.983  7.671 0.4000000060
10000  19.246  -101.194  0.930 0.5000000000
2291  15.789  -101.583  4.122 0.5000000000
2292  11.519  -100.719  10.559 0.2000000030
10001  19.542  -100.301  -2.558 0.6999999881
688  21.852  -99.841  -1.868 0.3000000119
3499  25.586  -98.702  -4.251 0.5000000000
2607  22.598  -98.658  0.241 0.2000000030
5845  23.730  -98.830  -1.928 0.2000000030
5846  22.552  -98.727  -4.664 0.5000000000
9446  4.882  -92.585  10.678 0.4000000060
5088  8.576  -98.186  13.123 0.6000000238
552  5.991  -94.308  12.665 0.3000000119
5096  5.987  -87.111  12.029 0.3000000119
5095  6.053  -84.422  11.687 0.2000000030
6803  4.832  -81.814  12.499 0.5000000000
6805  3.804  -79.367  12.716 0.6000000238
3140  3.715  -76.304  15.431 0.5000000000
1221  3.050  -73.519  14.476 0.6000000238
9480  10.094  -65.709  10.432 0.8000000119
1228  13.667  -64.947  8.916 0.8000000119
6820  17.014  -64.618  8.116 0.5000000000
9431  18.534  -100.657  4.135 0.3000000119
2608  21.258  -100.472  1.382 0.3000000119
7093  5.308  -69.358  4.164 0.3000000119
5124  9.271  -65.244  12.643 0.3000000119
6818  13.157  -64.170  11.672 0.4000000060
9435  10.445  -98.786  12.726 0.2000000030
7956  8.172  -87.748  -11.986 0.2000000030
10034  8.806  -86.613  -8.793 0.2000000030
7094  5.176  -72.866  3.800 0.3000000119
5086  12.757  -98.630  11.251 0.1000000015
5085  14.402  -100.736  10.662 0.1000000015
9432  16.328  -101.181  7.829 0.1000000015
9430  19.551  -100.043  7.304 0.1000000015
9592  22.611  -98.826  5.336 0.1000000015
6  20.835  -99.814  3.965 0.1000000015
9674  24.287  -97.626  3.929 0.1000000015
2606  22.354  -98.305  2.436 0.1000000015
1215  10.070  -96.163  13.659 0.1000000015
3500  28.097  -97.200  -3.890 0.2000000030
5087  7.778  -95.253  13.957 0.1000000015
3296  8.520  -89.375  -12.967 0.3000000119
3501  26.341  -98.739  -7.401 0.3000000119
3502  26.635  -98.282  -9.925 0.2000000030
154  11.615  -87.217  -14.492 0.1000000015
10035  11.158  -84.776  -12.713 0.1000000015
7400  24.955  -97.250  -14.279 0.3000000119
8533  5.691  -66.775  3.924 0.2000000030
1381  7.111  -69.125  1.086 0.1000000015
4349  6.278  -63.873  3.225 0.1000000015
3298  12.611  -88.609  -13.224 0.1000000015
10008  22.289  -97.397  -14.556 0.3000000119
617  16.253  -92.143  -7.445 0.1000000015
7088  14.558  -90.029  -7.836 0.1000000015
7089  17.557  -89.116  -7.155 0.1000000015
3141  3.149  -73.090  17.516 0.1000000015
6819  16.360  -64.460  11.190 0.1000000015
7383  22.207  -51.858  -3.378 0.1000000015
204  20.176  -52.134  -3.752 0.1000000015
3489  24.552  -54.149  -0.888 0.2000000030
556  13.419  -65.210  14.858 0.1000000015
7399  27.030  -97.427  -12.208 0.1000000015
2899  27.913  -95.727  -13.927 0.1000000015
2900  30.845  -93.516  -13.115 0.1000000015
979  29.228  -95.189  -11.148 0.1000000015
1219  5.947  -78.575  16.084 0.2000000030
5573  18.424  -93.811  -8.754 0.1000000015
2487  20.343  -95.398  -10.836 0.1000000015
7095  7.677  -71.649  2.400 0.1000000015
6802  6.939  -81.025  16.163 0.1000000015
