#!ascii label  , from subject  vox2ras=TkReg coords=orig
350
73617  -20.493  -7.378  -7.569 0.5555555820
73630  -21.292  -7.676  -8.812 0.6666666865
74914  -21.322  -6.830  -9.453 0.7777777910
74915  -22.078  -7.377  -9.971 0.7777777910
76109  -21.904  -5.623  -10.529 0.8888888955
76120  -24.059  -5.920  -11.944 0.8888888955
72269  -20.561  -8.177  -6.963 0.5555555820
74894  -20.505  -6.562  -8.359 0.6666666865
74913  -20.612  -6.112  -8.959 0.8888888955
74932  -22.357  -6.812  -10.397 0.8888888955
76110  -22.648  -6.020  -10.885 0.8888888955
76124  -23.665  -5.289  -12.064 1.0000000000
76125  -24.465  -5.485  -12.524 0.8888888955
76132  -24.934  -5.108  -13.052 1.0000000000
77126  -20.747  -4.836  -9.651 1.0000000000
77134  -20.587  -4.116  -9.715 1.0000000000
77136  -21.905  -4.837  -10.890 1.0000000000
78155  -22.308  -3.806  -11.911 1.0000000000
77142  -21.649  -4.187  -11.035 1.0000000000
77150  -22.791  -4.253  -12.054 1.0000000000
78154  -21.708  -3.534  -11.495 1.0000000000
78161  -22.775  -3.486  -12.431 1.0000000000
78163  -24.418  -3.922  -13.361 1.0000000000
78162  -23.715  -3.607  -13.017 1.0000000000
78170  -24.958  -3.580  -13.818 1.0000000000
79233  -24.105  -2.421  -13.952 1.0000000000
79234  -25.271  -2.840  -14.397 0.7777777910
78146  -20.771  -3.372  -10.187 0.8888888955
78147  -21.230  -3.490  -10.871 1.0000000000
78160  -22.010  -3.184  -12.039 1.0000000000
79206  -21.251  -2.997  -11.284 1.0000000000
79224  -22.129  -2.513  -12.449 1.0000000000
79225  -23.088  -2.520  -13.132 1.0000000000
79232  -23.324  -1.989  -13.603 1.0000000000
79243  -24.373  -1.860  -14.579 1.0000000000
79244  -24.892  -2.130  -14.711 1.0000000000
79245  -25.793  -2.307  -14.991 0.8888888955
80389  -25.517  -1.349  -15.511 1.0000000000
80390  -26.291  -1.411  -15.566 0.7777777910
81478  -26.798  -0.754  -15.606 0.7777777910
80350  -21.014  -1.516  -11.334 0.5555555820
81440  -21.304  -0.675  -12.148 0.7777777910
80351  -21.205  -1.573  -11.774 0.8888888955
80362  -22.212  -1.646  -12.896 1.0000000000
81441  -21.738  -0.987  -12.697 0.8888888955
81453  -22.147  -0.644  -13.321 1.0000000000
81454  -22.807  -0.886  -13.785 1.0000000000
81467  -23.992  -0.781  -14.864 1.0000000000
80388  -24.911  -0.908  -15.571 0.8888888955
81475  -24.399  -0.357  -15.419 1.0000000000
81476  -25.165  -0.335  -15.955 0.8888888955
82635  -26.407  0.263  -16.203 0.7777777910
83827  -27.170  1.342  -15.126 0.6666666865
83841  -26.856  1.313  -15.738 0.6666666865
81439  -21.174  -0.363  -11.905 0.7777777910
82596  -21.199  0.218  -12.056 0.6666666865
82608  -21.609  0.333  -13.311 0.7777777910
82609  -22.108  0.146  -13.729 0.8888888955
81466  -23.260  -0.525  -14.367 1.0000000000
82622  -22.504  0.524  -14.317 1.0000000000
82623  -23.268  0.289  -14.745 1.0000000000
82633  -24.565  0.551  -16.045 1.0000000000
82634  -25.135  0.379  -16.356 0.8888888955
82642  -25.998  0.969  -16.673 0.7777777910
83840  -26.448  1.396  -16.336 0.7777777910
84984  -27.203  2.392  -14.813 0.5555555820
85001  -26.769  2.174  -15.769 0.7777777910
83796  -21.250  1.319  -12.844 0.6666666865
83810  -21.453  1.358  -13.503 0.7777777910
84966  -21.354  1.970  -13.508 0.7777777910
83825  -21.827  1.424  -14.219 0.8888888955
83826  -22.407  1.504  -14.783 0.8888888955
83837  -23.061  1.549  -15.384 1.0000000000
83838  -23.887  1.555  -16.150 1.0000000000
82632  -23.694  0.602  -15.395 0.8888888955
83848  -24.723  1.747  -16.859 0.8888888955
85016  -25.957  2.258  -17.005 0.8888888955
83850  -26.007  1.557  -16.808 0.7777777910
83856  -24.972  2.213  -17.235 0.8888888955
85015  -25.630  2.156  -17.171 0.7777777910
86180  -26.321  3.316  -17.040 0.7777777910
86164  -26.985  3.413  -15.570 0.7777777910
87231  -27.366  4.340  -15.150 0.6666666865
84965  -21.330  2.309  -13.329 0.6666666865
84982  -21.429  2.424  -13.987 0.8888888955
84983  -21.857  2.110  -14.625 0.8888888955
84998  -22.295  2.483  -15.262 1.0000000000
85013  -23.437  2.657  -16.327 1.0000000000
83847  -24.051  2.149  -16.564 0.8888888955
87258  -26.440  4.443  -17.359 0.7777777910
88249  -27.334  5.284  -15.957 0.6666666865
89262  -27.831  6.174  -15.479 0.5555555820
84981  -21.335  2.909  -13.626 0.7777777910
86135  -21.340  3.323  -13.373 0.6666666865
86161  -21.667  3.411  -15.093 1.0000000000
86162  -22.168  3.458  -15.664 1.0000000000
86179  -24.119  3.292  -17.111 0.8888888955
85022  -24.661  2.682  -17.129 0.8888888955
86193  -25.264  3.765  -17.649 0.8888888955
85024  -25.783  3.151  -17.398 0.8888888955
89274  -27.274  5.990  -16.958 0.7777777910
88265  -27.327  5.686  -16.595 0.7777777910
89288  -26.867  6.278  -17.598 0.7777777910
89275  -27.570  6.265  -16.420 0.5555555820
90280  -28.099  7.588  -15.292 0.5555555820
90294  -27.650  7.101  -16.751 0.6666666865
87216  -21.094  4.322  -13.758 0.5555555820
87229  -21.076  4.302  -14.344 0.7777777910
87230  -21.281  4.017  -14.865 1.0000000000
87255  -22.003  4.722  -15.946 1.0000000000
87256  -22.608  4.496  -16.448 0.8888888955
87257  -23.279  4.570  -17.033 0.8888888955
86191  -23.828  3.926  -17.223 0.8888888955
87268  -24.574  4.655  -17.769 0.8888888955
87270  -25.965  4.822  -17.863 0.8888888955
91309  -27.958  8.217  -16.058 0.5555555820
89223  -21.000  5.666  -14.308 0.6666666865
89258  -21.692  5.869  -15.653 0.7777777910
88262  -22.710  5.461  -16.819 0.8888888955
89272  -22.171  6.069  -16.412 0.7777777910
88275  -23.049  5.850  -17.302 0.7777777910
88263  -23.309  5.241  -17.296 0.8888888955
89286  -24.569  6.295  -18.321 0.7777777910
88289  -25.231  6.293  -18.419 0.7777777910
88278  -25.553  5.708  -18.149 0.7777777910
89287  -26.178  6.128  -18.054 0.6666666865
90319  -26.274  7.502  -18.476 0.6666666865
90320  -26.992  7.716  -18.139 0.6666666865
90306  -26.774  7.081  -18.015 0.6666666865
90307  -27.284  7.281  -17.495 0.5555555820
92318  -27.477  9.466  -18.280 0.6666666865
92306  -27.733  9.052  -17.775 0.5555555820
91332  -27.812  8.901  -17.524 0.5555555820
91320  -27.685  7.874  -16.941 0.4444444478
92307  -28.155  9.445  -17.464 0.5555555820
90305  -23.189  7.409  -17.388 0.5555555820
90304  -22.735  6.793  -17.144 0.7777777910
89284  -23.149  6.477  -17.464 0.7777777910
90316  -23.774  7.719  -18.215 0.6666666865
89285  -23.939  6.648  -18.101 0.6666666865
89298  -24.200  7.221  -18.409 0.6666666865
90318  -25.312  7.590  -18.745 0.6666666865
91344  -25.851  8.493  -18.758 0.6666666865
92319  -28.182  10.123  -18.054 0.5555555820
93223  -29.126  11.298  -18.211 0.5555555820
90317  -24.451  7.741  -18.603 0.6666666865
92317  -26.415  9.455  -18.732 0.6666666865
93221  -27.826  10.554  -18.624 0.6666666865
94163  -28.896  11.684  -18.662 0.5555555820
93222  -28.671  10.846  -18.311 0.6666666865
91341  -23.540  8.579  -17.779 0.6666666865
91342  -24.062  8.620  -18.402 0.6666666865
92316  -25.395  9.497  -18.769 0.6666666865
91343  -24.887  8.566  -18.754 0.6666666865
74931  -21.671  -6.229  -10.107 0.8888888955
76096  -20.682  -5.551  -9.280 1.0000000000
77151  -23.542  -4.499  -12.419 1.0000000000
83839  -24.536  1.164  -16.433 0.8888888955
86149  -21.245  3.482  -13.902 0.7777777910
87243  -22.207  4.123  -15.951 1.0000000000
86194  -25.913  3.989  -17.675 0.8888888955
89273  -22.585  6.289  -17.021 0.7777777910
91321  -27.934  8.668  -17.062 0.4444444478
92314  -23.806  9.531  -18.042 0.6666666865
82584  -21.369  0.171  -11.391 0.4444444478
71043  -20.932  -9.318  -7.037 0.5555555820
72288  -21.407  -8.894  -8.086 0.5555555820
72300  -21.201  -8.052  -8.430 0.6666666865
73642  -21.677  -7.891  -9.214 0.5555555820
72333  -22.629  -8.389  -9.942 0.5555555820
73671  -23.927  -7.335  -11.276 0.7777777910
74942  -24.002  -6.628  -11.601 0.8888888955
71042  -20.569  -9.107  -6.561 0.5555555820
73659  -22.642  -7.856  -10.187 0.6666666865
73660  -23.450  -7.761  -10.754 0.6666666865
74933  -23.265  -6.710  -11.074 0.8888888955
74954  -25.044  -6.130  -12.622 0.7777777910
76133  -25.606  -5.171  -13.329 0.8888888955
72256  -20.359  -8.148  -6.039 0.4444444478
77159  -24.991  -4.489  -13.427 1.0000000000
78171  -25.932  -3.545  -14.280 0.8888888955
78180  -26.288  -2.981  -14.657 0.6666666865
79253  -26.400  -2.037  -15.258 0.7777777910
80383  -27.247  -1.464  -14.917 0.6666666865
81468  -27.297  -0.485  -14.938 0.6666666865
82624  -27.395  0.436  -14.667 0.5555555820
86151  -27.384  3.408  -14.571 0.5555555820
92315  -24.494  9.496  -18.482 0.6666666865
93220  -26.948  10.449  -18.829 0.6666666865
94161  -27.439  11.261  -19.134 0.6666666865
94175  -27.900  11.798  -19.555 0.6666666865
94162  -28.190  11.318  -18.938 0.6666666865
95144  -28.838  12.269  -19.166 0.6666666865
73595  -20.362  -7.201  -6.596 0.5555555820
73629  -20.868  -7.537  -8.311 0.6666666865
72287  -20.973  -8.379  -7.882 0.6666666865
72301  -21.715  -8.625  -8.712 0.6666666865
74895  -20.965  -7.156  -8.751 0.6666666865
73643  -22.109  -7.952  -9.688 0.7777777910
76118  -22.402  -5.342  -11.063 1.0000000000
76108  -21.253  -5.585  -9.887 1.0000000000
76119  -23.194  -5.663  -11.498 0.8888888955
71064  -20.845  -8.862  -7.193 0.5555555820
74876  -20.264  -6.373  -7.239 0.6666666865
77144  -23.118  -4.841  -11.889 1.0000000000
76126  -25.294  -5.760  -12.928 1.0000000000
77152  -24.349  -4.518  -12.949 1.0000000000
76095  -20.254  -5.474  -8.598 0.8888888955
77125  -20.195  -4.520  -9.048 0.8888888955
77135  -21.228  -4.493  -10.339 1.0000000000
77143  -22.373  -4.558  -11.487 1.0000000000
77160  -25.785  -4.386  -13.737 0.8888888955
78169  -24.191  -3.299  -13.483 1.0000000000
79226  -23.759  -2.970  -13.388 1.0000000000
79205  -21.008  -2.444  -10.928 1.0000000000
78134  -20.471  -3.469  -9.312 0.6666666865
79217  -21.413  -2.501  -11.747 1.0000000000
80361  -21.580  -1.663  -12.322 1.0000000000
80371  -22.801  -1.527  -13.438 1.0000000000
80380  -23.914  -1.438  -14.503 1.0000000000
80381  -24.646  -1.356  -15.059 1.0000000000
81477  -25.991  -0.536  -16.090 0.8888888955
79216  -21.095  -2.005  -11.446 0.7777777910
81430  -21.131  -1.093  -11.668 0.7777777910
82597  -21.338  0.290  -12.701 0.6666666865
81452  -21.570  -0.339  -12.844 0.8888888955
81474  -23.734  -0.158  -14.949 1.0000000000
81479  -25.547  0.106  -16.336 0.8888888955
81480  -25.900  0.293  -16.450 0.8888888955
82636  -26.992  0.463  -15.594 0.7777777910
81429  -21.142  -0.636  -11.488 0.4444444478
83797  -21.318  0.826  -13.098 0.6666666865
82621  -21.832  0.745  -13.844 0.8888888955
82631  -23.002  0.910  -14.899 1.0000000000
82641  -25.411  0.842  -16.653 0.7777777910
85000  -26.418  2.423  -16.522 0.7777777910
84999  -23.091  2.231  -15.794 1.0000000000
87244  -26.791  4.080  -16.528 0.7777777910
86163  -26.640  3.073  -16.308 0.7777777910
87245  -27.045  4.396  -15.903 0.6666666865
84997  -21.692  2.779  -14.689 0.8888888955
85012  -22.735  2.876  -15.860 1.0000000000
88248  -27.050  4.746  -16.356 0.6666666865
90264  -28.019  6.907  -15.102 0.5555555820
86150  -21.382  3.428  -14.463 0.8888888955
86178  -23.430  3.590  -16.779 1.0000000000
88279  -26.374  5.404  -17.723 0.8888888955
90279  -27.801  7.122  -15.928 0.5555555820
87241  -21.185  4.591  -14.877 1.0000000000
88246  -21.304  5.082  -15.142 0.7777777910
88234  -21.014  5.079  -14.608 0.7777777910
88247  -21.648  5.179  -15.628 0.7777777910
89242  -21.451  6.094  -14.925 0.5555555820
90291  -21.979  6.332  -16.076 0.6666666865
89241  -21.276  5.590  -14.970 0.7777777910
88218  -20.823  4.971  -14.092 0.7777777910
89257  -21.455  5.480  -15.334 0.7777777910
88277  -24.659  5.660  -18.120 0.7777777910
89299  -24.758  6.779  -18.573 0.6666666865
89301  -26.378  6.700  -18.184 0.6666666865
91345  -26.776  8.485  -18.429 0.6666666865
91331  -27.488  8.416  -17.746 0.5555555820
92299  -28.375  9.203  -16.486 0.4444444478
79246  -26.551  -2.499  -14.950 0.6666666865
94176  -28.432  11.883  -19.253 0.6666666865
69898  -24.617  -10.400  -9.770 0.4444444478
71066  -21.870  -9.756  -7.931 0.4444444478
69867  -22.359  -10.365  -7.977 0.4444444478
71080  -22.217  -9.626  -8.533 0.4444444478
71095  -22.673  -9.708  -9.159 0.4444444478
71097  -23.824  -10.014  -9.869 0.4444444478
72315  -23.127  -9.241  -9.877 0.4444444478
72334  -23.296  -8.785  -10.225 0.4444444478
73661  -24.256  -7.964  -11.188 0.4444444478
76127  -26.151  -5.899  -13.073 0.5555555820
76134  -26.476  -5.125  -13.460 0.6666666865
77161  -26.687  -4.139  -13.817 0.6666666865
78173  -27.289  -3.258  -13.920 0.5555555820
78172  -26.628  -3.404  -14.278 0.5555555820
93219  -25.952  10.493  -18.765 0.5555555820
94174  -27.256  11.890  -19.695 0.5555555820
96165  -28.351  12.834  -20.563 0.5555555820
68794  -24.511  -11.187  -9.091 0.4444444478
76135  -27.173  -4.785  -13.258 0.6666666865
94160  -26.541  11.601  -19.194 0.5555555820
94173  -26.866  12.118  -19.778 0.5555555820
72314  -22.531  -8.906  -9.547 0.4444444478
95159  -28.402  12.430  -19.912 0.5555555820
93218  -24.892  10.534  -18.490 0.5555555820
95158  -27.682  12.268  -20.206 0.5555555820
95171  -28.024  12.581  -20.661 0.5555555820
94159  -25.494  11.507  -18.628 0.5555555820
71065  -21.315  -9.328  -7.565 0.4444444478
78181  -26.856  -2.896  -14.547 0.5555555820
79247  -27.068  -2.302  -14.852 0.5555555820
72302  -22.292  -9.208  -8.996 0.4444444478
69897  -23.658  -10.560  -9.328 0.4444444478
69909  -25.093  -10.145  -10.028 0.4444444478
69866  -21.735  -10.252  -7.462 0.4444444478
68781  -22.847  -11.000  -8.029 0.4444444478
68782  -23.470  -11.283  -8.371 0.4444444478
69882  -22.946  -10.475  -8.719 0.4444444478
69896  -23.081  -10.156  -9.264 0.4444444478
71096  -23.184  -9.744  -9.623 0.4444444478
71118  -23.524  -9.503  -10.009 0.4444444478
71119  -24.245  -9.655  -10.252 0.4444444478
77162  -27.354  -4.084  -13.357 0.5555555820
68793  -23.866  -11.188  -8.863 0.4444444478
93210  -24.304  10.915  -18.017 0.4444444478
95157  -27.088  12.299  -20.337 0.4444444478
95170  -27.504  12.565  -21.043 0.4444444478
96189  -27.945  13.123  -22.311 0.4444444478
96176  -28.147  13.087  -21.398 0.4444444478
97178  -28.084  14.118  -23.131 0.4444444478
97165  -28.196  13.854  -22.418 0.4444444478
96175  -27.555  12.694  -21.669 0.4444444478
97164  -27.765  13.261  -22.716 0.4444444478
93217  -24.193  10.223  -18.178 0.4444444478
80372  -23.354  -1.471  -13.937 1.0000000000
79235  -25.836  -2.961  -14.624 0.8888888955
80382  -25.222  -1.801  -15.083 1.0000000000
79252  -26.027  -1.819  -15.386 0.8888888955
80391  -26.800  -1.734  -15.265 0.7777777910
81465  -22.557  -0.267  -13.888 0.8888888955
82563  -21.398  -0.082  -10.982 0.4444444478
82640  -24.881  0.894  -16.542 0.8888888955
83849  -25.545  1.732  -17.011 0.8888888955
83809  -21.311  1.750  -13.282 0.7777777910
85014  -24.096  2.682  -16.809 0.8888888955
83857  -25.164  2.003  -17.219 0.8888888955
85023  -25.303  2.594  -17.291 0.8888888955
86177  -22.732  3.529  -16.212 1.0000000000
88264  -27.037  5.202  -16.960 0.7777777910
87242  -21.613  4.334  -15.432 1.0000000000
86192  -24.529  3.630  -17.424 0.8888888955
87269  -25.340  4.744  -17.928 0.8888888955
89289  -27.400  6.563  -17.092 0.6666666865
91308  -27.723  7.583  -16.420 0.5555555820
88261  -22.088  5.345  -16.180 0.8888888955
87267  -23.859  4.598  -17.474 0.8888888955
88276  -23.758  5.600  -17.699 0.7777777910
88288  -24.950  6.121  -18.374 0.7777777910
89300  -25.676  6.642  -18.449 0.7777777910
71079  -21.698  -9.243  -8.167 0.5555555820
72313  -22.003  -8.347  -9.308 0.4444444478
79254  -26.743  -2.193  -15.132 0.6666666865
69908  -24.828  -10.009  -10.138 0.4444444478
78182  -27.192  -2.684  -14.391 0.5555555820
69883  -23.478  -10.892  -8.840 0.4444444478
95182  -27.212  12.643  -21.644 0.4444444478
