#!ascii label  , from subject  vox2ras=TkReg coords=orig
243
77863  14.946  1.173  -17.027 1.0000000000
78920  14.650  1.656  -16.429 1.0000000000
77843  14.833  0.499  -16.285 1.0000000000
77862  15.308  0.505  -17.367 1.0000000000
80029  14.457  2.535  -16.710 0.8750000000
78935  14.765  1.864  -17.282 1.0000000000
77884  15.566  0.950  -18.061 1.0000000000
78934  15.165  1.350  -17.739 1.0000000000
81226  14.215  3.414  -17.056 1.0000000000
78951  15.469  1.710  -18.565 1.0000000000
78952  14.949  1.960  -17.981 1.0000000000
80040  14.605  2.586  -17.683 1.0000000000
78950  16.163  1.552  -19.106 1.0000000000
77882  16.881  0.886  -18.830 1.0000000000
77883  16.054  0.900  -18.507 1.0000000000
82391  14.021  4.461  -17.267 1.0000000000
81239  14.602  3.423  -18.459 1.0000000000
78964  15.730  2.083  -19.246 1.0000000000
80055  15.299  2.689  -19.003 1.0000000000
81238  15.113  3.188  -19.039 1.0000000000
80069  16.149  2.773  -19.706 1.0000000000
78949  16.776  1.877  -19.399 1.0000000000
80068  16.908  2.707  -19.697 1.0000000000
80054  17.280  2.152  -19.412 1.0000000000
83505  13.984  5.674  -18.384 1.0000000000
81257  14.676  4.276  -19.047 1.0000000000
82400  14.202  4.716  -18.292 1.0000000000
81255  16.245  3.579  -19.923 1.0000000000
81256  15.334  3.501  -19.516 1.0000000000
81254  16.971  3.618  -19.838 1.0000000000
80053  17.832  2.587  -19.164 0.8750000000
85605  14.081  7.477  -17.845 0.6250000000
84582  13.845  6.591  -18.595 0.6250000000
83517  14.229  5.718  -19.378 1.0000000000
83514  16.545  5.485  -20.458 1.0000000000
82424  15.305  5.309  -20.469 1.0000000000
82410  15.631  4.664  -20.210 1.0000000000
82411  14.874  4.822  -19.687 1.0000000000
82409  16.436  4.446  -20.160 1.0000000000
83513  17.462  5.500  -19.621 0.8750000000
82408  17.172  4.500  -19.817 1.0000000000
81253  17.608  3.626  -19.399 0.8750000000
85621  13.980  7.519  -18.842 0.8750000000
84603  14.310  6.659  -20.328 1.0000000000
84592  13.970  6.647  -19.543 1.0000000000
83527  16.042  6.012  -20.984 1.0000000000
84602  14.846  6.536  -20.965 1.0000000000
83516  14.663  5.487  -20.032 1.0000000000
84600  16.350  6.599  -20.969 1.0000000000
84591  17.131  6.508  -20.241 1.0000000000
86699  14.168  8.663  -20.792 1.0000000000
85645  14.300  7.601  -20.706 1.0000000000
85632  13.996  7.542  -19.802 1.0000000000
86698  16.521  8.603  -21.320 1.0000000000
85643  15.773  7.715  -21.439 1.0000000000
86697  17.481  8.665  -20.535 1.0000000000
85631  17.603  7.549  -19.903 1.0000000000
85642  16.864  7.563  -20.849 1.0000000000
87764  14.119  9.547  -20.994 1.0000000000
86711  15.646  8.797  -21.595 1.0000000000
86712  14.993  8.944  -21.572 1.0000000000
91840  14.137  12.852  -21.003 1.0000000000
90900  14.051  11.990  -20.802 1.0000000000
89883  14.129  11.302  -21.316 1.0000000000
90909  14.164  12.151  -21.575 1.0000000000
87777  14.547  9.840  -21.530 1.0000000000
87776  15.309  9.724  -21.817 1.0000000000
88893  15.931  10.642  -22.131 1.0000000000
87775  16.184  9.565  -21.695 1.0000000000
89895  14.441  11.480  -22.006 1.0000000000
89893  16.420  11.690  -22.569 1.0000000000
89894  15.265  11.720  -22.576 1.0000000000
88894  14.892  10.674  -22.043 1.0000000000
91850  14.443  12.864  -21.704 1.0000000000
90908  14.617  12.368  -22.259 1.0000000000
76788  16.421  0.072  -18.222 1.0000000000
85644  14.918  7.400  -21.333 1.0000000000
76727  14.827  -0.711  -15.666 1.0000000000
77842  15.216  -0.144  -16.804 1.0000000000
82399  17.913  4.539  -19.088 0.8750000000
81237  18.354  3.578  -18.687 0.8750000000
84581  18.593  6.562  -18.449 0.8750000000
84590  17.831  6.534  -19.283 0.8750000000
87763  17.088  9.534  -21.245 1.0000000000
88877  17.614  10.547  -21.252 1.0000000000
88878  16.762  10.234  -21.727 1.0000000000
92686  14.680  14.497  -20.596 0.8750000000
92698  14.833  14.481  -21.712 1.0000000000
90916  15.134  12.619  -22.824 1.0000000000
89907  15.823  12.164  -22.930 1.0000000000
76745  14.996  -0.306  -16.322 1.0000000000
76789  15.841  0.372  -17.949 1.0000000000
80056  14.957  2.445  -18.395 1.0000000000
78962  16.499  2.351  -19.625 1.0000000000
80070  15.751  2.611  -19.452 1.0000000000
80067  17.340  3.104  -19.579 1.0000000000
82412  14.407  5.035  -18.989 1.0000000000
83530  14.345  6.025  -20.027 1.0000000000
82425  15.069  5.192  -20.248 1.0000000000
83528  15.608  5.633  -20.746 1.0000000000
83504  18.250  5.554  -18.773 0.8750000000
83529  14.842  5.787  -20.502 1.0000000000
84601  15.587  6.596  -21.195 1.0000000000
86672  14.135  8.401  -19.167 0.7500000000
86686  14.051  8.494  -20.055 1.0000000000
86713  14.492  8.872  -21.280 1.0000000000
85657  14.511  8.125  -21.164 1.0000000000
85655  15.306  8.386  -21.552 1.0000000000
85656  14.950  8.206  -21.466 1.0000000000
87750  14.069  9.408  -20.331 1.0000000000
88879  14.130  10.427  -21.140 1.0000000000
88895  14.387  10.751  -21.617 1.0000000000
91849  14.917  13.367  -22.273 1.0000000000
91839  14.523  13.614  -21.286 1.0000000000
87736  14.188  9.378  -19.453 0.7500000000
88864  14.052  10.126  -20.621 1.0000000000
92707  15.514  14.407  -22.903 1.0000000000
90915  15.738  12.693  -23.123 1.0000000000
73326  15.330  -3.774  -14.284 0.7500000000
72223  16.960  -4.449  -16.090 0.7500000000
73314  14.914  -3.447  -13.480 0.7500000000
73360  16.660  -3.730  -16.269 0.7500000000
73343  15.816  -3.781  -15.413 0.7500000000
74473  15.251  -3.134  -14.736 0.7500000000
73327  15.122  -3.178  -14.183 0.7500000000
73361  15.908  -2.955  -16.104 0.7500000000
75608  14.698  -1.444  -14.742 0.7500000000
74493  15.291  -2.462  -15.424 0.7500000000
75627  14.963  -1.624  -15.375 0.8750000000
74509  17.203  -2.954  -16.856 0.7500000000
74510  16.440  -2.424  -16.771 0.7500000000
75626  15.226  -1.503  -16.054 0.8750000000
76726  15.070  -1.025  -16.081 0.8750000000
75661  16.940  -1.847  -17.451 0.7500000000
75642  16.360  -1.788  -17.159 0.7500000000
75662  16.287  -1.347  -17.441 0.8750000000
76744  15.254  -0.834  -16.485 0.8750000000
76763  17.782  -1.194  -17.830 0.7500000000
76765  15.789  -0.522  -17.470 0.8750000000
76786  18.396  -0.295  -18.036 0.8750000000
76787  17.343  -0.163  -18.328 0.8750000000
77881  17.939  0.679  -18.523 0.8750000000
78947  18.407  1.613  -18.481 0.7500000000
80052  18.798  2.605  -18.261 0.7500000000
83503  19.023  5.628  -18.012 0.6250000000
85620  19.061  7.512  -18.209 0.6250000000
85630  18.306  7.532  -18.985 0.7500000000
87748  18.890  9.534  -19.316 0.6250000000
87749  18.114  9.291  -19.973 0.7500000000
93566  14.885  15.433  -20.936 0.7500000000
87762  17.834  9.749  -20.580 0.8750000000
88892  16.964  11.009  -21.992 0.8750000000
89892  17.260  11.646  -22.229 0.8750000000
89882  17.716  11.460  -21.686 0.8750000000
90899  17.667  11.920  -22.042 0.8750000000
88862  19.642  10.555  -19.264 0.5000000000
88876  18.312  10.557  -20.433 0.6250000000
89908  15.448  12.307  -22.910 0.8750000000
91848  17.021  12.821  -23.126 0.7500000000
90905  17.982  12.805  -22.257 0.8750000000
89880  18.955  11.679  -20.251 0.6250000000
89881  18.382  11.437  -20.848 0.7500000000
91837  19.456  13.369  -20.878 0.7500000000
93580  15.153  15.439  -22.023 0.8750000000
92706  16.658  14.443  -23.333 0.8750000000
93592  16.146  15.257  -23.432 0.7500000000
91855  16.418  13.395  -23.262 0.8750000000
91846  18.560  13.360  -21.829 0.7500000000
90897  19.110  12.342  -20.631 0.5000000000
91823  20.625  12.673  -19.706 0.5000000000
94519  15.159  16.308  -21.277 0.5000000000
94552  15.587  16.334  -23.043 0.7500000000
93600  15.887  15.930  -23.403 0.7500000000
93591  17.239  15.473  -23.499 0.7500000000
93599  16.409  15.939  -23.764 0.7500000000
92705  17.675  14.419  -22.991 0.7500000000
92704  18.456  14.584  -22.551 0.7500000000
92696  18.944  14.362  -21.961 0.6250000000
94534  15.395  16.347  -22.265 0.7500000000
93598  16.938  16.083  -23.873 0.7500000000
94564  15.863  16.641  -23.700 0.6250000000
90889  19.314  11.959  -20.074 0.5000000000
93593  15.582  15.604  -22.882 0.7500000000
91847  17.581  13.346  -22.791 0.7500000000
91836  20.431  13.237  -20.142 0.5000000000
92685  20.131  13.836  -20.623 0.5000000000
91845  19.193  13.891  -21.431 0.7500000000
82398  18.722  4.597  -18.294 0.6250000000
90898  18.215  12.307  -21.633 0.7500000000
71072  15.912  -5.548  -14.208 0.7500000000
72178  15.276  -4.432  -13.667 0.7500000000
72179  14.913  -4.111  -13.070 0.7500000000
71083  16.948  -5.720  -15.331 0.7500000000
72206  16.037  -4.516  -15.224 0.7500000000
72222  17.509  -4.428  -16.356 0.7500000000
74474  14.819  -2.433  -14.303 0.7500000000
73359  17.809  -3.734  -16.737 0.6250000000
74528  17.495  -2.468  -17.226 0.7500000000
75660  17.784  -2.011  -17.525 0.6250000000
78948  17.532  1.594  -19.046 0.7500000000
86685  18.184  8.508  -19.567 0.7500000000
91856  15.469  13.295  -22.993 0.8750000000
90907  16.458  12.463  -23.071 0.8750000000
72192  15.742  -4.541  -14.659 0.7500000000
73342  16.265  -4.055  -15.844 0.7500000000
72205  16.496  -4.562  -15.672 0.7500000000
72204  17.288  -5.036  -15.978 0.7500000000
74494  14.907  -1.993  -14.966 0.7500000000
74511  15.680  -2.206  -16.294 0.8750000000
74529  16.996  -2.422  -17.109 0.7500000000
75643  15.823  -1.543  -16.861 0.8750000000
76764  16.716  -0.883  -17.898 0.8750000000
86684  18.894  8.435  -18.796 0.6250000000
88863  18.828  10.552  -19.749 0.6250000000
89873  19.353  11.403  -19.747 0.5000000000
92697  18.250  13.997  -22.450 0.7500000000
72191  16.217  -5.120  -15.021 0.7500000000
69995  16.623  -6.380  -14.626 0.6250000000
70010  17.060  -6.377  -15.095 0.6250000000
71071  16.412  -5.700  -14.810 0.6250000000
68948  16.646  -7.089  -14.199 0.6250000000
69984  16.287  -6.676  -13.999 0.6250000000
69996  16.165  -6.243  -14.078 0.6250000000
68947  17.262  -7.243  -14.733 0.6250000000
73377  17.900  -3.041  -17.008 0.5000000000
68960  17.792  -7.281  -15.141 0.6250000000
70009  17.614  -6.662  -15.371 0.5000000000
69985  15.819  -6.367  -13.510 0.6250000000
68935  15.714  -6.977  -12.941 0.5000000000
68934  16.265  -7.253  -13.531 0.5000000000
78963  16.166  2.155  -19.529 1.0000000000
83515  16.064  4.999  -20.514 1.0000000000
90906  17.365  12.334  -22.543 0.8750000000
73313  15.191  -3.882  -13.802 0.7500000000
87761  18.374  9.945  -19.991 0.7500000000
89874  18.708  11.159  -20.136 0.6250000000
90888  19.943  12.291  -19.860 0.5000000000
90896  19.744  12.812  -20.372 0.5000000000
91838  18.835  12.848  -21.228 0.7500000000
91854  17.096  13.869  -23.214 0.8750000000
93579  18.867  14.894  -22.374 0.6250000000
73358  18.326  -3.923  -16.815 0.5000000000
69994  17.103  -6.695  -14.998 0.6250000000
