#!ascii label  , from subject fsaverage4 vox2ras=TkReg 
90
1162  -52.670  18.125  20.284 0.6999999881
1161  -53.223  14.858  15.485 0.6999999881
1160  -50.901  12.203  8.253 0.8999999762
1151  -49.960  11.739  1.490 0.8000000119
1157  -53.767  17.598  15.360 0.6999999881
293  -48.473  8.823  8.430 0.8000000119
1145  -51.207  8.733  1.828 0.8000000119
296  -52.552  14.523  8.128 1.0000000000
294  -43.156  10.984  5.160 0.1000000015
1149  -45.780  9.076  2.443 0.2000000030
1266  -40.915  7.598  10.187 0.1000000015
1150  -47.583  13.423  2.918 0.6999999881
1155  -49.330  15.591  10.191 0.6999999881
295  -47.053  19.329  10.684 0.8000000119
1154  -44.496  14.787  5.448 0.6999999881
1153  -42.450  17.255  8.305 0.5000000000
78  -53.876  21.510  16.586 0.5000000000
292  -55.952  3.956  3.448 0.2000000030
1144  -52.792  5.700  0.912 0.2000000030
77  -48.916  7.189  0.985 0.3000000119
1142  -57.262  2.068  6.628 0.3000000119
1259  -46.569  4.151  6.744 0.1000000015
1081  -57.734  4.391  11.296 0.3000000119
1146  -53.026  6.029  4.371 0.2000000030
1143  -55.689  4.432  7.581 0.3000000119
1148  -46.312  7.981  13.977 0.6999999881
1158  -48.861  12.430  15.012 0.8000000119
277  -52.873  3.144  13.357 0.3000000119
1147  -49.573  4.564  10.025 0.3000000119
297  -49.166  14.207  21.732 0.6999999881
1156  -52.610  20.868  12.402 0.5000000000
1159  -45.352  11.345  19.138 0.8000000119
1163  -42.979  13.790  23.015 0.6999999881
1165  -46.818  17.158  21.202 0.5000000000
1164  -49.219  21.487  18.094 0.3000000119
749  -57.989  0.974  14.100 0.2000000030
3  -57.103  -0.080  10.125 0.2000000030
1082  -57.764  5.164  15.912 0.2000000030
1243  -54.011  -1.246  6.515 0.1000000015
1247  -52.135  0.666  4.875 0.1000000015
1248  -49.377  2.273  5.078 0.1000000015
1083  -52.826  3.751  18.184 0.2000000030
1084  -47.249  3.784  15.149 0.2000000030
73  -43.135  6.900  17.789 0.3000000119
1090  -40.612  4.769  20.674 0.3000000119
1263  -43.180  5.231  8.243 0.1000000015
1152  -40.030  13.188  7.314 0.1000000015
279  -38.241  3.472  23.633 0.2000000030
1087  -36.595  1.928  27.143 0.1000000015
1091  -33.777  7.713  25.718 0.1000000015
285  -38.646  13.729  35.778 0.1000000015
1092  -33.293  6.611  29.466 0.1000000015
1094  -36.324  8.746  23.116 0.3000000119
1093  -40.320  9.838  21.624 0.3000000119
1110  -41.660  14.599  40.375 0.1000000015
1114  -35.038  7.511  33.418 0.1000000015
1117  -35.750  13.674  32.204 0.1000000015
281  -33.829  13.193  28.347 0.1000000015
1095  -33.918  14.409  24.787 0.2000000030
1115  -41.209  19.053  34.259 0.1000000015
280  -37.152  14.875  22.523 0.3000000119
278  -52.446  4.034  22.002 0.1000000015
1089  -45.577  2.558  22.751 0.1000000015
1085  -46.636  2.985  19.328 0.1000000015
748  -59.067  -4.814  10.156 0.1000000015
1080  -57.135  6.028  24.724 0.1000000015
1242  -56.269  -3.508  8.185 0.1000000015
725  -55.308  -3.947  36.164 0.1000000015
724  -50.861  -5.071  30.524 0.1000000015
186  -56.964  -1.452  33.549 0.1000000015
730  -57.791  0.429  29.975 0.1000000015
1074  -56.014  5.362  29.297 0.1000000015
1076  -48.986  -0.186  31.489 0.1000000015
1088  -50.747  3.840  25.588 0.1000000015
1079  -57.590  5.638  19.916 0.1000000015
191  -59.491  1.081  17.843 0.1000000015
1073  -53.954  -2.139  38.639 0.1000000015
14  -52.971  -6.025  38.708 0.1000000015
1072  -53.949  -0.282  35.258 0.1000000015
275  -49.793  2.588  28.940 0.1000000015
1086  -43.623  2.371  26.207 0.1000000015
1077  -43.018  -0.534  29.056 0.1000000015
1075  -55.396  2.958  32.855 0.1000000015
1166  -40.044  18.084  20.716 0.1000000015
1207  -45.076  22.265  7.957 0.1000000015
298  -43.093  21.159  19.149 0.1000000015
1205  -50.730  22.670  7.373 0.1000000015
1206  -53.237  24.531  10.504 0.1000000015
1200  -50.233  25.112  14.469 0.1000000015
1201  -44.811  24.978  17.112 0.1000000015
