#!ascii label  , from subject fsaverage4 vox2ras=TkReg 
262
956  -25.233  -14.737  60.578 1.0000000000
967  -21.160  -15.521  59.575 1.0000000000
966  -22.269  -13.149  55.467 1.0000000000
249  -19.810  -11.206  57.545 1.0000000000
913  -8.805  -24.441  73.877 0.3750000000
955  -29.339  -13.786  61.716 1.0000000000
971  -17.542  -13.700  59.911 1.0000000000
220  -14.951  -16.372  63.389 1.0000000000
850  -35.170  -18.114  66.282 0.7500000000
0  -36.785  -18.600  64.821 0.6250000000
857  -19.213  -17.576  63.987 1.0000000000
221  -12.142  -19.896  72.820 0.3750000000
864  -12.349  -24.841  72.926 0.3750000000
915  -8.509  -18.529  72.805 0.3750000000
916  -6.277  -23.892  71.691 0.2500000000
227  -5.951  -18.065  70.045 0.2500000000
862  -13.458  -18.502  67.486 0.8750000000
858  -17.762  -19.172  68.410 1.0000000000
951  -33.696  -12.892  63.152 1.0000000000
950  -38.046  -13.061  63.218 0.7500000000
245  -26.351  -13.887  54.690 1.0000000000
877  -6.536  -13.819  67.712 0.5000000000
863  -15.497  -20.892  72.378 0.6250000000
884  -6.275  -23.893  67.527 0.2500000000
881  -6.036  -14.536  63.959 0.6250000000
644  -39.733  -15.667  60.163 0.6250000000
954  -30.626  -13.247  55.430 1.0000000000
968  -23.281  -10.955  49.488 1.0000000000
860  -12.970  -13.226  65.213 1.0000000000
974  -16.043  -10.234  62.560 1.0000000000
244  -34.842  -11.111  57.945 1.0000000000
953  -27.246  -12.252  48.835 0.8750000000
861  -11.117  -15.892  69.163 0.8750000000
1050  -40.264  -10.294  60.579 1.0000000000
164  -39.713  -12.735  57.495 0.7500000000
973  -19.247  -8.679  60.667 1.0000000000
952  -31.486  -11.117  50.270 0.8750000000
969  -21.087  -8.362  52.614 1.0000000000
878  -8.342  -13.763  70.403 0.6250000000
880  -5.872  -15.878  60.099 0.8750000000
887  -5.213  -16.331  55.398 0.8750000000
889  -11.708  -14.236  47.934 0.1250000000
250  -19.270  -5.784  64.782 1.0000000000
876  -9.716  -9.531  68.450 0.7500000000
1052  -42.002  -8.600  57.192 1.0000000000
886  -5.161  -16.245  51.522 0.8750000000
228  -5.494  -9.827  51.401 0.8750000000
890  -8.415  -15.304  49.938 0.3750000000
888  -8.551  -9.277  50.296 0.2500000000
1  -11.605  -8.900  47.883 0.1250000000
650  -39.551  -11.657  52.817 0.6250000000
60  -9.102  -10.868  57.407 0.8750000000
885  -6.422  -10.533  54.004 0.8750000000
970  -19.406  -5.596  56.620 0.8750000000
1051  -43.710  -8.865  53.159 0.5000000000
44  -41.290  -11.839  48.578 0.5000000000
225  -9.246  -9.684  64.948 0.8750000000
1009  -19.302  0.828  66.342 0.8750000000
879  -9.487  -10.391  61.343 0.8750000000
17  -11.724  -11.072  68.315 1.0000000000
972  -18.952  -3.020  61.210 0.8750000000
1053  -36.918  -8.863  55.124 0.8750000000
270  -39.541  -7.503  51.230 0.8750000000
1054  -34.359  -9.006  47.427 0.8750000000
1062  -37.761  -6.494  43.468 0.8750000000
1056  -46.284  -9.574  50.167 0.6250000000
65  -29.200  -8.845  45.358 0.7500000000
959  -24.750  -7.913  44.879 0.7500000000
975  -15.507  -7.767  66.349 1.0000000000
1064  -43.035  -7.466  47.497 1.0000000000
1065  -42.321  -2.684  44.100 1.0000000000
1063  -32.216  -5.060  44.256 0.7500000000
248  -21.529  -5.443  47.364 0.8750000000
273  -36.216  -1.208  45.191 0.6250000000
1006  -17.746  -2.447  68.775 1.0000000000
965  -19.876  -2.490  51.593 0.7500000000
272  -47.637  -4.915  46.478 1.0000000000
1055  -49.822  -8.223  48.530 0.8750000000
666  -44.855  -12.142  45.854 0.5000000000
170  -48.162  -10.415  44.162 0.8750000000
1066  -40.332  1.063  48.355 0.5000000000
671  -50.366  -7.926  41.829 1.0000000000
14  -52.971  -6.025  38.708 0.8750000000
1041  -6.544  -4.513  57.673 1.0000000000
1045  -6.005  -4.087  54.355 1.0000000000
1048  -7.954  -3.696  51.554 0.8750000000
957  -27.882  -3.636  45.683 0.6250000000
1061  -44.940  1.347  47.424 0.7500000000
1057  -53.870  -3.656  42.902 0.8750000000
1107  -48.377  -1.823  40.447 0.3750000000
1028  -11.801  -4.950  66.303 1.0000000000
1032  -8.454  -4.363  60.702 1.0000000000
1007  -13.664  -6.040  69.320 1.0000000000
66  -19.251  0.055  56.352 0.7500000000
1069  -36.396  1.849  50.730 0.3750000000
1067  -31.509  -0.884  48.575 0.3750000000
1058  -52.326  -5.604  46.372 1.0000000000
725  -55.308  -3.947  36.164 0.6250000000
1108  -41.215  -0.814  36.864 0.2500000000
276  -47.638  -2.154  35.279 0.2500000000
1031  -10.203  -4.119  63.018 1.0000000000
1008  -19.819  3.806  61.169 0.6250000000
1049  -9.899  -3.208  48.695 0.3750000000
1059  -49.245  -0.897  47.105 1.0000000000
72  -40.613  3.491  47.695 0.6250000000
271  -49.781  -0.147  44.518 0.3750000000
1060  -44.593  2.892  44.742 0.3750000000
1073  -53.954  -2.139  38.639 0.7500000000
261  -13.623  -0.283  68.771 0.8750000000
274  -37.603  5.663  55.381 0.3750000000
1070  -32.772  2.521  53.429 0.3750000000
958  -24.680  -1.992  45.644 0.5000000000
1918  -10.909  0.158  45.925 0.1250000000
1106  -38.159  5.175  43.018 0.1250000000
1072  -53.949  -0.282  35.258 0.3750000000
186  -56.964  -1.452  33.549 0.5000000000
1010  -16.861  3.578  67.024 0.7500000000
260  -19.920  7.433  64.248 0.6250000000
1014  -19.003  6.724  54.873 0.5000000000
1020  -19.832  10.119  58.513 0.3750000000
964  -20.377  3.295  50.901 0.1250000000
1040  -6.176  0.469  62.780 1.0000000000
268  -8.065  1.271  58.411 0.8750000000
963  -21.998  0.955  47.322 0.3750000000
284  -37.464  4.851  38.815 0.1250000000
1012  -12.273  4.845  65.911 0.7500000000
265  -7.052  0.199  65.964 1.0000000000
1068  -39.013  4.750  51.122 0.3750000000
1921  -11.392  3.288  42.145 0.1250000000
730  -57.791  0.429  29.975 0.3750000000
1030  -10.025  0.430  67.627 1.0000000000
1011  -15.668  8.190  61.727 0.5000000000
1013  -20.607  9.219  49.560 0.1250000000
1047  -8.401  1.936  53.489 0.8750000000
269  -9.928  1.807  49.610 0.8750000000
1920  -10.223  4.872  46.051 0.2500000000
1076  -48.986  -0.186  31.489 0.2500000000
729  -54.097  -3.258  23.389 0.1250000000
743  -56.906  -3.414  16.622 0.2500000000
247  -23.327  5.700  47.990 0.2500000000
1046  -8.409  6.623  49.990 0.2500000000
1919  -9.585  10.297  45.646 0.1250000000
1075  -55.396  2.958  32.855 0.6250000000
50  -58.558  1.466  26.088 0.2500000000
739  -55.627  -2.811  20.090 0.2500000000
744  -59.262  1.821  22.245 0.2500000000
191  -59.491  1.081  17.843 0.2500000000
262  -19.901  13.551  53.366 0.2500000000
1018  -18.405  12.893  59.969 0.3750000000
70  -10.989  10.690  62.434 0.5000000000
1029  -8.895  6.363  66.911 1.0000000000
962  -26.392  3.099  49.137 0.2500000000
1042  -6.637  7.371  65.473 1.0000000000
1043  -7.653  7.665  61.153 1.0000000000
749  -57.989  0.974  14.100 0.2500000000
961  -26.844  7.708  52.375 0.2500000000
1088  -50.747  3.840  25.588 0.1250000000
1082  -57.764  5.164  15.912 0.3750000000
1081  -57.734  4.391  11.296 0.3750000000
1044  -8.948  6.812  55.232 0.8750000000
71  -9.798  11.350  50.461 0.6250000000
1074  -56.014  5.362  29.297 0.7500000000
1079  -57.590  5.638  19.916 0.3750000000
1019  -13.772  14.558  57.743 0.3750000000
1034  -8.067  13.225  64.475 0.7500000000
1080  -57.135  6.028  24.724 0.6250000000
1924  -10.518  14.834  46.109 0.3750000000
1932  -11.503  12.930  42.034 0.1250000000
1024  -9.762  17.547  61.169 0.7500000000
267  -6.698  13.230  61.397 0.7500000000
1039  -8.156  12.127  55.719 0.5000000000
1037  -7.849  17.900  55.917 0.5000000000
1033  -6.801  18.902  60.996 0.6250000000
1038  -9.139  17.066  50.424 0.5000000000
1023  -11.890  21.596  57.069 0.5000000000
490  -10.120  17.851  41.788 0.3750000000
1923  -7.783  19.613  45.342 0.3750000000
1036  -6.160  23.688  55.437 0.5000000000
266  -7.894  22.608  49.809 0.5000000000
264  -7.847  23.726  58.717 0.5000000000
1927  -8.379  23.591  40.533 0.1250000000
1027  -6.380  29.185  54.429 0.5000000000
1026  -9.532  27.953  54.193 0.3750000000
728  -52.527  -4.113  26.803 0.1250000000
222  -19.028  -21.825  71.664 0.3750000000
868  -21.803  -22.681  68.786 0.3750000000
865  -14.824  -25.015  70.104 0.3750000000
853  -25.718  -19.210  70.098 0.5000000000
854  -28.612  -20.790  68.413 0.5000000000
218  -31.327  -16.434  67.684 0.6250000000
882  -6.026  -18.671  66.456 0.3750000000
852  -27.212  -15.841  66.721 0.6250000000
859  -21.848  -18.649  69.512 0.6250000000
58  -23.575  -16.925  65.218 0.7500000000
665  -40.401  -14.017  40.314 0.1250000000
1021  -20.867  16.595  57.598 0.2500000000
851  -31.520  -21.796  65.296 0.1250000000
869  -16.499  -24.955  65.471 0.1250000000
219  -23.952  -22.803  64.614 0.2500000000
866  -18.728  -24.831  60.542 0.1250000000
1101  -40.168  10.902  50.820 0.1250000000
1098  -37.220  13.335  52.795 0.1250000000
246  -28.739  0.458  49.530 0.3750000000
1071  -34.165  8.005  56.051 0.1250000000
960  -29.486  4.976  54.480 0.1250000000
1102  -39.498  17.294  47.973 0.1250000000
1100  -39.773  8.824  46.805 0.1250000000
282  -42.242  14.096  45.594 0.1250000000
648  -35.313  -16.123  52.852 0.3750000000
896  -7.226  -20.524  57.358 0.3750000000
226  -6.989  -19.480  62.275 0.3750000000
670  -46.000  -10.000  36.663 0.2500000000
703  -48.789  -7.274  33.390 0.1250000000
724  -50.861  -5.071  30.524 0.2500000000
883  -8.027  -24.207  63.602 0.1250000000
62  -5.403  -29.019  62.226 0.1250000000
894  -9.113  -25.266  58.156 0.1250000000
895  -6.290  -29.678  57.676 0.1250000000
897  -8.101  -25.685  53.507 0.1250000000
230  -6.511  -20.967  52.513 0.2500000000
1105  -42.033  1.196  40.576 0.2500000000
275  -49.793  2.588  28.940 0.3750000000
1035  -7.374  28.278  49.596 0.3750000000
1926  -6.569  25.552  44.606 0.1250000000
489  -7.552  29.410  39.523 0.1250000000
20  -6.530  34.702  49.948 0.2500000000
1005  -9.556  34.527  51.599 0.2500000000
1925  -7.747  31.565  45.189 0.1250000000
1004  -7.576  39.929  49.071 0.1250000000
1941  -6.364  39.730  44.731 0.1250000000
1975  -8.067  37.378  39.292 0.1250000000
1973  -8.544  34.052  34.969 0.1250000000
494  -6.935  43.898  37.910 0.1250000000
643  -37.152  -19.286  55.181 0.1250000000
669  -43.484  -12.149  38.683 0.1250000000
642  -36.447  -22.235  56.649 0.1250000000
893  -9.945  -24.689  50.071 0.1250000000
891  -8.633  -20.371  48.810 0.1250000000
278  -52.446  4.034  22.002 0.1250000000
1143  -55.689  4.432  7.581 0.1250000000
263  -16.845  19.229  57.328 0.2500000000
1025  -14.794  24.709  52.578 0.2500000000
649  -35.211  -14.252  48.128 0.1250000000
1078  -41.916  -1.880  32.427 0.1250000000
1077  -43.018  -0.534  29.056 0.1250000000
1016  -23.305  14.287  50.887 0.1250000000
1015  -25.092  10.102  49.015 0.1250000000
1086  -43.623  2.371  26.207 0.1250000000
1017  -22.500  18.695  53.916 0.1250000000
253  -24.342  12.949  44.878 0.1250000000
747  -58.561  -4.333  13.402 0.1250000000
748  -59.067  -4.814  10.156 0.1250000000
1022  -20.108  23.618  56.289 0.1250000000
984  -22.089  19.012  48.042 0.1250000000
69  -22.291  25.339  52.286 0.1250000000
1000  -19.420  29.060  51.437 0.1250000000
259  -13.746  31.572  48.897 0.1250000000
995  -21.235  30.126  48.525 0.1250000000
999  -18.035  34.835  49.228 0.1250000000
1003  -11.981  37.470  47.883 0.1250000000
257  -18.945  35.077  44.974 0.1250000000
1002  -14.954  39.743  45.441 0.1250000000
