#!ascii label  , from subject fsaverage4 vox2ras=TkReg 
126
921  -3.018  -35.414  66.805 0.1250000000
920  -5.051  -35.361  68.442 0.1250000000
908  -7.438  -35.814  65.026 0.1250000000
922  -4.187  -35.183  62.594 0.1250000000
872  -10.547  -34.951  61.712 0.1250000000
900  -5.913  -34.750  58.267 0.2500000000
62  -5.403  -29.019  62.226 0.3750000000
895  -6.290  -29.678  57.676 0.5000000000
899  -5.686  -34.601  54.211 0.2500000000
914  -8.357  -29.808  70.876 0.2500000000
236  -5.272  -29.462  70.990 0.6250000000
917  -4.069  -29.071  66.906 0.5000000000
913  -8.805  -24.441  73.877 0.7500000000
894  -9.113  -25.266  58.156 0.6250000000
231  -5.595  -29.579  53.153 0.5000000000
916  -6.277  -23.892  71.691 1.0000000000
864  -12.349  -24.841  72.926 0.8750000000
883  -8.027  -24.207  63.602 0.7500000000
884  -6.275  -23.893  67.527 1.0000000000
59  -10.623  -29.876  66.333 0.5000000000
897  -8.101  -25.685  53.507 0.6250000000
865  -14.824  -25.015  70.104 0.7500000000
851  -31.520  -21.796  65.296 0.7500000000
850  -35.170  -18.114  66.282 0.7500000000
226  -6.989  -19.480  62.275 0.8750000000
896  -7.226  -20.524  57.358 0.8750000000
898  -8.960  -29.144  49.804 0.1250000000
227  -5.951  -18.065  70.045 1.0000000000
915  -8.509  -18.529  72.805 1.0000000000
882  -6.026  -18.671  66.456 0.7500000000
881  -6.036  -14.536  63.959 0.8750000000
0  -36.785  -18.600  64.821 0.5000000000
854  -28.612  -20.790  68.413 0.7500000000
219  -23.952  -22.803  64.614 0.7500000000
855  -26.386  -22.923  60.935 0.6250000000
877  -6.536  -13.819  67.712 0.5000000000
644  -39.733  -15.667  60.163 0.6250000000
230  -6.511  -20.967  52.513 0.6250000000
893  -9.945  -24.689  50.071 0.2500000000
878  -8.342  -13.763  70.403 0.5000000000
869  -16.499  -24.955  65.471 0.2500000000
880  -5.872  -15.878  60.099 0.7500000000
866  -18.728  -24.831  60.542 0.1250000000
643  -37.152  -19.286  55.181 0.6250000000
164  -39.713  -12.735  57.495 0.7500000000
887  -5.213  -16.331  55.398 0.7500000000
891  -8.633  -20.371  48.810 0.2500000000
648  -35.313  -16.123  52.852 0.6250000000
229  -11.988  -19.270  46.326 0.1250000000
886  -5.161  -16.245  51.522 0.5000000000
650  -39.551  -11.657  52.817 0.6250000000
890  -8.415  -15.304  49.938 0.2500000000
649  -35.211  -14.252  48.128 0.8750000000
1051  -43.710  -8.865  53.159 0.5000000000
44  -41.290  -11.839  48.578 0.5000000000
1056  -46.284  -9.574  50.167 0.3750000000
1052  -42.002  -8.600  57.192 0.3750000000
666  -44.855  -12.142  45.854 0.6250000000
1055  -49.822  -8.223  48.530 0.2500000000
170  -48.162  -10.415  44.162 0.7500000000
669  -43.484  -12.149  38.683 0.7500000000
671  -50.366  -7.926  41.829 0.7500000000
670  -46.000  -10.000  36.663 0.7500000000
14  -52.971  -6.025  38.708 0.3750000000
1073  -53.954  -2.139  38.639 0.1250000000
725  -55.308  -3.947  36.164 0.1250000000
218  -31.327  -16.434  67.684 0.7500000000
1050  -40.264  -10.294  60.579 0.2500000000
870  -12.389  -30.031  61.395 0.1250000000
223  -14.968  -29.713  57.627 0.1250000000
950  -38.046  -13.061  63.218 0.2500000000
222  -19.028  -21.825  71.664 0.6250000000
868  -21.803  -22.681  68.786 0.3750000000
951  -33.696  -12.892  63.152 0.5000000000
750  -33.449  -22.420  60.980 0.5000000000
221  -12.142  -19.896  72.820 0.7500000000
863  -15.497  -20.892  72.378 0.7500000000
853  -25.718  -19.210  70.098 0.5000000000
861  -11.117  -15.892  69.163 0.3750000000
862  -13.458  -18.502  67.486 0.3750000000
661  -37.435  -13.736  43.526 0.1250000000
665  -40.401  -14.017  40.314 0.5000000000
724  -50.861  -5.071  30.524 0.5000000000
186  -56.964  -1.452  33.549 0.6250000000
730  -57.791  0.429  29.975 0.1250000000
703  -48.789  -7.274  33.390 0.5000000000
852  -27.212  -15.841  66.721 0.2500000000
859  -21.848  -18.649  69.512 0.3750000000
58  -23.575  -16.925  65.218 0.2500000000
956  -25.233  -14.737  60.578 0.2500000000
967  -21.160  -15.521  59.575 0.2500000000
857  -19.213  -17.576  63.987 0.1250000000
966  -22.269  -13.149  55.467 0.1250000000
955  -29.339  -13.786  61.716 0.2500000000
642  -36.447  -22.235  56.649 0.5000000000
858  -17.762  -19.172  68.410 0.3750000000
728  -52.527  -4.113  26.803 0.3750000000
729  -54.097  -3.258  23.389 0.3750000000
739  -55.627  -2.811  20.090 0.1250000000
50  -58.558  1.466  26.088 0.2500000000
971  -17.542  -13.700  59.911 0.1250000000
220  -14.951  -16.372  63.389 0.2500000000
876  -9.716  -9.531  68.450 0.1250000000
17  -11.724  -11.072  68.315 0.1250000000
954  -30.626  -13.247  55.430 0.1250000000
860  -12.970  -13.226  65.213 0.2500000000
244  -34.842  -11.111  57.945 0.1250000000
1053  -36.918  -8.863  55.124 0.1250000000
1007  -13.664  -6.040  69.320 0.1250000000
975  -15.507  -7.767  66.349 0.1250000000
225  -9.246  -9.684  64.948 0.1250000000
879  -9.487  -10.391  61.343 0.2500000000
952  -31.486  -11.117  50.270 0.1250000000
60  -9.102  -10.868  57.407 0.1250000000
169  -39.691  -13.522  33.814 0.1250000000
744  -59.262  1.821  22.245 0.1250000000
743  -56.906  -3.414  16.622 0.1250000000
191  -59.491  1.081  17.843 0.1250000000
747  -58.561  -4.333  13.402 0.1250000000
245  -26.351  -13.887  54.690 0.1250000000
192  -28.468  -23.454  56.919 0.1250000000
885  -6.422  -10.533  54.004 0.1250000000
163  -32.786  -19.292  47.536 0.1250000000
925  -5.470  -40.051  60.186 0.1250000000
702  -42.424  -10.530  30.975 0.1250000000
738  -54.451  -8.653  19.219 0.1250000000
