#!ascii label  , from subject fsaverage4 vox2ras=TkReg 
141
910  -10.750  -36.616  75.089 0.2222220004
906  -14.178  -33.203  74.396 0.4444440007
911  -8.361  -40.546  73.895 0.3333329856
875  -18.624  -31.739  72.845 0.6666669846
224  -14.797  -34.998  66.079 0.7777780294
234  -7.410  -39.013  71.010 0.4444440007
909  -11.338  -36.990  68.740 0.5555559993
760  -22.865  -32.046  71.295 0.4444440007
874  -18.344  -32.770  65.547 0.8888890147
873  -14.231  -34.284  59.591 0.5555559993
763  -30.734  -30.616  68.162 0.3333329856
765  -34.789  -30.935  66.748 0.5555559993
196  -30.850  -30.261  63.096 0.8888890147
770  -39.112  -30.333  65.199 0.3333329856
769  -35.505  -30.672  62.261 0.8888890147
197  -39.741  -28.513  61.487 0.5555559993
871  -18.195  -33.123  58.413 0.6666669846
194  -22.659  -31.512  65.867 0.7777780294
762  -26.637  -31.135  69.462 0.1111110002
768  -30.034  -30.727  55.712 1.0000000000
757  -22.050  -31.866  57.719 0.7777780294
758  -26.566  -30.311  64.208 0.6666669846
766  -34.976  -30.482  55.582 0.8888890147
773  -42.722  -28.536  62.855 0.3333329856
771  -42.903  -25.143  60.504 0.4444440007
767  -39.682  -28.252  55.333 0.7777780294
759  -25.947  -30.504  56.555 0.8888890147
756  -34.681  -29.284  49.933 0.6666669846
193  -29.819  -29.690  49.725 0.6666669846
753  -25.721  -28.811  50.646 0.6666669846
51  -21.758  -29.454  52.517 0.4444440007
755  -31.273  -26.426  48.439 0.1111110002
165  -45.877  -21.695  59.105 0.1111110002
651  -43.363  -24.621  54.638 0.8888890147
774  -45.923  -25.907  60.604 0.1111110002
656  -47.176  -18.724  56.108 0.2222220004
652  -43.646  -21.412  51.870 0.5555559993
653  -40.064  -24.267  47.363 1.0000000000
654  -48.474  -23.384  58.065 0.1111110002
167  -38.906  -22.046  44.982 0.7777780294
657  -44.226  -20.121  49.194 0.7777780294
659  -39.735  -21.649  42.234 0.8888890147
658  -46.327  -19.790  46.743 0.7777780294
166  -49.430  -17.691  52.652 0.3333329856
709  -53.136  -17.947  49.895 0.3333329856
710  -50.123  -19.883  44.700 0.7777780294
43  -42.244  -22.358  39.210 0.7777780294
704  -45.365  -20.468  36.526 0.6666669846
667  -39.016  -19.947  33.704 0.1111110002
182  -55.892  -18.686  46.499 0.2222220004
716  -52.616  -18.187  41.590 0.7777780294
180  -48.579  -17.433  34.417 0.7777780294
705  -41.805  -16.595  31.015 0.5555559993
707  -51.955  -14.731  32.539 0.7777780294
717  -57.200  -18.112  43.200 0.4444440007
714  -55.952  -14.859  40.184 0.4444440007
708  -49.012  -12.927  26.624 0.6666669846
48  -55.990  -11.840  31.050 0.7777780294
715  -58.789  -12.440  37.496 0.3333329856
726  -52.968  -12.069  25.349 0.4444440007
720  -61.089  -11.012  33.794 0.5555559993
732  -59.694  -9.431  29.284 0.6666669846
188  -62.479  -8.937  26.052 0.5555559993
706  -44.909  -14.116  28.422 0.7777780294
918  -4.422  -41.627  69.644 0.2222220004
920  -5.051  -35.361  68.442 0.3333329856
908  -7.438  -35.814  65.026 0.1111110002
872  -10.547  -34.951  61.712 0.3333329856
867  -18.349  -29.478  54.892 0.3333329856
42  -39.032  -27.171  49.576 0.7777780294
662  -33.430  -22.525  43.670 0.1111110002
740  -57.240  -11.111  23.943 0.6666669846
741  -60.786  -9.807  21.349 0.6666669846
731  -62.510  -11.942  29.528 0.1111110002
185  -51.273  -8.446  21.301 0.4444440007
742  -63.365  -9.914  17.958 0.6666669846
738  -54.451  -8.653  19.219 0.4444440007
189  -57.689  -9.138  16.917 0.6666669846
746  -61.225  -8.927  13.978 0.5555559993
719  -58.859  -15.991  35.245 0.2222220004
764  -32.704  -33.621  66.099 0.2222220004
907  -17.285  -35.403  71.154 0.1111110002
737  -63.691  -11.261  22.366 0.2222220004
772  -40.616  -32.559  61.866 0.1111110002
52  -36.691  -33.416  64.663 0.1111110002
808  -36.852  -34.703  58.431 0.1111110002
645  -34.911  -27.047  46.568 0.2222220004
664  -36.215  -21.346  36.342 0.2222220004
668  -37.289  -16.021  35.779 0.1111110002
169  -39.691  -13.522  33.814 0.1111110002
702  -42.424  -10.530  30.975 0.1111110002
181  -45.536  -8.778  27.254 0.1111110002
727  -48.204  -8.402  24.096 0.1111110002
703  -48.789  -7.274  33.390 0.1111110002
724  -50.861  -5.071  30.524 0.1111110002
728  -52.527  -4.113  26.803 0.1111110002
729  -54.097  -3.258  23.389 0.1111110002
739  -55.627  -2.811  20.090 0.1111110002
743  -56.906  -3.414  16.622 0.1111110002
190  -61.939  -8.674  10.813 0.2222220004
747  -58.561  -4.333  13.402 0.2222220004
1345  -55.631  -10.471  13.354 0.1111110002
1342  -58.538  -7.489  9.264 0.1111110002
1344  -60.092  -11.552  12.726 0.1111110002
748  -59.067  -4.814  10.156 0.2222220004
195  -28.447  -33.248  66.143 0.1111110002
223  -14.968  -29.713  57.627 0.1111110002
646  -35.556  -24.823  45.113 0.1111110002
13  -57.928  -26.521  26.602 0.1111110002
1365  -62.377  -29.353  26.088 0.1111110002
1364  -62.784  -31.580  30.096 0.1111110002
701  -55.769  -25.420  29.495 0.1111110002
700  -59.698  -28.457  29.370 0.1111110002
723  -56.046  -20.947  27.601 0.1111110002
733  -57.493  -23.020  25.430 0.1111110002
1350  -58.260  -24.190  21.812 0.1111110002
1347  -56.958  -20.709  22.933 0.1111110002
722  -54.944  -19.845  30.245 0.1111110002
187  -59.416  -19.789  24.472 0.1111110002
695  -52.989  -27.667  32.203 0.1111110002
178  -60.346  -30.099  32.999 0.1111110002
736  -60.952  -16.183  22.274 0.1111110002
713  -54.506  -22.825  43.454 0.1111110002
47  -50.093  -23.634  37.383 0.1111110002
696  -51.151  -22.932  32.956 0.1111110002
698  -56.925  -29.699  35.170 0.1111110002
699  -57.135  -27.892  31.969 0.1111110002
179  -53.901  -24.033  30.849 0.1111110002
718  -54.386  -20.758  38.694 0.1111110002
721  -54.638  -19.575  34.275 0.1111110002
734  -59.422  -17.358  26.804 0.1111110002
735  -62.133  -14.189  25.428 0.1111110002
184  -59.013  -15.508  30.579 0.1111110002
183  -58.154  -17.016  39.440 0.1111110002
745  -63.360  -12.532  14.611 0.2222220004
49  -62.900  -14.738  18.339 0.1111110002
921  -3.018  -35.414  66.805 0.1111110002
236  -5.272  -29.462  70.990 0.1111110002
318  -53.649  -6.987  9.449 0.1111110002
1244  -50.849  -9.637  13.819 0.1111110002
1242  -56.269  -3.508  8.185 0.1111110002
