#!ascii label  , from subject fsaverage4 vox2ras=TkReg 
96
908  -7.438  -35.814  65.026 0.6250000000
914  -8.357  -29.808  70.876 0.6250000000
59  -10.623  -29.876  66.333 0.5000000000
865  -14.824  -25.015  70.104 0.1250000000
870  -12.389  -30.031  61.395 0.5000000000
851  -31.520  -21.796  65.296 0.3750000000
850  -35.170  -18.114  66.282 0.3750000000
750  -33.449  -22.420  60.980 0.7500000000
0  -36.785  -18.600  64.821 0.5000000000
642  -36.447  -22.235  56.649 0.7500000000
751  -32.193  -23.926  54.687 1.0000000000
162  -34.947  -24.595  50.756 1.0000000000
51  -21.758  -29.454  52.517 0.1250000000
753  -25.721  -28.811  50.646 0.1250000000
755  -31.273  -26.426  48.439 1.0000000000
645  -34.911  -27.047  46.568 0.8750000000
754  -27.927  -25.437  50.559 0.6250000000
193  -29.819  -29.690  49.725 0.6250000000
223  -14.968  -29.713  57.627 0.8750000000
192  -28.468  -23.454  56.919 0.8750000000
867  -18.349  -29.478  54.892 0.5000000000
752  -23.903  -25.116  52.836 0.1250000000
869  -16.499  -24.955  65.471 0.6250000000
855  -26.386  -22.923  60.935 0.6250000000
866  -18.728  -24.831  60.542 0.7500000000
856  -21.389  -24.750  56.638 0.6250000000
219  -23.952  -22.803  64.614 0.8750000000
644  -39.733  -15.667  60.163 0.2500000000
643  -37.152  -19.286  55.181 0.3750000000
647  -35.175  -22.011  49.556 1.0000000000
648  -35.313  -16.123  52.852 0.6250000000
163  -32.786  -19.292  47.536 1.0000000000
649  -35.211  -14.252  48.128 0.6250000000
660  -32.472  -17.394  42.899 0.8750000000
44  -41.290  -11.839  48.578 0.1250000000
661  -37.435  -13.736  43.526 0.8750000000
168  -34.573  -16.895  38.538 0.8750000000
666  -44.855  -12.142  45.854 0.2500000000
665  -40.401  -14.017  40.314 0.8750000000
1056  -46.284  -9.574  50.167 0.1250000000
668  -37.289  -16.021  35.779 0.8750000000
669  -43.484  -12.149  38.683 0.7500000000
170  -48.162  -10.415  44.162 0.3750000000
169  -39.691  -13.522  33.814 0.8750000000
670  -46.000  -10.000  36.663 0.5000000000
703  -48.789  -7.274  33.390 0.8750000000
702  -42.424  -10.530  30.975 0.8750000000
14  -52.971  -6.025  38.708 0.1250000000
725  -55.308  -3.947  36.164 0.1250000000
872  -10.547  -34.951  61.712 0.3750000000
646  -35.556  -24.823  45.113 0.2500000000
868  -21.803  -22.681  68.786 0.3750000000
663  -33.647  -21.319  40.049 0.2500000000
664  -36.215  -21.346  36.342 0.5000000000
705  -41.805  -16.595  31.015 0.3750000000
706  -44.909  -14.116  28.422 0.2500000000
181  -45.536  -8.778  27.254 0.1250000000
708  -49.012  -12.927  26.624 0.1250000000
727  -48.204  -8.402  24.096 0.2500000000
185  -51.273  -8.446  21.301 0.3750000000
728  -52.527  -4.113  26.803 0.5000000000
730  -57.791  0.429  29.975 0.1250000000
724  -50.861  -5.071  30.524 0.2500000000
186  -56.964  -1.452  33.549 0.1250000000
729  -54.097  -3.258  23.389 0.3750000000
738  -54.451  -8.653  19.219 0.2500000000
50  -58.558  1.466  26.088 0.1250000000
662  -33.430  -22.525  43.670 0.5000000000
667  -39.016  -19.947  33.704 0.3750000000
920  -5.051  -35.361  68.442 0.1250000000
921  -3.018  -35.414  66.805 0.2500000000
873  -14.231  -34.284  59.591 0.1250000000
236  -5.272  -29.462  70.990 0.3750000000
871  -18.195  -33.123  58.413 0.1250000000
853  -25.718  -19.210  70.098 0.1250000000
854  -28.612  -20.790  68.413 0.2500000000
756  -34.681  -29.284  49.933 0.2500000000
852  -27.212  -15.841  66.721 0.2500000000
218  -31.327  -16.434  67.684 0.2500000000
859  -21.848  -18.649  69.512 0.1250000000
864  -12.349  -24.841  72.926 0.1250000000
222  -19.028  -21.825  71.664 0.1250000000
189  -57.689  -9.138  16.917 0.1250000000
739  -55.627  -2.811  20.090 0.2500000000
743  -56.906  -3.414  16.622 0.2500000000
747  -58.561  -4.333  13.402 0.2500000000
950  -38.046  -13.061  63.218 0.1250000000
951  -33.696  -12.892  63.152 0.1250000000
43  -42.244  -22.358  39.210 0.1250000000
164  -39.713  -12.735  57.495 0.1250000000
650  -39.551  -11.657  52.817 0.1250000000
671  -50.366  -7.926  41.829 0.1250000000
744  -59.262  1.821  22.245 0.2500000000
746  -61.225  -8.927  13.978 0.1250000000
922  -4.187  -35.183  62.594 0.1250000000
917  -4.069  -29.071  66.906 0.1250000000
