#!ascii label  , from subject fsaverage4 vox2ras=TkReg 
164
930  -18.410  -43.218  71.644 0.1000000015
235  -15.183  -38.016  73.775 0.1000000015
928  -18.704  -40.843  67.678 0.1000000015
199  -20.519  -43.719  61.670 0.1000000015
784  -26.606  -44.242  55.670 0.2000000030
201  -22.521  -40.956  55.234 0.2000000030
906  -14.178  -33.203  74.396 0.2000000030
907  -17.285  -35.403  71.154 0.3000000119
776  -19.309  -38.398  64.271 0.1000000015
875  -18.624  -31.739  72.845 0.3000000119
15  -21.135  -34.619  69.129 0.3000000119
778  -21.289  -37.655  60.909 0.3000000119
777  -20.944  -42.473  58.084 0.1000000015
765  -34.789  -30.935  66.748 0.6000000238
770  -39.112  -30.333  65.199 0.4000000060
52  -36.691  -33.416  64.663 0.8999999762
808  -36.852  -34.703  58.431 1.0000000000
764  -32.704  -33.621  66.099 0.5000000000
814  -32.567  -35.299  59.416 0.8999999762
772  -40.616  -32.559  61.866 1.0000000000
816  -24.933  -38.638  52.410 0.2000000030
817  -28.237  -43.158  52.876 0.2000000030
208  -36.258  -36.560  53.889 1.0000000000
811  -32.454  -37.322  48.508 0.3000000119
810  -37.902  -35.580  50.143 0.8000000119
769  -35.505  -30.672  62.261 0.3000000119
809  -40.886  -34.460  56.105 1.0000000000
818  -32.329  -39.869  51.321 0.3000000119
812  -32.603  -35.946  44.210 0.5000000000
763  -30.734  -30.616  68.162 0.3000000119
760  -22.865  -32.046  71.295 0.6000000238
761  -24.731  -34.298  67.022 0.6999999881
773  -42.722  -28.536  62.855 0.6999999881
820  -32.992  -36.977  54.283 0.8999999762
762  -26.637  -31.135  69.462 0.6000000238
195  -28.447  -33.248  66.143 0.6000000238
196  -30.850  -30.261  63.096 0.2000000030
813  -28.248  -35.380  58.131 0.8000000119
815  -24.360  -35.984  58.791 0.4000000060
821  -30.746  -41.539  51.674 0.3000000119
197  -39.741  -28.513  61.487 0.3000000119
198  -43.886  -31.261  58.586 0.8999999762
210  -28.895  -36.964  52.583 0.8000000119
806  -42.956  -33.647  52.976 1.0000000000
768  -30.034  -30.727  55.712 0.1000000015
775  -46.360  -29.388  56.145 1.0000000000
766  -34.976  -30.482  55.582 0.1000000015
807  -43.566  -31.110  50.197 0.8999999762
209  -37.945  -33.640  46.371 0.8000000119
771  -42.903  -25.143  60.504 0.2000000030
774  -45.923  -25.907  60.604 0.4000000060
828  -39.043  -31.011  44.629 0.8000000119
654  -48.474  -23.384  58.065 0.5000000000
12  -47.837  -27.169  53.375 0.8999999762
672  -44.816  -29.374  47.748 0.8999999762
171  -40.892  -29.214  41.966 0.6999999881
674  -48.798  -25.538  50.102 0.8999999762
673  -45.068  -27.108  44.055 0.8000000119
675  -38.474  -30.268  36.900 0.3000000119
676  -41.856  -31.082  34.720 0.3000000119
655  -50.103  -20.516  55.610 0.3000000119
711  -52.796  -20.759  51.885 0.4000000060
173  -49.696  -24.600  46.054 0.6999999881
172  -43.991  -28.005  34.190 0.3000000119
677  -41.797  -27.554  38.010 0.5000000000
678  -45.662  -25.876  39.617 0.6999999881
690  -47.709  -29.544  32.928 0.3000000119
679  -46.669  -25.625  35.325 0.3000000119
691  -49.114  -26.038  32.430 0.3000000119
712  -54.564  -22.377  47.829 0.6999999881
680  -49.839  -25.106  41.134 0.8999999762
713  -54.506  -22.825  43.454 1.0000000000
47  -50.093  -23.634  37.383 0.8999999762
696  -51.151  -22.932  32.956 0.6000000238
718  -54.386  -20.758  38.694 0.8999999762
179  -53.901  -24.033  30.849 0.4000000060
717  -57.200  -18.112  43.200 0.6000000238
721  -54.638  -19.575  34.275 0.6000000238
719  -58.859  -15.991  35.245 0.6000000238
183  -58.154  -17.016  39.440 0.6999999881
722  -54.944  -19.845  30.245 0.5000000000
781  -23.159  -47.345  58.040 0.1000000015
200  -27.382  -48.521  61.689 0.1000000015
780  -24.856  -50.656  59.900 0.1000000015
787  -24.684  -54.841  63.675 0.1000000015
53  -20.312  -51.686  58.430 0.1000000015
782  -24.502  -45.831  57.686 0.1000000015
779  -20.233  -47.791  59.155 0.1000000015
822  -34.464  -45.304  55.459 0.1000000015
932  -17.870  -49.016  62.487 0.1000000015
211  -34.955  -43.957  52.470 0.1000000015
931  -19.712  -45.822  65.224 0.1000000015
819  -33.257  -42.650  48.321 0.2000000030
239  -17.861  -47.902  69.182 0.1000000015
823  -36.731  -46.162  49.115 0.2000000030
56  -31.201  -40.530  44.306 0.2000000030
829  -31.049  -38.578  40.370 0.2000000030
830  -33.976  -33.928  41.106 0.2000000030
831  -35.700  -31.691  38.980 0.3000000119
656  -47.176  -18.724  56.108 0.1000000015
166  -49.430  -17.691  52.652 0.2000000030
714  -55.952  -14.859  40.184 0.3000000119
177  -52.162  -30.024  34.281 0.2000000030
695  -52.989  -27.667  32.203 0.2000000030
699  -57.135  -27.892  31.969 0.2000000030
182  -55.892  -18.686  46.499 0.4000000060
701  -55.769  -25.420  29.495 0.2000000030
720  -61.089  -11.012  33.794 0.4000000060
184  -59.013  -15.508  30.579 0.4000000060
715  -58.789  -12.440  37.496 0.4000000060
698  -56.925  -29.699  35.170 0.2000000030
758  -26.566  -30.311  64.208 0.2000000030
194  -22.659  -31.512  65.867 0.1000000015
759  -25.947  -30.504  56.555 0.1000000015
757  -22.050  -31.866  57.719 0.1000000015
874  -18.344  -32.770  65.547 0.1000000015
871  -18.195  -33.123  58.413 0.1000000015
692  -46.021  -32.825  34.900 0.2000000030
735  -62.133  -14.189  25.428 0.1000000015
709  -53.136  -17.947  49.895 0.2000000030
731  -62.510  -11.942  29.528 0.2000000030
736  -60.952  -16.183  22.274 0.1000000015
707  -51.955  -14.731  32.539 0.2000000030
48  -55.990  -11.840  31.050 0.1000000015
732  -59.694  -9.431  29.284 0.1000000015
188  -62.479  -8.937  26.052 0.2000000030
737  -63.691  -11.261  22.366 0.1000000015
1348  -58.553  -16.947  18.844 0.1000000015
49  -62.900  -14.738  18.339 0.1000000015
723  -56.046  -20.947  27.601 0.4000000060
716  -52.616  -18.187  41.590 0.1000000015
165  -45.877  -21.695  59.105 0.1000000015
734  -59.422  -17.358  26.804 0.2000000030
825  -37.917  -47.811  53.208 0.1000000015
694  -55.689  -32.444  37.367 0.1000000015
824  -35.232  -44.252  45.553 0.1000000015
693  -50.776  -33.433  36.289 0.1000000015
689  -53.362  -35.389  40.691 0.1000000015
841  -40.471  -39.227  37.837 0.1000000015
176  -48.949  -36.219  39.554 0.1000000015
834  -33.622  -42.863  42.264 0.1000000015
683  -44.532  -35.606  37.319 0.1000000015
681  -43.258  -38.619  39.266 0.1000000015
840  -37.114  -40.038  37.374 0.1000000015
697  -59.668  -31.936  36.576 0.1000000015
46  -57.549  -33.881  40.273 0.1000000015
842  -34.189  -41.184  38.940 0.1000000015
45  -40.131  -34.497  35.599 0.1000000015
832  -36.627  -34.982  35.982 0.1000000015
213  -33.239  -36.451  37.339 0.1000000015
178  -60.346  -30.099  32.999 0.1000000015
1367  -60.941  -33.824  34.276 0.1000000015
1364  -62.784  -31.580  30.096 0.1000000015
700  -59.698  -28.457  29.370 0.1000000015
13  -57.928  -26.521  26.602 0.1000000015
1365  -62.377  -29.353  26.088 0.1000000015
1349  -60.251  -27.038  22.413 0.1000000015
733  -57.493  -23.020  25.430 0.1000000015
1368  -58.446  -34.757  30.987 0.1000000015
1350  -58.260  -24.190  21.812 0.1000000015
345  -59.144  -27.301  18.358 0.1000000015
1351  -56.035  -24.756  20.334 0.1000000015
187  -59.416  -19.789  24.472 0.1000000015
1347  -56.958  -20.709  22.933 0.1000000015
