#!ascii label  , from subject fsaverage4 vox2ras=TkReg 
77
1162  -52.670  18.125  20.284 0.6000000238
78  -53.876  21.510  16.586 0.6000000238
1157  -53.767  17.598  15.360 0.5000000000
1155  -49.330  15.591  10.191 0.4000000060
295  -47.053  19.329  10.684 0.2000000030
1164  -49.219  21.487  18.094 0.6000000238
1156  -52.610  20.868  12.402 0.4000000060
1205  -50.730  22.670  7.373 0.8000000119
1206  -53.237  24.531  10.504 0.8999999762
1200  -50.233  25.112  14.469 0.8999999762
1212  -49.249  28.433  9.060 1.0000000000
310  -52.048  27.063  6.122 0.8000000119
1213  -50.002  32.345  6.563 0.8999999762
1209  -50.789  29.227  3.011 1.0000000000
1207  -45.076  22.265  7.957 0.5000000000
1170  -40.006  21.122  9.790 0.3000000119
301  -42.144  25.490  6.778 0.3000000119
298  -43.093  21.159  19.149 0.2000000030
1165  -46.818  17.158  21.202 0.3000000119
1166  -40.044  18.084  20.716 0.1000000015
1208  -47.769  25.874  5.744 0.6000000238
1201  -44.811  24.978  17.112 0.3000000119
1176  -45.140  28.639  2.907 0.4000000060
81  -49.430  30.745  -1.785 0.6999999881
308  -43.509  27.265  12.006 0.5000000000
1210  -43.105  32.450  9.086 0.6000000238
1198  -40.176  26.239  19.295 0.1000000015
1203  -36.691  31.109  12.718 0.3000000119
1214  -49.748  32.956  0.373 0.8000000119
297  -49.166  14.207  21.732 0.1000000015
1163  -42.979  13.790  23.015 0.1000000015
1159  -45.352  11.345  19.138 0.1000000015
1093  -40.320  9.838  21.624 0.1000000015
1161  -53.223  14.858  15.485 0.2000000030
1158  -48.861  12.430  15.012 0.2000000030
1174  -39.597  27.958  4.839 0.3000000119
1175  -43.061  30.133  0.150 0.3000000119
1187  -47.839  32.800  -4.525 0.3000000119
1186  -42.371  32.446  -3.017 0.2000000030
1192  -49.203  35.486  -3.437 0.3000000119
1217  -45.205  38.514  0.134 0.6999999881
311  -45.066  35.225  4.781 0.6999999881
1211  -38.390  35.968  6.657 0.4000000060
1215  -40.601  39.489  2.658 0.5000000000
305  -47.174  34.058  -8.466 0.2000000030
1153  -42.450  17.255  8.305 0.1000000015
1154  -44.496  14.787  5.448 0.1000000015
22  -37.618  15.984  9.297 0.1000000015
296  -52.552  14.523  8.128 0.1000000015
82  -34.581  36.633  11.770 0.2000000030
1202  -39.702  28.673  16.872 0.3000000119
1216  -37.806  41.611  6.834 0.2000000030
1226  -36.439  41.694  11.410 0.2000000030
312  -40.288  44.806  3.297 0.2000000030
1225  -38.561  45.654  7.634 0.2000000030
1169  -37.122  24.183  9.278 0.1000000015
1173  -34.289  26.947  7.998 0.1000000015
1172  -32.097  29.772  5.892 0.1000000015
300  -37.455  29.918  2.808 0.2000000030
1204  -38.788  33.094  17.967 0.1000000015
1221  -37.387  37.254  17.556 0.1000000015
313  -40.750  38.128  20.997 0.1000000015
1234  -36.934  42.262  16.251 0.1000000015
1235  -36.733  47.229  16.317 0.1000000015
315  -37.094  46.753  12.329 0.1000000015
307  -43.759  37.625  -4.450 0.3000000119
1191  -47.772  36.021  -7.067 0.3000000119
1218  -38.766  40.737  -1.234 0.1000000015
1229  -37.247  50.864  7.719 0.1000000015
1189  -42.329  33.282  -7.521 0.1000000015
1228  -39.818  50.314  3.737 0.1000000015
1219  -38.085  47.768  -0.058 0.1000000015
1197  -39.214  43.534  -6.150 0.1000000015
1194  -46.858  36.518  -12.184 0.2000000030
1222  -42.534  34.406  20.823 0.1000000015
1195  -42.920  39.521  -9.892 0.2000000030
1148  -46.312  7.981  13.977 0.1000000015
