#!ascii label  , from subject fsaverage4 vox2ras=TkReg 
233
7  -3.604  9.386  -3.540 0.0000000000
34  -7.870  -30.806  8.601 0.0000000000
41  -35.074  -24.945  -10.816 0.0000000000
122  -1.079  18.477  8.644 0.0000000000
123  -2.101  -14.610  0.631 0.0000000000
124  -0.911  -7.520  16.247 0.0000000000
125  0.019  -35.708  21.862 0.0000000000
138  -34.382  4.472  -15.268 0.0000000000
155  -5.666  -16.885  -20.022 0.0000000000
156  -20.128  -32.191  -5.966 0.0000000000
157  -24.295  -34.352  -12.497 0.0000000000
159  -15.105  -3.609  -13.037 0.0000000000
160  -25.075  3.986  -12.962 0.0000000000
161  -34.157  -13.065  -25.691 0.0000000000
469  -0.614  19.248  17.018 0.0000000000
470  -0.843  4.641  12.910 0.0000000000
471  -0.636  5.804  21.586 0.0000000000
472  -0.849  14.492  1.416 0.0000000000
473  -2.994  -3.782  -1.473 0.0000000000
474  -1.349  1.559  5.006 0.0000000000
475  -2.998  -7.124  9.742 0.0000000000
476  -3.734  -23.604  4.740 0.0000000000
477  -3.388  -20.770  12.632 0.0000000000
480  -0.284  -7.788  26.361 0.0000000000
481  -0.513  -21.698  19.523 0.0000000000
482  -0.297  -32.892  12.042 0.0000000000
484  -6.203  -37.729  5.675 0.0000000000
485  0.110  -42.917  11.657 0.0000000000
505  -2.780  31.092  9.514 0.0000000000
508  -0.861  29.097  -0.668 0.0000000000
509  -5.691  24.121  -5.540 0.0000000000
531  -6.577  16.799  -10.435 0.0000000000
603  -16.932  -38.433  4.228 0.0000000000
607  -7.309  -26.009  -4.762 0.0000000000
608  -11.887  -33.257  -1.615 0.0000000000
609  -2.194  -6.469  -10.339 0.0000000000
610  0.992  -20.719  -10.415 0.0000000000
611  -11.611  -23.407  -12.128 0.0000000000
612  -17.278  -22.054  -16.414 0.0000000000
613  -27.690  -29.212  -9.211 0.0000000000
614  -21.192  -39.079  -7.086 0.0000000000
616  -26.190  -38.573  2.334 0.0000000000
617  -33.495  -38.065  -3.998 0.0000000000
618  -37.566  -34.627  -12.047 0.0000000000
620  -35.869  -26.849  -17.891 0.0000000000
621  -24.881  -28.526  -16.773 0.0000000000
624  -6.115  1.445  -11.470 0.0000000000
626  -8.355  9.651  -15.770 0.0000000000
627  -11.295  -9.503  -14.447 0.0000000000
628  -22.128  -16.341  -12.156 0.0000000000
632  -30.024  4.520  -14.180 0.0000000000
633  -33.079  -2.412  -21.817 0.0000000000
634  -28.523  -11.679  -13.604 0.0000000000
635  -38.827  -19.198  -17.942 0.0000000000
636  -19.753  0.358  -11.913 0.0000000000
637  -31.329  -7.169  -19.140 0.0000000000
638  -27.251  -4.050  -30.194 0.0000000000
639  -28.125  -18.907  -25.831 0.0000000000
1844  -2.466  18.564  20.555 0.0000000000
1845  -0.627  12.605  19.231 0.0000000000
1846  -1.146  12.535  23.435 0.0000000000
1847  -0.740  19.003  12.890 0.0000000000
1848  -0.653  11.497  10.916 0.0000000000
1849  -0.601  12.167  14.997 0.0000000000
1850  -0.703  5.276  17.242 0.0000000000
1851  -0.834  -1.649  14.721 0.0000000000
1852  -0.641  -0.664  19.308 0.0000000000
1853  -1.035  17.137  4.750 0.0000000000
1854  -0.782  7.828  3.140 0.0000000000
1855  -0.800  10.096  6.901 0.0000000000
1856  -2.030  11.676  -1.721 0.0000000000
1857  -1.680  2.195  -2.525 0.0000000000
1858  -0.858  4.970  -0.414 0.0000000000
1859  -1.855  -0.909  2.066 0.0000000000
1860  -2.295  -9.248  -0.653 0.0000000000
1861  -2.690  -4.728  4.050 0.0000000000
1862  -2.253  -2.415  10.273 0.0000000000
1863  -2.716  -7.452  12.658 0.0000000000
1864  -1.252  3.249  8.624 0.0000000000
1865  -3.088  -2.759  7.333 0.0000000000
1866  -1.861  -9.909  6.022 0.0000000000
1867  -2.736  -14.241  11.277 0.0000000000
1868  -1.963  -13.932  14.028 0.0000000000
1869  -2.515  -19.284  2.732 0.0000000000
1870  -2.019  -16.131  7.529 0.0000000000
1871  -3.809  -21.332  9.120 0.0000000000
1872  -6.091  -27.067  6.571 0.0000000000
1873  -5.585  -26.103  10.682 0.0000000000
1879  -1.079  -29.275  25.407 0.0000000000
1881  -1.172  -1.514  28.933 0.0000000000
1883  -0.743  5.566  26.640 0.0000000000
1884  -0.371  -0.913  24.435 0.0000000000
1885  -0.491  -7.425  21.265 0.0000000000
1886  -0.340  -22.196  24.326 0.0000000000
1887  0.036  -28.918  20.800 0.0000000000
1888  -1.189  -15.297  27.494 0.0000000000
1889  -0.397  -14.765  22.829 0.0000000000
1890  -0.689  -14.386  18.049 0.0000000000
1891  -0.808  -28.116  16.403 0.0000000000
1892  0.360  -34.773  16.232 0.0000000000
1893  -1.692  -21.288  15.224 0.0000000000
1894  -3.601  -27.617  13.630 0.0000000000
1895  -4.746  -32.405  11.455 0.0000000000
1897  -2.710  -39.882  22.068 0.0000000000
1901  1.222  -37.557  10.205 0.0000000000
1902  0.702  -39.910  16.760 0.0000000000
1903  -7.173  -34.729  8.004 0.0000000000
1904  -1.319  -34.907  7.328 0.0000000000
1905  -0.962  -40.047  6.567 0.0000000000
1906  -7.003  -41.969  6.149 0.0000000000
1907  -5.150  -43.984  8.922 0.0000000000
1910  -2.996  -43.419  17.228 0.0000000000
1911  -5.743  -45.792  12.812 0.0000000000
1988  -4.206  24.321  16.966 0.0000000000
1991  -1.104  25.462  13.499 0.0000000000
1992  -0.428  25.220  9.087 0.0000000000
2000  -0.629  31.189  4.224 0.0000000000
2001  -0.639  23.907  4.617 0.0000000000
2005  -0.592  21.848  0.861 0.0000000000
2007  -3.161  26.433  -3.278 0.0000000000
2008  -1.338  19.687  -2.390 0.0000000000
2009  -3.765  17.936  -4.722 0.0000000000
2100  -6.105  20.434  -8.440 0.0000000000
2101  -4.765  13.211  -6.370 0.0000000000
2108  -32.854  9.872  -11.854 0.0000000000
2122  -34.660  2.573  -21.599 0.0000000000
2391  -11.004  -41.298  4.530 0.0000000000
2393  -11.757  -34.759  5.497 0.0000000000
2394  -11.660  -37.680  4.984 0.0000000000
2395  -14.802  -41.375  3.142 0.0000000000
2396  -17.892  -41.726  1.618 0.0000000000
2408  -6.947  -28.383  1.381 0.0000000000
2409  -8.771  -32.089  2.990 0.0000000000
2410  -3.067  -22.461  -2.747 0.0000000000
2411  -4.301  -25.487  -0.271 0.0000000000
2412  -9.967  -29.059  -2.574 0.0000000000
2413  -12.802  -28.258  -5.936 0.0000000000
2414  -15.927  -33.047  -4.143 0.0000000000
2415  -2.501  -12.838  -5.984 0.0000000000
2416  -2.019  -18.508  -4.921 0.0000000000
2417  -2.880  2.500  -5.119 0.0000000000
2418  -3.083  -5.550  -5.986 0.0000000000
2419  -0.786  -14.544  -10.090 0.0000000000
2420  -3.279  -13.213  -13.411 0.0000000000
2421  -1.854  -20.636  -16.643 0.0000000000
2422  -9.830  -25.127  -8.844 0.0000000000
2423  -15.641  -26.822  -8.414 0.0000000000
2424  -2.086  -25.219  -8.560 0.0000000000
2425  -3.345  -23.472  -14.058 0.0000000000
2426  -7.485  -22.142  -17.968 0.0000000000
2427  -18.677  -26.073  -10.163 0.0000000000
2428  -23.924  -30.858  -7.586 0.0000000000
2429  -12.381  -20.475  -20.465 0.0000000000
2430  -13.808  -24.524  -15.807 0.0000000000
2431  -22.267  -24.750  -11.111 0.0000000000
2432  -26.470  -23.116  -11.475 0.0000000000
2433  -31.171  -27.004  -9.647 0.0000000000
2436  -18.420  -40.230  -4.472 0.0000000000
2439  -23.294  -37.052  -9.698 0.0000000000
2441  -21.484  -38.560  3.593 0.0000000000
2442  -21.746  -41.735  0.158 0.0000000000
2443  -15.918  -35.809  1.860 0.0000000000
2444  -21.071  -35.903  0.249 0.0000000000
2445  -25.798  -35.386  -0.999 0.0000000000
2446  -29.170  -39.956  -5.242 0.0000000000
2447  -31.291  -38.510  -9.068 0.0000000000
2448  -25.783  -41.361  -2.150 0.0000000000
2449  -30.227  -38.418  -0.130 0.0000000000
2450  -29.431  -33.950  -2.981 0.0000000000
2451  -36.270  -36.972  -7.871 0.0000000000
2452  -31.510  -35.557  -12.750 0.0000000000
2453  -32.946  -32.701  -4.964 0.0000000000
2454  -36.337  -32.107  -7.707 0.0000000000
2455  -38.744  -30.248  -11.061 0.0000000000
2461  -31.672  -32.356  -15.322 0.0000000000
2462  -25.010  -31.791  -14.701 0.0000000000
2463  -39.580  -26.844  -14.196 0.0000000000
2464  -37.455  -31.006  -15.137 0.0000000000
2465  -30.784  -28.737  -18.000 0.0000000000
2466  -28.854  -25.086  -20.959 0.0000000000
2467  -23.712  -25.166  -19.211 0.0000000000
2478  -4.750  5.970  -7.035 0.0000000000
2479  -6.233  14.415  -14.863 0.0000000000
2480  -6.271  10.238  -9.895 0.0000000000
2481  -3.938  -1.938  -10.812 0.0000000000
2482  -5.076  -8.390  -13.215 0.0000000000
2487  -10.261  12.585  -15.782 0.0000000000
2488  -13.014  4.605  -13.934 0.0000000000
2489  -11.774  1.410  -12.032 0.0000000000
2490  -6.782  -2.991  -14.703 0.0000000000
2491  -8.879  -13.078  -18.463 0.0000000000
2492  -7.777  5.122  -12.541 0.0000000000
2493  -8.993  -0.930  -15.837 0.0000000000
2494  -13.481  -6.182  -14.175 0.0000000000
2495  -14.029  -16.366  -18.604 0.0000000000
2496  -18.075  -10.761  -12.568 0.0000000000
2497  -15.852  -13.294  -14.615 0.0000000000
2498  -19.369  -18.724  -14.094 0.0000000000
2499  -28.751  -20.814  -11.622 0.0000000000
2511  -30.148  11.255  -13.682 0.0000000000
2513  -27.885  4.356  -13.445 0.0000000000
2515  -27.585  11.308  -15.572 0.0000000000
2516  -32.067  4.931  -14.945 0.0000000000
2517  -32.593  -0.811  -16.308 0.0000000000
2518  -30.137  -1.679  -14.713 0.0000000000
2519  -33.681  0.858  -19.137 0.0000000000
2522  -32.827  -18.563  -13.353 0.0000000000
2523  -37.775  -22.174  -13.989 0.0000000000
2524  -20.577  -8.495  -11.245 0.0000000000
2525  -25.851  -14.071  -11.980 0.0000000000
2526  -35.256  -15.830  -16.414 0.0000000000
2527  -36.165  -12.563  -20.025 0.0000000000
2528  -36.849  -16.230  -21.986 0.0000000000
2529  -15.563  6.670  -15.568 0.0000000000
2530  -17.633  -1.433  -11.313 0.0000000000
2532  -18.369  8.204  -16.114 0.0000000000
2533  -22.247  2.482  -12.512 0.0000000000
2534  -30.624  -9.335  -16.341 0.0000000000
2535  -35.442  -9.253  -23.716 0.0000000000
2536  -22.903  -5.451  -11.252 0.0000000000
2537  -24.848  -4.035  -13.522 0.0000000000
2538  -27.205  -2.557  -14.337 0.0000000000
2539  -32.958  -6.209  -26.251 0.0000000000
2540  -30.653  -9.250  -28.885 0.0000000000
2541  -32.241  -4.897  -20.054 0.0000000000
2542  -30.233  -2.943  -26.648 0.0000000000
2544  -38.128  -23.363  -18.344 0.0000000000
2545  -31.341  -16.250  -25.922 0.0000000000
2546  -34.744  -19.878  -22.165 0.0000000000
2547  -32.047  -22.886  -21.846 0.0000000000
2548  -24.838  -20.461  -24.083 0.0000000000
2549  -24.466  -6.177  -31.539 0.0000000000
2550  -27.140  -11.828  -29.778 0.0000000000
