#!ascii label  , from subject fsaverage4 vox2ras=TkReg 
56
565  -39.655  -87.356  -7.787 0.1000000015
2236  -41.580  -84.825  -10.823 0.1000000015
145  -42.375  -81.928  -13.347 0.1000000015
2235  -42.225  -81.051  -6.711 0.1000000015
2245  -40.002  -79.182  -13.382 0.1000000015
2237  -44.724  -77.412  -8.890 0.1000000015
2246  -39.258  -73.635  -10.592 0.1000000015
2242  -42.597  -76.233  -9.903 0.1000000015
566  -43.976  -74.001  -5.374 0.1000000015
2243  -39.255  -65.265  -8.881 0.1000000015
2247  -40.859  -68.201  -13.320 0.1000000015
2241  -43.972  -71.451  -6.385 0.1000000015
567  -39.839  -69.905  -6.939 0.1000000015
569  -40.813  -60.097  -11.132 0.1000000015
2244  -42.392  -58.190  -6.675 0.1000000015
2239  -42.091  -61.827  -5.327 0.1000000015
1477  -41.708  -73.426  4.806 0.5000000000
1475  -45.156  -78.706  3.779 0.5000000000
377  -42.923  -80.956  0.280 0.5000000000
1476  -40.380  -75.077  0.935 0.4000000060
2232  -42.185  -71.366  -3.154 0.4000000060
1474  -43.499  -83.519  4.032 0.1000000015
1470  -46.716  -79.603  7.212 0.1000000015
1481  -43.479  -70.224  5.894 0.5000000000
1482  -39.948  -66.302  3.227 0.2000000030
99  -40.214  -68.240  -0.289 0.4000000060
2226  -45.123  -66.248  -3.199 0.1000000015
378  -47.906  -74.393  6.767 0.5000000000
379  -42.031  -64.849  5.567 0.3000000119
1485  -45.026  -63.580  -1.206 0.1000000015
2227  -49.573  -64.662  -4.098 0.1000000015
1486  -45.096  -61.270  1.751 0.1000000015
1478  -43.647  -68.586  8.660 0.2000000030
1483  -47.332  -60.899  4.863 0.1000000015
1487  -51.579  -59.673  1.627 0.1000000015
1480  -45.982  -72.181  9.414 0.2000000030
1479  -44.413  -64.044  7.599 0.3000000119
374  -41.551  -70.409  11.813 0.3000000119
1467  -41.685  -65.898  10.783 0.1000000015
2231  -41.727  -77.618  -2.723 0.4000000060
1471  -47.821  -75.827  11.157 0.2000000030
1473  -41.343  -85.436  -0.314 0.2000000030
2234  -41.990  -83.157  -3.370 0.3000000119
10  -36.338  -85.401  -2.178 0.1000000015
2233  -38.280  -87.477  -4.788 0.1000000015
1464  -44.624  -73.424  13.523 0.1000000015
1465  -40.983  -70.220  16.993 0.1000000015
376  -40.907  -81.082  6.552 0.1000000015
1617  -39.273  -78.098  12.914 0.1000000015
1621  -37.058  -78.884  7.726 0.1000000015
1469  -43.004  -78.074  9.897 0.1000000015
98  -44.391  -75.948  14.787 0.1000000015
1608  -43.233  -77.326  18.145 0.1000000015
2294  -32.168  -91.016  -8.049 0.1000000015
2297  -33.668  -89.891  -10.711 0.1000000015
1725  -30.336  -89.494  -5.356 0.1000000015
