#!ascii label  , from subject fsaverage4 vox2ras=TkReg 
174
1709  -7.577  -101.593  6.106 0.4000000060
1713  -10.257  -101.979  -1.279 0.6999999881
437  -12.110  -102.125  3.025 0.8000000119
1715  -15.190  -102.171  -2.721 0.8000000119
1719  -17.785  -100.839  2.150 0.8999999762
1712  -8.630  -99.727  3.536 0.2000000030
1720  -21.488  -99.444  -1.920 0.8000000119
114  -20.206  -100.153  -7.890 0.6999999881
434  -5.191  -98.694  8.479 0.4000000060
1722  -24.516  -98.394  -6.887 0.6999999881
2295  -23.184  -97.370  -14.599 0.5000000000
2300  -18.667  -98.783  -15.758 0.6000000238
1702  -3.559  -93.390  9.793 0.2000000030
581  -8.651  -96.571  -11.040 0.6999999881
2304  -11.828  -93.994  -10.195 0.6999999881
2303  -12.113  -97.165  -13.556 0.4000000060
1703  -8.225  -96.371  6.542 0.1000000015
1699  -5.143  -93.370  14.117 0.8999999762
1723  -25.371  -96.608  -1.873 0.6999999881
582  -17.146  -96.571  -15.906 0.8000000119
1700  -8.650  -97.181  8.874 1.0000000000
2308  -23.127  -94.934  -17.077 0.8999999762
2349  -8.124  -91.463  -12.316 0.8999999762
113  -12.083  -97.438  13.913 0.6999999881
1695  -10.373  -91.111  14.881 0.8000000119
1701  -4.203  -87.379  16.233 0.8999999762
1724  -28.281  -91.129  -1.662 0.2000000030
2305  -17.250  -94.009  -10.652 0.8999999762
149  -18.552  -89.236  -7.344 0.8000000119
2350  -14.186  -88.154  -10.072 0.8999999762
433  -7.043  -86.800  18.835 0.8000000119
429  -2.924  -86.270  11.489 0.8000000119
2309  -23.600  -91.131  -12.587 0.6000000238
2310  -22.633  -87.638  -13.214 0.5000000000
1698  -3.366  -83.353  21.975 0.6999999881
1676  -4.614  -80.392  17.513 1.0000000000
594  -10.218  -86.220  -12.742 0.8999999762
2344  -19.860  -84.876  -8.398 0.4000000060
2312  -23.095  -84.663  -11.739 0.2000000030
583  -28.245  -86.204  -16.930 0.3000000119
2313  -29.206  -83.368  -13.599 0.1000000015
2356  -16.283  -82.535  -10.536 0.6000000238
1675  -3.580  -80.357  12.564 0.6000000238
2352  -4.494  -89.486  -10.112 0.8000000119
2345  -26.628  -80.829  -7.844 0.1000000015
592  -21.609  -80.030  -6.119 0.1000000015
584  -30.791  -79.357  -11.458 0.1000000015
112  -3.918  -76.238  21.026 0.4000000060
2353  -9.081  -85.571  -7.211 0.8000000119
1671  -3.467  -73.030  16.003 0.8000000119
2342  -29.351  -74.610  -13.254 0.1000000015
2357  -13.551  -79.444  -11.212 0.5000000000
1659  -8.894  -73.453  18.606 0.5000000000
2322  -3.166  -85.048  -3.961 0.8000000119
2354  -18.882  -77.442  -7.996 0.1000000015
1670  -8.693  -69.663  14.248 0.8000000119
151  -6.560  -80.136  -1.729 1.0000000000
422  -15.324  -72.503  16.453 0.5000000000
2347  -24.355  -73.785  -4.289 0.1000000015
595  -16.305  -73.945  -10.446 0.2000000030
1672  -14.591  -68.077  14.672 0.5000000000
2358  -11.429  -77.597  -6.249 1.0000000000
2355  -21.755  -69.378  -8.399 0.2000000030
2321  -3.167  -80.919  1.089 0.8999999762
427  -4.148  -73.039  11.445 0.8999999762
426  -14.692  -67.747  9.332 0.8000000119
1673  -8.993  -68.391  8.914 0.8999999762
2331  -4.710  -74.986  1.061 0.8000000119
2336  -8.484  -74.626  -4.108 1.0000000000
1662  -19.841  -66.619  11.226 0.8999999762
1666  -20.525  -66.797  7.627 1.0000000000
1667  -17.132  -69.721  7.570 0.6999999881
1665  -22.657  -66.952  8.199 0.6000000238
2326  -24.420  -70.112  5.584 0.4000000060
591  -13.024  -70.989  -3.702 0.6999999881
2335  -7.901  -70.598  -0.093 0.6999999881
2325  -25.126  -63.808  7.093 0.6000000238
587  -26.141  -65.349  2.989 0.5000000000
589  -3.751  -69.290  3.548 0.8999999762
2328  -22.318  -65.271  0.274 0.2000000030
2389  -25.159  -59.456  3.007 0.6999999881
2386  -23.519  -59.061  6.448 0.8999999762
2339  -11.374  -65.475  -1.793 0.6999999881
2390  -22.862  -59.354  -0.080 0.5000000000
2338  -6.735  -64.810  0.938 0.8000000119
150  -15.125  -63.902  0.707 0.3000000119
2399  -18.366  -58.374  -0.953 0.4000000060
2398  -22.243  -53.098  -1.063 0.8000000119
590  -10.066  -59.267  -1.615 0.3000000119
2340  -14.188  -58.736  -4.373 0.2000000030
2337  -9.705  -60.760  1.099 0.6000000238
2403  -13.448  -55.938  -1.552 0.6000000238
605  -20.085  -52.010  -3.864 0.6000000238
2406  -12.402  -52.917  -4.035 0.2000000030
2405  -17.247  -49.934  -5.583 0.6000000238
425  -20.350  -71.809  7.875 0.6000000238
606  -16.012  -47.080  -7.247 0.3000000119
438  -21.818  -97.390  1.334 0.6000000238
1710  -11.178  -101.086  9.220 0.6999999881
439  -28.246  -95.352  -4.970 0.6000000238
2299  -15.374  -98.382  -12.802 0.1000000015
1714  -15.872  -100.797  -7.896 0.1000000015
1718  -15.547  -99.326  8.232 0.6999999881
2306  -29.039  -89.884  -15.818 0.5000000000
2351  -5.283  -94.072  -9.128 0.5000000000
2361  -13.080  -71.321  -8.793 0.4000000060
2330  -3.764  -75.771  4.979 0.6999999881
6  -20.952  -61.960  8.060 0.5000000000
1917  -18.590  -58.201  8.315 0.6000000238
2334  -7.110  -65.622  3.918 0.5000000000
602  -21.997  -53.999  2.800 0.6000000238
2402  -15.853  -44.611  -3.788 0.2000000030
1687  -10.134  -94.599  21.321 0.4000000060
1688  -14.373  -95.987  18.595 0.3000000119
1686  -13.358  -91.530  22.611 0.3000000119
431  -16.579  -91.552  17.999 0.3000000119
1706  -19.081  -94.883  15.827 0.2000000030
1694  -7.270  -90.453  24.644 0.5000000000
1697  -5.456  -85.286  27.253 0.4000000060
586  -5.444  -90.029  -3.465 0.3000000119
1678  -7.480  -81.664  11.607 0.1000000015
1674  -8.605  -76.442  13.401 0.1000000015
2333  -7.849  -70.964  4.454 0.2000000030
1664  -19.479  -61.703  10.475 0.3000000119
2388  -19.510  -54.557  5.675 0.6000000238
1705  -15.461  -99.251  14.130 0.4000000060
435  -21.773  -97.961  13.487 0.3000000119
1716  -20.501  -97.457  7.118 0.2000000030
1721  -23.147  -91.396  1.183 0.4000000060
2296  -27.282  -95.679  -10.544 0.4000000060
1708  -26.213  -96.249  10.944 0.1000000015
1717  -23.103  -93.754  6.177 0.2000000030
580  -28.743  -93.812  -14.715 0.2000000030
430  -10.385  -90.520  27.869 0.4000000060
1725  -30.336  -89.494  -5.356 0.1000000015
1622  -26.152  -88.869  6.654 0.1000000015
413  -26.982  -85.702  1.691 0.1000000015
2297  -33.668  -89.891  -10.711 0.2000000030
2294  -32.168  -91.016  -8.049 0.1000000015
2298  -35.580  -88.154  -15.153 0.2000000030
2307  -35.794  -84.653  -16.161 0.1000000015
145  -42.375  -81.928  -13.347 0.1000000015
1658  -15.059  -76.422  19.188 0.1000000015
1663  -20.585  -66.782  14.953 0.3000000119
2359  -18.889  -65.084  -11.309 0.2000000030
424  -19.933  -60.254  14.712 0.1000000015
2362  -17.701  -66.526  -7.133 0.3000000119
2341  -15.169  -64.518  -4.949 0.4000000060
2302  -13.520  -96.515  -8.335 0.1000000015
1681  -6.708  -91.591  5.566 0.1000000015
1679  -6.093  -87.589  10.006 0.1000000015
1669  -12.861  -72.204  10.639 0.1000000015
487  -14.933  -54.549  8.209 0.2000000030
2320  -5.997  -85.584  -0.082 0.1000000015
585  -6.637  -81.117  3.385 0.1000000015
2332  -9.954  -76.766  4.705 0.1000000015
588  -15.673  -74.497  2.822 0.1000000015
2329  -14.827  -68.907  1.480 0.1000000015
1817  -14.339  -59.261  9.874 0.1000000015
2400  -16.306  -49.353  1.282 0.2000000030
2401  -17.032  -47.487  -1.470 0.1000000015
1693  -4.674  -79.606  25.936 0.2000000030
1660  -9.355  -77.955  21.879 0.3000000119
1656  -20.867  -69.214  18.478 0.2000000030
2363  -21.598  -60.932  -5.143 0.1000000015
596  -23.143  -60.469  -7.809 0.1000000015
1696  -6.712  -87.276  31.602 0.2000000030
1684  -11.906  -85.652  31.050 0.1000000015
2327  -22.028  -71.044  2.108 0.1000000015
1682  -17.511  -87.132  21.527 0.1000000015
1704  -20.479  -89.386  14.466 0.1000000015
2360  -24.829  -61.271  -8.951 0.1000000015
2323  -20.038  -75.240  5.368 0.1000000015
1668  -16.664  -75.624  9.857 0.1000000015
