#!ascii label  , from subject fsaverage4 vox2ras=TkReg 
96
1709  -7.577  -101.593  6.106 0.6999999881
1713  -10.257  -101.979  -1.279 0.6000000238
437  -12.110  -102.125  3.025 0.3000000119
1715  -15.190  -102.171  -2.721 0.4000000060
1712  -8.630  -99.727  3.536 0.8000000119
1714  -15.872  -100.797  -7.896 0.8000000119
114  -20.206  -100.153  -7.890 0.6999999881
434  -5.191  -98.694  8.479 1.0000000000
1703  -8.225  -96.371  6.542 1.0000000000
2300  -18.667  -98.783  -15.758 0.6999999881
1702  -3.559  -93.390  9.793 0.8999999762
436  -15.129  -98.287  -3.665 1.0000000000
2351  -5.283  -94.072  -9.128 1.0000000000
581  -8.651  -96.571  -11.040 0.8999999762
2303  -12.113  -97.165  -13.556 0.6999999881
1711  -14.372  -95.276  0.061 1.0000000000
2301  -11.608  -94.307  -5.642 1.0000000000
2349  -8.124  -91.463  -12.316 0.8000000119
2302  -13.520  -96.515  -8.335 1.0000000000
2299  -15.374  -98.382  -12.802 1.0000000000
582  -17.146  -96.571  -15.906 0.6000000238
1681  -6.708  -91.591  5.566 1.0000000000
2317  -10.613  -91.095  -2.761 1.0000000000
2304  -11.828  -93.994  -10.195 0.3000000119
31  -13.008  -92.719  3.053 1.0000000000
1701  -4.203  -87.379  16.233 0.4000000060
429  -2.924  -86.270  11.489 0.8000000119
1680  -11.450  -89.994  3.843 1.0000000000
586  -5.444  -90.029  -3.465 1.0000000000
2352  -4.494  -89.486  -10.112 0.5000000000
1679  -6.093  -87.589  10.006 0.8000000119
428  -11.367  -87.240  7.483 1.0000000000
2316  -10.847  -87.757  -0.405 1.0000000000
594  -10.218  -86.220  -12.742 0.1000000015
1675  -3.580  -80.357  12.564 0.8999999762
1678  -7.480  -81.664  11.607 1.0000000000
1677  -12.377  -83.746  10.675 1.0000000000
2320  -5.997  -85.584  -0.082 1.0000000000
2319  -11.966  -84.198  3.149 1.0000000000
2322  -3.166  -85.048  -3.961 0.8000000119
2353  -9.081  -85.571  -7.211 0.2000000030
1671  -3.467  -73.030  16.003 0.1000000015
2318  -12.816  -81.306  5.752 1.0000000000
427  -4.148  -73.039  11.445 0.8000000119
1674  -8.605  -76.442  13.401 1.0000000000
111  -13.872  -79.568  11.855 1.0000000000
2321  -3.167  -80.919  1.089 0.8999999762
585  -6.637  -81.117  3.385 1.0000000000
2332  -9.954  -76.766  4.705 1.0000000000
2324  -15.371  -78.578  6.674 1.0000000000
1668  -16.664  -75.624  9.857 1.0000000000
2323  -20.038  -75.240  5.368 1.0000000000
425  -20.350  -71.809  7.875 0.8999999762
588  -15.673  -74.497  2.822 1.0000000000
2330  -3.764  -75.771  4.979 0.8999999762
1669  -12.861  -72.204  10.639 1.0000000000
2326  -24.420  -70.112  5.584 0.8999999762
1673  -8.993  -68.391  8.914 0.8999999762
2331  -4.710  -74.986  1.061 0.4000000060
1667  -17.132  -69.721  7.570 0.8999999762
2327  -22.028  -71.044  2.108 1.0000000000
1665  -22.657  -66.952  8.199 0.5000000000
2333  -7.849  -70.964  4.454 1.0000000000
2329  -14.827  -68.907  1.480 1.0000000000
426  -14.692  -67.747  9.332 0.5000000000
1666  -20.525  -66.797  7.627 0.5000000000
587  -26.141  -65.349  2.989 0.8999999762
2325  -25.126  -63.808  7.093 0.8000000119
2328  -22.318  -65.271  0.274 1.0000000000
589  -3.751  -69.290  3.548 0.5000000000
150  -15.125  -63.902  0.707 0.8999999762
2334  -7.110  -65.622  3.918 0.8000000119
2399  -18.366  -58.374  -0.953 0.5000000000
2338  -6.735  -64.810  0.938 0.1000000015
2337  -9.705  -60.760  1.099 0.5000000000
2403  -13.448  -55.938  -1.552 0.2000000030
2406  -12.402  -52.917  -4.035 0.1000000015
6  -20.952  -61.960  8.060 0.2000000030
2389  -25.159  -59.456  3.007 0.3000000119
2390  -22.862  -59.354  -0.080 0.6000000238
1699  -5.143  -93.370  14.117 0.3000000119
1722  -24.516  -98.394  -6.887 0.3000000119
1676  -4.614  -80.392  17.513 0.1000000015
151  -6.560  -80.136  -1.729 0.1000000015
2295  -23.184  -97.370  -14.599 0.3000000119
1719  -17.785  -100.839  2.150 0.1000000015
1720  -21.488  -99.444  -1.920 0.2000000030
2305  -17.250  -94.009  -10.652 0.2000000030
1670  -8.693  -69.663  14.248 0.1000000015
605  -20.085  -52.010  -3.864 0.1000000015
438  -21.818  -97.390  1.334 0.1000000015
2308  -23.127  -94.934  -17.077 0.1000000015
2296  -27.282  -95.679  -10.544 0.1000000015
2386  -23.519  -59.061  6.448 0.1000000015
1700  -8.650  -97.181  8.874 0.1000000015
1710  -11.178  -101.086  9.220 0.1000000015
