#!ascii label  , from subject fsaverage4 vox2ras=TkReg 
114
1955  50.666  25.062  18.669 0.8999999762
1954  45.659  25.631  18.857 0.8000000119
1960  54.635  22.668  17.576 0.8999999762
1956  42.595  27.271  21.199 0.3000000119
496  41.845  30.399  19.700 0.3000000119
497  46.868  27.291  13.655 0.6000000238
1957  41.676  27.689  15.462 0.3000000119
1959  52.177  26.326  13.380 0.8999999762
1953  38.505  30.966  13.922 0.4000000060
499  54.869  23.693  12.072 0.8999999762
1958  43.846  30.969  11.263 0.4000000060
1965  52.925  24.591  7.644 0.6000000238
1963  53.838  27.247  8.080 0.8999999762
1962  49.066  29.359  9.228 0.8999999762
35  48.940  26.210  4.660 0.4000000060
1964  53.162  27.341  3.832 0.8000000119
498  51.762  30.504  5.184 0.8999999762
1961  46.188  32.734  7.088 0.6999999881
2031  51.160  28.606  0.853 0.5000000000
2027  47.596  35.264  4.542 0.6000000238
2030  52.332  31.512  1.699 0.6999999881
2059  44.645  27.577  3.578 0.2000000030
514  51.793  32.941  -1.650 0.6000000238
2029  47.685  35.477  0.350 0.4000000060
2058  47.655  30.336  -1.076 0.4000000060
2061  50.677  32.759  -5.695 0.3000000119
2028  47.969  37.788  -3.481 0.3000000119
1980  52.169  7.641  4.883 0.1000000015
1976  46.741  11.688  19.288 0.1000000015
502  48.778  9.686  12.338 0.1000000015
1981  51.978  12.390  11.162 0.1000000015
1978  52.540  10.764  2.676 0.1000000015
1977  50.323  14.478  19.449 0.1000000015
1984  44.839  12.871  4.855 0.1000000015
1982  54.885  16.701  17.359 0.2000000030
503  54.748  13.970  9.115 0.2000000030
130  45.322  7.955  5.926 0.1000000015
1979  50.450  12.477  2.635 0.1000000015
1983  50.166  14.552  9.040 0.2000000030
1993  41.815  14.542  8.046 0.1000000015
504  45.537  16.804  8.377 0.2000000030
1985  54.721  18.838  15.161 0.3000000119
999  34.891  16.447  31.750 0.1000000015
1002  37.296  18.450  28.208 0.1000000015
257  39.987  19.290  32.025 0.1000000015
1946  45.922  16.907  19.737 0.1000000015
494  41.686  14.103  20.814 0.1000000015
1940  37.491  15.976  21.748 0.1000000015
1986  50.884  21.026  10.960 0.3000000119
1003  33.076  13.909  27.471 0.1000000015
258  35.496  17.510  24.606 0.1000000015
129  50.540  20.423  18.840 0.4000000060
1944  41.245  19.255  19.666 0.2000000030
1987  47.443  22.321  8.177 0.4000000060
998  43.469  20.898  30.517 0.1000000015
1001  39.461  21.573  26.999 0.1000000015
1943  37.886  21.663  22.387 0.2000000030
1945  46.361  22.219  18.783 0.4000000060
493  42.131  23.689  20.426 0.2000000030
1996  42.984  19.908  9.325 0.1000000015
68  44.671  24.066  28.801 0.1000000015
1942  41.586  25.166  24.653 0.2000000030
1948  45.542  28.484  24.372 0.2000000030
256  42.608  27.475  31.538 0.1000000015
993  47.665  25.320  32.154 0.1000000015
992  48.129  28.234  28.515 0.1000000015
991  44.958  29.714  30.256 0.1000000015
1947  46.702  32.166  22.482 0.2000000030
1995  43.847  24.767  7.048 0.1000000015
255  46.677  33.504  26.732 0.1000000015
1951  39.498  33.622  18.776 0.2000000030
1952  35.177  34.917  12.929 0.2000000030
128  39.825  33.640  9.269 0.3000000119
523  41.023  30.415  1.951 0.2000000030
2023  41.318  36.027  5.612 0.4000000060
1950  42.418  35.808  22.361 0.1000000015
495  37.369  37.936  17.731 0.1000000015
2014  36.634  38.245  8.179 0.2000000030
2022  38.566  40.850  4.930 0.3000000119
513  42.337  37.946  2.036 0.2000000030
2062  45.044  32.495  -3.944 0.2000000030
2026  42.360  39.684  -1.448 0.2000000030
2070  47.399  32.181  -12.619 0.1000000015
2094  29.593  24.007  5.013 0.1000000015
2063  43.969  31.360  -7.307 0.1000000015
522  49.416  33.168  -9.519 0.1000000015
2083  34.931  24.605  9.891 0.1000000015
2082  35.643  29.227  5.524 0.1000000015
527  31.265  25.407  8.353 0.1000000015
2081  32.256  30.227  3.927 0.1000000015
2064  38.318  32.133  -0.211 0.1000000015
135  35.895  30.604  -2.082 0.1000000015
2086  29.760  28.477  1.046 0.1000000015
525  45.137  28.520  -13.582 0.1000000015
2071  42.693  29.467  -9.029 0.1000000015
2080  39.446  26.616  6.652 0.1000000015
2072  46.716  38.122  -13.214 0.1000000015
2073  43.102  35.724  -13.226 0.1000000015
2060  46.397  35.892  -7.863 0.1000000015
2075  40.194  26.356  -9.927 0.1000000015
526  30.910  27.248  -6.153 0.1000000015
2077  41.585  25.932  -14.644 0.1000000015
2078  36.963  25.071  -11.792 0.1000000015
524  41.726  42.619  -13.389 0.1000000015
2074  39.951  31.531  -11.697 0.1000000015
2013  37.849  41.376  12.940 0.1000000015
132  41.428  40.178  -5.576 0.1000000015
2066  44.507  43.182  -10.206 0.1000000015
510  37.987  44.385  8.810 0.1000000015
2010  39.008  44.338  17.207 0.1000000015
2069  37.170  38.702  -8.423 0.1000000015
2025  40.218  43.367  1.879 0.1000000015
2021  38.924  44.938  -1.743 0.1000000015
2020  41.154  46.786  -5.746 0.1000000015
