#!ascii label  , from subject fsaverage4 vox2ras=TkReg 
103
774  4.872  -30.901  70.764 0.6250000000
775  2.798  -34.980  69.249 0.2500000000
771  7.952  -27.369  72.281 0.6250000000
773  6.933  -33.061  67.178 0.7500000000
654  3.174  -29.397  69.458 0.2500000000
198  5.073  -36.805  70.084 0.2500000000
197  9.707  -28.807  66.864 0.6250000000
12  3.024  -33.548  65.386 0.2500000000
770  9.436  -34.131  63.730 0.3750000000
769  11.422  -29.906  61.488 0.3750000000
766  13.260  -25.299  66.628 0.6250000000
196  14.614  -30.723  57.792 0.1250000000
768  15.373  -25.898  61.159 0.7500000000
759  17.689  -27.269  56.220 0.8750000000
871  23.965  -27.141  50.295 0.1250000000
757  20.741  -27.960  52.728 0.5000000000
867  24.555  -22.602  53.472 0.8750000000
856  29.198  -21.677  61.064 0.3750000000
219  35.323  -20.230  63.682 0.5000000000
866  31.877  -22.613  57.688 0.6250000000
51  21.884  -23.628  56.797 0.8750000000
869  34.004  -23.234  53.566 1.0000000000
223  27.631  -23.418  50.304 0.8750000000
870  30.441  -25.359  47.788 1.0000000000
868  37.081  -19.867  59.559 0.7500000000
865  35.041  -22.537  49.251 1.0000000000
864  33.681  -21.915  45.908 0.7500000000
222  36.756  -18.794  54.798 0.8750000000
863  34.146  -17.322  50.536 1.0000000000
221  32.386  -17.125  45.470 0.6250000000
915  32.910  -17.521  39.666 0.8750000000
861  35.122  -13.000  43.697 1.0000000000
862  35.830  -13.121  49.299 0.8750000000
878  35.973  -14.148  37.805 1.0000000000
858  37.416  -13.192  55.312 0.5000000000
860  40.256  -10.237  47.987 0.5000000000
227  37.006  -19.234  35.996 0.1250000000
882  41.728  -19.166  35.120 0.1250000000
220  40.664  -9.810  53.320 0.2500000000
877  37.914  -14.821  33.963 0.1250000000
17  40.651  -11.102  42.756 0.8750000000
881  40.872  -14.340  31.500 0.1250000000
876  40.951  -11.922  38.229 1.0000000000
225  41.235  -10.273  34.684 1.0000000000
1007  46.311  -8.724  42.907 0.7500000000
1028  46.513  -8.051  38.549 0.8750000000
879  42.586  -9.555  30.489 0.3750000000
60  45.483  -10.376  27.479 0.3750000000
1032  47.419  -6.512  30.044 1.0000000000
1041  48.350  -6.959  25.221 0.5000000000
1031  47.130  -7.412  34.346 1.0000000000
1030  52.495  -4.638  39.041 0.5000000000
265  53.039  -4.265  34.727 0.5000000000
1040  53.172  -3.501  29.890 0.8750000000
268  52.613  -3.523  24.392 0.8750000000
1043  58.252  0.634  30.081 0.2500000000
765  13.388  -33.773  61.678 0.2500000000
194  23.252  -30.955  55.516 0.3750000000
752  25.596  -21.739  63.076 0.8750000000
59  33.792  -26.191  46.069 0.7500000000
758  18.747  -31.508  55.903 0.1250000000
873  27.615  -27.829  49.112 0.6250000000
753  20.156  -23.770  61.403 0.7500000000
261  51.852  -4.843  43.583 0.2500000000
672  4.252  -38.099  62.479 0.1250000000
807  3.981  -39.868  67.048 0.1250000000
806  4.363  -39.615  72.397 0.1250000000
674  5.317  -32.088  61.590 0.1250000000
673  4.706  -35.903  57.852 0.1250000000
173  7.083  -30.401  56.993 0.1250000000
655  4.410  -27.239  66.340 0.1250000000
165  5.443  -25.949  72.709 0.3750000000
711  5.901  -25.845  62.301 0.1250000000
193  18.183  -23.057  66.284 0.2500000000
656  4.967  -23.403  70.261 0.1250000000
872  31.975  -28.688  49.193 0.2500000000
754  23.270  -21.789  67.030 0.2500000000
755  20.415  -20.426  70.427 0.2500000000
914  37.906  -24.799  45.765 0.3750000000
756  15.927  -22.229  70.911 0.2500000000
885  49.868  -11.521  26.886 0.1250000000
1045  51.487  -8.784  22.868 0.1250000000
1047  54.160  -5.317  20.089 0.1250000000
651  9.091  -22.830  73.870 0.2500000000
42  13.101  -20.372  72.632 0.1250000000
767  11.603  -24.439  72.379 0.1250000000
853  38.697  -14.666  63.464 0.1250000000
854  35.547  -15.316  65.236 0.1250000000
751  24.783  -17.576  69.681 0.1250000000
855  32.073  -20.254  66.750 0.1250000000
859  39.636  -14.147  59.815 0.1250000000
192  28.467  -19.851  68.452 0.1250000000
851  31.691  -15.616  66.434 0.1250000000
1006  50.161  -4.661  48.738 0.1250000000
913  34.156  -21.218  42.550 0.3750000000
974  44.770  -7.477  52.670 0.1250000000
269  57.743  -8.183  17.953 0.1250000000
1046  57.991  -1.300  19.613 0.1250000000
1044  58.164  0.184  25.207 0.2500000000
1919  60.021  -0.331  16.923 0.1250000000
71  59.719  4.835  23.249 0.1250000000
772  9.096  -36.602  68.887 0.2500000000
880  45.073  -14.300  30.592 0.1250000000
