#!ascii label  , from subject fsaverage4 vox2ras=TkReg 
140
818  15.579  -42.026  73.016 0.1000000015
211  16.410  -46.516  66.863 0.1000000015
821  16.516  -41.659  67.854 0.2000000030
783  23.301  -43.700  59.442 0.3000000119
55  21.336  -44.978  60.020 0.1000000015
813  20.114  -32.372  72.618 0.4000000060
210  16.637  -35.864  69.431 0.3000000119
817  18.305  -41.391  63.501 0.4000000060
200  24.837  -42.914  57.201 0.3000000119
795  25.913  -45.878  63.356 0.2000000030
796  30.679  -44.975  59.240 0.1000000015
782  21.140  -39.264  56.906 0.3000000119
784  19.763  -40.345  60.061 0.3000000119
204  35.783  -46.236  59.499 0.1000000015
816  19.211  -36.097  65.698 0.4000000060
195  21.196  -30.841  68.735 0.4000000060
815  23.018  -33.227  69.835 0.5000000000
780  26.737  -42.236  54.804 0.2000000030
15  29.519  -31.261  69.279 0.2000000030
776  29.428  -34.278  65.216 0.6000000238
786  35.957  -45.099  55.422 0.1000000015
777  24.558  -35.673  59.950 0.6000000238
781  23.429  -38.390  54.589 0.3000000119
201  21.486  -35.794  61.952 0.5000000000
787  32.243  -44.369  55.919 0.2000000030
778  26.184  -34.005  66.917 0.5000000000
202  33.932  -44.945  51.629 0.1000000015
199  27.770  -35.360  58.649 0.6000000238
785  32.085  -42.992  52.616 0.2000000030
945  31.983  -42.931  48.187 0.1000000015
761  25.545  -30.833  69.690 0.2000000030
941  29.118  -40.700  49.790 0.2000000030
907  33.566  -32.824  67.308 0.8000000119
779  25.876  -36.961  53.548 0.5000000000
932  28.255  -36.638  51.657 0.2000000030
53  27.467  -41.313  52.570 0.3000000119
239  32.786  -35.696  53.180 0.5000000000
928  32.908  -34.959  62.334 0.6999999881
940  29.869  -36.690  48.804 0.2000000030
235  37.452  -33.862  64.199 0.8000000119
930  36.015  -35.220  58.908 0.6999999881
931  30.532  -35.100  56.430 0.6999999881
912  40.644  -33.587  60.414 0.8999999762
929  37.340  -34.090  54.629 0.8000000119
942  33.921  -34.414  49.490 0.4000000060
63  42.049  -31.896  55.792 0.6999999881
943  31.017  -35.820  44.719 0.1000000015
944  31.183  -38.458  41.778 0.1000000015
911  44.121  -28.684  61.627 0.6000000238
934  38.140  -32.587  50.335 0.8000000119
939  32.664  -34.510  40.557 0.1000000015
241  34.251  -32.785  44.775 0.5000000000
919  46.573  -27.499  57.665 0.5000000000
924  42.183  -30.173  51.703 0.8000000119
933  38.110  -30.893  45.704 0.5000000000
937  35.054  -31.228  40.363 0.3000000119
1733  44.215  -32.363  40.160 0.3000000119
936  38.389  -28.671  40.904 0.3000000119
935  40.979  -29.684  37.750 0.2000000030
238  42.168  -28.490  46.880 0.6999999881
446  50.673  -32.052  42.470 0.1000000015
1783  47.544  -33.835  43.991 0.1000000015
18  43.754  -27.490  37.838 0.3000000119
923  46.704  -26.283  52.992 0.8000000119
1754  54.422  -31.554  45.452 0.1000000015
1784  51.206  -35.239  47.439 0.1000000015
927  42.047  -26.541  41.713 0.6999999881
1749  47.144  -30.527  39.216 0.1000000015
1751  50.162  -25.813  36.883 0.4000000060
237  48.501  -21.519  57.507 0.6999999881
926  45.892  -25.064  47.517 0.8000000119
925  50.193  -21.214  52.982 0.8000000119
904  45.589  -25.498  37.680 0.6000000238
905  45.382  -24.163  42.250 0.6000000238
1752  52.628  -29.348  41.033 0.1000000015
1748  48.801  -28.440  38.059 0.1000000015
232  47.634  -23.113  38.230 0.3000000119
901  50.035  -21.011  37.791 0.3000000119
233  50.141  -21.897  48.286 0.8999999762
903  48.666  -22.055  43.247 0.6999999881
1750  51.220  -23.546  34.801 0.5000000000
61  52.344  -18.950  36.371 0.5000000000
899  53.310  -18.779  48.151 0.8999999762
902  51.723  -19.852  43.220 0.6999999881
1756  53.237  -21.167  32.861 0.4000000060
898  54.286  -17.661  41.849 1.0000000000
893  57.109  -15.069  39.932 0.8000000119
897  55.828  -13.686  42.698 0.6000000238
231  55.408  -15.892  46.109 0.8000000119
892  54.784  -17.096  35.213 0.6999999881
229  57.784  -14.428  34.635 0.6000000238
230  55.861  -11.768  39.082 0.3000000119
891  58.679  -12.313  38.332 0.4000000060
1755  54.769  -18.560  31.551 0.4000000060
875  30.977  -30.106  64.189 0.2000000030
760  26.870  -30.387  63.888 0.1000000015
811  13.010  -42.473  74.897 0.1000000015
208  11.556  -37.618  76.434 0.1000000015
906  35.944  -30.448  64.757 0.3000000119
810  8.519  -39.225  75.062 0.1000000015
814  16.010  -31.435  74.595 0.3000000119
820  13.835  -35.713  74.316 0.1000000015
812  12.390  -41.044  72.006 0.1000000015
874  26.945  -29.606  55.310 0.1000000015
209  7.631  -40.331  70.269 0.1000000015
764  16.584  -31.836  68.113 0.2000000030
910  40.538  -29.656  63.811 0.3000000119
762  22.297  -31.458  62.146 0.1000000015
194  23.252  -30.955  55.516 0.1000000015
808  11.239  -33.284  75.487 0.1000000015
52  12.693  -34.487  68.045 0.1000000015
234  41.661  -26.246  59.871 0.1000000015
918  45.293  -22.956  60.101 0.4000000060
920  42.730  -23.680  54.068 0.1000000015
921  45.904  -18.922  55.843 0.1000000015
922  49.565  -16.704  54.944 0.4000000060
900  53.067  -17.000  51.714 0.4000000060
890  60.046  -9.748  34.507 0.2000000030
886  56.022  -11.555  33.674 0.2000000030
888  60.249  -8.079  29.422 0.1000000015
224  31.529  -29.985  56.011 0.1000000015
895  53.147  -14.933  48.546 0.4000000060
1753  56.822  -28.257  43.320 0.1000000015
445  54.273  -26.595  38.803 0.1000000015
1762  58.635  -25.744  39.234 0.1000000015
1764  55.553  -24.947  35.134 0.1000000015
1758  57.417  -15.612  30.066 0.1000000015
62  49.344  -16.087  49.501 0.2000000030
894  52.074  -15.549  42.969 0.1000000015
822  18.292  -45.346  61.918 0.1000000015
794  28.430  -44.580  62.482 0.2000000030
240  38.330  -31.739  38.075 0.1000000015
242  29.962  -39.821  45.548 0.1000000015
1819  61.704  -15.891  23.907 0.1000000015
1818  63.549  -10.673  24.039 0.1000000015
1757  60.072  -13.784  27.519 0.1000000015
889  60.866  -11.615  32.224 0.1000000015
1  62.937  -9.121  28.103 0.1000000015
1048  56.328  -10.139  23.216 0.1000000015
1049  61.619  -7.918  23.801 0.1000000015
