#!ascii label  , from subject fsaverage4 vox2ras=TkReg 
239
192  28.467  -19.851  68.452 0.5000000000
855  32.073  -20.254  66.750 0.3750000000
854  35.547  -15.316  65.236 0.6250000000
853  38.697  -14.666  63.464 1.0000000000
852  35.675  -11.111  61.204 1.0000000000
218  32.829  -13.397  60.614 1.0000000000
643  20.281  -14.281  62.293 1.0000000000
644  21.291  -11.809  59.170 1.0000000000
751  24.783  -17.576  69.681 1.0000000000
642  23.844  -14.514  65.986 1.0000000000
648  17.320  -9.743  61.041 1.0000000000
58  38.993  -9.469  61.022 1.0000000000
955  31.422  -12.292  54.253 1.0000000000
168  14.503  -2.497  68.092 1.0000000000
664  10.495  -5.697  68.754 1.0000000000
663  11.222  -8.743  68.074 1.0000000000
660  14.873  -6.139  65.740 1.0000000000
649  18.094  -4.966  63.900 0.8750000000
0  27.198  -14.101  60.787 1.0000000000
164  19.704  -7.760  59.108 1.0000000000
956  34.234  -9.823  55.437 1.0000000000
950  24.031  -12.766  54.747 1.0000000000
750  27.872  -14.694  67.425 1.0000000000
659  7.520  -11.081  68.515 1.0000000000
850  29.045  -14.684  60.717 1.0000000000
716  7.427  -12.437  58.108 0.8750000000
43  8.054  -9.089  65.812 0.8750000000
851  31.691  -15.616  66.434 0.7500000000
710  5.863  -13.741  62.569 0.8750000000
1050  21.575  -8.780  55.121 1.0000000000
717  4.967  -17.496  54.296 0.5000000000
718  7.881  -21.232  50.641 0.2500000000
183  6.637  -15.289  50.797 0.2500000000
658  4.834  -14.746  66.412 0.8750000000
245  30.080  -10.453  48.161 0.8750000000
667  8.856  -2.640  67.360 0.8750000000
704  9.048  -6.710  62.401 0.8750000000
705  6.507  -0.888  65.335 0.8750000000
857  41.425  -9.234  58.103 0.8750000000
967  38.247  -7.459  56.125 1.0000000000
714  5.714  -10.159  55.078 0.8750000000
966  33.595  -8.351  48.673 0.8750000000
668  12.021  0.143  67.027 0.8750000000
954  26.315  -11.531  48.118 0.8750000000
661  18.492  -0.378  66.343 0.8750000000
1053  21.928  -4.967  51.921 0.8750000000
951  27.838  -13.868  54.064 1.0000000000
220  40.664  -9.810  53.320 0.7500000000
1052  21.413  -4.029  57.306 0.7500000000
1051  23.109  0.512  60.023 0.7500000000
180  8.371  -5.024  59.804 0.8750000000
244  23.342  -10.346  50.501 1.0000000000
971  42.229  -6.562  55.025 1.0000000000
169  9.399  2.636  67.212 0.8750000000
650  20.559  -3.346  62.054 1.0000000000
270  21.796  0.086  54.586 0.6250000000
249  37.783  -7.040  49.003 0.8750000000
968  29.844  -5.677  44.624 0.5000000000
44  22.056  0.848  64.860 1.0000000000
952  23.265  -5.417  46.673 0.6250000000
719  10.181  -13.186  49.676 0.5000000000
715  7.164  -7.983  52.928 0.7500000000
974  44.770  -7.477  52.670 1.0000000000
953  26.245  -6.442  44.568 0.6250000000
860  40.256  -10.237  47.987 0.5000000000
969  33.245  -3.947  44.138 0.5000000000
665  16.174  2.435  64.054 0.8750000000
1062  21.694  4.778  51.118 0.2500000000
1054  22.151  -0.237  49.231 0.1250000000
706  6.942  0.817  61.637 0.8750000000
720  9.735  -6.548  50.496 0.5000000000
973  41.875  -5.767  49.069 0.8750000000
1064  21.630  5.181  56.698 0.5000000000
1063  24.065  4.436  47.082 0.1250000000
707  8.621  -3.042  57.284 0.8750000000
975  45.768  -8.388  48.875 0.7500000000
970  37.127  -3.666  43.674 0.6250000000
261  51.852  -4.843  43.583 0.5000000000
669  13.037  5.220  63.400 0.8750000000
957  27.782  4.504  49.259 0.1250000000
958  29.523  3.747  53.013 0.1250000000
65  25.001  0.226  46.461 0.1250000000
963  33.877  3.987  55.548 0.1250000000
959  27.867  -0.886  47.539 0.1250000000
248  30.884  0.303  48.370 0.1250000000
965  34.461  1.199  48.992 0.1250000000
250  46.131  -4.784  50.213 1.0000000000
17  40.651  -11.102  42.756 0.1250000000
1030  52.495  -4.638  39.041 0.5000000000
1012  54.207  -1.017  41.929 1.0000000000
1029  56.193  -0.990  38.181 0.8750000000
1042  57.477  0.092  34.175 0.8750000000
702  6.707  5.058  65.928 0.8750000000
964  38.226  4.613  54.588 0.1250000000
972  41.971  -2.930  43.921 0.5000000000
70  51.259  -0.486  37.351 0.8750000000
1034  53.598  0.973  33.822 0.7500000000
66  38.189  1.239  48.063 0.1250000000
1006  50.161  -4.661  48.738 0.7500000000
1007  46.311  -8.724  42.907 0.1250000000
666  20.001  5.142  64.575 0.7500000000
670  10.251  8.636  64.865 0.8750000000
48  10.306  -1.525  53.987 0.7500000000
267  56.049  4.477  31.715 0.8750000000
170  17.169  7.903  61.547 0.6250000000
708  7.707  2.864  56.695 0.8750000000
1065  20.756  9.416  52.057 0.2500000000
247  37.300  9.905  55.842 0.1250000000
1043  58.252  0.634  30.081 0.8750000000
1056  22.919  5.753  62.043 0.7500000000
181  7.358  6.915  60.836 0.8750000000
273  22.689  8.681  46.875 0.1250000000
732  10.874  -1.009  50.383 0.7500000000
1009  47.148  -0.801  46.249 0.8750000000
1033  49.112  3.504  31.191 0.5000000000
188  11.840  -0.004  46.912 0.5000000000
1044  58.164  0.184  25.207 0.6250000000
671  13.568  11.185  60.892 0.6250000000
703  7.667  11.543  63.671 0.7500000000
726  7.756  3.339  52.468 0.7500000000
1008  42.271  1.808  47.226 0.5000000000
1010  50.818  0.120  45.606 1.0000000000
1039  58.448  6.065  28.624 0.6250000000
1055  21.016  9.863  61.869 0.6250000000
272  21.053  9.567  57.475 0.3750000000
740  8.996  4.583  48.498 0.5000000000
741  11.568  5.953  45.223 0.3750000000
1046  57.991  -1.300  19.613 0.3750000000
1059  20.592  14.423  58.146 0.5000000000
727  8.066  7.655  55.902 0.7500000000
738  9.892  10.611  47.321 0.3750000000
71  59.719  4.835  23.249 0.5000000000
1919  60.021  -0.331  16.923 0.1250000000
14  10.901  14.765  62.849 0.6250000000
1058  17.904  13.510  60.710 0.6250000000
1037  51.499  6.991  29.850 0.3750000000
724  8.606  12.629  59.366 0.7500000000
1924  59.830  5.697  19.194 0.3750000000
185  9.406  8.947  51.184 0.6250000000
1057  14.708  16.154  59.280 0.6250000000
189  11.325  11.958  43.317 0.2500000000
1038  56.123  6.944  25.807 0.3750000000
725  7.907  17.589  62.141 0.6250000000
271  18.277  18.285  58.132 0.5000000000
728  9.723  14.026  54.798 0.6250000000
1073  10.435  20.064  59.404 0.5000000000
186  7.073  18.961  57.703 0.5000000000
1107  13.924  21.064  55.337 0.2500000000
730  7.565  19.243  52.352 0.5000000000
1072  7.409  23.174  58.670 0.5000000000
1105  18.113  23.322  55.082 0.1250000000
729  10.116  14.924  49.394 0.5000000000
276  9.952  26.322  56.493 0.2500000000
1106  21.061  23.426  53.122 0.1250000000
1075  6.788  24.487  54.407 0.2500000000
1108  14.142  27.641  53.520 0.1250000000
284  18.458  29.695  53.491 0.1250000000
1076  6.983  29.565  56.069 0.2500000000
1078  9.953  31.837  53.392 0.1250000000
275  6.922  30.773  50.871 0.2500000000
1074  8.303  25.425  49.215 0.2500000000
1109  14.040  32.964  50.423 0.1250000000
1077  7.052  35.412  51.660 0.2500000000
646  13.889  -16.988  66.997 0.7500000000
756  15.927  -22.229  70.911 0.5000000000
657  5.802  -16.914  69.252 0.7500000000
652  7.379  -19.898  71.695 0.6250000000
653  10.662  -17.968  69.947 0.7500000000
662  11.562  -12.500  65.431 0.7500000000
166  5.657  -21.254  66.931 0.5000000000
709  6.200  -19.565  63.154 0.3750000000
755  20.415  -20.426  70.427 0.5000000000
645  16.969  -18.397  70.464 0.6250000000
167  8.799  -14.031  68.809 0.7500000000
647  17.069  -15.630  64.377 0.8750000000
163  14.564  -11.143  62.358 0.8750000000
182  6.228  -18.673  58.735 0.3750000000
754  23.270  -21.789  67.030 0.7500000000
162  20.494  -16.691  68.786 0.8750000000
859  39.636  -14.147  59.815 0.7500000000
858  37.416  -13.192  55.312 0.2500000000
862  35.830  -13.121  49.299 0.2500000000
265  53.039  -4.265  34.727 0.5000000000
1011  47.964  0.323  40.902 0.7500000000
1018  40.589  2.199  40.350 0.1250000000
1019  43.128  -0.567  36.435 0.2500000000
260  44.780  2.743  43.916 0.1250000000
263  37.599  3.880  37.604 0.1250000000
1040  53.172  -3.501  29.890 0.3750000000
268  52.613  -3.523  24.392 0.1250000000
1047  54.160  -5.317  20.089 0.1250000000
1024  46.631  0.384  32.875 0.5000000000
1020  39.968  4.888  45.160 0.1250000000
1061  20.933  13.963  54.188 0.2500000000
1014  40.578  5.574  50.726 0.1250000000
753  20.156  -23.770  61.403 0.2500000000
651  9.091  -22.830  73.870 0.3750000000
165  5.443  -25.949  72.709 0.2500000000
42  13.101  -20.372  72.632 0.3750000000
656  4.967  -23.403  70.261 0.2500000000
713  6.769  -23.190  54.182 0.2500000000
219  35.323  -20.230  63.682 0.5000000000
868  37.081  -19.867  59.559 0.2500000000
767  11.603  -24.439  72.379 0.1250000000
193  18.183  -23.057  66.284 0.2500000000
766  13.260  -25.299  66.628 0.1250000000
184  12.664  -10.809  47.182 0.1250000000
723  14.406  -14.355  42.105 0.1250000000
734  13.056  -9.219  43.927 0.1250000000
731  11.080  -5.679  47.910 0.2500000000
752  25.596  -21.739  63.076 0.2500000000
856  29.198  -21.677  61.064 0.1250000000
866  31.877  -22.613  57.688 0.1250000000
222  36.756  -18.794  54.798 0.1250000000
1036  44.546  4.329  27.956 0.1250000000
266  49.627  4.748  25.527 0.1250000000
739  8.842  15.726  45.119 0.2500000000
1923  54.868  4.595  21.473 0.1250000000
50  7.211  19.720  47.245 0.2500000000
743  10.435  17.358  41.600 0.1250000000
744  7.793  21.305  42.491 0.1250000000
191  9.654  22.676  38.803 0.1250000000
1080  8.306  26.461  42.933 0.1250000000
1088  8.241  31.930  44.731 0.1250000000
278  8.121  32.449  38.726 0.1250000000
1086  6.696  36.993  46.248 0.1250000000
1089  8.521  37.911  40.160 0.1250000000
1083  7.987  32.727  33.755 0.1250000000
1085  8.737  37.964  34.277 0.1250000000
1087  6.846  41.882  47.371 0.1250000000
711  5.901  -25.845  62.301 0.1250000000
712  7.294  -24.618  57.944 0.1250000000
1028  46.513  -8.051  38.549 0.1250000000
735  11.460  -4.393  44.741 0.1250000000
737  12.935  0.923  43.210 0.1250000000
1932  60.224  0.390  14.046 0.1250000000
490  58.662  5.417  15.551 0.1250000000
1060  21.545  18.758  56.485 0.1250000000
768  15.373  -25.898  61.159 0.1250000000
