#!ascii label  , from subject fsaverage4 vox2ras=TkReg 
135
774  4.872  -30.901  70.764 0.6250000000
771  7.952  -27.369  72.281 0.5000000000
165  5.443  -25.949  72.709 0.6250000000
654  3.174  -29.397  69.458 0.7500000000
651  9.091  -22.830  73.870 0.7500000000
655  4.410  -27.239  66.340 0.6250000000
12  3.024  -33.548  65.386 0.5000000000
42  13.101  -20.372  72.632 0.7500000000
767  11.603  -24.439  72.379 0.8750000000
656  4.967  -23.403  70.261 0.8750000000
197  9.707  -28.807  66.864 0.6250000000
674  5.317  -32.088  61.590 0.5000000000
756  15.927  -22.229  70.911 0.7500000000
711  5.901  -25.845  62.301 1.0000000000
766  13.260  -25.299  66.628 0.6250000000
173  7.083  -30.401  56.993 0.5000000000
673  4.706  -35.903  57.852 0.5000000000
166  5.657  -21.254  66.931 0.8750000000
645  16.969  -18.397  70.464 0.6250000000
755  20.415  -20.426  70.427 0.5000000000
751  24.783  -17.576  69.681 0.2500000000
754  23.270  -21.789  67.030 0.2500000000
193  18.183  -23.057  66.284 0.5000000000
680  5.658  -28.593  52.941 0.3750000000
678  5.471  -33.675  53.568 0.2500000000
709  6.200  -19.565  63.154 0.8750000000
192  28.467  -19.851  68.452 0.2500000000
753  20.156  -23.770  61.403 0.6250000000
712  7.294  -24.618  57.944 0.8750000000
768  15.373  -25.898  61.159 0.5000000000
752  25.596  -21.739  63.076 0.6250000000
713  6.769  -23.190  54.182 0.7500000000
182  6.228  -18.673  58.735 0.7500000000
855  32.073  -20.254  66.750 0.5000000000
219  35.323  -20.230  63.682 0.7500000000
856  29.198  -21.677  61.064 0.7500000000
51  21.884  -23.628  56.797 0.2500000000
759  17.689  -27.269  56.220 0.2500000000
47  8.119  -26.833  49.849 0.1250000000
718  7.881  -21.232  50.641 0.2500000000
696  12.362  -25.112  47.775 0.1250000000
866  31.877  -22.613  57.688 0.3750000000
868  37.081  -19.867  59.559 0.5000000000
179  15.182  -23.188  44.571 0.1250000000
721  11.199  -19.264  48.252 0.1250000000
222  36.756  -18.794  54.798 0.3750000000
853  38.697  -14.666  63.464 0.7500000000
863  34.146  -17.322  50.536 0.1250000000
859  39.636  -14.147  59.815 0.8750000000
858  37.416  -13.192  55.312 0.5000000000
857  41.425  -9.234  58.103 0.3750000000
220  40.664  -9.810  53.320 0.1250000000
862  35.830  -13.121  49.299 0.8750000000
860  40.256  -10.237  47.987 0.3750000000
974  44.770  -7.477  52.670 0.2500000000
17  40.651  -11.102  42.756 0.6250000000
1007  46.311  -8.724  42.907 0.3750000000
876  40.951  -11.922  38.229 0.1250000000
1028  46.513  -8.051  38.549 0.3750000000
975  45.768  -8.388  48.875 0.7500000000
261  51.852  -4.843  43.583 0.6250000000
1006  50.161  -4.661  48.738 0.7500000000
1030  52.495  -4.638  39.041 0.5000000000
265  53.039  -4.265  34.727 0.7500000000
1029  56.193  -0.990  38.181 0.5000000000
1040  53.172  -3.501  29.890 0.7500000000
1042  57.477  0.092  34.175 0.3750000000
1043  58.252  0.634  30.081 0.3750000000
717  4.967  -17.496  54.296 0.7500000000
1031  47.130  -7.412  34.346 0.6250000000
775  2.798  -34.980  69.249 0.1250000000
198  5.073  -36.805  70.084 0.1250000000
773  6.933  -33.061  67.178 0.1250000000
672  4.252  -38.099  62.479 0.2500000000
652  7.379  -19.898  71.695 0.7500000000
710  5.863  -13.741  62.569 0.5000000000
223  27.631  -23.418  50.304 0.1250000000
658  4.834  -14.746  66.412 0.5000000000
861  35.122  -13.000  43.697 0.5000000000
1032  47.419  -6.512  30.044 0.1250000000
1041  48.350  -6.959  25.221 0.1250000000
268  52.613  -3.523  24.392 0.5000000000
657  5.802  -16.914  69.252 0.7500000000
769  11.422  -29.906  61.488 0.1250000000
647  17.069  -15.630  64.377 0.2500000000
646  13.889  -16.988  66.997 0.2500000000
869  34.004  -23.234  53.566 0.2500000000
653  10.662  -17.968  69.947 0.5000000000
662  11.562  -12.500  65.431 0.5000000000
167  8.799  -14.031  68.809 0.3750000000
163  14.564  -11.143  62.358 0.1250000000
162  20.494  -16.691  68.786 0.2500000000
643  20.281  -14.281  62.293 0.1250000000
854  35.547  -15.316  65.236 0.5000000000
648  17.320  -9.743  61.041 0.1250000000
642  23.844  -14.514  65.986 0.2500000000
659  7.520  -11.081  68.515 0.2500000000
644  21.291  -11.809  59.170 0.1250000000
660  14.873  -6.139  65.740 0.1250000000
649  18.094  -4.966  63.900 0.1250000000
58  38.993  -9.469  61.022 0.2500000000
168  14.503  -2.497  68.092 0.1250000000
664  10.495  -5.697  68.754 0.1250000000
663  11.222  -8.743  68.074 0.1250000000
716  7.427  -12.437  58.108 0.3750000000
750  27.872  -14.694  67.425 0.2500000000
43  8.054  -9.089  65.812 0.2500000000
1034  53.598  0.973  33.822 0.1250000000
1047  54.160  -5.317  20.089 0.1250000000
1044  58.164  0.184  25.207 0.2500000000
269  57.743  -8.183  17.953 0.1250000000
1046  57.991  -1.300  19.613 0.1250000000
851  31.691  -15.616  66.434 0.3750000000
0  27.198  -14.101  60.787 0.1250000000
850  29.045  -14.684  60.717 0.1250000000
183  6.637  -15.289  50.797 0.2500000000
714  5.714  -10.159  55.078 0.1250000000
704  9.048  -6.710  62.401 0.1250000000
715  7.164  -7.983  52.928 0.1250000000
180  8.371  -5.024  59.804 0.1250000000
1012  54.207  -1.017  41.929 0.2500000000
70  51.259  -0.486  37.351 0.1250000000
1010  50.818  0.120  45.606 0.1250000000
1011  47.964  0.323  40.902 0.1250000000
852  35.675  -11.111  61.204 0.1250000000
971  42.229  -6.562  55.025 0.1250000000
71  59.719  4.835  23.249 0.1250000000
1039  58.448  6.065  28.624 0.1250000000
1924  59.830  5.697  19.194 0.1250000000
757  20.741  -27.960  52.728 0.1250000000
867  24.555  -22.602  53.472 0.1250000000
225  41.235  -10.273  34.684 0.1250000000
865  35.041  -22.537  49.251 0.1250000000
221  32.386  -17.125  45.470 0.1250000000
250  46.131  -4.784  50.213 0.1250000000
