#!ascii label  , from subject fsaverage4 vox2ras=TkReg 
101
772  9.096  -36.602  68.887 0.1111110002
198  5.073  -36.805  70.084 0.2222220004
808  11.239  -33.284  75.487 0.1111110002
52  12.693  -34.487  68.045 0.1111110002
775  2.798  -34.980  69.249 0.3333329856
765  13.388  -33.773  61.678 0.2222220004
807  3.981  -39.868  67.048 0.1111110002
770  9.436  -34.131  63.730 0.5555559993
763  17.670  -32.692  61.256 0.6666669846
773  6.933  -33.061  67.178 0.5555559993
196  14.614  -30.723  57.792 0.6666669846
769  11.422  -29.906  61.488 0.8888890147
758  18.747  -31.508  55.903 0.7777780294
762  22.297  -31.458  62.146 0.5555559993
760  26.870  -30.387  63.888 0.3333329856
874  26.945  -29.606  55.310 0.4444440007
194  23.252  -30.955  55.516 0.4444440007
768  15.373  -25.898  61.159 0.7777780294
759  17.689  -27.269  56.220 0.8888890147
873  27.615  -27.829  49.112 0.6666669846
871  23.965  -27.141  50.295 0.6666669846
757  20.741  -27.960  52.728 0.7777780294
872  31.975  -28.688  49.193 0.5555559993
870  30.441  -25.359  47.788 0.8888890147
908  37.191  -27.092  51.378 0.4444440007
59  33.792  -26.191  46.069 0.8888890147
223  27.631  -23.418  50.304 0.7777780294
867  24.555  -22.602  53.472 0.7777780294
51  21.884  -23.628  56.797 0.1111110002
866  31.877  -22.613  57.688 0.1111110002
920  42.730  -23.680  54.068 0.2222220004
869  34.004  -23.234  53.566 0.1111110002
914  37.906  -24.799  45.765 0.4444440007
865  35.041  -22.537  49.251 0.7777780294
864  33.681  -21.915  45.908 0.6666669846
222  36.756  -18.794  54.798 0.1111110002
236  40.976  -20.949  47.306 0.2222220004
913  34.156  -21.218  42.550 1.0000000000
863  34.146  -17.322  50.536 0.2222220004
221  32.386  -17.125  45.470 1.0000000000
916  37.669  -19.982  40.841 0.2222220004
915  32.910  -17.521  39.666 1.0000000000
884  43.332  -19.577  41.826 0.2222220004
227  37.006  -19.234  35.996 0.6666669846
861  35.122  -13.000  43.697 0.7777780294
878  35.973  -14.148  37.805 1.0000000000
806  4.363  -39.615  72.397 0.2222220004
856  29.198  -21.677  61.064 0.2222220004
774  4.872  -30.901  70.764 0.2222220004
197  9.707  -28.807  66.864 0.5555559993
877  37.914  -14.821  33.963 0.7777780294
881  40.872  -14.340  31.500 0.7777780294
876  40.951  -11.922  38.229 0.3333329856
225  41.235  -10.273  34.684 0.4444440007
879  42.586  -9.555  30.489 0.7777780294
1028  46.513  -8.051  38.549 0.1111110002
1031  47.130  -7.412  34.346 0.1111110002
862  35.830  -13.121  49.299 0.2222220004
764  16.584  -31.836  68.113 0.1111110002
195  21.196  -30.841  68.735 0.1111110002
224  31.529  -29.985  56.011 0.2222220004
909  37.202  -29.375  57.753 0.1111110002
234  41.661  -26.246  59.871 0.1111110002
753  20.156  -23.770  61.403 0.2222220004
917  44.041  -17.755  48.830 0.1111110002
882  41.728  -19.166  35.120 0.6666669846
880  45.073  -14.300  30.592 0.5555559993
226  46.270  -17.372  35.645 0.5555559993
887  50.796  -13.753  31.710 0.3333329856
60  45.483  -10.376  27.479 0.6666669846
885  49.868  -11.521  26.886 0.2222220004
228  54.734  -10.602  28.166 0.2222220004
888  60.249  -8.079  29.422 0.2222220004
1032  47.419  -6.512  30.044 0.4444440007
1048  56.328  -10.139  23.216 0.1111110002
1049  61.619  -7.918  23.801 0.1111110002
1045  51.487  -8.784  22.868 0.2222220004
1041  48.350  -6.959  25.221 0.4444440007
1918  63.824  -8.185  19.858 0.2222220004
269  57.743  -8.183  17.953 0.4444440007
1047  54.160  -5.317  20.089 0.4444440007
1920  60.358  -7.393  14.285 0.4444440007
1044  58.164  0.184  25.207 0.1111110002
1046  57.991  -1.300  19.613 0.2222220004
17  40.651  -11.102  42.756 0.1111110002
886  56.022  -11.555  33.674 0.2222220004
268  52.613  -3.523  24.392 0.4444440007
193  18.183  -23.057  66.284 0.1111110002
883  47.830  -17.870  42.644 0.3333329856
815  23.018  -33.227  69.835 0.1111110002
875  30.977  -30.106  64.189 0.1111110002
761  25.545  -30.833  69.690 0.1111110002
778  26.184  -34.005  66.917 0.1111110002
488  62.251  -5.623  11.434 0.1111110002
1919  60.021  -0.331  16.923 0.1111110002
809  7.138  -36.401  75.327 0.1111110002
1921  64.576  -9.144  15.480 0.1111110002
896  51.003  -14.540  37.296 0.1111110002
1931  58.922  -10.661  12.172 0.1111110002
1922  62.901  -10.092  12.277 0.1111110002
1930  60.694  -5.693  10.070 0.1111110002
