#!ascii label  , from subject fsaverage4 vox2ras=TkReg 
112
810  8.519  -39.225  75.062 0.2222220004
208  11.556  -37.618  76.434 0.2222220004
809  7.138  -36.401  75.327 0.2222220004
808  11.239  -33.284  75.487 0.3333329856
820  13.835  -35.713  74.316 0.1111110002
806  4.363  -39.615  72.397 0.2222220004
813  20.114  -32.372  72.618 0.4444440007
814  16.010  -31.435  74.595 0.2222220004
764  16.584  -31.836  68.113 0.5555559993
195  21.196  -30.841  68.735 0.5555559993
772  9.096  -36.602  68.887 0.5555559993
52  12.693  -34.487  68.045 0.4444440007
763  17.670  -32.692  61.256 0.6666669846
765  13.388  -33.773  61.678 0.6666669846
762  22.297  -31.458  62.146 0.7777780294
758  18.747  -31.508  55.903 0.4444440007
875  30.977  -30.106  64.189 0.5555559993
760  26.870  -30.387  63.888 0.7777780294
761  25.545  -30.833  69.690 0.7777780294
906  35.944  -30.448  64.757 0.5555559993
224  31.529  -29.985  56.011 0.7777780294
874  26.945  -29.606  55.310 0.7777780294
194  23.252  -30.955  55.516 0.7777780294
873  27.615  -27.829  49.112 0.5555559993
909  37.202  -29.375  57.753 0.5555559993
872  31.975  -28.688  49.193 0.8888890147
908  37.191  -27.092  51.378 0.8888890147
910  40.538  -29.656  63.811 0.2222220004
234  41.661  -26.246  59.871 0.7777780294
920  42.730  -23.680  54.068 1.0000000000
236  40.976  -20.949  47.306 1.0000000000
918  45.293  -22.956  60.101 0.5555559993
916  37.669  -19.982  40.841 0.7777780294
921  45.904  -18.922  55.843 0.7777780294
917  44.041  -17.755  48.830 1.0000000000
884  43.332  -19.577  41.826 1.0000000000
62  49.344  -16.087  49.501 1.0000000000
227  37.006  -19.234  35.996 0.3333329856
883  47.830  -17.870  42.644 1.0000000000
882  41.728  -19.166  35.120 0.5555559993
922  49.565  -16.704  54.944 0.5555559993
895  53.147  -14.933  48.546 0.3333329856
226  46.270  -17.372  35.645 1.0000000000
900  53.067  -17.000  51.714 0.4444440007
899  53.310  -18.779  48.151 0.1111110002
894  52.074  -15.549  42.969 0.7777780294
231  55.408  -15.892  46.109 0.1111110002
897  55.828  -13.686  42.698 0.3333329856
896  51.003  -14.540  37.296 0.5555559993
230  55.861  -11.768  39.082 0.2222220004
887  50.796  -13.753  31.710 0.8888890147
880  45.073  -14.300  30.592 0.7777780294
886  56.022  -11.555  33.674 1.0000000000
885  49.868  -11.521  26.886 0.5555559993
891  58.679  -12.313  38.332 0.3333329856
890  60.046  -9.748  34.507 0.2222220004
228  54.734  -10.602  28.166 0.7777780294
1045  51.487  -8.784  22.868 0.2222220004
888  60.249  -8.079  29.422 0.6666669846
1048  56.328  -10.139  23.216 0.4444440007
889  60.866  -11.615  32.224 0.2222220004
1  62.937  -9.121  28.103 0.2222220004
1047  54.160  -5.317  20.089 0.1111110002
268  52.613  -3.523  24.392 0.1111110002
1049  61.619  -7.918  23.801 0.5555559993
1818  63.549  -10.673  24.039 0.2222220004
269  57.743  -8.183  17.953 0.4444440007
1918  63.824  -8.185  19.858 0.4444440007
198  5.073  -36.805  70.084 0.4444440007
770  9.436  -34.131  63.730 0.1111110002
196  14.614  -30.723  57.792 0.3333329856
871  23.965  -27.141  50.295 0.3333329856
757  20.741  -27.960  52.728 0.1111110002
914  37.906  -24.799  45.765 0.5555559993
879  42.586  -9.555  30.489 0.2222220004
225  41.235  -10.273  34.684 0.1111110002
60  45.483  -10.376  27.479 0.4444440007
1031  47.130  -7.412  34.346 0.1111110002
773  6.933  -33.061  67.178 0.1111110002
1028  46.513  -8.051  38.549 0.1111110002
15  29.519  -31.261  69.279 0.4444440007
911  44.121  -28.684  61.627 0.1111110002
881  40.872  -14.340  31.500 0.1111110002
59  33.792  -26.191  46.069 0.2222220004
913  34.156  -21.218  42.550 0.1111110002
1920  60.358  -7.393  14.285 0.2222220004
209  7.631  -40.331  70.269 0.1111110002
807  3.981  -39.868  67.048 0.1111110002
828  7.419  -40.119  65.117 0.1111110002
775  2.798  -34.980  69.249 0.1111110002
223  27.631  -23.418  50.304 0.1111110002
893  57.109  -15.069  39.932 0.1111110002
759  17.689  -27.269  56.220 0.1111110002
907  33.566  -32.824  67.308 0.1111110002
776  29.428  -34.278  65.216 0.1111110002
199  27.770  -35.360  58.649 0.1111110002
235  37.452  -33.862  64.199 0.1111110002
778  26.184  -34.005  66.917 0.1111110002
815  23.018  -33.227  69.835 0.1111110002
877  37.914  -14.821  33.963 0.1111110002
1041  48.350  -6.959  25.221 0.1111110002
1921  64.576  -9.144  15.480 0.2222220004
488  62.251  -5.623  11.434 0.1111110002
1930  60.694  -5.693  10.070 0.1111110002
1046  57.991  -1.300  19.613 0.1111110002
1919  60.021  -0.331  16.923 0.1111110002
1932  60.224  0.390  14.046 0.1111110002
777  24.558  -35.673  59.950 0.1111110002
237  48.501  -21.519  57.507 0.1111110002
919  46.573  -27.499  57.665 0.1111110002
1757  60.072  -13.784  27.519 0.1111110002
1922  62.901  -10.092  12.277 0.1111110002
