#!ascii label  , from subject fsaverage4 vox2ras=TkReg 
139
1942  41.586  25.166  24.653 0.2000000030
1943  37.886  21.663  22.387 0.3000000119
493  42.131  23.689  20.426 0.2000000030
1944  41.245  19.255  19.666 0.4000000060
494  41.686  14.103  20.814 0.4000000060
1976  46.741  11.688  19.288 0.8000000119
1946  45.922  16.907  19.737 0.5000000000
1973  47.664  6.441  14.166 0.6999999881
502  48.778  9.686  12.338 0.6999999881
1974  52.258  4.886  8.192 0.6000000238
1977  50.323  14.478  19.449 0.8000000119
1945  46.361  22.219  18.783 0.5000000000
1980  52.169  7.641  4.883 0.6000000238
1981  51.978  12.390  11.162 0.6999999881
1928  53.288  4.463  13.222 0.6000000238
127  57.658  4.457  8.058 0.5000000000
1968  55.983  3.968  3.495 0.6000000238
1948  45.542  28.484  24.372 0.1000000015
1956  42.595  27.271  21.199 0.1000000015
1954  45.659  25.631  18.857 0.2000000030
129  50.540  20.423  18.840 0.6000000238
1978  52.540  10.764  2.676 0.5000000000
500  53.079  6.108  1.265 0.5000000000
1982  54.885  16.701  17.359 0.6999999881
1955  50.666  25.062  18.669 0.2000000030
503  54.748  13.970  9.115 0.6999999881
1979  50.450  12.477  2.635 0.8999999762
1960  54.635  22.668  17.576 0.4000000060
1983  50.166  14.552  9.040 0.6000000238
504  45.537  16.804  8.377 0.6000000238
1986  50.884  21.026  10.960 0.6999999881
1985  54.721  18.838  15.161 0.6999999881
499  54.869  23.693  12.072 0.2000000030
1965  52.925  24.591  7.644 0.2000000030
1987  47.443  22.321  8.177 0.2000000030
1923  54.868  4.595  21.473 0.3000000119
1926  48.917  3.449  21.425 0.3000000119
71  59.719  4.835  23.249 0.2000000030
1927  53.760  4.094  17.161 0.3000000119
489  48.315  4.102  17.494 0.3000000119
1924  59.830  5.697  19.194 0.3000000119
490  58.662  5.417  15.551 0.3000000119
1929  57.876  5.261  11.728 0.3000000119
1039  58.448  6.065  28.624 0.2000000030
1044  58.164  0.184  25.207 0.2000000030
1043  58.252  0.634  30.081 0.1000000015
1925  43.033  5.049  20.968 0.2000000030
1038  56.123  6.944  25.807 0.3000000119
266  49.627  4.748  25.527 0.3000000119
1975  43.919  8.698  19.097 0.6000000238
1035  42.818  3.949  23.898 0.3000000119
267  56.049  4.477  31.715 0.2000000030
20  37.579  6.292  23.681 0.2000000030
1941  39.146  10.523  21.909 0.3000000119
1033  49.112  3.504  31.191 0.1000000015
264  42.377  1.947  30.472 0.1000000015
1026  35.073  3.812  30.950 0.2000000030
1037  51.499  6.991  29.850 0.3000000119
1036  44.546  4.329  27.956 0.1000000015
1027  38.695  3.273  26.738 0.1000000015
1005  33.221  7.648  26.983 0.2000000030
263  37.599  3.880  37.604 0.1000000015
1019  43.128  -0.567  36.435 0.1000000015
1023  39.175  1.377  33.861 0.1000000015
1034  53.598  0.973  33.822 0.2000000030
1025  34.873  6.955  35.021 0.1000000015
1004  34.964  11.624  24.016 0.3000000119
1018  40.589  2.199  40.350 0.1000000015
70  51.259  -0.486  37.351 0.1000000015
1024  46.631  0.384  32.875 0.2000000030
259  32.793  10.790  31.197 0.2000000030
1011  47.964  0.323  40.902 0.1000000015
1003  33.076  13.909  27.471 0.2000000030
1940  37.491  15.976  21.748 0.4000000060
999  34.891  16.447  31.750 0.2000000030
1002  37.296  18.450  28.208 0.2000000030
258  35.496  17.510  24.606 0.2000000030
1936  55.066  -0.338  6.801 0.2000000030
1969  52.651  0.237  5.066 0.2000000030
1970  50.022  2.140  6.716 0.2000000030
1971  49.099  7.183  2.176 0.1000000015
1972  46.268  2.659  10.109 0.1000000015
130  45.322  7.955  5.926 0.2000000030
1994  42.174  9.315  8.720 0.3000000119
1984  44.839  12.871  4.855 0.4000000060
1993  41.815  14.542  8.046 0.4000000060
1996  42.984  19.908  9.325 0.4000000060
1001  39.461  21.573  26.999 0.2000000030
257  39.987  19.290  32.025 0.1000000015
994  40.866  22.527  35.225 0.1000000015
983  39.938  20.831  39.234 0.1000000015
997  44.469  23.529  33.072 0.1000000015
996  39.456  25.260  33.611 0.1000000015
1997  38.872  16.857  10.540 0.3000000119
998  43.469  20.898  30.517 0.1000000015
68  44.671  24.066  28.801 0.1000000015
488  62.251  -5.623  11.434 0.1000000015
1920  60.358  -7.393  14.285 0.1000000015
1919  60.021  -0.331  16.923 0.1000000015
1046  57.991  -1.300  19.613 0.1000000015
1930  60.694  -5.693  10.070 0.1000000015
1932  60.224  0.390  14.046 0.1000000015
492  51.180  -5.802  8.925 0.1000000015
1937  53.372  -5.697  10.760 0.1000000015
491  56.997  -6.285  11.055 0.1000000015
1933  57.670  0.167  13.043 0.1000000015
1934  55.936  0.410  10.204 0.1000000015
507  39.250  11.058  11.144 0.1000000015
1938  51.414  -9.915  13.545 0.1000000015
1998  35.712  19.416  12.128 0.1000000015
2084  31.680  19.921  11.353 0.1000000015
1959  52.177  26.326  13.380 0.1000000015
2083  34.931  24.605  9.891 0.1000000015
506  39.447  22.746  9.986 0.1000000015
1957  41.676  27.689  15.462 0.1000000015
497  46.868  27.291  13.655 0.1000000015
1995  43.847  24.767  7.048 0.1000000015
527  31.265  25.407  8.353 0.1000000015
2080  39.446  26.616  6.652 0.1000000015
496  41.845  30.399  19.700 0.1000000015
1953  38.505  30.966  13.922 0.1000000015
1958  43.846  30.969  11.263 0.1000000015
35  48.940  26.210  4.660 0.1000000015
2059  44.645  27.577  3.578 0.1000000015
1962  49.066  29.359  9.228 0.1000000015
1963  53.838  27.247  8.080 0.1000000015
1951  39.498  33.622  18.776 0.1000000015
2031  51.160  28.606  0.853 0.1000000015
1947  46.702  32.166  22.482 0.1000000015
128  39.825  33.640  9.269 0.1000000015
1952  35.177  34.917  12.929 0.1000000015
1964  53.162  27.341  3.832 0.1000000015
1961  46.188  32.734  7.088 0.1000000015
498  51.762  30.504  5.184 0.1000000015
495  37.369  37.936  17.731 0.1000000015
2023  41.318  36.027  5.612 0.1000000015
2027  47.596  35.264  4.542 0.1000000015
2014  36.634  38.245  8.179 0.1000000015
2030  52.332  31.512  1.699 0.1000000015
