#!ascii label  , from subject fsaverage4 vox2ras=TkReg 
104
15  29.519  -31.261  69.279 0.5555559993
776  29.428  -34.278  65.216 0.4444440007
778  26.184  -34.005  66.917 0.5555559993
777  24.558  -35.673  59.950 0.1111110002
907  33.566  -32.824  67.308 0.4444440007
760  26.870  -30.387  63.888 0.2222220004
928  32.908  -34.959  62.334 0.2222220004
875  30.977  -30.106  64.189 0.4444440007
235  37.452  -33.862  64.199 0.3333329856
906  35.944  -30.448  64.757 0.3333329856
910  40.538  -29.656  63.811 0.6666669846
912  40.644  -33.587  60.414 0.4444440007
911  44.121  -28.684  61.627 0.5555559993
234  41.661  -26.246  59.871 0.6666669846
919  46.573  -27.499  57.665 0.7777780294
918  45.293  -22.956  60.101 0.8888890147
237  48.501  -21.519  57.507 0.8888890147
921  45.904  -18.922  55.843 0.5555559993
920  42.730  -23.680  54.068 0.2222220004
923  46.704  -26.283  52.992 0.6666669846
925  50.193  -21.214  52.982 0.6666669846
926  45.892  -25.064  47.517 0.2222220004
922  49.565  -16.704  54.944 0.8888890147
233  50.141  -21.897  48.286 0.5555559993
900  53.067  -17.000  51.714 0.7777780294
899  53.310  -18.779  48.151 0.6666669846
761  25.545  -30.833  69.690 0.4444440007
806  4.363  -39.615  72.397 0.1111110002
209  7.631  -40.331  70.269 0.1111110002
208  11.556  -37.618  76.434 0.1111110002
810  8.519  -39.225  75.062 0.1111110002
809  7.138  -36.401  75.327 0.1111110002
808  11.239  -33.284  75.487 0.3333329856
812  12.390  -41.044  72.006 0.1111110002
830  12.437  -39.984  68.161 0.1111110002
195  21.196  -30.841  68.735 0.2222220004
52  12.693  -34.487  68.045 0.1111110002
764  16.584  -31.836  68.113 0.1111110002
874  26.945  -29.606  55.310 0.1111110002
762  22.297  -31.458  62.146 0.1111110002
194  23.252  -30.955  55.516 0.1111110002
224  31.529  -29.985  56.011 0.2222220004
763  17.670  -32.692  61.256 0.1111110002
909  37.202  -29.375  57.753 0.4444440007
872  31.975  -28.688  49.193 0.1111110002
236  40.976  -20.949  47.306 0.1111110002
917  44.041  -17.755  48.830 0.3333329856
62  49.344  -16.087  49.501 0.5555559993
231  55.408  -15.892  46.109 0.6666669846
897  55.828  -13.686  42.698 0.5555559993
902  51.723  -19.852  43.220 0.5555559993
230  55.861  -11.768  39.082 0.4444440007
896  51.003  -14.540  37.296 0.3333329856
894  52.074  -15.549  42.969 0.2222220004
891  58.679  -12.313  38.332 0.3333329856
883  47.830  -17.870  42.644 0.1111110002
895  53.147  -14.933  48.546 0.7777780294
229  57.784  -14.428  34.635 0.3333329856
886  56.022  -11.555  33.674 0.1111110002
888  60.249  -8.079  29.422 0.2222220004
890  60.046  -9.748  34.507 0.2222220004
930  36.015  -35.220  58.908 0.1111110002
929  37.340  -34.090  54.629 0.2222220004
63  42.049  -31.896  55.792 0.4444440007
1919  60.021  -0.331  16.923 0.1111110002
1046  57.991  -1.300  19.613 0.1111110002
813  20.114  -32.372  72.618 0.2222220004
210  16.637  -35.864  69.431 0.3333329856
815  23.018  -33.227  69.835 0.2222220004
814  16.010  -31.435  74.595 0.3333329856
924  42.183  -30.173  51.703 0.1111110002
892  54.784  -17.096  35.213 0.1111110002
1755  54.769  -18.560  31.551 0.1111110002
893  57.109  -15.069  39.932 0.2222220004
898  54.286  -17.661  41.849 0.2222220004
61  52.344  -18.950  36.371 0.2222220004
903  48.666  -22.055  43.247 0.3333329856
1049  61.619  -7.918  23.801 0.1111110002
445  54.273  -26.595  38.803 0.1111110002
1750  51.220  -23.546  34.801 0.1111110002
1751  50.162  -25.813  36.883 0.1111110002
901  50.035  -21.011  37.791 0.1111110002
905  45.382  -24.163  42.250 0.1111110002
889  60.866  -11.615  32.224 0.2222220004
1  62.937  -9.121  28.103 0.2222220004
818  15.579  -42.026  73.016 0.2222220004
811  13.010  -42.473  74.897 0.1111110002
820  13.835  -35.713  74.316 0.2222220004
199  27.770  -35.360  58.649 0.1111110002
238  42.168  -28.490  46.880 0.1111110002
927  42.047  -26.541  41.713 0.1111110002
1757  60.072  -13.784  27.519 0.1111110002
1818  63.549  -10.673  24.039 0.1111110002
462  64.175  -12.927  20.517 0.1111110002
1921  64.576  -9.144  15.480 0.1111110002
1918  63.824  -8.185  19.858 0.1111110002
1820  62.950  -12.942  18.130 0.1111110002
1922  62.901  -10.092  12.277 0.1111110002
1931  58.922  -10.661  12.172 0.1111110002
488  62.251  -5.623  11.434 0.1111110002
1930  60.694  -5.693  10.070 0.1111110002
120  59.460  -12.083  17.735 0.1111110002
201  21.486  -35.794  61.952 0.1111110002
821  16.516  -41.659  67.854 0.1111110002
