#!ascii label  , from subject fsaverage4 vox2ras=TkReg 
49
2305  44.481  -80.344  -7.122 0.2000000030
149  43.958  -76.680  -9.359 0.1000000015
2304  42.122  -76.496  -4.211 0.1000000015
2344  45.019  -70.453  -10.103 0.1000000015
2350  42.503  -70.040  -6.438 0.4000000060
2356  45.352  -63.314  -6.993 0.3000000119
592  44.971  -63.330  -10.246 0.1000000015
31  44.051  -68.896  6.383 0.5000000000
1703  44.804  -70.779  9.908 0.2000000030
2301  43.963  -71.586  2.418 0.5000000000
2302  46.716  -76.348  2.106 0.4000000060
1702  40.516  -67.874  13.050 0.1000000015
1681  40.783  -65.826  8.959 0.1000000015
1680  43.147  -63.715  6.178 0.4000000060
2317  43.397  -64.661  3.504 0.5000000000
2303  45.059  -79.380  -1.555 0.4000000060
581  43.269  -74.089  0.226 0.4000000060
1701  37.728  -64.766  18.057 0.1000000015
2316  47.765  -62.275  3.685 0.2000000030
429  38.302  -62.055  12.999 0.1000000015
428  45.881  -60.943  6.283 0.1000000015
1679  41.056  -60.978  8.588 0.2000000030
1676  40.104  -59.618  18.167 0.1000000015
1675  40.835  -58.281  12.506 0.1000000015
1678  44.694  -58.036  7.811 0.1000000015
1711  47.633  -73.356  5.527 0.1000000015
436  47.952  -78.375  5.473 0.1000000015
1714  41.689  -81.204  3.529 0.1000000015
114  35.604  -82.506  -0.232 0.1000000015
1716  33.758  -85.733  11.020 0.1000000015
1719  32.721  -80.811  7.834 0.1000000015
1715  36.334  -78.795  3.661 0.1000000015
435  36.914  -84.581  15.153 0.1000000015
1718  36.273  -80.916  12.630 0.1000000015
437  37.366  -76.307  9.121 0.1000000015
1713  43.198  -78.258  6.719 0.1000000015
1705  40.179  -81.231  17.168 0.1000000015
1710  40.526  -77.151  14.204 0.1000000015
1712  48.764  -74.994  10.199 0.1000000015
1709  42.981  -74.764  10.583 0.1000000015
1720  29.727  -82.444  3.619 0.1000000015
2351  41.618  -66.070  0.926 0.4000000060
2349  40.680  -68.450  -2.418 0.3000000119
594  44.969  -62.399  -4.388 0.2000000030
586  47.129  -60.145  1.755 0.2000000030
2352  45.610  -59.887  -1.300 0.2000000030
2312  43.447  -76.892  -12.858 0.1000000015
2345  46.016  -69.145  -14.530 0.1000000015
584  40.748  -76.729  -15.497 0.1000000015
