#!ascii label  , from subject fsaverage4 vox2ras=TkReg 
98
377  12.335  -101.930  3.668 0.8000000119
1475  9.040  -99.194  10.563 0.6000000238
378  5.991  -94.308  12.665 0.8000000119
2231  15.392  -100.638  -3.053 0.8999999762
2234  17.482  -101.742  -3.381 0.8999999762
1477  8.487  -95.980  7.624 0.8999999762
1476  13.736  -98.423  4.723 0.8999999762
1482  7.663  -91.464  5.956 0.8999999762
2235  18.027  -100.998  -9.873 1.0000000000
1481  4.351  -90.096  9.574 0.8000000119
379  3.984  -84.950  9.130 0.8999999762
565  23.274  -99.413  -7.897 0.6000000238
566  16.790  -98.364  -9.210 0.8999999762
2232  18.056  -95.311  -1.848 1.0000000000
2228  5.341  -91.274  -5.888 0.8999999762
2230  5.644  -88.575  -9.611 0.8999999762
2229  6.665  -91.904  -11.698 0.8999999762
1486  8.805  -87.037  8.271 1.0000000000
99  15.029  -93.245  5.345 1.0000000000
563  8.137  -94.489  -6.379 1.0000000000
564  3.609  -84.382  -4.703 0.8999999762
2236  24.405  -98.945  -12.859 0.6999999881
2237  19.076  -98.947  -14.211 0.8999999762
2260  6.648  -81.233  -4.964 0.4000000060
2241  14.851  -95.929  -12.011 1.0000000000
380  14.148  -86.735  5.327 1.0000000000
1485  13.552  -90.157  5.096 1.0000000000
2227  10.166  -90.510  0.017 1.0000000000
2240  13.757  -94.930  -7.074 1.0000000000
2238  10.578  -94.339  -9.154 1.0000000000
1487  12.716  -82.897  10.421 1.0000000000
2226  14.209  -91.396  -2.304 1.0000000000
2239  13.391  -88.904  -10.774 0.2000000030
2224  9.303  -86.636  -2.153 1.0000000000
1483  5.517  -80.097  10.089 1.0000000000
1488  15.319  -82.608  3.522 1.0000000000
2259  3.055  -77.473  0.357 0.8999999762
2225  6.942  -81.824  1.223 1.0000000000
1489  14.351  -79.526  11.187 1.0000000000
381  7.468  -76.749  13.268 1.0000000000
28  13.235  -77.615  3.936 1.0000000000
1511  15.091  -75.851  11.088 1.0000000000
2209  4.688  -75.582  6.275 1.0000000000
1519  11.683  -73.645  6.716 1.0000000000
1510  11.340  -71.954  14.796 1.0000000000
1484  3.050  -73.519  14.476 0.8999999762
559  3.293  -71.173  5.677 0.8000000119
1520  18.167  -73.272  7.588 1.0000000000
386  17.130  -69.587  10.757 1.0000000000
1509  6.250  -67.290  12.239 1.0000000000
2210  5.189  -69.452  8.565 1.0000000000
388  13.607  -69.851  4.856 1.0000000000
1517  21.793  -68.611  8.071 1.0000000000
1506  6.017  -68.432  16.346 0.3000000119
1521  22.515  -70.101  4.473 1.0000000000
2211  4.534  -64.663  5.963 0.8000000119
2207  8.629  -64.523  6.062 1.0000000000
1507  13.667  -64.947  8.916 0.8999999762
1522  18.441  -67.096  1.967 1.0000000000
1508  19.552  -64.995  7.868 0.6000000238
389  25.371  -65.774  6.771 0.8999999762
560  8.314  -60.546  4.019 0.8000000119
2208  15.403  -61.998  1.950 1.0000000000
1523  26.585  -65.305  3.215 0.8999999762
1518  22.774  -63.886  7.926 0.5000000000
102  23.850  -62.373  0.716 0.8999999762
1526  22.684  -60.093  8.740 0.1000000015
2216  13.826  -58.059  0.477 0.8999999762
2213  8.526  -63.594  0.932 0.1000000015
1527  26.225  -60.266  6.721 0.3000000119
2217  9.857  -56.473  -0.571 0.1000000015
2203  21.176  -57.243  -0.463 0.8999999762
1528  27.918  -59.215  3.022 0.3000000119
1530  26.022  -56.714  0.219 0.2000000030
2214  14.377  -51.399  -2.907 0.3000000119
1473  15.789  -101.583  4.122 0.5000000000
1474  11.519  -100.719  10.559 0.2000000030
2233  21.852  -99.841  -1.868 0.5000000000
558  20.176  -52.134  -3.752 0.4000000060
2204  23.675  -51.439  -2.247 0.2000000030
10  20.835  -99.814  3.965 0.4000000060
567  16.253  -92.143  -7.444 0.1000000015
2242  20.344  -95.398  -10.836 0.2000000030
1479  5.947  -78.575  16.083 0.4000000060
1470  10.070  -96.163  13.659 0.2000000030
1472  17.550  -100.363  10.644 0.1000000015
376  14.738  -96.389  10.824 0.1000000015
1725  23.464  -96.263  1.549 0.1000000015
2294  26.114  -97.185  -1.423 0.2000000030
2297  28.271  -96.985  -6.967 0.2000000030
146  11.615  -87.217  -14.492 0.1000000015
2257  7.846  -75.200  1.430 0.2000000030
2212  7.111  -69.125  1.086 0.1000000015
145  25.567  -94.960  -14.185 0.1000000015
385  13.419  -65.210  14.858 0.1000000015
1503  19.491  -65.445  12.657 0.1000000015
2298  29.228  -95.189  -11.148 0.1000000015
1478  7.362  -83.800  16.265 0.1000000015
