#!ascii label  , from subject fsaverage4 vox2ras=TkReg 
175
1475  9.040  -99.194  10.563 0.6000000238
1474  11.519  -100.719  10.559 0.6999999881
1470  10.070  -96.163  13.659 0.8999999762
1472  17.550  -100.363  10.644 1.0000000000
377  12.335  -101.930  3.668 0.3000000119
1473  15.789  -101.583  4.122 0.3000000119
376  14.738  -96.389  10.824 0.8000000119
10  20.835  -99.814  3.965 0.8999999762
2234  17.482  -101.742  -3.381 0.5000000000
378  5.991  -94.308  12.665 0.8000000119
1624  21.083  -97.749  12.913 0.8000000119
2233  21.852  -99.841  -1.868 0.6999999881
1477  8.487  -95.980  7.624 0.3000000119
1481  4.351  -90.096  9.574 0.6000000238
1469  13.704  -91.466  14.241 0.6999999881
1625  24.528  -98.048  7.133 0.8000000119
565  23.274  -99.413  -7.897 0.5000000000
1471  9.591  -89.848  13.455 0.8000000119
2230  5.644  -88.575  -9.611 0.6000000238
1725  23.464  -96.263  1.549 0.8999999762
2294  26.114  -97.185  -1.423 1.0000000000
2261  11.870  -83.268  -9.138 1.0000000000
2297  28.271  -96.985  -6.967 0.8000000119
379  3.984  -84.950  9.130 0.3000000119
2229  6.665  -91.904  -11.698 0.6000000238
2260  6.648  -81.233  -4.964 0.8999999762
2236  24.405  -98.945  -12.859 0.6000000238
146  11.615  -87.217  -14.492 0.8999999762
2298  29.228  -95.189  -11.148 0.8999999762
2296  28.860  -92.419  -2.308 0.5000000000
2238  10.578  -94.339  -9.154 0.6000000238
564  3.609  -84.382  -4.703 0.5000000000
580  30.952  -91.230  -6.385 0.6000000238
2237  19.076  -98.947  -14.211 0.4000000060
1478  7.362  -83.800  16.265 1.0000000000
572  12.144  -77.580  -5.164 0.8999999762
145  25.567  -94.960  -14.185 1.0000000000
2265  15.486  -77.393  -9.385 0.6000000238
567  16.253  -92.143  -7.444 0.8000000119
2245  26.951  -90.353  -11.419 0.5000000000
2242  20.344  -95.398  -10.836 0.8000000119
2239  13.391  -88.904  -10.774 0.8999999762
2241  14.851  -95.929  -12.011 0.6000000238
2266  16.800  -81.046  -12.901 0.6000000238
2259  3.055  -77.473  0.357 0.8000000119
1479  5.947  -78.575  16.083 0.8000000119
2262  20.097  -73.068  -4.729 0.3000000119
2264  15.873  -71.386  -7.365 0.2000000030
2246  23.171  -89.920  -6.669 0.6999999881
1483  5.517  -80.097  10.089 0.5000000000
2257  7.846  -75.200  1.430 1.0000000000
2269  21.212  -80.178  -8.089 0.4000000060
1484  3.050  -73.519  14.476 0.6000000238
1467  3.825  -78.830  22.322 0.8000000119
2258  10.769  -72.430  -4.191 0.6999999881
100  4.242  -73.508  20.185 0.8000000119
381  7.468  -76.749  13.268 0.2000000030
2212  7.111  -69.125  1.086 0.8999999762
559  3.293  -71.173  5.677 0.8999999762
144  13.096  -66.816  -1.830 0.6000000238
1506  6.017  -68.432  16.346 0.8000000119
2211  4.534  -64.663  5.963 0.8000000119
1509  6.250  -67.290  12.239 0.6999999881
2213  8.526  -63.594  0.932 0.6999999881
385  13.419  -65.210  14.858 0.8000000119
386  17.130  -69.587  10.757 0.4000000060
1507  13.667  -64.947  8.916 0.3000000119
1508  19.552  -64.995  7.868 0.5000000000
560  8.314  -60.546  4.019 0.5000000000
1518  22.774  -63.886  7.926 0.8000000119
1526  22.684  -60.093  8.740 0.6000000238
1524  19.024  -56.441  8.981 0.2000000030
1513  21.003  -57.843  14.198 0.2000000030
387  16.390  -55.141  13.336 0.2000000030
1527  26.225  -60.266  6.721 0.6999999881
390  21.913  -54.859  6.887 0.5000000000
1525  13.482  -53.743  8.009 0.1000000015
2217  9.857  -56.473  -0.571 0.8000000119
1528  27.918  -59.215  3.022 1.0000000000
2218  13.513  -58.420  -3.045 0.5000000000
561  13.021  -50.708  -4.633 0.6999999881
1531  23.544  -53.047  4.652 0.4000000060
1530  26.022  -56.714  0.219 0.6999999881
2203  21.176  -57.243  -0.463 0.5000000000
558  20.176  -52.134  -3.752 0.5000000000
2216  13.826  -58.059  0.477 0.5000000000
2214  14.377  -51.399  -2.907 0.8000000119
1532  16.923  -49.389  3.790 0.1000000015
391  23.104  -50.710  1.531 0.3000000119
2204  23.675  -51.439  -2.247 0.5000000000
2219  17.458  -46.643  -8.693 0.2000000030
2215  16.271  -45.393  -6.865 0.3000000119
2206  20.308  -45.234  -6.770 0.3000000119
2202  19.056  -46.154  -1.519 0.2000000030
2205  20.553  -44.768  -4.168 0.3000000119
1533  16.570  -47.082  0.864 0.1000000015
563  8.137  -94.489  -6.379 0.2000000030
1724  27.398  -93.965  5.359 0.5000000000
413  25.047  -94.344  11.798 0.4000000060
1721  27.405  -91.889  10.142 0.3000000119
439  26.355  -92.114  0.967 0.4000000060
1723  26.997  -88.498  5.146 0.4000000060
2243  19.734  -86.762  -8.414 0.6000000238
2228  5.341  -91.274  -5.888 0.1000000015
1480  5.497  -88.662  15.513 0.8999999762
2244  19.194  -85.545  -12.940 0.4000000060
374  6.230  -82.775  22.123 0.8000000119
1503  19.491  -65.445  12.657 0.6000000238
101  23.259  -62.460  13.237 0.5000000000
389  25.371  -65.774  6.771 0.6000000238
1523  26.585  -65.305  3.215 0.6999999881
98  10.731  -89.830  20.404 0.3000000119
1617  14.578  -91.421  18.077 0.2000000030
2235  18.027  -100.998  -9.873 0.1000000015
2231  15.392  -100.638  -3.053 0.1000000015
1621  18.196  -94.686  14.660 0.6000000238
566  16.790  -98.364  -9.210 0.1000000015
1608  12.759  -86.557  23.839 0.1000000015
1607  12.861  -86.960  30.931 0.1000000015
1463  8.597  -87.888  28.171 0.1000000015
373  8.301  -85.050  35.333 0.1000000015
1464  8.048  -86.585  21.093 0.5000000000
1501  11.196  -72.874  21.284 0.6000000238
1521  22.515  -70.101  4.473 0.1000000015
1517  21.793  -68.611  8.071 0.1000000015
1522  18.441  -67.096  1.967 0.1000000015
102  23.850  -62.373  0.716 0.2000000030
1623  24.015  -94.723  17.693 0.4000000060
412  20.466  -91.716  18.190 0.2000000030
2307  31.853  -91.368  -13.827 0.3000000119
1616  16.933  -87.930  18.812 0.1000000015
2308  37.105  -87.390  -5.223 0.1000000015
2295  34.100  -88.288  -2.494 0.1000000015
2306  34.809  -89.289  -10.732 0.2000000030
1465  5.663  -84.754  28.745 0.2000000030
2300  39.915  -85.391  -0.732 0.1000000015
1461  6.544  -81.873  33.779 0.2000000030
1466  4.743  -79.528  28.179 0.2000000030
1468  6.711  -75.805  25.397 0.3000000119
1505  16.420  -70.481  17.562 0.5000000000
1502  22.277  -67.946  16.371 0.1000000015
1622  27.990  -90.964  15.261 0.1000000015
438  29.178  -86.842  8.740 0.2000000030
573  21.522  -75.685  -8.814 0.3000000119
2252  16.887  -64.568  -7.978 0.3000000119
568  28.089  -85.820  -12.206 0.1000000015
2247  25.574  -84.743  -10.339 0.1000000015
2311  33.399  -86.589  -13.828 0.1000000015
569  23.508  -83.027  -9.374 0.2000000030
2210  5.189  -69.452  8.565 0.1000000015
2207  8.629  -64.523  6.062 0.1000000015
1496  20.404  -56.558  19.026 0.1000000015
1495  24.285  -61.340  18.988 0.1000000015
2209  4.688  -75.582  6.275 0.1000000015
1482  7.663  -91.464  5.956 0.2000000030
570  22.182  -65.581  -5.945 0.2000000030
2253  23.356  -60.245  -6.633 0.2000000030
2220  17.971  -60.820  -6.452 0.2000000030
2221  18.336  -53.983  -7.039 0.2000000030
2222  22.669  -49.089  -8.077 0.1000000015
1476  13.736  -98.423  4.723 0.1000000015
2232  18.056  -95.311  -1.848 0.1000000015
1722  29.945  -86.524  -0.221 0.2000000030
114  35.604  -82.506  -0.232 0.1000000015
1716  33.758  -85.733  11.020 0.1000000015
1620  25.273  -88.944  17.484 0.1000000015
2267  26.603  -74.738  -6.540 0.1000000015
2270  28.833  -77.164  -8.004 0.1000000015
1510  11.340  -71.954  14.796 0.1000000015
1720  29.727  -82.444  3.619 0.1000000015
375  9.574  -79.366  28.581 0.1000000015
1500  13.496  -78.021  22.967 0.1000000015
2255  27.693  -66.047  -3.843 0.1000000015
2254  28.802  -59.746  -4.566 0.1000000015
2208  15.403  -61.998  1.950 0.1000000015
