#!ascii label  , from subject  vox2ras=TkReg coords=orig
274
73213  22.536  0.820  -44.811 0.8750000000
72118  22.718  0.156  -45.432 0.8750000000
74402  22.711  1.563  -46.598 1.0000000000
73240  22.912  0.583  -46.223 1.0000000000
72134  23.037  0.058  -46.035 1.0000000000
74414  22.889  2.141  -47.354 1.0000000000
75587  22.532  2.656  -46.955 1.0000000000
73267  24.006  1.099  -48.239 1.0000000000
74401  23.053  1.263  -47.105 1.0000000000
73239  23.188  0.844  -47.008 1.0000000000
75614  23.873  2.112  -48.702 1.0000000000
75599  23.217  2.412  -47.959 1.0000000000
75600  22.821  2.694  -47.565 1.0000000000
74427  23.910  1.528  -48.387 1.0000000000
74413  23.384  1.460  -47.688 1.0000000000
74425  25.135  1.176  -48.902 1.0000000000
73266  24.594  0.756  -48.386 1.0000000000
77887  22.212  4.771  -47.660 1.0000000000
77873  22.228  4.139  -47.292 1.0000000000
76764  22.765  3.917  -48.417 1.0000000000
77886  22.430  4.264  -47.993 1.0000000000
75624  24.738  2.260  -49.424 1.0000000000
77902  23.109  4.145  -49.078 1.0000000000
76773  25.421  3.131  -50.111 1.0000000000
74436  25.480  1.748  -49.327 1.0000000000
75623  25.814  2.446  -49.737 1.0000000000
80248  22.115  6.277  -48.254 0.8750000000
79096  22.204  5.398  -48.163 1.0000000000
80262  22.117  6.530  -48.758 1.0000000000
79095  22.366  5.322  -48.812 1.0000000000
76785  24.301  4.162  -50.406 1.0000000000
76775  23.766  3.771  -49.641 1.0000000000
76783  25.975  3.906  -50.535 1.0000000000
76772  26.309  3.231  -50.077 0.8750000000
81395  22.196  7.617  -48.833 0.6250000000
81410  22.115  6.993  -49.008 1.0000000000
80261  22.424  6.409  -49.406 1.0000000000
79125  25.809  5.719  -51.473 1.0000000000
79127  24.355  5.645  -51.257 1.0000000000
77927  24.189  4.910  -50.871 1.0000000000
79106  23.195  5.103  -49.983 1.0000000000
77925  25.677  4.782  -51.133 1.0000000000
77926  24.805  4.567  -51.037 1.0000000000
76786  23.811  4.275  -50.094 1.0000000000
79115  26.452  5.557  -51.135 0.8750000000
76782  26.683  3.956  -50.314 0.8750000000
82503  22.469  8.196  -49.483 0.8750000000
81423  23.222  7.519  -50.986 1.0000000000
81424  22.828  7.196  -50.342 1.0000000000
80284  25.604  6.589  -51.713 1.0000000000
80286  24.134  6.729  -51.505 1.0000000000
79118  22.875  6.061  -50.062 1.0000000000
81435  25.309  7.615  -52.069 1.0000000000
80272  26.943  6.432  -50.945 1.0000000000
83645  23.385  9.381  -51.789 1.0000000000
82514  22.775  7.920  -50.264 1.0000000000
83653  25.359  9.320  -52.460 1.0000000000
82540  24.850  8.565  -52.358 1.0000000000
83642  26.763  9.246  -51.316 1.0000000000
83643  26.094  9.062  -52.073 1.0000000000
81448  25.143  8.149  -52.280 1.0000000000
82512  27.070  8.311  -50.955 1.0000000000
82526  25.916  8.127  -52.053 1.0000000000
81421  27.323  7.367  -50.645 0.8750000000
84722  23.174  10.656  -51.917 1.0000000000
84720  25.902  9.914  -52.405 1.0000000000
83654  24.578  9.573  -52.529 1.0000000000
87918  23.773  13.534  -52.170 1.0000000000
86908  23.380  12.617  -51.964 1.0000000000
85845  23.492  11.807  -52.294 1.0000000000
86907  23.902  12.713  -52.655 1.0000000000
84733  23.620  11.230  -52.554 1.0000000000
84731  25.277  10.418  -52.719 1.0000000000
85842  25.930  11.406  -52.667 1.0000000000
84730  26.093  10.621  -52.467 1.0000000000
87917  24.546  13.676  -52.694 1.0000000000
86906  24.798  12.680  -52.948 1.0000000000
86905  25.906  12.572  -52.741 1.0000000000
85843  25.005  11.569  -52.995 1.0000000000
87916  25.539  13.694  -52.809 1.0000000000
73252  24.749  0.152  -48.022 1.0000000000
81436  24.441  7.734  -51.975 1.0000000000
72100  22.549  -0.177  -44.446 0.7500000000
71051  22.903  -0.655  -45.078 1.0000000000
72117  23.212  -0.432  -45.826 1.0000000000
72148  23.949  -0.116  -47.216 1.0000000000
73265  25.455  0.368  -48.405 1.0000000000
75622  26.633  2.631  -49.673 0.8750000000
79105  27.687  5.476  -50.035 0.8750000000
76771  27.246  3.543  -49.821 0.8750000000
80260  27.521  6.416  -50.343 0.8750000000
83632  22.799  9.592  -50.664 0.6250000000
82525  26.475  8.237  -51.618 1.0000000000
84719  26.516  10.230  -51.833 1.0000000000
85821  27.126  11.191  -51.488 1.0000000000
86882  27.014  11.841  -51.845 1.0000000000
86893  26.600  12.055  -52.350 1.0000000000
88916  24.270  14.675  -52.219 0.8750000000
88915  25.212  14.728  -52.784 1.0000000000
73230  22.595  0.970  -45.658 1.0000000000
72133  23.483  -0.010  -46.657 1.0000000000
73253  23.914  0.440  -47.649 1.0000000000
76739  22.184  4.241  -46.776 0.8750000000
76751  22.613  3.392  -47.672 1.0000000000
75613  24.330  1.939  -49.022 1.0000000000
76750  22.990  2.917  -47.928 1.0000000000
79081  22.180  5.293  -47.435 0.8750000000
77904  22.299  4.780  -48.120 1.0000000000
77903  22.545  4.708  -48.695 1.0000000000
75625  24.022  2.891  -49.310 1.0000000000
76763  23.284  3.179  -48.595 1.0000000000
76774  24.563  3.321  -49.951 1.0000000000
80233  22.203  5.993  -47.732 0.6250000000
81396  22.063  6.973  -48.415 0.6250000000
80247  22.242  5.885  -48.822 1.0000000000
77915  23.352  4.645  -49.838 1.0000000000
77916  22.907  4.684  -49.308 1.0000000000
79107  22.769  5.335  -49.526 1.0000000000
76784  25.121  3.895  -50.630 1.0000000000
77924  26.546  4.680  -50.704 0.8750000000
81409  22.456  7.307  -49.623 1.0000000000
80275  22.715  6.702  -50.038 1.0000000000
80273  26.313  6.478  -51.453 1.0000000000
77939  24.598  5.025  -51.173 1.0000000000
79117  23.525  5.404  -50.503 1.0000000000
79128  23.752  6.211  -51.064 1.0000000000
79114  27.103  5.502  -50.611 0.8750000000
82528  23.641  8.234  -51.619 1.0000000000
81437  23.799  7.401  -51.505 1.0000000000
80274  23.206  6.552  -50.625 1.0000000000
80285  24.839  6.651  -51.767 1.0000000000
81434  26.095  7.376  -51.775 1.0000000000
81422  26.738  7.357  -51.271 1.0000000000
83633  22.738  8.685  -50.157 1.0000000000
82513  23.035  8.561  -50.956 1.0000000000
82527  24.094  8.846  -52.205 1.0000000000
84721  23.586  10.090  -52.264 1.0000000000
83644  23.917  9.706  -52.350 1.0000000000
84732  24.077  10.609  -52.706 1.0000000000
85844  24.094  11.780  -52.811 1.0000000000
85831  26.571  11.222  -52.149 1.0000000000
91971  25.750  17.937  -53.951 0.7500000000
67911  23.192  -4.222  -43.454 0.7500000000
67930  24.490  -4.228  -44.588 0.7500000000
68975  22.610  -3.395  -42.631 0.7500000000
68996  24.803  -3.672  -45.165 0.7500000000
68984  23.493  -3.863  -44.003 0.7500000000
68998  23.434  -3.209  -44.279 0.7500000000
70004  22.724  -2.479  -43.341 0.7500000000
70015  24.262  -3.272  -44.963 0.7500000000
70016  23.779  -2.872  -44.788 0.7500000000
71030  22.807  -1.434  -44.237 0.7500000000
71029  23.419  -2.113  -44.789 0.7500000000
70036  25.247  -3.139  -45.783 0.7500000000
70037  24.606  -2.846  -45.569 0.7500000000
70038  23.868  -2.277  -45.328 0.7500000000
71050  23.495  -1.409  -45.534 0.8750000000
71068  25.421  -1.766  -46.793 0.7500000000
70057  24.823  -2.156  -46.248 0.7500000000
71069  24.441  -1.319  -46.560 0.8750000000
71070  23.710  -0.766  -46.324 0.8750000000
71080  25.323  -0.986  -47.279 0.7500000000
71081  24.688  -0.664  -47.219 0.8750000000
72156  26.241  -0.004  -48.269 0.8750000000
72157  25.695  -0.140  -48.124 0.8750000000
73264  26.505  0.655  -48.619 0.8750000000
74424  25.992  1.205  -49.026 0.8750000000
75621  27.265  2.590  -49.409 0.7500000000
76770  28.007  3.853  -49.444 0.6250000000
79104  28.319  5.450  -49.521 0.6250000000
80259  28.102  6.390  -49.756 0.6250000000
81408  27.864  7.359  -49.982 0.7500000000
82502  28.254  8.317  -49.617 0.6250000000
83631  27.374  9.320  -50.547 0.6250000000
84695  28.389  10.050  -49.699 0.6250000000
84709  28.506  10.755  -49.768 0.6250000000
84710  27.863  10.379  -50.166 0.7500000000
84711  27.219  10.291  -50.996 0.8750000000
86904  26.705  12.821  -52.245 0.8750000000
86881  27.571  12.217  -51.310 0.8750000000
87892  27.475  12.838  -51.525 0.8750000000
87903  27.225  13.215  -51.820 0.8750000000
85802  28.978  11.404  -49.668 0.5000000000
85820  27.756  11.325  -50.747 0.6250000000
86864  28.923  12.025  -50.023 0.5000000000
89924  24.870  15.735  -52.645 0.7500000000
89923  25.875  15.838  -53.220 0.8750000000
87915  26.664  13.756  -52.336 0.8750000000
87914  27.186  14.228  -52.086 0.7500000000
87902  27.407  13.950  -51.809 0.8750000000
86880  28.423  12.382  -50.539 0.6250000000
88901  29.716  14.308  -50.451 0.7500000000
88914  26.223  14.744  -52.799 0.8750000000
89929  26.544  16.181  -53.279 0.7500000000
88913  27.211  14.780  -52.262 0.8750000000
88907  27.945  14.645  -51.615 0.7500000000
87890  29.041  13.456  -50.476 0.5000000000
90938  25.265  16.725  -52.961 0.6250000000
90947  25.930  16.800  -53.558 0.7500000000
90946  26.673  16.747  -53.467 0.7500000000
90945  27.254  16.738  -53.188 0.7500000000
90936  27.608  16.386  -52.735 0.7500000000
90937  27.008  16.327  -53.161 0.7500000000
90935  28.227  16.511  -52.375 0.7500000000
90927  28.575  16.230  -51.890 0.7500000000
91946  28.930  16.847  -52.040 0.7500000000
91965  26.301  17.554  -53.908 0.7500000000
72155  26.809  0.217  -48.345 0.6250000000
89930  26.265  16.375  -53.438 0.7500000000
89922  26.876  15.683  -52.885 0.8750000000
89921  27.609  15.598  -52.337 0.7500000000
88908  27.711  15.156  -51.979 0.7500000000
88902  28.844  14.387  -50.936 0.7500000000
77913  27.839  4.561  -49.730 0.6250000000
87891  28.002  13.394  -51.231 0.7500000000
66708  23.275  -5.349  -42.935 0.7500000000
66709  22.684  -4.983  -42.259 0.7500000000
66725  24.710  -5.377  -44.052 0.7500000000
67910  23.604  -4.265  -43.882 0.7500000000
70056  25.572  -2.692  -46.297 0.7500000000
71067  26.122  -2.070  -46.913 0.6250000000
71079  26.271  -1.311  -47.407 0.6250000000
74435  26.306  1.937  -49.427 0.7500000000
82511  27.633  8.335  -50.258 0.7500000000
72146  25.158  -0.275  -47.844 0.8750000000
72132  24.110  -0.524  -46.919 0.8750000000
74434  26.825  2.172  -49.425 0.7500000000
68985  23.141  -3.579  -43.686 0.7500000000
67900  22.837  -4.361  -42.914 0.7500000000
67899  23.312  -4.665  -43.371 0.7500000000
67931  24.015  -4.236  -44.275 0.7500000000
67909  24.220  -4.673  -44.171 0.7500000000
66748  24.818  -4.751  -44.503 0.7500000000
68995  25.270  -3.884  -45.319 0.7500000000
68997  23.853  -3.707  -44.420 0.7500000000
70017  23.158  -2.619  -44.187 0.7500000000
71049  24.172  -2.061  -45.920 0.8750000000
72145  25.948  -0.553  -47.864 0.7500000000
83630  27.929  9.304  -49.837 0.6250000000
85819  28.412  11.389  -50.148 0.6250000000
86879  29.294  12.711  -50.066 0.5000000000
88912  27.432  14.412  -51.916 0.7500000000
89915  28.128  15.533  -51.863 0.7500000000
91956  27.604  16.930  -53.012 0.7500000000
66726  23.851  -5.059  -43.650 0.7500000000
66707  24.211  -5.872  -43.368 0.7500000000
65463  23.788  -6.384  -42.555 0.6250000000
64184  23.781  -6.973  -41.961 0.6250000000
65450  23.260  -6.493  -41.824 0.6250000000
66696  22.936  -5.774  -42.054 0.6250000000
65480  25.004  -6.111  -43.701 0.6250000000
64168  22.615  -6.911  -40.777 0.5000000000
74426  24.441  1.551  -48.794 1.0000000000
74437  24.932  1.648  -49.167 1.0000000000
77874  22.105  4.685  -47.103 1.0000000000
77928  23.822  4.639  -50.385 1.0000000000
77937  25.438  5.338  -51.397 1.0000000000
79126  25.191  5.814  -51.546 1.0000000000
79116  24.014  5.281  -50.926 1.0000000000
77938  25.017  5.137  -51.359 1.0000000000
77914  27.221  4.589  -50.247 0.8750000000
80287  23.598  6.858  -51.196 1.0000000000
81449  24.934  7.993  -52.248 1.0000000000
82539  25.448  8.460  -52.265 1.0000000000
72147  24.404  -0.205  -47.514 1.0000000000
73251  25.109  0.061  -48.105 1.0000000000
76762  27.784  3.204  -49.299 0.6250000000
86892  27.112  12.500  -51.856 0.8750000000
91970  25.934  18.033  -54.243 0.6250000000
67929  25.305  -4.292  -45.047 0.7500000000
69020  25.091  -3.336  -45.558 0.7500000000
90928  28.054  16.050  -52.246 0.7500000000
91955  28.252  17.199  -52.724 0.7500000000
91947  28.523  16.698  -52.257 0.7500000000
