#!ascii label  , from subject fsaverage6 vox2ras=TkReg 
1563
19701  -3.117  -37.248  67.052 0.1250000000
19702  -3.419  -37.255  67.741 0.1250000000
36948  -3.864  -37.116  68.151 0.1250000000
26799  -3.204  -39.152  66.537 0.1250000000
26793  -6.498  -37.371  66.467 0.1250000000
4650  -3.333  -39.039  65.508 0.1250000000
26803  -3.536  -37.041  63.966 0.1250000000
26791  -7.305  -37.356  65.635 0.1250000000
33024  -8.092  -37.205  64.932 0.1250000000
19708  -3.648  -35.285  63.604 0.2500000000
33023  -8.968  -36.842  64.216 0.1250000000
26804  -3.944  -36.997  62.946 0.2500000000
19714  -4.799  -35.140  61.658 0.2500000000
33022  -9.850  -36.447  63.534 0.1250000000
26805  -4.466  -36.831  61.942 0.2500000000
24888  -10.720  -36.054  62.854 0.1250000000
8906  -5.400  -35.065  60.631 0.2500000000
36964  -5.818  -34.984  59.497 0.3750000000
23806  -6.220  -33.428  59.199 0.3750000000
14712  -6.195  -33.362  57.965 0.5000000000
19703  -3.342  -35.406  67.704 0.1250000000
8901  -3.797  -35.413  68.301 0.1250000000
36946  -4.441  -37.107  68.195 0.1250000000
26795  -5.071  -37.129  67.923 0.1250000000
26794  -5.766  -37.238  67.320 0.1250000000
26801  -3.019  -35.402  65.746 0.1250000000
4647  -5.566  -38.868  68.157 0.1250000000
26802  -3.186  -37.109  65.036 0.1250000000
4651  -3.263  -35.367  64.668 0.1250000000
2113  -4.187  -35.183  62.594 0.2500000000
19712  -4.517  -33.592  62.358 0.3750000000
33021  -8.131  -35.672  64.118 0.1250000000
7519  -8.910  -35.475  63.248 0.1250000000
19713  -5.133  -33.568  61.399 0.3750000000
36963  -5.728  -33.501  60.425 0.5000000000
2986  -6.043  -31.907  60.177 0.5000000000
1577  -10.547  -34.951  61.713 0.1250000000
23805  -6.399  -31.985  59.005 0.5000000000
14713  -5.853  -33.341  56.813 0.5000000000
2985  -6.307  -32.037  57.739 0.6250000000
14714  -5.644  -34.660  57.206 0.3750000000
30581  -5.905  -32.054  56.609 0.5000000000
23803  -6.235  -30.754  57.674 0.6250000000
6525  -5.324  -34.630  56.172 0.2500000000
30580  -5.215  -33.424  54.817 0.2500000000
1065  -5.686  -34.601  54.211 0.2500000000
36940  -7.466  -31.067  70.152 0.2500000000
36939  -7.247  -32.410  68.783 0.2500000000
36937  -8.114  -31.069  69.444 0.3750000000
19705  -3.349  -33.722  67.716 0.1250000000
36949  -4.363  -35.427  68.545 0.1250000000
2111  -5.050  -35.362  68.442 0.1250000000
19693  -5.702  -35.442  67.989 0.2500000000
19694  -6.417  -33.943  68.251 0.2500000000
36938  -7.000  -33.988  67.377 0.3750000000
2112  -3.018  -35.414  66.804 0.1250000000
4646  -6.289  -35.585  67.144 0.2500000000
26792  -6.814  -35.751  66.042 0.2500000000
36956  -3.249  -33.659  65.589 0.1250000000
1578  -7.438  -35.814  65.026 0.1250000000
19711  -4.291  -32.032  63.261 0.3750000000
19690  -7.992  -34.231  64.940 0.1250000000
19710  -3.934  -33.623  63.357 0.3750000000
8905  -4.839  -32.064  62.281 0.3750000000
16519  -9.711  -35.206  62.471 0.1250000000
36962  -5.427  -31.970  61.301 0.5000000000
10665  -6.110  -30.554  60.081 0.5000000000
23804  -6.342  -30.693  58.872 0.5000000000
23802  -6.362  -29.449  58.903 0.6250000000
1064  -6.290  -29.678  57.676 0.6250000000
14707  -6.720  -28.461  57.854 0.6250000000
30582  -5.362  -33.371  55.808 0.2500000000
14711  -5.867  -30.850  56.492 0.5000000000
14709  -6.076  -29.782  56.532 0.5000000000
6524  -5.432  -32.083  55.562 0.5000000000
19652  -5.394  -33.331  53.844 0.2500000000
6531  -6.825  -29.713  71.478 0.7500000000
14723  -7.647  -28.550  72.334 0.7500000000
6530  -8.612  -27.345  72.967 0.8750000000
36941  -6.713  -31.038  70.533 0.7500000000
14724  -7.554  -29.792  71.338 0.7500000000
14722  -8.492  -28.643  72.044 0.7500000000
8899  -5.085  -32.340  69.727 0.5000000000
19696  -5.837  -32.396  69.708 0.6250000000
1069  -8.357  -29.808  70.876 0.7500000000
36950  -4.347  -33.806  68.906 0.3750000000
19697  -5.034  -33.822  69.041 0.5000000000
8898  -6.588  -32.422  69.402 0.5000000000
19704  -3.763  -33.763  68.494 0.1250000000
19695  -5.796  -33.824  68.861 0.2500000000
23811  -9.088  -29.802  70.098 0.6250000000
8903  -3.451  -32.013  66.718 0.3750000000
36957  -3.589  -31.995  65.507 0.5000000000
19709  -3.509  -33.647  64.460 0.5000000000
8904  -3.871  -31.999  64.360 0.5000000000
36959  -4.214  -30.505  64.378 0.6250000000
36960  -4.606  -30.522  63.302 0.5000000000
36961  -5.090  -30.479  62.264 0.5000000000
10666  -5.654  -30.446  61.195 0.5000000000
10664  -5.821  -29.124  61.167 0.6250000000
2984  -6.181  -29.291  60.045 0.5000000000
14705  -6.712  -28.272  59.079 0.6250000000
14710  -5.521  -30.876  55.403 0.5000000000
14708  -6.558  -28.668  56.607 0.6250000000
6521  -7.445  -27.411  57.970 0.6250000000
30579  -5.181  -32.053  54.493 0.3750000000
6523  -5.270  -31.917  53.449 0.3750000000
30596  -6.853  -28.425  72.338 1.0000000000
36943  -5.178  -30.867  70.445 0.8750000000
30597  -6.015  -29.628  71.371 0.8750000000
36942  -5.946  -30.974  70.631 0.7500000000
14721  -9.432  -27.396  72.609 0.8750000000
36951  -4.383  -32.294  69.425 0.6250000000
8902  -3.846  -32.170  68.764 0.6250000000
12324  -4.629  -29.323  70.344 0.8750000000
14720  -9.348  -28.626  71.516 0.7500000000
36953  -3.974  -30.624  69.091 0.8750000000
19706  -3.524  -32.063  67.817 0.7500000000
36955  -3.709  -30.471  66.805 0.6250000000
36958  -3.901  -30.496  65.604 0.6250000000
19689  -4.309  -29.036  65.681 0.6250000000
107  -5.403  -29.019  62.226 0.5000000000
23801  -6.490  -28.062  60.219 0.7500000000
2983  -7.214  -26.901  60.500 0.7500000000
14706  -7.440  -27.184  59.204 0.6250000000
30572  -8.327  -26.148  59.419 0.6250000000
30578  -5.291  -30.766  54.348 0.5000000000
6522  -5.767  -29.802  55.389 0.6250000000
30575  -6.356  -28.794  55.446 0.6250000000
30577  -5.314  -30.624  53.298 0.5000000000
30576  -5.549  -29.692  54.277 0.6250000000
30595  -7.706  -27.298  73.014 0.8750000000
12320  -6.116  -28.263  71.978 1.0000000000
4640  -6.942  -27.116  72.802 0.8750000000
488  -5.272  -29.462  70.990 0.8750000000
12322  -5.393  -28.112  71.394 1.0000000000
12321  -6.234  -26.977  72.264 1.0000000000
12323  -4.856  -28.001  70.541 1.0000000000
36952  -4.438  -30.767  69.939 0.7500000000
26788  -5.259  -26.702  70.656 1.0000000000
2988  -10.266  -27.373  72.037 0.8750000000
4644  -4.181  -29.185  69.369 0.8750000000
26789  -4.540  -27.825  69.524 0.8750000000
4643  -5.027  -26.585  69.585 1.0000000000
23810  -10.042  -28.669  70.717 0.7500000000
36954  -3.711  -30.540  67.982 0.7500000000
26790  -4.001  -29.091  68.142 0.8750000000
2110  -4.069  -29.071  66.905 0.7500000000
19688  -4.804  -27.717  65.812 0.7500000000
8896  -4.577  -29.025  64.523 0.6250000000
33016  -5.443  -27.708  63.479 0.5000000000
10662  -5.784  -27.732  62.436 0.7500000000
36934  -4.972  -29.032  63.361 0.5000000000
10663  -6.163  -27.870  61.330 0.7500000000
23800  -6.805  -26.741  61.652 0.7500000000
23799  -7.685  -25.615  62.009 0.7500000000
30571  -8.069  -25.872  60.705 0.6250000000
30573  -8.355  -26.413  58.105 0.6250000000
4625  -7.053  -27.839  55.477 0.6250000000
30574  -7.279  -27.637  56.712 0.6250000000
12311  -5.783  -30.494  52.236 0.3750000000
26782  -7.831  -25.871  73.368 1.0000000000
26784  -7.077  -25.723  72.997 1.0000000000
4642  -5.641  -26.819  71.585 1.0000000000
26786  -5.999  -25.428  71.707 1.0000000000
26787  -5.687  -25.334  70.764 1.0000000000
2109  -6.277  -23.892  71.691 1.0000000000
19685  -4.474  -27.801  68.301 0.8750000000
19686  -5.024  -26.516  68.398 1.0000000000
36929  -5.570  -25.215  69.699 1.0000000000
19684  -6.069  -23.827  70.709 1.0000000000
23809  -11.010  -27.370  71.290 0.8750000000
19687  -4.586  -27.751  67.040 0.7500000000
36930  -5.627  -25.228  68.548 1.0000000000
10668  -10.624  -28.656  69.644 0.7500000000
36932  -5.389  -26.451  65.982 0.7500000000
36933  -5.125  -27.724  64.641 0.7500000000
36931  -5.773  -25.205  67.391 1.0000000000
33015  -6.047  -26.524  63.782 0.8750000000
2982  -6.417  -26.602  62.753 0.7500000000
26757  -7.932  -26.812  55.609 0.6250000000
30570  -9.139  -24.914  59.608 0.6250000000
26755  -8.154  -26.635  56.794 0.6250000000
12306  -6.836  -27.826  54.374 0.6250000000
12305  -6.133  -28.769  54.285 0.6250000000
486  -5.595  -29.579  53.153 0.6250000000
30594  -8.729  -25.945  73.507 1.0000000000
26785  -6.462  -25.541  72.455 1.0000000000
30593  -9.577  -26.002  73.387 1.0000000000
8894  -6.020  -23.845  69.652 1.0000000000
23808  -11.286  -26.033  72.537 1.0000000000
36928  -6.060  -23.874  68.556 1.0000000000
2987  -11.591  -27.371  70.281 0.8750000000
8895  -5.186  -26.459  67.214 0.8750000000
16516  -6.025  -25.241  66.199 1.0000000000
1576  -6.275  -23.893  67.526 1.0000000000
10667  -11.193  -28.587  68.361 0.5000000000
7516  -5.695  -26.486  64.791 1.0000000000
16514  -6.583  -23.967  66.594 0.8750000000
16515  -6.349  -25.303  65.251 0.8750000000
33014  -6.736  -25.374  64.243 0.7500000000
23798  -7.188  -25.453  63.172 0.7500000000
1063  -9.113  -25.266  58.156 0.6250000000
4627  -6.689  -27.691  53.259 0.6250000000
12307  -6.102  -28.578  53.180 0.5000000000
12309  -5.906  -29.414  52.057 0.3750000000
4641  -7.293  -24.128  73.149 1.0000000000
30592  -10.445  -26.015  73.082 1.0000000000
19678  -6.666  -24.007  72.503 1.0000000000
34715  -12.664  -26.081  70.994 0.7500000000
34716  -12.133  -27.318  69.171 0.7500000000
7515  -6.975  -24.049  65.638 0.8750000000
33013  -7.478  -24.165  64.643 0.7500000000
1062  -8.027  -24.207  63.602 0.7500000000
14704  -8.554  -24.382  62.353 0.7500000000
6520  -8.948  -24.612  61.045 0.7500000000
19632  -9.625  -23.814  58.212 0.7500000000
4626  -8.725  -25.659  55.664 0.6250000000
36866  -9.411  -24.137  56.815 0.6250000000
26756  -8.984  -25.471  56.843 0.6250000000
26758  -7.615  -26.892  54.426 0.6250000000
12308  -6.304  -28.373  52.026 0.5000000000
1068  -8.804  -24.441  73.877 1.0000000000
30591  -9.694  -24.505  73.920 1.0000000000
19677  -8.799  -22.971  73.980 1.0000000000
26783  -8.016  -24.319  73.613 1.0000000000
6529  -10.560  -24.674  73.761 1.0000000000
36920  -8.025  -22.751  73.604 1.0000000000
19679  -7.314  -22.589  73.093 1.0000000000
19682  -6.436  -22.334  71.494 1.0000000000
23807  -12.047  -26.034  71.822 1.0000000000
36927  -6.264  -22.304  69.534 1.0000000000
5777  -33.563  -20.162  66.352 0.7500000000
13465  -33.610  -18.940  67.220 0.7500000000
33012  -7.446  -22.648  65.956 0.8750000000
33010  -8.022  -22.714  64.924 0.8750000000
36863  -8.377  -20.709  60.351 0.8750000000
36865  -8.419  -21.278  57.700 0.8750000000
36864  -8.454  -20.996  58.993 0.8750000000
19631  -9.335  -22.127  59.366 0.8750000000
30569  -9.422  -23.254  61.083 0.5000000000
36867  -9.256  -22.710  56.699 0.7500000000
8873  -9.382  -22.371  58.006 0.7500000000
19630  -9.553  -23.553  59.608 0.7500000000
26759  -7.426  -26.778  53.308 0.6250000000
26761  -6.838  -27.473  52.144 0.6250000000
26762  -6.899  -28.259  51.040 0.1250000000
14719  -11.470  -24.751  73.420 1.0000000000
34714  -13.075  -24.859  72.389 1.0000000000
19680  -6.762  -22.388  72.403 1.0000000000
17865  -13.163  -26.105  70.081 0.7500000000
19683  -6.296  -22.309  70.542 1.0000000000
15917  -31.856  -20.908  66.850 0.8750000000
28836  -32.820  -19.982  67.125 0.7500000000
13464  -34.158  -17.614  66.908 0.6250000000
649  -35.168  -18.113  66.284 1.0000000000
24886  -6.380  -22.397  68.525 1.0000000000
15919  -30.742  -21.608  66.190 0.6250000000
13466  -34.345  -19.222  66.577 0.7500000000
23055  -35.834  -18.271  65.764 0.8750000000
32261  -29.621  -22.061  65.283 0.6250000000
23061  -36.721  -16.960  65.094 0.5000000000
16512  -6.617  -22.472  67.687 0.8750000000
33005  -5.382  -16.872  64.277 0.8750000000
7510  -5.353  -17.214  63.268 0.8750000000
33006  -5.846  -18.177  63.830 0.8750000000
16513  -6.994  -22.531  66.879 0.8750000000
32998  -5.923  -18.450  62.762 0.8750000000
235  -6.989  -19.480  62.274 0.8750000000
12302  -6.026  -18.720  61.749 0.7500000000
14703  -9.045  -22.974  62.561 0.7500000000
12303  -6.096  -19.034  60.520 0.8750000000
12304  -7.125  -19.695  61.086 0.8750000000
30567  -8.176  -20.499  61.650 0.8750000000
26754  -7.229  -20.206  58.579 0.7500000000
6519  -9.212  -21.843  60.843 0.8750000000
19634  -9.150  -24.313  55.593 0.7500000000
19635  -8.838  -24.430  54.525 0.6250000000
19633  -8.373  -25.821  54.526 0.6250000000
19675  -9.693  -23.099  74.119 1.0000000000
30590  -10.607  -23.244  74.109 1.0000000000
14718  -11.605  -23.353  73.950 1.0000000000
19676  -9.585  -21.678  74.011 0.8750000000
14717  -12.595  -23.457  73.670 1.0000000000
1067  -12.348  -24.841  72.926 1.0000000000
17866  -13.599  -26.117  69.153 0.7500000000
8136  -13.675  -24.955  71.711 0.6250000000
34741  -14.027  -26.106  68.021 0.7500000000
15918  -31.289  -20.595  67.575 0.7500000000
16506  -5.468  -16.379  66.174 0.7500000000
7512  -5.399  -16.616  65.259 0.7500000000
16508  -5.724  -17.915  64.851 0.8750000000
2569  -36.445  -18.491  65.251 0.7500000000
3585  -6.595  -20.985  67.468 0.8750000000
7514  -7.508  -21.157  65.729 0.8750000000
33007  -6.766  -19.269  63.412 0.8750000000
33009  -7.985  -21.285  64.731 0.8750000000
32997  -5.351  -17.487  62.258 0.7500000000
30566  -7.846  -20.304  62.913 1.0000000000
14702  -8.563  -22.760  63.827 0.7500000000
30568  -8.910  -21.554  62.236 0.7500000000
36868  -8.339  -21.575  56.479 0.6250000000
8874  -8.972  -22.863  55.532 0.6250000000
19636  -8.587  -22.922  54.395 0.6250000000
8891  -8.739  -21.443  73.785 0.7500000000
36923  -7.051  -19.491  72.357 1.0000000000
8892  -7.195  -20.973  72.797 1.0000000000
17864  -14.287  -24.998  70.927 0.6250000000
36924  -6.473  -19.359  71.496 0.8750000000
8893  -6.341  -20.777  71.125 1.0000000000
32263  -28.375  -21.764  66.903 0.7500000000
32260  -29.436  -21.099  67.740 0.7500000000
7238  -30.088  -21.438  66.983 0.6250000000
16505  -5.610  -17.408  66.750 0.8750000000
36926  -6.176  -20.729  70.124 0.8750000000
34740  -14.446  -26.040  66.890 0.3750000000
32264  -27.036  -22.096  65.950 0.7500000000
7239  -27.726  -22.231  65.091 0.6250000000
3583  -5.503  -16.206  67.118 0.7500000000
24885  -6.310  -20.921  68.298 1.0000000000
15923  -26.531  -22.487  63.905 0.7500000000
32262  -29.062  -21.924  66.117 0.6250000000
7240  -25.171  -22.818  62.754 0.5000000000
33003  -5.553  -15.358  65.529 0.6250000000
24884  -6.097  -19.568  67.885 1.0000000000
16509  -6.233  -18.880  65.485 1.0000000000
24883  -6.345  -19.725  66.989 1.0000000000
33011  -7.010  -21.102  66.647 0.8750000000
33008  -7.523  -20.155  64.044 1.0000000000
16511  -6.735  -19.875  66.134 1.0000000000
10243  -39.465  -15.552  62.709 0.5000000000
23044  -39.882  -15.432  61.876 0.6250000000
6518  -8.440  -21.382  63.532 0.8750000000
2562  -39.301  -16.904  61.175 0.6250000000
23050  -38.510  -18.251  59.958 0.7500000000
4622  -5.355  -17.799  61.217 0.7500000000
8875  -8.210  -22.905  53.344 0.6250000000
19637  -8.519  -24.336  53.504 0.6250000000
19638  -8.310  -24.180  52.481 0.6250000000
36873  -8.497  -23.926  51.531 0.2500000000
26749  -9.055  -23.644  50.699 0.1250000000
17863  -14.711  -24.006  72.233 0.7500000000
29115  -6.291  -15.735  69.844 0.5000000000
29116  -6.235  -16.818  70.424 0.6250000000
36921  -7.911  -21.177  73.383 1.0000000000
29114  -6.459  -14.701  69.179 0.5000000000
11262  -5.946  -16.885  69.582 0.6250000000
236  -5.950  -18.065  70.045 0.6250000000
8890  -6.846  -18.085  71.857 0.7500000000
34738  -15.275  -25.040  69.049 0.6250000000
24878  -6.147  -14.786  68.378 0.5000000000
3582  -5.965  -15.873  68.956 0.5000000000
11263  -5.757  -17.014  68.651 0.7500000000
11264  -5.798  -18.160  69.165 0.7500000000
36925  -6.079  -19.316  70.564 0.8750000000
715  -6.536  -13.819  67.712 0.5000000000
24879  -5.823  -15.003  67.470 0.5000000000
24881  -5.631  -17.145  67.707 0.7500000000
3584  -5.788  -18.259  68.249 1.0000000000
11265  -5.927  -19.473  68.745 0.8750000000
3586  -6.166  -20.807  69.125 0.8750000000
34739  -14.847  -26.024  65.578 0.2500000000
8144  -15.700  -25.010  67.945 0.5000000000
32265  -25.978  -22.430  64.799 0.5000000000
7237  -26.506  -21.996  66.782 0.6250000000
33002  -5.668  -15.188  66.477 0.5000000000
32267  -23.795  -23.081  61.660 0.3750000000
32266  -24.527  -22.763  63.671 0.5000000000
1575  -6.026  -18.671  66.456 1.0000000000
24882  -5.873  -18.444  67.398 1.0000000000
33004  -5.482  -15.549  64.596 0.6250000000
7513  -6.518  -19.092  64.453 1.0000000000
16510  -7.089  -20.002  65.180 1.0000000000
23042  -39.516  -16.392  60.786 0.6250000000
13453  -38.815  -17.338  59.438 0.7500000000
26752  -5.343  -18.123  60.038 0.6250000000
13454  -38.332  -18.391  58.234 0.7500000000
2102  -7.226  -20.524  57.358 0.7500000000
19629  -7.036  -20.721  56.228 0.6250000000
36869  -8.033  -21.714  55.339 0.6250000000
36872  -8.015  -22.802  52.290 0.6250000000
4621  -8.161  -22.649  51.269 0.2500000000
1837  -14.824  -25.015  70.104 0.7500000000
5895  -7.213  -13.579  69.341 0.5000000000
13665  -6.910  -14.613  69.999 0.5000000000
17884  -16.104  -24.982  66.760 0.3750000000
1839  -16.498  -24.955  65.471 0.3750000000
29748  -22.639  -23.234  63.541 0.3750000000
170  -23.951  -22.803  64.614 0.5000000000
32257  -25.254  -22.382  65.704 0.3750000000
25707  -15.240  -25.977  64.281 0.2500000000
25706  -15.701  -25.960  63.023 0.3750000000
7511  -6.140  -14.146  65.828 0.5000000000
29750  -20.559  -24.073  60.492 0.1250000000
6168  -21.298  -23.697  62.526 0.1250000000
29747  -23.259  -23.171  62.548 0.3750000000
4041  -17.423  -24.883  62.913 0.1250000000
25703  -18.064  -24.864  61.674 0.1250000000
29749  -21.865  -23.636  61.494 0.3750000000
16501  -5.452  -15.853  63.604 0.6250000000
32996  -5.298  -16.466  61.680 0.6250000000
642  -39.734  -15.665  60.161 0.7500000000
26753  -6.140  -19.285  59.358 0.7500000000
13455  -38.963  -16.684  59.124 0.7500000000
19625  -6.126  -19.494  58.169 0.7500000000
28820  -37.645  -18.465  56.472 0.6250000000
5770  -38.360  -17.697  58.008 0.7500000000
19627  -6.105  -19.720  57.019 0.7500000000
8872  -6.878  -20.857  55.021 0.6250000000
36870  -7.653  -21.742  54.151 0.6250000000
29113  -6.765  -13.679  68.531 0.5000000000
17880  -17.920  -24.228  66.473 0.3750000000
17878  -16.958  -24.895  64.167 0.2500000000
29110  -7.333  -12.665  67.881 0.5000000000
16504  -6.325  -13.988  66.778 0.5000000000
17875  -19.922  -24.211  61.583 0.1250000000
33001  -6.031  -14.315  64.866 0.5000000000
868  -18.727  -24.832  60.542 0.1250000000
13444  -40.506  -14.397  60.678 0.3750000000
13442  -39.848  -14.878  59.662 0.7500000000
26750  -5.294  -16.809  60.694 0.5000000000
13456  -39.000  -15.764  58.609 0.7500000000
28821  -38.083  -16.739  57.485 0.6250000000
24501  -37.355  -17.690  56.213 0.7500000000
19628  -5.990  -19.949  55.810 0.7500000000
36861  -5.826  -20.096  54.539 0.6250000000
36862  -6.626  -20.908  53.836 0.6250000000
36871  -7.414  -21.786  52.986 0.6250000000
12301  -7.265  -21.757  51.834 0.3750000000
19617  -9.881  -23.472  49.958 0.1250000000
26748  -8.773  -22.441  50.421 0.2500000000
36848  -10.421  -22.118  48.899 0.1250000000
16502  -7.116  -12.854  66.941 0.5000000000
1574  -6.036  -14.536  63.959 0.3750000000
16499  -5.989  -14.828  63.029 0.6250000000
26751  -5.246  -17.054  59.518 0.5000000000
5762  -39.882  -14.013  59.090 0.7500000000
19626  -5.324  -18.616  57.626 0.7500000000
4623  -5.322  -18.395  58.854 0.7500000000
28822  -39.056  -15.098  58.256 0.8750000000
8871  -5.266  -18.779  56.392 0.6250000000
24503  -37.036  -16.862  55.842 0.7500000000
3373  -37.918  -15.897  56.987 0.7500000000
36860  -5.113  -18.993  55.248 0.7500000000
485  -6.511  -20.967  52.512 0.5000000000
12300  -7.556  -21.662  50.882 0.2500000000
6517  -5.005  -19.176  54.033 0.6250000000
30565  -5.747  -20.192  53.248 0.6250000000
26747  -8.255  -21.507  49.987 0.1250000000
4620  -9.585  -22.271  49.635 0.1250000000
30564  -5.085  -19.243  52.797 0.6250000000
12297  -5.764  -20.198  52.008 0.5000000000
4619  -6.999  -20.842  50.320 0.2500000000
26746  -9.141  -21.305  49.202 0.1250000000
12299  -6.577  -20.981  51.372 0.2500000000
12298  -6.019  -20.130  50.819 0.2500000000
26745  -7.736  -20.595  49.485 0.1250000000
33000  -6.930  -13.209  65.086 0.3750000000
5764  -40.790  -12.957  60.943 0.2500000000
7509  -5.918  -15.193  62.131 0.5000000000
13443  -40.579  -13.455  60.126 0.3750000000
1573  -5.872  -15.878  60.099 0.3750000000
28804  -40.595  -12.813  59.547 0.3750000000
36857  -5.224  -17.261  58.228 0.6250000000
28802  -39.865  -13.397  58.400 0.6250000000
11053  -38.758  -14.250  57.513 0.6250000000
36859  -4.918  -17.504  55.910 0.7500000000
36858  -5.091  -17.404  57.047 0.7500000000
11054  -37.645  -15.116  56.438 0.8750000000
3375  -37.273  -14.456  55.630 0.8750000000
26744  -6.521  -19.850  49.850 0.2500000000
2100  -8.633  -20.371  48.810 0.1250000000
19616  -9.973  -21.133  48.485 0.1250000000
8867  -11.226  -21.991  48.114 0.1250000000
24877  -6.858  -13.471  64.132 0.3750000000
16497  -6.848  -13.711  63.194 0.3750000000
28803  -40.683  -12.221  58.686 0.3750000000
162  -39.713  -12.734  57.494 0.5000000000
11055  -38.513  -13.563  56.631 0.6250000000
14701  -4.749  -17.696  54.751 0.7500000000
24504  -36.656  -16.040  55.245 0.8750000000
24505  -36.255  -15.280  54.291 0.8750000000
4617  -5.219  -19.188  51.631 0.5000000000
26743  -5.604  -18.957  50.547 0.2500000000
19614  -9.515  -20.068  48.198 0.1250000000
19615  -10.775  -20.947  47.742 0.1250000000
8866  -10.354  -19.804  47.574 0.1250000000
36845  -11.584  -20.686  47.023 0.1250000000
36844  -11.208  -19.565  46.950 0.1250000000
5763  -41.116  -11.599  59.629 0.2500000000
36856  -5.494  -16.270  56.508 0.5000000000
11042  -39.496  -12.270  56.465 0.5000000000
14700  -4.650  -17.812  53.666 0.5000000000
11056  -38.222  -12.980  55.571 0.5000000000
24507  -37.010  -13.842  54.498 0.6250000000
19610  -7.386  -19.530  49.165 0.1250000000
19612  -8.353  -19.163  48.611 0.1250000000
4618  -6.373  -18.617  49.730 0.2500000000
19611  -7.240  -18.282  49.210 0.1250000000
32173  -41.392  -10.884  58.682 0.3750000000
8870  -5.760  -16.171  57.712 0.5000000000
11044  -40.697  -11.638  57.664 0.3750000000
3362  -39.386  -11.907  55.368 0.2500000000
6516  -4.773  -16.388  53.332 0.3750000000
30563  -4.733  -17.880  52.526 0.5000000000
24508  -38.101  -12.727  54.425 0.6250000000
36839  -6.384  -17.319  50.020 0.2500000000
3376  -36.883  -13.502  53.245 0.7500000000
26742  -5.577  -17.519  50.661 0.2500000000
36843  -10.139  -18.664  47.700 0.1250000000
19613  -9.244  -18.888  48.188 0.1250000000
32215  -35.904  -13.925  50.756 0.8750000000
32214  -35.872  -14.260  52.055 0.8750000000
36835  -11.014  -18.323  47.217 0.1250000000
484  -11.989  -19.270  46.326 0.1250000000
32213  -34.979  -14.554  49.340 0.5000000000
32216  -36.072  -13.715  49.363 0.7500000000
1061  -5.213  -16.331  55.398 0.2500000000
11043  -40.673  -11.332  56.675 0.2500000000
14699  -4.902  -16.380  54.396 0.3750000000
30562  -4.805  -16.319  52.358 0.3750000000
1060  -5.161  -16.245  51.521 0.2500000000
15884  -36.922  -13.278  51.965 0.6250000000
15883  -38.107  -12.510  53.090 0.6250000000
17665  -43.517  -9.893  52.286 0.5000000000
17667  -44.182  -9.133  52.248 0.2500000000
19609  -5.775  -16.091  50.860 0.2500000000
36840  -7.268  -16.942  49.686 0.1250000000
8865  -8.235  -17.991  48.853 0.1250000000
36842  -9.204  -17.679  48.557 0.1250000000
7222  -37.098  -13.049  50.628 0.7500000000
32164  -41.430  -11.180  50.944 0.5000000000
32165  -42.366  -10.501  52.255 0.5000000000
7203  -42.760  -10.681  51.286 0.5000000000
8053  -44.848  -9.333  51.431 0.3750000000
36841  -8.268  -16.735  49.371 0.1250000000
17666  -44.025  -10.108  51.515 0.3750000000
19606  -9.219  -16.381  49.128 0.1250000000
32217  -37.530  -12.924  49.470 0.8750000000
32162  -40.592  -11.744  49.551 0.6250000000
34472  -44.657  -10.254  50.766 0.3750000000
23421  -36.440  -13.463  48.259 0.8750000000
2773  -38.060  -12.828  48.276 0.8750000000
32218  -39.063  -12.249  49.523 0.6250000000
24482  -39.415  -11.700  54.108 0.3750000000
32166  -43.096  -9.556  53.360 0.3750000000
32169  -43.266  -8.606  54.012 0.2500000000
1443  -43.711  -8.866  53.158 0.2500000000
32168  -42.846  -9.432  54.396 0.3750000000
25577  -43.758  -8.156  52.555 0.2500000000
15885  -38.311  -12.405  51.780 0.6250000000
7204  -42.132  -10.322  53.236 0.5000000000
15886  -38.613  -12.316  50.684 0.5000000000
15842  -39.741  -11.697  51.658 0.5000000000
15843  -41.076  -11.004  52.110 0.5000000000
8864  -6.619  -15.875  50.409 0.1250000000
7202  -40.083  -11.662  50.596 0.5000000000
32163  -41.940  -11.315  49.995 0.6250000000
2764  -44.155  -10.948  49.746 0.3750000000
24484  -40.672  -11.062  55.449 0.2500000000
15846  -42.619  -9.339  55.236 0.3750000000
1442  -39.551  -11.657  52.816 0.3750000000
24483  -40.736  -10.952  54.290 0.3750000000
32167  -41.909  -10.206  54.322 0.3750000000
25576  -43.228  -7.892  53.406 0.2500000000
15844  -40.859  -10.988  53.094 0.3750000000
34474  -44.443  -8.405  51.643 0.2500000000
34473  -45.524  -9.506  50.737 0.2500000000
23406  -45.472  -10.376  50.151 0.2500000000
23405  -45.093  -11.067  49.157 0.6250000000
7205  -42.927  -8.570  55.022 0.3750000000
32170  -42.675  -7.775  54.354 0.2500000000
34475  -45.123  -8.597  50.822 0.1250000000
844  -46.285  -9.574  50.167 0.1250000000
3971  -43.484  -7.711  51.360 0.1250000000
14045  -46.279  -10.321  49.636 0.2500000000
23404  -44.538  -11.604  47.810 0.6250000000
2763  -46.061  -10.994  48.588 0.6250000000
23402  -43.987  -12.127  46.417 0.6250000000
14047  -47.150  -9.448  49.724 0.2500000000
14046  -47.264  -10.203  49.152 0.2500000000
842  -44.856  -12.141  45.853 0.6250000000
23403  -45.543  -11.566  47.302 0.6250000000
29647  -47.070  -10.863  48.126 0.6250000000
14085  -43.759  -12.810  44.373 0.6250000000
14044  -46.555  -11.357  46.804 0.5000000000
14086  -44.545  -12.611  43.735 0.6250000000
29703  -43.304  -13.113  42.220 0.7500000000
29704  -45.382  -12.125  43.309 0.6250000000
29648  -48.200  -9.930  48.678 0.2500000000
6124  -48.060  -10.525  47.726 0.5000000000
14042  -45.729  -11.944  45.296 0.6250000000
6122  -46.543  -11.611  44.863 0.7500000000
11684  -44.992  -11.895  41.586 0.7500000000
11683  -46.168  -11.456  43.048 0.7500000000
14043  -47.487  -10.978  46.445 0.3750000000
29642  -47.343  -11.049  44.499 0.5000000000
11685  -46.910  -10.805  42.736 0.8750000000
11686  -47.632  -10.169  42.393 0.6250000000
25641  -46.370  -10.651  40.913 0.7500000000
29644  -48.341  -10.515  46.005 0.5000000000
362  -48.162  -10.415  44.162 0.5000000000
4006  -47.019  -10.127  40.421 0.7500000000
17774  -47.612  -9.657  39.901 0.7500000000
25642  -48.253  -9.597  41.926 0.5000000000
3962  -49.460  -9.063  43.369 0.3750000000
17773  -48.804  -9.013  41.321 0.6250000000
34603  -46.524  -10.195  38.461 0.7500000000
8098  -48.172  -9.134  39.246 0.7500000000
17775  -49.275  -8.590  40.559 0.6250000000
25562  -49.856  -8.389  42.661 0.1250000000
34605  -48.712  -8.592  38.500 0.6250000000
17776  -49.913  -8.090  39.749 0.5000000000
34606  -50.531  -7.523  38.987 0.3750000000
34442  -52.269  -6.547  39.420 0.3750000000
1802  -50.366  -7.926  41.828 0.1250000000
17642  -50.978  -7.534  40.960 0.1250000000
17643  -52.416  -6.547  41.443 0.1250000000
34444  -53.002  -6.175  40.644 0.1250000000
8042  -51.636  -7.053  40.164 0.2500000000
34443  -53.721  -5.548  39.930 0.1250000000
12  -52.971  -6.025  38.708 0.2500000000
10294  -54.460  -4.912  39.072 0.1250000000
10292  -53.587  -5.552  38.047 0.2500000000
10293  -54.979  -4.391  38.406 0.1250000000
2614  -55.185  -3.728  39.184 0.1250000000
23135  -55.481  -3.259  38.486 0.1250000000
23134  -55.401  -3.913  37.747 0.1250000000
13596  -55.009  -1.753  37.571 0.1250000000
13595  -54.978  -2.220  38.303 0.1250000000
23136  -54.940  -2.749  39.077 0.1250000000
16507  -5.648  -17.650  65.822 1.0000000000
26800  -3.040  -37.243  66.067 0.1250000000
24887  -11.649  -35.673  62.149 0.1250000000
33020  -8.526  -34.138  63.858 0.1250000000
16518  -9.193  -33.949  62.814 0.1250000000
19707  -3.161  -33.690  66.709 0.2500000000
19681  -6.694  -20.821  72.011 1.0000000000
4624  -7.205  -19.924  59.810 0.8750000000
5776  -32.038  -19.630  67.810 0.7500000000
2103  -8.101  -25.685  53.507 0.6250000000
11266  -5.905  -19.400  69.572 0.8750000000
24880  -5.679  -16.031  68.075 0.7500000000
15921  -28.393  -22.358  64.202 0.5000000000
16500  -5.368  -16.174  62.660 0.7500000000
5896  -6.749  -15.642  70.618 0.6250000000
36922  -7.767  -19.680  72.938 0.7500000000
25696  -15.899  -24.151  70.750 0.7500000000
36916  -6.299  -18.026  71.045 0.8750000000
17876  -20.683  -23.731  63.625 0.1250000000
32995  -5.876  -15.592  61.136 0.5000000000
28805  -40.994  -12.092  60.261 0.2500000000
26741  -5.042  -17.778  51.466 0.2500000000
8863  -10.114  -17.462  48.175 0.1250000000
12967  -11.833  -18.023  46.643 0.1250000000
10454  -38.723  -12.781  47.213 0.8750000000
10453  -39.658  -12.242  48.414 0.7500000000
11642  -48.898  -9.746  43.838 0.3750000000
19691  -8.237  -32.690  66.462 0.1250000000
8897  -7.823  -32.497  67.743 0.1250000000
7518  -8.702  -32.769  65.197 0.1250000000
33019  -9.230  -32.636  64.010 0.1250000000
36936  -8.647  -31.171  68.310 0.1250000000
36935  -9.149  -31.256  66.994 0.1250000000
33018  -9.641  -31.223  65.615 0.1250000000
7517  -9.802  -32.454  62.861 0.1250000000
34745  -10.550  -31.227  63.184 0.1250000000
34746  -10.314  -32.449  61.834 0.1250000000
8147  -10.939  -32.431  60.880 0.1250000000
17891  -11.569  -31.195  60.988 0.1250000000
33017  -10.120  -31.130  64.415 0.2500000000
17890  -10.986  -31.263  62.060 0.1250000000
25710  -12.895  -29.989  60.330 0.1250000000
25712  -12.912  -31.140  59.116 0.1250000000
25711  -12.185  -31.199  59.976 0.1250000000
4045  -12.515  -32.388  59.194 0.1250000000
50  -10.622  -29.877  66.333 0.2500000000
34744  -11.016  -29.962  65.003 0.1250000000
8146  -11.462  -30.014  63.763 0.1250000000
17889  -11.918  -30.031  62.562 0.1250000000
1840  -12.389  -30.031  61.395 0.1250000000
4044  -13.548  -29.919  59.320 0.1250000000
11725  -13.654  -31.083  58.318 0.1250000000
11724  -14.195  -29.835  58.454 0.1250000000
36890  -5.764  -31.746  52.510 0.1250000000
2989  -9.614  -29.832  69.025 0.2500000000
34743  -12.026  -28.658  65.890 0.1250000000
17887  -12.886  -28.747  63.341 0.1250000000
17885  -13.347  -28.716  62.096 0.1250000000
4631  -6.556  -31.526  51.653 0.1250000000
10669  -10.177  -29.847  67.703 0.2500000000
17888  -12.442  -28.733  64.609 0.1250000000
10251  -37.420  -16.394  64.680 0.2500000000
10249  -36.701  -18.572  64.978 0.7500000000
34717  -11.661  -28.592  67.157 0.3750000000
8145  -13.494  -27.355  65.660 0.2500000000
17886  -13.854  -27.285  64.387 0.1250000000
4043  -14.220  -27.375  63.055 0.1250000000
23057  -35.633  -19.854  64.944 0.6250000000
10244  -38.457  -15.599  63.736 0.3750000000
0  -36.785  -18.600  64.821 0.7500000000
8137  -12.619  -27.299  68.114 0.5000000000
34742  -13.000  -27.350  66.935 0.3750000000
5775  -33.317  -17.148  67.291 0.7500000000
13475  -35.136  -16.444  66.070 0.7500000000
13474  -35.740  -15.158  65.225 0.3750000000
23059  -37.402  -14.287  63.903 0.2500000000
13473  -36.049  -16.693  65.620 0.6250000000
2571  -36.805  -15.406  64.809 0.3750000000
23046  -38.343  -14.095  63.507 0.2500000000
23056  -34.945  -19.535  65.919 0.7500000000
23060  -37.518  -15.345  64.046 0.2500000000
2564  -38.460  -14.937  63.673 0.2500000000
10242  -39.130  -17.327  61.459 0.3750000000
34711  -13.346  -23.663  73.302 0.8750000000
8143  -18.152  -23.668  69.418 0.6250000000
17881  -18.681  -23.692  68.439 0.5000000000
34734  -19.372  -23.110  70.002 0.3750000000
28839  -33.238  -21.292  65.024 0.6250000000
5781  -34.900  -14.960  65.510 0.3750000000
28847  -36.378  -13.956  64.170 0.5000000000
25708  -14.749  -27.287  61.879 0.1250000000
13468  -33.735  -21.574  64.031 0.5000000000
28838  -34.279  -20.588  65.473 0.5000000000
13445  -39.217  -13.644  62.806 0.2500000000
2570  -34.405  -20.897  64.669 0.5000000000
23045  -39.296  -14.908  63.028 0.2500000000
34713  -14.106  -23.871  72.817 0.7500000000
34712  -14.888  -22.811  73.027 0.7500000000
17862  -15.359  -24.054  71.565 0.6250000000
34736  -17.612  -23.554  70.364 0.7500000000
34737  -16.441  -24.261  69.841 0.6250000000
17883  -16.932  -24.303  68.780 0.5000000000
17882  -17.422  -24.296  67.661 0.3750000000
34733  -19.946  -23.201  69.082 0.3750000000
28835  -32.767  -18.470  67.856 0.6250000000
8142  -19.208  -23.716  67.268 0.3750000000
28837  -32.348  -21.176  66.053 0.5000000000
650  -31.517  -21.796  65.296 0.5000000000
2563  -39.986  -14.070  62.275 0.2500000000
6527  -12.603  -22.165  73.823 0.8750000000
30589  -11.589  -22.051  73.961 0.7500000000
34710  -13.390  -22.330  73.661 0.8750000000
8135  -14.156  -22.603  73.403 0.8750000000
25693  -15.646  -21.828  72.811 0.7500000000
17860  -14.012  -21.412  73.201 0.8750000000
4035  -15.678  -23.017  72.524 0.7500000000
25694  -16.521  -22.090  72.506 0.7500000000
11715  -17.336  -22.371  72.110 0.7500000000
11716  -18.092  -22.643  71.535 0.7500000000
34735  -18.697  -22.934  70.802 0.7500000000
6528  -10.554  -21.909  74.032 0.7500000000
30588  -11.414  -20.801  73.680 0.7500000000
25695  -16.398  -23.194  71.909 0.7500000000
4036  -16.994  -23.380  71.236 0.7500000000
34732  -20.496  -23.236  68.027 0.2500000000
32258  -31.176  -19.095  68.468 0.6250000000
28834  -31.891  -18.019  68.239 0.6250000000
34731  -19.754  -23.691  66.089 0.3750000000
24528  -30.240  -22.345  64.376 0.5000000000
23043  -40.155  -14.921  61.316 0.2500000000
11714  -18.178  -21.521  72.015 0.7500000000
377  -19.027  -21.825  71.664 0.6250000000
34726  -19.800  -22.163  71.113 0.5000000000
34709  -13.211  -21.195  73.341 0.7500000000
17859  -14.632  -20.679  72.438 0.6250000000
17861  -14.863  -21.622  73.014 0.7500000000
1836  -15.496  -20.892  72.378 0.6250000000
8140  -20.562  -22.454  70.457 0.3750000000
376  -12.141  -19.896  72.820 0.6250000000
30587  -12.443  -20.984  73.451 0.6250000000
36918  -9.489  -20.226  73.584 0.6250000000
36917  -10.467  -20.502  73.685 0.6250000000
12319  -11.212  -19.565  72.944 0.5000000000
34708  -13.001  -20.176  72.667 0.5000000000
8134  -13.813  -20.417  72.552 0.6250000000
36919  -8.641  -19.926  73.347 0.6250000000
4639  -10.296  -19.245  73.004 0.3750000000
17874  -21.265  -22.621  69.663 0.3750000000
8141  -20.226  -23.690  64.836 0.1250000000
25691  -17.083  -20.508  71.578 0.5000000000
25692  -16.392  -21.078  72.293 0.6250000000
4034  -17.281  -21.261  72.185 0.6250000000
34725  -20.765  -21.285  71.195 0.5000000000
17858  -14.300  -19.988  71.484 0.6250000000
12317  -11.713  -19.012  71.735 0.3750000000
34699  -12.515  -19.387  71.612 0.3750000000
34707  -13.361  -19.709  71.494 0.5000000000
19674  -7.640  -18.275  72.513 0.5000000000
26781  -9.394  -18.894  72.941 0.5000000000
12318  -10.856  -18.557  71.999 0.3750000000
34729  -21.075  -23.184  66.899 0.3750000000
4039  -22.849  -22.729  66.708 0.3750000000
25700  -23.628  -22.241  68.536 0.3750000000
11718  -24.081  -22.310  67.625 0.3750000000
4037  -25.252  -21.788  68.399 0.5000000000
34728  -21.507  -23.251  65.709 0.3750000000
11719  -23.388  -22.829  65.610 0.3750000000
11717  -24.678  -22.399  66.592 0.3750000000
32256  -25.820  -21.926  67.559 0.5000000000
1457  -28.611  -20.790  68.413 0.5000000000
24526  -29.591  -19.787  68.882 0.3750000000
17855  -16.135  -20.340  71.557 0.6250000000
11713  -18.010  -20.572  71.624 0.5000000000
11712  -18.978  -20.667  71.596 0.6250000000
17857  -15.199  -20.189  71.503 0.6250000000
19672  -8.444  -17.240  72.263 0.5000000000
19670  -9.276  -17.627  72.311 0.3750000000
26780  -10.048  -18.076  72.185 0.3750000000
19673  -7.540  -16.958  71.909 0.5000000000
34727  -22.045  -23.251  64.580 0.3750000000
15876  -35.672  -16.825  53.716 0.6250000000
34706  -13.703  -19.455  70.193 0.3750000000
8131  -12.792  -19.085  70.259 0.3750000000
26779  -10.631  -17.546  71.082 0.3750000000
36915  -6.783  -16.857  71.295 0.5000000000
34698  -11.985  -18.660  70.451 0.3750000000
4637  -11.333  -18.176  70.735 0.3750000000
8889  -8.344  -16.000  71.583 0.5000000000
19671  -9.164  -16.410  71.585 0.3750000000
24506  -35.977  -14.688  53.317 0.7500000000
15882  -35.081  -15.518  51.881 0.5000000000
36914  -7.514  -15.712  71.302 0.5000000000
7221  -34.968  -14.959  50.804 0.6250000000
853  -35.211  -14.252  48.127 0.5000000000
23422  -35.525  -14.039  46.967 0.3750000000
2774  -36.021  -13.819  45.667 0.2500000000
23423  -36.970  -13.291  47.008 0.5000000000
23424  -37.638  -13.245  45.914 0.7500000000
23425  -38.408  -13.284  44.897 0.6250000000
855  -37.435  -13.736  43.526 0.6250000000
14077  -35.157  -14.471  44.349 0.2500000000
14076  -36.652  -13.749  44.636 0.2500000000
14082  -38.237  -13.744  42.621 0.2500000000
29702  -41.372  -13.659  41.615 0.6250000000
856  -40.401  -14.017  40.314 0.5000000000
25635  -42.228  -13.451  40.907 0.6250000000
4003  -44.170  -12.571  41.875 0.6250000000
42  -41.290  -11.839  48.577 0.5000000000
10455  -40.377  -12.326  47.377 0.6250000000
2775  -39.519  -12.805  46.091 0.7500000000
10456  -41.254  -12.442  46.500 0.7500000000
10442  -42.063  -11.988  47.727 0.6250000000
23426  -39.259  -13.340  43.938 0.6250000000
2776  -41.122  -13.046  44.461 0.7500000000
29700  -39.979  -13.486  43.103 0.7500000000
6148  -42.481  -13.288  42.900 0.6250000000
6147  -39.003  -13.863  41.852 0.3750000000
29701  -40.679  -13.635  42.347 0.5000000000
29699  -39.666  -14.037  41.052 0.3750000000
23428  -42.183  -12.593  45.703 0.6250000000
23427  -40.326  -12.876  45.238 0.7500000000
14084  -41.841  -13.246  43.650 0.7500000000
34604  -47.131  -9.613  37.929 0.6250000000
23151  -47.683  -9.027  37.312 0.7500000000
23152  -46.752  -9.327  35.938 0.6250000000
29073  -53.855  -3.948  33.023 0.5000000000
3553  -54.386  -3.333  32.314 0.6250000000
11192  -57.298  -0.890  32.769 0.3750000000
11234  -54.827  -2.849  31.507 0.6250000000
11235  -56.324  -2.033  32.169 0.5000000000
11236  -56.677  -1.586  31.300 0.3750000000
3512  -57.569  -0.388  31.896 0.3750000000
24754  -57.807  1.018  32.162 0.1250000000
24753  -57.948  1.520  31.177 0.1250000000
24832  -56.882  -1.263  30.323 0.3750000000
24752  -57.711  0.050  30.938 0.2500000000
29060  -45.708  -9.376  34.640 0.3750000000
2624  -47.432  -8.688  35.172 0.3750000000
13634  -52.754  -5.136  34.249 0.5000000000
29071  -51.558  -5.365  32.793 0.3750000000
11233  -55.964  -2.475  33.036 0.6250000000
19692  -7.518  -34.167  66.161 0.2500000000
26760  -7.451  -26.598  52.358 0.5000000000
32259  -30.486  -20.248  68.256 0.5000000000
34602  -45.862  -10.671  39.030 0.5000000000
34748  -11.662  -32.438  59.983 0.1250000000
11726  -14.495  -30.985  57.568 0.1250000000
25709  -13.826  -28.690  60.972 0.1250000000
23058  -34.914  -21.106  63.381 0.5000000000
28848  -35.222  -13.774  64.311 0.3750000000
2108  -8.508  -18.529  72.805 0.6250000000
1838  -21.802  -22.681  68.787 0.3750000000
25701  -22.288  -22.683  67.791 0.3750000000
15915  -26.931  -21.313  68.402 0.5000000000
15916  -27.649  -21.560  67.680 0.5000000000
17856  -15.745  -19.851  70.392 0.6250000000
4033  -16.762  -19.914  70.566 0.6250000000
8133  -14.683  -19.706  70.238 0.5000000000
1450  -35.312  -16.123  52.850 0.5000000000
11194  -57.367  -0.138  33.894 0.1250000000
212  -56.964  -1.452  33.549 0.1250000000
3385  -28.503  -17.671  69.176 0.2500000000
32251  -26.246  -18.235  69.585 0.2500000000
7235  -26.675  -17.236  68.896 0.2500000000
32250  -25.781  -17.279  68.619 0.2500000000
3386  -30.283  -18.645  68.854 0.2500000000
24525  -29.320  -18.114  69.158 0.2500000000
11066  -30.900  -17.547  68.427 0.3750000000
8138  -23.921  -18.698  69.878 0.3750000000
17867  -25.371  -18.051  69.422 0.2500000000
32252  -27.554  -17.361  69.061 0.1250000000
24524  -28.864  -16.721  68.399 0.2500000000
7234  -24.843  -17.331  68.283 0.2500000000
24523  -27.881  -16.525  68.142 0.1250000000
15910  -26.062  -16.565  67.539 0.2500000000
15909  -26.223  -16.076  66.355 0.2500000000
1455  -27.211  -15.841  66.721 0.2500000000
32249  -25.188  -16.753  67.201 0.2500000000
15951  -25.895  -15.727  64.743 0.2500000000
32301  -24.928  -16.047  64.400 0.2500000000
2793  -24.487  -15.811  62.856 0.2500000000
11065  -29.909  -17.094  68.535 0.2500000000
17868  -24.367  -18.036  69.191 0.2500000000
34719  -23.436  -18.051  68.909 0.2500000000
34718  -23.851  -17.539  67.944 0.2500000000
24522  -28.175  -15.897  67.069 0.3750000000
15950  -26.834  -15.565  65.108 0.2500000000
15948  -27.911  -15.412  65.556 0.2500000000
32248  -24.208  -17.085  66.799 0.2500000000
32247  -24.567  -16.540  65.563 0.2500000000
7251  -26.412  -15.193  63.532 0.2500000000
49  -23.574  -16.926  65.218 0.2500000000
10473  -24.084  -16.364  64.067 0.2500000000
32300  -25.451  -15.436  63.225 0.2500000000
32299  -25.965  -14.910  61.997 0.2500000000
13467  -34.010  -21.702  62.832 0.2500000000
10474  -23.478  -16.163  62.515 0.2500000000
23459  -24.972  -15.168  61.730 0.2500000000
13469  -33.105  -22.246  62.181 0.2500000000
23461  -23.923  -15.533  61.384 0.2500000000
866  -21.848  -18.649  69.512 0.2500000000
3384  -29.205  -15.922  67.420 0.3750000000
11064  -30.289  -16.279  67.600 0.3750000000
34720  -22.926  -18.647  69.716 0.2500000000
24546  -29.010  -15.363  65.915 0.3750000000
23446  -22.340  -18.163  68.590 0.2500000000
15949  -27.556  -15.054  63.909 0.2500000000
2786  -22.840  -17.741  67.569 0.2500000000
10466  -23.293  -17.380  66.456 0.2500000000
10464  -22.561  -17.250  64.910 0.2500000000
10475  -23.134  -16.764  63.732 0.2500000000
23462  -22.885  -15.850  61.066 0.2500000000
23460  -24.265  -14.962  60.317 0.1250000000
873  -25.232  -14.737  60.577 0.1250000000
2794  -23.244  -15.211  60.026 0.1250000000
4628  -7.343  -27.366  51.176 0.1250000000
29746  -19.833  -20.921  71.490 0.5000000000
34724  -21.576  -20.299  70.916 0.5000000000
169  -31.325  -16.433  67.684 0.3750000000
28833  -32.343  -16.817  67.538 0.3750000000
14116  -21.242  -19.305  70.304 0.3750000000
11076  -30.217  -15.239  66.255 0.3750000000
3396  -28.666  -14.807  64.344 0.2500000000
23445  -21.810  -17.937  67.199 0.2500000000
10465  -22.182  -17.638  66.093 0.2500000000
10476  -22.105  -17.044  63.391 0.2500000000
2795  -22.532  -16.539  62.193 0.2500000000
23463  -21.817  -16.113  60.742 0.1250000000
14141  -22.244  -15.412  59.728 0.1250000000
36875  -7.820  -26.375  51.379 0.1250000000
29745  -19.696  -19.936  70.951 0.3750000000
6166  -20.604  -20.077  70.990 0.3750000000
11075  -31.132  -15.206  66.466 0.3750000000
14114  -20.760  -18.758  69.289 0.2500000000
32297  -28.087  -14.569  62.711 0.2500000000
23444  -21.179  -17.840  65.790 0.2500000000
32298  -26.936  -14.772  62.305 0.2500000000
23051  -34.466  -21.725  61.569 0.2500000000
23466  -21.039  -17.201  63.156 0.1250000000
2784  -21.473  -17.448  64.580 0.2500000000
32296  -26.340  -14.596  60.892 0.1250000000
23465  -21.568  -16.784  61.914 0.1250000000
23464  -20.781  -16.197  60.490 0.1250000000
29782  -23.488  -14.695  58.990 0.1250000000
14140  -24.515  -14.582  59.138 0.1250000000
875  -21.160  -15.521  59.575 0.1250000000
14142  -22.519  -14.835  58.844 0.1250000000
14143  -21.447  -14.748  58.662 0.1250000000
14145  -20.452  -14.600  58.584 0.1250000000
6182  -21.793  -14.187  57.776 0.1250000000
29783  -22.779  -14.334  57.815 0.1250000000
19639  -8.022  -25.424  52.502 0.2500000000
6165  -19.819  -18.905  69.050 0.2500000000
3395  -30.777  -14.390  65.056 0.3750000000
14113  -20.233  -18.505  68.004 0.2500000000
24545  -29.826  -14.547  64.775 0.3750000000
23443  -20.081  -17.902  65.483 0.2500000000
2785  -20.731  -18.143  66.922 0.2500000000
24544  -29.142  -14.252  63.163 0.2500000000
10250  -35.332  -20.483  64.267 0.3750000000
23442  -20.352  -17.593  64.265 0.1250000000
2567  -35.197  -21.287  61.952 0.5000000000
2565  -37.059  -21.061  59.043 0.5000000000
2796  -20.355  -16.775  61.662 0.1250000000
7250  -27.376  -14.385  61.179 0.1250000000
23047  -36.749  -21.639  57.961 0.5000000000
23049  -37.733  -20.126  58.913 0.5000000000
10246  -38.117  -19.131  59.769 0.6250000000
14138  -25.590  -14.440  59.370 0.1250000000
14147  -20.179  -15.365  59.374 0.1250000000
23048  -37.327  -20.843  57.559 0.6250000000
28818  -37.762  -20.038  57.386 0.6250000000
14144  -20.755  -13.911  57.806 0.1250000000
29784  -22.037  -13.731  56.735 0.1250000000
13452  -37.026  -21.728  55.909 0.6250000000
29785  -21.184  -13.387  56.948 0.1250000000
25690  -17.800  -19.949  70.679 0.3750000000
4032  -18.720  -19.931  70.846 0.3750000000
25688  -18.294  -19.472  69.731 0.3750000000
29744  -19.223  -19.393  69.969 0.3750000000
11073  -32.164  -15.417  66.592 0.3750000000
29740  -18.134  -18.788  67.291 0.3750000000
29742  -19.213  -18.666  67.683 0.3750000000
29741  -19.602  -18.300  66.614 0.2500000000
10247  -35.701  -20.934  62.177 0.5000000000
24543  -30.144  -13.946  63.571 0.3750000000
10248  -35.804  -21.425  60.159 0.3750000000
10245  -37.139  -20.714  59.668 0.5000000000
864  -19.212  -17.576  63.987 0.1250000000
14148  -19.844  -17.220  62.912 0.1250000000
15947  -28.382  -14.074  61.459 0.1250000000
29792  -19.725  -16.047  60.373 0.1250000000
2566  -38.034  -19.257  58.428 0.5000000000
29781  -22.995  -13.951  56.563 0.1250000000
6181  -23.757  -14.376  57.800 0.1250000000
13451  -36.713  -22.372  54.626 0.1250000000
874  -22.268  -13.148  55.467 0.1250000000
5769  -37.330  -20.950  55.677 0.1250000000
13476  -34.119  -16.009  66.406 0.3750000000
28850  -33.742  -14.576  65.610 0.3750000000
28851  -33.186  -15.719  66.587 0.3750000000
29743  -18.767  -19.063  68.729 0.3750000000
11074  -31.804  -14.407  65.376 0.2500000000
6164  -18.526  -18.397  66.268 0.3750000000
14150  -18.700  -17.107  62.734 0.1250000000
6186  -18.129  -16.281  61.508 0.1250000000
14149  -19.267  -16.670  61.549 0.1250000000
29780  -23.980  -14.078  56.407 0.1250000000
28819  -37.790  -19.252  56.821 0.5000000000
28817  -37.302  -20.142  55.260 0.1250000000
28816  -36.867  -21.615  54.159 0.1250000000
25689  -17.279  -19.524  69.492 0.3750000000
17852  -17.059  -18.849  66.937 0.2500000000
24541  -32.149  -13.638  64.307 0.2500000000
29738  -16.553  -17.887  64.475 0.2500000000
29739  -17.394  -18.468  65.878 0.2500000000
14109  -18.046  -17.488  63.678 0.1250000000
15873  -36.850  -20.818  53.897 0.1250000000
8132  -15.523  -19.178  67.766 0.3750000000
17854  -16.646  -19.214  68.072 0.2500000000
24502  -36.784  -18.477  54.876 0.3750000000
646  -37.151  -19.286  55.179 0.3750000000
15875  -36.569  -20.074  53.611 0.2500000000
28849  -34.272  -13.648  64.553 0.2500000000
24539  -33.218  -13.700  64.399 0.2500000000
15877  -35.545  -18.366  52.783 0.3750000000
3374  -36.241  -17.686  54.363 0.3750000000
32205  -36.078  -19.205  53.207 0.3750000000
13472  -36.795  -12.797  63.283 0.2500000000
19624  -5.865  -16.063  58.929 0.2500000000
15878  -35.041  -17.636  52.255 0.3750000000
28846  -34.571  -12.655  63.162 0.2500000000
36855  -6.593  -15.195  57.110 0.2500000000
5780  -35.904  -12.829  63.504 0.2500000000
10444  -42.698  -11.440  49.171 0.5000000000
10443  -43.548  -11.534  48.439 0.5000000000
25637  -43.123  -12.898  40.534 0.5000000000
25638  -43.894  -12.281  40.240 0.5000000000
25639  -44.551  -11.676  39.913 0.5000000000
703  -46.000  -10.000  36.663 0.5000000000
4005  -45.706  -11.251  41.319 0.6250000000
25640  -45.215  -11.104  39.485 0.6250000000
2623  -49.327  -8.076  37.762 0.2500000000
10304  -50.079  -7.489  36.965 0.5000000000
23153  -48.448  -8.413  36.491 0.3750000000
23154  -49.136  -7.863  35.659 0.3750000000
2762  -42.998  -12.066  47.038 0.5000000000
14083  -42.934  -12.781  45.009 0.5000000000
2625  -50.914  -6.867  36.180 0.3750000000
13626  -48.126  -7.978  34.286 0.5000000000
10303  -51.133  -7.052  38.263 0.2500000000
10305  -51.813  -6.482  37.415 0.2500000000
10306  -52.465  -5.982  36.772 0.2500000000
23155  -49.836  -7.181  34.775 0.2500000000
23157  -51.512  -6.282  35.544 0.2500000000
23158  -53.111  -5.463  36.131 0.2500000000
23156  -50.417  -6.547  34.097 0.2500000000
2612  -54.214  -5.047  37.384 0.2500000000
2626  -52.107  -5.729  34.887 0.3750000000
29070  -50.995  -5.951  33.417 0.3750000000
23132  -54.744  -4.532  36.724 0.3750000000
13633  -53.855  -4.844  35.560 0.2500000000
5877  -49.878  -6.159  31.935 0.2500000000
13635  -54.447  -4.263  34.972 0.3750000000
13592  -55.813  -3.342  35.586 0.3750000000
13636  -54.891  -3.707  34.388 0.5000000000
5878  -53.308  -4.538  33.656 0.3750000000
29072  -52.074  -4.791  32.143 0.3750000000
29074  -55.491  -3.096  33.727 0.5000000000
24825  -52.603  -4.189  31.426 0.3750000000
24827  -53.060  -3.699  30.606 0.5000000000
3555  -55.182  -2.531  30.609 0.5000000000
24828  -53.476  -3.360  29.748 0.3750000000
24831  -55.470  -2.257  29.622 0.3750000000
1558  -52.527  -4.113  26.803 0.3750000000
24830  -54.083  -3.088  27.687 0.3750000000
24829  -53.779  -3.183  28.750 0.5000000000
3556  -55.739  -2.010  28.542 0.6250000000
16422  -52.902  -3.995  25.777 0.2500000000
32898  -54.397  -2.877  26.719 0.3750000000
16421  -51.974  -4.891  23.926 0.1250000000
7473  -53.300  -3.780  24.936 0.3750000000
32897  -53.695  -3.502  24.169 0.2500000000
2954  -54.897  -2.892  21.696 0.1250000000
23749  -56.416  -1.743  21.703 0.1250000000
23750  -56.706  -1.689  20.924 0.2500000000
14616  -55.274  -2.851  20.878 0.1250000000
1035  -55.627  -2.811  20.090 0.1250000000
32899  -54.731  -2.596  25.895 0.3750000000
32900  -55.081  -2.380  25.053 0.3750000000
23745  -55.423  -2.190  24.180 0.1250000000
1033  -54.097  -3.257  23.389 0.2500000000
23747  -55.771  -2.010  23.299 0.1250000000
23748  -56.105  -1.834  22.470 0.2500000000
30456  -56.939  -1.698  20.013 0.2500000000
23751  -57.577  -0.700  22.435 0.2500000000
34471  -43.319  -10.853  50.477 0.5000000000
15911  -26.954  -16.466  67.869 0.1250000000
7233  -25.406  -16.250  65.995 0.2500000000
14112  -21.343  -18.307  68.315 0.2500000000
14115  -20.295  -19.325  70.170 0.3750000000
24542  -31.195  -13.721  63.920 0.3750000000
14111  -18.848  -18.009  65.147 0.2500000000
3393  -32.846  -14.478  65.620 0.2500000000
865  -17.762  -19.172  68.410 0.3750000000
14110  -17.692  -18.014  64.791 0.1250000000
29793  -18.658  -15.661  60.373 0.1250000000
34703  -16.241  -19.546  69.203 0.5000000000
692  -55.308  -3.946  36.164 0.3750000000
32896  -52.477  -4.681  23.149 0.2500000000
23746  -54.532  -3.083  22.480 0.1250000000
14622  -55.941  -2.867  19.264 0.1250000000
17873  -21.557  -21.647  70.727 0.3750000000
17872  -22.353  -21.899  70.122 0.3750000000
17870  -22.915  -22.105  69.419 0.2500000000
28808  -40.275  -12.363  61.698 0.1250000000
13446  -39.605  -12.922  62.412 0.1250000000
4638  -9.852  -16.953  71.437 0.2500000000
4038  -24.002  -21.325  69.838 0.2500000000
34704  -15.159  -19.464  68.983 0.2500000000
34705  -14.041  -19.244  68.840 0.2500000000
36913  -8.346  -14.852  70.983 0.3750000000
34702  -14.479  -18.956  67.528 0.2500000000
36912  -9.176  -15.260  70.969 0.2500000000
17850  -12.250  -18.315  69.057 0.2500000000
17851  -13.058  -18.848  68.858 0.2500000000
1835  -13.458  -18.502  67.486 0.2500000000
34701  -14.797  -18.593  66.342 0.2500000000
28807  -40.507  -13.547  61.628 0.1250000000
36911  -9.849  -15.769  70.711 0.2500000000
34697  -11.622  -17.747  69.409 0.2500000000
25687  -13.850  -18.092  66.266 0.2500000000
26778  -10.526  -16.415  70.316 0.2500000000
26777  -11.105  -17.112  69.828 0.2500000000
17849  -12.643  -17.890  67.691 0.2500000000
17847  -13.062  -17.401  66.509 0.2500000000
1834  -11.116  -15.892  69.163 0.2500000000
34696  -11.560  -16.536  68.639 0.2500000000
8130  -12.043  -17.235  68.166 0.2500000000
17871  -23.304  -21.016  70.392 0.2500000000
13662  -8.547  -12.708  69.803 0.2500000000
25699  -24.689  -21.554  69.186 0.2500000000
716  -8.342  -13.763  70.403 0.3750000000
36910  -9.172  -14.152  70.474 0.2500000000
13664  -7.724  -13.587  69.970 0.3750000000
13666  -7.515  -14.622  70.592 0.3750000000
17853  -15.982  -18.838  66.580 0.1250000000
8888  -9.890  -14.652  70.219 0.2500000000
34700  -15.176  -18.088  65.279 0.1250000000
28809  -39.819  -10.960  61.200 0.1250000000
19669  -10.544  -15.225  69.759 0.2500000000
5765  -39.278  -11.709  62.007 0.1250000000
4031  -14.232  -17.525  65.221 0.2500000000
13447  -38.610  -12.372  62.593 0.1250000000
34695  -12.044  -15.934  67.463 0.2500000000
17848  -12.532  -16.714  66.905 0.2500000000
25686  -13.482  -16.873  65.465 0.2500000000
23176  -9.259  -13.020  69.947 0.2500000000
25698  -24.988  -20.327  70.138 0.2500000000
32255  -26.294  -21.062  69.084 0.3750000000
28806  -40.748  -11.678  60.937 0.1250000000
36909  -10.042  -13.514  69.758 0.2500000000
11711  -14.560  -16.958  64.303 0.1250000000
19667  -11.176  -14.706  68.653 0.2500000000
34693  -11.619  -15.312  68.065 0.2500000000
4030  -12.964  -16.075  65.902 0.2500000000
11710  -13.847  -16.200  64.565 0.2500000000
8139  -22.507  -20.614  70.717 0.3750000000
23175  -9.552  -11.963  69.502 0.1250000000
23174  -9.826  -10.838  69.288 0.1250000000
10315  -10.469  -11.274  69.243 0.1250000000
34721  -24.205  -19.911  70.376 0.2500000000
2636  -10.191  -12.389  69.367 0.1250000000
25697  -25.630  -20.728  69.676 0.2500000000
13663  -8.029  -12.578  69.342 0.3750000000
7236  -27.208  -20.121  69.561 0.3750000000
19668  -10.642  -14.112  69.263 0.2500000000
6163  -16.268  -18.376  65.496 0.1250000000
15914  -27.874  -20.466  69.046 0.3750000000
29737  -15.493  -17.589  64.259 0.1250000000
15922  -27.188  -22.519  63.091 0.2500000000
13448  -37.866  -11.315  61.767 0.1250000000
34694  -12.538  -15.343  66.517 0.2500000000
1458  -26.385  -22.924  60.935 0.2500000000
5766  -36.520  -11.265  61.029 0.1250000000
15920  -27.747  -22.663  62.176 0.2500000000
3388  -28.944  -22.584  63.282 0.3750000000
13471  -36.167  -11.922  62.181 0.1250000000
24530  -28.213  -22.853  61.140 0.2500000000
24527  -30.807  -22.442  63.417 0.3750000000
28840  -32.090  -21.889  64.424 0.3750000000
28845  -35.130  -12.231  62.004 0.1250000000
5779  -34.439  -11.906  60.398 0.1250000000
15938  -34.123  -12.410  61.764 0.1250000000
15939  -33.481  -12.356  60.007 0.1250000000
32285  -33.584  -12.093  58.597 0.1250000000
32287  -31.621  -13.027  57.540 0.1250000000
7247  -32.332  -12.790  59.418 0.1250000000
32286  -32.568  -12.548  57.994 0.1250000000
24538  -31.669  -12.741  56.023 0.1250000000
2635  -8.920  -11.655  69.280 0.2500000000
36908  -10.844  -12.963  68.959 0.1250000000
29111  -8.485  -11.523  68.758 0.3750000000
8128  -11.343  -13.585  68.320 0.2500000000
32253  -27.075  -18.534  69.650 0.3750000000
32254  -26.422  -19.696  69.964 0.3750000000
29112  -7.605  -12.563  68.666 0.3750000000
15913  -27.959  -18.888  69.584 0.2500000000
643  -40.264  -10.292  60.577 0.1250000000
15850  -40.959  -10.945  60.283 0.1250000000
34692  -11.702  -14.110  67.716 0.2500000000
15912  -28.764  -19.354  69.270 0.1250000000
24487  -39.128  -10.014  60.560 0.1250000000
8129  -12.113  -14.688  67.046 0.2500000000
29736  -15.830  -16.906  63.364 0.1250000000
3365  -37.761  -10.226  59.929 0.1250000000
25685  -13.319  -15.380  65.064 0.1250000000
11709  -14.294  -15.520  63.635 0.1250000000
375  -14.951  -16.372  63.389 0.1250000000
28844  -35.581  -11.482  61.088 0.1250000000
24540  -32.616  -13.061  62.822 0.1250000000
28843  -34.663  -11.462  59.146 0.1250000000
32288  -31.974  -12.894  61.028 0.1250000000
3392  -32.603  -12.183  56.689 0.1250000000
11072  -33.699  -11.643  57.089 0.1250000000
651  -33.695  -12.892  63.150 0.1250000000
24537  -31.674  -12.380  54.635 0.1250000000
23196  -11.107  -8.949  69.217 0.1250000000
10326  -11.686  -9.375  69.270 0.1250000000
10325  -12.179  -9.840  68.828 0.1250000000
10323  -12.568  -10.318  67.836 0.1250000000
34851  -12.868  -10.700  66.932 0.1250000000
10314  -11.289  -10.570  68.993 0.1250000000
23173  -9.291  -10.545  68.883 0.1250000000
23172  -10.184  -9.735  69.083 0.1250000000
10316  -10.988  -11.800  68.760 0.1250000000
19  -11.723  -11.072  68.315 0.1250000000
13661  -8.939  -10.451  68.132 0.1250000000
34690  -11.468  -12.362  68.107 0.1250000000
34689  -12.077  -11.520  67.523 0.1250000000
34691  -11.827  -12.870  67.491 0.1250000000
8127  -12.339  -12.023  66.714 0.1250000000
17976  -13.067  -11.126  65.973 0.1250000000
5894  -8.167  -11.528  67.988 0.2500000000
17845  -12.152  -13.401  66.811 0.2500000000
17844  -12.612  -12.562  65.928 0.1250000000
1833  -12.970  -13.226  65.213 0.1250000000
24488  -39.591  -9.318  59.868 0.1250000000
15851  -41.364  -10.351  59.502 0.1250000000
17846  -12.497  -13.992  66.150 0.2500000000
6162  -16.845  -17.340  63.450 0.1250000000
24489  -38.306  -9.485  59.303 0.1250000000
25684  -12.885  -14.605  65.579 0.1250000000
25683  -13.307  -13.835  64.641 0.1250000000
4029  -13.772  -14.626  64.112 0.1250000000
11046  -36.714  -9.920  58.519 0.1250000000
28811  -37.151  -10.722  60.693 0.1250000000
11045  -36.184  -10.513  59.121 0.1250000000
11047  -35.188  -10.553  57.232 0.1250000000
164  -34.841  -11.111  57.942 0.1250000000
3394  -31.690  -13.270  62.628 0.1250000000
11049  -33.825  -11.231  55.861 0.1250000000
28812  -35.643  -11.002  59.679 0.1250000000
32289  -31.426  -13.034  59.140 0.1250000000
24536  -31.933  -11.825  53.417 0.1250000000
11071  -32.784  -11.762  55.379 0.1250000000
1460  -30.625  -13.247  55.429 0.1250000000
23195  -12.128  -8.153  69.315 0.1250000000
10324  -13.168  -9.112  68.407 0.1250000000
2643  -13.427  -9.526  67.377 0.1250000000
13698  -10.602  -8.599  68.713 0.1250000000
34722  -23.257  -19.629  70.410 0.3750000000
714  -9.716  -9.531  68.450 0.1250000000
13660  -8.724  -10.495  67.365 0.1250000000
1456  -25.717  -19.210  70.098 0.3750000000
29109  -7.976  -11.635  67.153 0.1250000000
15852  -40.727  -9.667  59.866 0.1250000000
7207  -41.172  -9.226  59.082 0.1250000000
16503  -6.970  -13.028  66.023 0.3750000000
32176  -40.135  -8.780  59.091 0.1250000000
32174  -41.725  -9.815  58.625 0.1250000000
3364  -41.505  -10.599  57.650 0.2500000000
24490  -37.324  -9.364  57.780 0.1250000000
3366  -38.761  -8.815  58.595 0.1250000000
15941  -30.605  -13.439  62.229 0.1250000000
11048  -34.321  -10.715  55.300 0.1250000000
15942  -30.884  -13.178  60.632 0.1250000000
15933  -30.761  -12.824  54.277 0.1250000000
2645  -12.658  -8.669  69.188 0.1250000000
2646  -11.567  -7.763  68.950 0.1250000000
34850  -13.659  -9.851  66.348 0.1250000000
13659  -9.463  -9.477  67.599 0.1250000000
17975  -13.300  -11.705  65.052 0.1250000000
17869  -24.836  -18.878  70.059 0.3750000000
5892  -9.320  -9.498  66.750 0.1250000000
29108  -8.621  -10.641  66.537 0.1250000000
11261  -8.630  -10.970  64.716 0.2500000000
17973  -13.549  -12.371  64.309 0.1250000000
5893  -7.857  -11.847  66.286 0.1250000000
32999  -7.785  -12.061  65.365 0.2500000000
11260  -8.680  -11.255  63.777 0.2500000000
32175  -41.680  -8.795  58.134 0.1250000000
24486  -41.982  -9.477  57.534 0.2500000000
24485  -41.587  -10.306  56.541 0.2500000000
3367  -35.720  -10.004  56.566 0.1250000000
15943  -29.835  -13.477  60.261 0.1250000000
32291  -29.442  -13.630  56.717 0.1250000000
3369  -33.029  -11.274  53.971 0.1250000000
7248  -30.288  -13.353  58.745 0.1250000000
32290  -30.499  -13.400  57.004 0.1250000000
15937  -29.656  -13.564  55.098 0.1250000000
15935  -29.689  -13.220  53.544 0.1250000000
3391  -30.862  -12.343  52.843 0.1250000000
15934  -29.830  -12.782  52.274 0.1250000000
3581  -7.848  -12.273  64.387 0.2500000000
24875  -8.721  -11.497  62.894 0.2500000000
24874  -8.729  -11.706  62.022 0.2500000000
1572  -9.487  -10.391  61.343 0.1250000000
3580  -7.809  -12.739  62.599 0.2500000000
16496  -8.728  -12.063  61.087 0.1250000000
16494  -9.471  -10.620  60.444 0.1250000000
16498  -6.829  -13.954  62.390 0.2500000000
15845  -42.215  -9.360  56.499 0.2500000000
3363  -41.765  -10.261  55.338 0.2500000000
16495  -8.766  -12.268  60.135 0.1250000000
7506  -9.464  -10.765  59.531 0.1250000000
32993  -7.772  -13.082  61.662 0.1250000000
32994  -6.755  -14.303  61.524 0.2500000000
7508  -7.761  -13.446  60.794 0.2500000000
32990  -8.785  -12.477  59.136 0.1250000000
15847  -42.473  -8.455  56.067 0.1250000000
8096  -41.404  -12.675  36.394 0.1250000000
34599  -41.971  -12.097  35.923 0.1250000000
6125  -48.077  -9.168  49.259 0.1250000000
25636  -41.203  -13.784  39.719 0.3750000000
4004  -42.028  -13.296  39.336 0.2500000000
1822  -43.484  -12.148  38.683 0.3750000000
17766  -42.818  -12.705  39.066 0.2500000000
17772  -44.099  -11.625  38.285 0.3750000000
34593  -40.225  -14.073  38.603 0.2500000000
17767  -41.061  -13.587  38.192 0.2500000000
17770  -42.376  -12.456  37.530 0.2500000000
8097  -44.788  -11.100  37.773 0.5000000000
34601  -45.432  -10.595  37.243 0.2500000000
13625  -45.033  -10.052  35.369 0.2500000000
17768  -41.741  -13.010  37.832 0.2500000000
13628  -47.022  -8.033  32.871 0.2500000000
17771  -43.025  -11.895  37.102 0.1250000000
34600  -43.671  -11.350  36.584 0.1250000000
13623  -44.337  -10.737  36.059 0.2500000000
13630  -47.735  -7.347  31.922 0.2500000000
5871  -42.560  -11.471  35.433 0.2500000000
13624  -43.311  -10.711  34.820 0.1250000000
13627  -46.419  -8.687  33.809 0.2500000000
29646  -49.155  -9.536  48.286 0.1250000000
13632  -49.331  -6.746  32.630 0.2500000000
13631  -48.247  -6.844  31.111 0.1250000000
29650  -48.688  -7.973  48.855 0.1250000000
29649  -49.001  -8.762  48.849 0.1250000000
29645  -48.898  -10.147  47.305 0.2500000000
705  -48.789  -7.274  33.390 0.2500000000
29069  -50.345  -5.613  31.264 0.2500000000
706  -50.861  -5.071  30.524 0.2500000000
24826  -51.357  -4.583  29.663 0.3750000000
6123  -49.727  -9.602  46.902 0.2500000000
29643  -49.015  -10.054  45.598 0.2500000000
17651  -50.686  -8.380  47.585 0.1250000000
11644  -49.786  -9.455  45.169 0.2500000000
34453  -50.413  -9.050  46.505 0.2500000000
11643  -50.344  -8.771  44.736 0.2500000000
16416  -52.106  -4.211  27.733 0.3750000000
16424  -55.942  -1.731  27.618 0.2500000000
16426  -57.348  -0.380  27.464 0.2500000000
16292  -57.894  0.772  29.031 0.2500000000
7474  -56.143  -1.476  26.740 0.2500000000
7412  -58.085  1.104  27.982 0.1250000000
32732  -58.328  1.253  27.007 0.1250000000
32902  -57.556  -0.161  26.489 0.2500000000
2953  -56.744  -1.089  24.919 0.2500000000
10633  -57.840  0.034  25.517 0.2500000000
10634  -57.042  -0.899  24.054 0.2500000000
92  -58.558  1.466  26.088 0.1250000000
10635  -58.049  0.247  24.686 0.2500000000
10592  -58.734  1.703  25.174 0.1250000000
10636  -58.254  0.361  23.817 0.2500000000
2955  -57.306  -0.761  23.237 0.1250000000
6471  -56.241  -2.927  18.425 0.1250000000
2912  -58.923  1.864  24.266 0.2500000000
14624  -57.928  -0.771  20.571 0.1250000000
30457  -57.137  -1.764  19.145 0.1250000000
6472  -58.098  -0.896  19.587 0.1250000000
30459  -58.307  -0.965  18.567 0.1250000000
4543  -58.460  -1.071  17.498 0.1250000000
26607  -57.651  -2.143  17.097 0.1250000000
14625  -58.855  0.308  20.926 0.2500000000
12224  -58.538  -1.195  16.576 0.1250000000
4545  -58.493  -1.263  15.602 0.1250000000
26610  -58.049  -2.548  15.309 0.1250000000
26609  -57.864  -2.381  16.131 0.1250000000
26611  -58.162  -2.759  14.443 0.1250000000
4546  -57.906  -1.769  13.900 0.1250000000
36576  -58.222  -3.355  12.860 0.1250000000
26612  -58.204  -3.044  13.598 0.1250000000
28810  -38.473  -10.503  61.022 0.1250000000
2956  -57.765  -0.662  21.551 0.1250000000
23752  -58.544  0.475  22.993 0.1250000000
644  -38.045  -13.058  63.217 0.1250000000
13449  -37.398  -12.036  62.603 0.1250000000
24529  -29.581  -22.655  62.372 0.2500000000
15940  -33.084  -12.633  61.383 0.1250000000
2634  -10.787  -10.111  69.293 0.1250000000
13700  -10.279  -8.407  67.896 0.1250000000
29107  -8.575  -10.810  65.600 0.1250000000
1461  -29.338  -13.787  61.715 0.1250000000
24876  -7.838  -12.535  63.455 0.2500000000
24873  -9.393  -10.242  62.282 0.2500000000
32991  -7.801  -13.722  59.929 0.1250000000
5873  -44.027  -10.026  34.124 0.1250000000
30458  -57.379  -1.927  18.112 0.1250000000
14626  -58.989  0.165  19.877 0.1250000000
19394  -57.702  -2.092  13.062 0.1250000000
17879  -18.382  -24.189  65.218 0.1250000000
34730  -18.770  -24.215  63.915 0.1250000000
647  -33.445  -22.422  60.978 0.1250000000
5778  -32.597  -22.248  63.229 0.1250000000
28841  -31.314  -22.640  62.318 0.1250000000
13470  -31.716  -22.813  61.164 0.1250000000
23052  -34.251  -22.356  59.916 0.1250000000
23053  -35.210  -21.806  60.324 0.1250000000
28842  -30.565  -23.150  60.241 0.1250000000
15925  -24.530  -23.090  60.733 0.1250000000
2568  -34.926  -22.373  58.786 0.1250000000
23054  -35.895  -22.003  58.916 0.2500000000
7241  -23.807  -23.531  58.645 0.1250000000
32992  -6.787  -14.723  60.598 0.1250000000
19623  -6.782  -15.178  58.328 0.1250000000
3387  -30.031  -22.912  61.258 0.1250000000
11068  -28.757  -23.003  60.170 0.1250000000
15926  -25.018  -23.224  59.720 0.1250000000
11067  -29.371  -23.243  59.143 0.1250000000
24532  -25.606  -23.281  58.786 0.1250000000
32270  -24.413  -23.621  57.650 0.1250000000
19622  -6.789  -15.045  59.550 0.1250000000
7507  -7.859  -13.965  58.956 0.1250000000
36854  -7.802  -14.033  57.731 0.1250000000
2981  -7.465  -14.000  56.509 0.1250000000
23797  -6.173  -15.229  55.968 0.1250000000
14697  -5.686  -15.205  54.972 0.1250000000
15924  -25.825  -22.885  61.877 0.1250000000
3579  -9.303  -10.043  63.206 0.1250000000
24531  -26.939  -23.102  59.924 0.1250000000
3389  -27.512  -23.201  59.009 0.1250000000
11069  -27.959  -23.262  57.974 0.1250000000
24533  -26.159  -23.344  57.797 0.1250000000
167  -28.466  -23.455  56.917 0.1250000000
28823  -29.827  -23.380  58.045 0.1250000000
645  -36.446  -22.237  56.645 0.2500000000
32989  -8.717  -12.622  58.155 0.1250000000
23796  -6.924  -13.977  55.464 0.1250000000
10660  -8.021  -12.518  55.898 0.1250000000
14698  -5.317  -15.126  54.006 0.1250000000
30560  -5.684  -13.560  53.744 0.1250000000
30561  -5.080  -14.912  53.078 0.1250000000
11259  -9.306  -9.831  64.088 0.1250000000
7218  -36.017  -20.710  52.181 0.1250000000
15879  -34.427  -18.330  50.824 0.1250000000
15880  -34.494  -16.890  51.383 0.2500000000
15881  -34.267  -16.237  50.421 0.2500000000
32212  -34.180  -15.720  49.304 0.2500000000
32211  -33.601  -17.008  49.057 0.2500000000
14073  -34.212  -15.239  48.064 0.2500000000
6141  -33.481  -16.488  47.915 0.1250000000
5852  -56.219  -2.712  34.995 0.2500000000
29012  -56.592  -2.055  34.371 0.1250000000
5771  -31.021  -23.268  59.078 0.1250000000
34723  -22.262  -19.418  70.397 0.2500000000
26806  -4.220  -38.497  62.320 0.1250000000
4653  -4.557  -38.239  61.239 0.2500000000
1444  -42.002  -8.600  57.191 0.1250000000
3964  -50.917  -8.397  45.962 0.1250000000
23672  -59.118  1.912  23.283 0.1250000000
14623  -58.724  0.473  22.009 0.1250000000
32901  -56.456  -1.270  25.838 0.1250000000
992  -59.262  1.821  22.245 0.1250000000
36965  -4.998  -36.642  60.945 0.1250000000
16423  -57.034  -0.921  29.340 0.2500000000
13460  -35.751  -22.308  57.699 0.1250000000
13462  -35.557  -23.010  56.293 0.1250000000
13450  -36.089  -22.930  55.208 0.1250000000
7220  -33.916  -17.663  50.002 0.1250000000
14075  -34.385  -14.902  46.801 0.1250000000
6467  -53.090  -5.563  20.206 0.1250000000
30447  -53.679  -5.549  19.470 0.1250000000
14613  -52.874  -4.466  22.400 0.1250000000
14615  -53.385  -4.278  21.653 0.1250000000
30446  -53.848  -4.172  20.761 0.1250000000
6468  -54.209  -5.660  18.812 0.1250000000
14617  -54.266  -4.099  20.019 0.1250000000
14619  -54.748  -5.792  18.155 0.1250000000
14618  -54.709  -4.141  19.286 0.1250000000
29685  -33.028  -17.876  47.825 0.1250000000
19716  -4.876  -37.894  60.201 0.1250000000
36966  -5.313  -36.460  59.829 0.1250000000
36967  -5.424  -36.196  58.601 0.1250000000
14716  -5.280  -35.937  57.487 0.1250000000
14715  -5.239  -35.889  56.486 0.1250000000
30584  -5.516  -35.955  55.479 0.1250000000
30583  -5.310  -34.690  55.149 0.1250000000
26768  -6.199  -35.740  54.660 0.1250000000
1066  -5.913  -34.750  58.267 0.1250000000
26769  -6.985  -35.304  53.994 0.1250000000
14078  -35.797  -14.382  43.283 0.1250000000
14080  -36.489  -14.341  42.243 0.1250000000
14081  -37.266  -14.308  41.350 0.1250000000
29697  -36.413  -14.983  40.082 0.1250000000
29698  -37.978  -14.384  40.522 0.1250000000
17764  -37.859  -14.875  38.636 0.1250000000
6146  -37.128  -14.984  39.251 0.1250000000
17763  -38.730  -14.435  39.825 0.1250000000
17765  -39.516  -14.242  39.144 0.1250000000
34594  -39.361  -14.354  37.490 0.1250000000
23133  -55.797  -3.322  37.095 0.1250000000
13594  -56.173  -2.756  36.534 0.1250000000
3554  -51.722  -4.331  28.694 0.1250000000
16417  -50.551  -5.235  26.621 0.1250000000
16418  -51.034  -5.111  25.722 0.1250000000
16420  -51.474  -5.042  24.772 0.1250000000
1532  -57.791  0.429  29.975 0.1250000000
19653  -5.904  -33.037  52.972 0.1250000000
16425  -57.213  -0.573  28.415 0.1250000000
36968  -5.092  -37.275  57.906 0.1250000000
19654  -6.311  -34.272  53.432 0.1250000000
