#!ascii label  , from subject fsaverage6 vox2ras=TkReg 
1145
29123  -16.097  -32.778  74.197 0.4444440007
29124  -15.019  -33.305  74.648 0.4444440007
5900  -15.869  -33.770  74.187 0.4444440007
13671  -17.013  -33.461  73.626 0.5555559993
13673  -15.635  -35.036  73.574 0.4444440007
5901  -15.718  -36.573  72.549 0.3333329856
29127  -15.377  -37.254  73.217 0.3333329856
13675  -16.625  -37.265  70.825 0.4444440007
29129  -16.386  -37.945  71.653 0.3333329856
5902  -17.190  -39.268  70.851 0.3333329856
29121  -15.222  -32.623  73.949 0.5555559993
5899  -16.323  -32.170  73.531 0.4444440007
29122  -17.341  -32.472  73.744 0.5555559993
2638  -18.197  -33.185  73.204 0.5555559993
23178  -18.442  -32.333  73.339 0.4444440007
13670  -17.732  -34.243  72.375 0.4444440007
13672  -16.582  -34.641  72.875 0.4444440007
719  -17.285  -35.403  71.154 0.4444440007
23180  -18.841  -34.045  71.943 0.5555559993
13674  -16.366  -35.946  71.795 0.5555559993
29130  -17.275  -38.638  69.960 0.3333329856
13676  -17.270  -36.640  70.067 0.4444440007
23181  -18.278  -35.146  70.471 0.5555559993
2639  -19.238  -34.819  70.074 0.4444440007
5903  -17.621  -37.993  69.129 0.3333329856
23184  -19.188  -36.496  66.981 0.3333329856
13669  -17.511  -31.897  73.199 0.4444440007
717  -18.624  -31.739  72.845 0.3333329856
23177  -19.524  -32.227  72.992 0.3333329856
2637  -20.312  -32.971  72.420 0.4444440007
10318  -19.853  -33.862  71.557 0.5555559993
34659  -35.887  -30.895  66.402 0.7777780294
34660  -36.556  -31.440  66.319 0.7777780294
23183  -18.767  -35.755  68.780 0.4444440007
8117  -37.040  -30.731  66.072 0.8888890147
10320  -19.615  -35.462  68.236 0.3333329856
34770  -21.373  -33.112  71.858 0.6666669846
34630  -32.391  -31.384  67.932 0.6666669846
34631  -32.916  -32.199  67.532 0.7777780294
10319  -20.213  -34.633  69.634 0.6666669846
10317  -20.878  -33.835  71.045 0.6666669846
17797  -34.390  -31.526  67.058 0.7777780294
17  -21.134  -34.619  69.129 0.6666669846
25670  -39.395  -29.594  64.748 0.8888890147
1830  -39.112  -30.334  65.199 0.8888890147
10307  -20.510  -35.261  67.794 0.4444440007
10309  -21.212  -35.338  67.008 0.4444440007
17822  -38.732  -31.091  65.417 0.7777780294
8154  -20.734  -31.759  72.237 0.3333329856
17910  -21.680  -32.448  72.074 0.4444440007
34768  -19.675  -31.707  72.575 0.3333329856
34769  -20.578  -32.266  72.607 0.3333329856
8099  -22.292  -33.338  71.129 0.6666669846
34607  -21.794  -34.013  70.293 0.6666669846
34629  -32.353  -32.888  67.153 0.4444440007
1827  -34.789  -30.935  66.748 0.8888890147
34632  -33.369  -32.969  66.880 0.3333329856
36664  -21.998  -35.257  66.471 0.3333329856
34658  -36.220  -30.411  65.757 0.6666669846
17819  -37.352  -30.199  65.488 0.6666669846
17818  -38.418  -29.911  65.164 0.8888890147
8116  -35.244  -30.357  65.057 0.6666669846
25671  -40.085  -30.012  64.672 0.8888890147
2629  -21.072  -36.056  64.832 0.2222220004
34657  -36.442  -30.186  64.825 0.6666669846
17823  -39.150  -31.798  64.710 0.5555559993
17824  -39.707  -30.919  64.819 0.6666669846
34666  -40.620  -30.572  64.200 0.6666669846
36665  -21.844  -35.946  64.268 0.1111110002
17909  -21.822  -31.875  71.847 0.5555559993
17777  -22.692  -32.678  71.457 0.6666669846
17778  -23.317  -33.363  70.632 0.6666669846
17794  -31.396  -31.304  68.226 0.6666669846
4013  -32.725  -30.781  67.504 0.6666669846
8107  -31.914  -32.125  67.872 0.6666669846
34609  -22.799  -34.048  69.812 0.5555559993
17796  -33.355  -31.481  67.463 0.7777780294
14650  -31.638  -33.569  66.197 0.3333329856
17795  -33.727  -30.865  67.068 0.7777780294
25656  -33.947  -30.409  66.437 0.6666669846
25672  -40.290  -29.230  64.209 0.8888890147
4023  -40.955  -29.618  64.058 0.8888890147
19466  -22.858  -35.221  65.924 0.3333329856
14652  -31.756  -34.245  64.493 0.3333329856
1045  -32.704  -33.621  66.098 0.3333329856
34655  -34.066  -30.285  65.252 0.6666669846
4021  -37.613  -29.843  64.625 0.6666669846
17825  -41.854  -29.117  63.468 0.8888890147
8806  -22.679  -35.800  63.802 0.2222220004
36666  -21.828  -36.626  62.342 0.2222220004
17779  -23.682  -32.608  70.989 0.6666669846
34612  -24.561  -32.365  70.537 0.6666669846
17781  -25.458  -32.134  70.065 0.6666669846
1823  -22.865  -32.046  71.295 0.4444440007
17793  -30.926  -32.066  68.104 0.6666669846
8101  -24.242  -33.281  70.121 0.5555559993
34613  -25.156  -32.988  69.706 0.6666669846
25653  -31.737  -30.655  67.896 0.5555559993
34610  -23.682  -34.065  69.309 0.5555559993
19465  -23.866  -34.513  67.599 0.4444440007
34628  -31.362  -32.820  67.364 0.4444440007
8100  -22.969  -34.642  68.096 0.3333329856
30495  -29.612  -33.902  64.295 0.3333329856
25673  -41.186  -28.714  63.665 0.8888890147
19467  -23.691  -35.017  65.335 0.2222220004
14651  -30.715  -34.081  64.507 0.3333329856
4022  -39.563  -29.057  63.933 0.7777780294
6489  -30.638  -34.578  62.478 0.3333329856
17817  -35.369  -30.422  63.784 0.5555559993
25667  -36.619  -30.144  63.611 0.5555559993
17827  -42.408  -29.665  62.810 0.6666669846
36668  -22.627  -36.372  61.676 0.2222220004
30498  -31.679  -34.714  62.618 0.3333329856
30499  -30.464  -34.963  60.441 0.3333329856
17791  -29.345  -31.329  68.712 0.6666669846
17792  -30.364  -31.260  68.481 0.6666669846
8106  -29.865  -32.021  68.349 0.7777780294
34611  -24.584  -33.829  68.864 0.4444440007
34614  -25.490  -33.562  68.324 0.4444440007
34626  -29.293  -32.709  67.595 0.4444440007
34627  -30.387  -32.792  67.603 0.4444440007
26656  -25.592  -33.952  66.563 0.4444440007
30493  -29.563  -33.307  66.256 0.4444440007
1824  -24.730  -34.298  67.022 0.2222220004
11703  -40.424  -28.555  63.477 0.8888890147
26657  -24.524  -34.767  64.858 0.2222220004
30494  -28.476  -33.784  64.181 0.3333329856
25674  -41.992  -28.075  63.189 0.8888890147
36667  -23.522  -35.532  63.213 0.2222220004
6488  -28.347  -34.315  62.027 0.3333329856
30496  -29.528  -34.444  62.234 0.3333329856
25669  -38.594  -29.457  64.358 0.7777780294
19473  -28.213  -34.849  60.011 0.3333329856
1831  -42.722  -28.536  62.855 0.8888890147
30497  -29.329  -34.856  60.125 0.3333329856
19469  -23.476  -35.954  61.147 0.2222220004
17829  -43.245  -29.113  62.107 0.5555559993
8102  -26.006  -32.707  69.263 0.4444440007
8103  -27.847  -32.188  68.798 0.6666669846
34615  -26.360  -33.156  68.115 0.4444440007
34616  -27.197  -32.941  67.828 0.4444440007
34617  -28.204  -32.767  67.641 0.4444440007
34625  -28.827  -32.036  68.516 0.5555559993
4570  -26.456  -33.612  66.332 0.4444440007
372  -28.446  -33.248  66.142 0.4444440007
26658  -25.460  -34.453  64.438 0.3333329856
12252  -27.380  -33.773  64.238 0.3333329856
4571  -24.418  -35.181  62.800 0.2222220004
36673  -27.256  -34.290  62.094 0.3333329856
19468  -24.229  -35.613  60.725 0.2222220004
17828  -42.755  -30.271  61.776 0.2222220004
8121  -43.571  -29.698  60.965 0.4444440007
17780  -25.667  -31.378  69.873 0.6666669846
17782  -26.402  -31.803  69.688 0.6666669846
12250  -27.410  -33.336  66.185 0.4444440007
12251  -26.346  -34.075  64.199 0.3333329856
4024  -41.270  -27.897  63.032 0.8888890147
26659  -25.258  -34.860  62.435 0.2222220004
4572  -26.179  -34.525  62.128 0.3333329856
34673  -42.064  -27.184  62.657 1.0000000000
34674  -42.857  -27.415  62.697 0.8888890147
36674  -26.122  -35.063  60.203 0.2222220004
19474  -27.100  -34.921  59.945 0.3333329856
34677  -43.545  -27.901  62.305 0.8888890147
26660  -25.110  -35.258  60.418 0.2222220004
8122  -42.876  -26.433  62.234 1.0000000000
34678  -44.033  -28.521  61.374 0.7777780294
8124  -45.043  -28.656  59.504 0.5555559993
34681  -45.127  -29.616  58.323 0.3333329856
17831  -42.068  -26.440  61.843 0.7777780294
34676  -43.670  -26.739  62.210 0.8888890147
17834  -44.507  -26.096  61.718 0.8888890147
17835  -45.150  -26.607  61.183 0.8888890147
17836  -44.818  -27.838  60.832 0.7777780294
34682  -45.735  -29.041  57.773 0.2222220004
5884  -45.239  -30.512  57.308 0.2222220004
13645  -45.800  -29.940  56.695 0.1111110002
13647  -45.827  -30.870  55.437 0.1111110002
34675  -43.731  -25.779  61.859 1.0000000000
17837  -45.561  -27.253  60.208 0.7777780294
17838  -45.728  -28.078  58.966 0.6666669846
8125  -46.379  -27.474  58.423 0.7777780294
34683  -46.387  -28.452  57.242 0.5555559993
34685  -47.007  -26.924  57.826 0.5555559993
710  -46.360  -29.388  56.144 0.5555559993
17832  -42.910  -25.657  61.552 0.8888890147
4026  -44.592  -25.003  61.385 1.0000000000
25678  -45.394  -24.264  60.893 1.0000000000
17833  -45.371  -25.340  61.228 1.0000000000
1832  -45.923  -25.907  60.604 0.8888890147
25679  -46.122  -24.655  60.637 1.0000000000
17839  -46.298  -26.635  59.544 0.8888890147
25680  -46.663  -25.241  59.993 0.8888890147
34684  -46.958  -25.996  58.986 0.8888890147
34686  -46.954  -27.939  56.656 0.5555559993
25681  -46.826  -23.931  60.083 1.0000000000
4028  -47.363  -24.633  59.387 1.0000000000
8126  -47.617  -26.421  57.176 0.6666669846
34687  -47.512  -27.371  56.044 0.5555559993
4027  -46.142  -23.467  60.391 1.0000000000
11708  -46.787  -22.724  59.864 1.0000000000
17840  -47.962  -24.007  58.800 1.0000000000
17841  -47.628  -25.441  58.350 0.7777780294
17843  -48.148  -25.864  56.582 0.6666669846
34688  -47.967  -26.811  55.428 0.6666669846
11665  -46.663  -21.729  59.344 1.0000000000
17842  -48.200  -24.835  57.734 1.0000000000
25682  -47.483  -23.250  59.509 1.0000000000
11666  -47.057  -20.875  58.763 0.8888890147
3985  -47.425  -22.061  59.257 1.0000000000
25603  -48.015  -22.593  58.900 1.0000000000
25604  -48.480  -21.838  58.278 1.0000000000
17710  -48.613  -24.366  57.021 0.7777780294
1813  -48.474  -23.384  58.064 0.8888890147
17712  -48.918  -22.616  57.579 0.8888890147
34525  -48.348  -26.333  54.719 0.5555559993
10310  -47.584  -27.684  54.247 0.5555559993
15  -47.837  -27.170  53.375 0.5555559993
23150  -48.588  -25.785  50.888 0.2222220004
36422  -49.538  -24.283  51.546 0.3333329856
702  -48.798  -25.539  50.102 0.3333329856
25605  -47.815  -21.248  58.719 1.0000000000
8071  -48.607  -25.349  55.909 0.6666669846
17711  -49.050  -23.603  56.582 0.7777780294
34527  -48.975  -24.599  55.466 0.6666669846
36423  -50.769  -21.508  53.509 0.8888890147
34526  -48.726  -25.566  54.184 0.6666669846
8724  -50.032  -22.986  53.071 0.5555559993
10302  -48.137  -26.601  52.579 0.1111110002
36421  -49.246  -24.560  52.484 0.3333329856
10301  -47.424  -27.422  51.220 0.2222220004
19267  -51.378  -21.606  52.630 0.8888890147
2622  -48.341  -26.158  51.758 0.2222220004
36425  -49.860  -24.061  50.695 0.3333329856
36424  -50.457  -22.810  52.167 0.5555559993
13622  -48.947  -25.227  49.139 0.2222220004
25606  -47.423  -20.088  58.068 1.0000000000
3986  -48.171  -20.426  58.056 1.0000000000
8073  -49.309  -21.925  56.979 1.0000000000
19265  -50.236  -21.683  54.438 0.7777780294
8072  -49.276  -23.836  54.891 0.6666669846
19264  -49.630  -23.268  54.029 0.6666669846
36420  -49.019  -25.066  53.342 0.5555559993
4504  -51.413  -20.276  53.702 0.8888890147
19266  -52.080  -20.475  52.801 0.8888890147
8725  -50.997  -22.826  51.291 0.6666669846
36426  -50.231  -23.953  49.868 0.3333329856
5870  -49.161  -24.829  48.207 0.2222220004
17714  -48.581  -19.744  57.263 1.0000000000
34530  -48.824  -21.083  57.715 1.0000000000
34531  -49.250  -20.388  56.992 1.0000000000
34528  -49.463  -22.869  56.011 0.8888890147
26537  -50.929  -19.185  54.417 1.0000000000
26536  -50.700  -20.278  54.588 0.8888890147
19268  -52.034  -21.764  51.694 0.7777780294
36434  -53.423  -21.166  50.935 0.8888890147
19270  -52.632  -22.070  50.770 0.6666669846
19269  -51.546  -23.034  50.403 0.3333329856
36427  -50.577  -23.925  48.836 0.2222220004
8726  -51.951  -23.159  49.433 0.3333329856
17713  -47.758  -19.397  57.239 1.0000000000
8074  -48.989  -19.080  56.527 1.0000000000
34529  -49.629  -21.145  56.358 1.0000000000
34532  -49.638  -19.717  56.212 1.0000000000
1814  -50.103  -20.517  55.609 1.0000000000
26535  -50.178  -19.249  55.389 1.0000000000
19263  -49.791  -22.086  55.385 0.8888890147
26538  -51.750  -19.232  53.464 1.0000000000
26539  -52.575  -19.489  52.615 0.8888890147
2052  -52.796  -20.760  51.884 1.0000000000
36431  -53.351  -19.836  51.740 1.0000000000
36433  -54.003  -20.269  50.798 1.0000000000
8727  -53.617  -18.920  51.366 1.0000000000
36435  -53.100  -22.500  49.818 0.6666669846
8728  -53.905  -21.668  49.925 0.8888890147
19275  -54.509  -20.629  49.904 1.0000000000
19276  -54.309  -21.972  48.884 0.8888890147
36428  -50.925  -23.955  47.824 0.2222220004
36436  -52.223  -23.416  48.369 0.2222220004
36437  -51.095  -24.131  46.693 0.2222220004
17715  -48.145  -18.720  56.499 1.0000000000
34533  -49.497  -18.624  55.709 1.0000000000
4503  -50.117  -18.267  54.844 1.0000000000
4505  -51.920  -18.379  52.999 1.0000000000
36430  -52.761  -18.646  52.140 1.0000000000
19277  -53.432  -22.837  48.799 0.5555559993
19274  -54.921  -21.091  48.831 1.0000000000
8729  -52.406  -23.739  47.233 0.4444440007
19278  -53.672  -23.217  47.610 0.5555559993
2053  -54.564  -22.377  47.829 0.6666669846
19279  -52.519  -24.112  45.879 0.4444440007
19280  -53.755  -23.578  46.410 0.2222220004
36439  -51.234  -24.681  44.155 0.2222220004
17716  -48.602  -18.269  55.650 1.0000000000
34534  -49.184  -17.962  54.794 1.0000000000
12184  -50.973  -18.267  53.911 1.0000000000
36429  -51.717  -17.882  52.206 1.0000000000
19272  -52.739  -17.993  51.476 0.8888890147
36432  -54.326  -19.325  50.437 1.0000000000
4507  -54.897  -19.638  49.566 1.0000000000
26543  -55.435  -20.014  48.635 1.0000000000
26544  -55.191  -21.487  47.838 0.6666669846
8730  -52.507  -24.353  44.587 0.3333329856
36441  -53.769  -23.903  45.194 0.3333329856
26545  -54.678  -22.790  46.807 0.6666669846
4509  -54.761  -23.158  45.699 0.5555559993
26546  -55.369  -21.743  46.872 0.5555559993
4508  -55.696  -20.364  47.725 0.7777780294
36442  -52.473  -24.561  43.454 0.2222220004
12185  -50.824  -17.801  53.013 1.0000000000
19273  -53.607  -18.299  50.768 1.0000000000
26541  -54.320  -18.531  49.903 1.0000000000
26542  -54.948  -18.800  49.046 1.0000000000
12187  -55.478  -19.214  48.150 1.0000000000
26547  -55.450  -21.990  45.844 0.6666669846
19282  -53.668  -24.047  44.060 0.2222220004
19281  -54.683  -23.121  44.597 0.6666669846
4506  -54.724  -18.326  48.282 0.8888890147
12186  -55.322  -18.601  47.355 0.8888890147
4510  -56.050  -20.760  45.673 0.7777780294
12189  -55.876  -20.598  46.669 0.8888890147
2054  -54.506  -22.826  43.453 0.5555559993
26548  -55.404  -21.971  44.847 0.6666669846
12188  -55.882  -19.441  47.179 1.0000000000
12190  -56.258  -19.566  46.240 1.0000000000
468  -55.892  -18.686  46.499 1.0000000000
36467  -55.313  -21.725  43.633 0.7777780294
36466  -56.163  -20.699  44.653 0.8888890147
36470  -54.342  -22.353  42.328 0.7777780294
36464  -56.331  -18.674  45.621 1.0000000000
36465  -56.508  -19.581  45.255 0.8888890147
36469  -55.148  -21.304  42.413 0.7777780294
8739  -56.163  -20.493  43.619 0.7777780294
19302  -56.726  -19.467  44.378 1.0000000000
36468  -56.108  -20.086  42.547 0.7777780294
8738  -56.640  -18.528  44.750 0.7777780294
19301  -56.938  -18.331  44.020 0.7777780294
2056  -57.200  -18.112  43.200 0.6666669846
19303  -56.873  -19.305  43.483 0.7777780294
26559  -56.936  -19.025  42.501 0.6666669846
26560  -57.022  -18.777  41.519 0.6666669846
12197  -57.078  -18.476  40.377 0.4444440007
12196  -57.948  -17.333  40.477 0.2222220004
12198  -57.141  -18.150  39.271 0.3333329856
469  -58.154  -17.016  39.439 0.3333329856
30421  -58.378  -16.674  38.491 0.3333329856
19299  -56.693  -17.316  43.454 0.6666669846
19297  -57.112  -17.064  42.868 0.5555559993
26558  -57.450  -17.830  42.420 0.6666669846
4516  -57.700  -17.608  41.525 0.4444440007
12194  -58.421  -16.041  40.343 0.3333329856
36483  -57.422  -17.578  37.178 0.3333329856
8737  -55.642  -17.068  43.241 0.6666669846
26557  -57.583  -16.734  42.165 0.5555559993
30420  -58.793  -15.679  39.493 0.4444440007
6457  -58.598  -16.486  37.448 0.4444440007
19298  -56.221  -16.521  42.794 0.6666669846
4515  -56.848  -16.140  42.315 0.5555559993
26556  -57.453  -15.754  41.661 0.5555559993
4514  -58.047  -15.228  40.883 0.4444440007
30419  -58.592  -14.821  40.042 0.5555559993
30422  -59.135  -15.399  38.436 0.3333329856
14597  -58.592  -13.770  39.387 0.4444440007
30423  -59.459  -15.241  37.431 0.3333329856
30424  -59.695  -15.001  36.437 0.3333329856
30428  -59.964  -14.578  34.157 0.2222220004
470  -59.013  -15.508  30.578 0.2222220004
36510  -60.157  -15.063  29.380 0.2222220004
14599  -59.558  -14.140  38.200 0.3333329856
6458  -59.961  -13.891  37.191 0.3333329856
1029  -58.859  -15.991  35.245 0.2222220004
30427  -59.880  -14.787  35.349 0.2222220004
26567  -58.839  -15.786  34.134 0.2222220004
30429  -60.058  -14.493  32.962 0.2222220004
30430  -60.212  -14.481  31.705 0.2222220004
30432  -61.136  -13.469  31.613 0.2222220004
30431  -60.202  -14.745  30.550 0.2222220004
19339  -61.160  -14.286  29.210 0.2222220004
6456  -59.121  -14.456  39.082 0.3333329856
30426  -60.289  -13.601  36.109 0.2222220004
14604  -60.862  -13.250  33.988 0.2222220004
6461  -61.211  -13.853  30.395 0.2222220004
14598  -59.152  -13.342  38.476 0.3333329856
14600  -59.599  -12.984  37.541 0.2222220004
30425  -60.073  -12.646  36.609 0.2222220004
14602  -60.510  -12.311  35.625 0.2222220004
6459  -60.573  -13.395  35.080 0.2222220004
6460  -61.066  -13.223  32.742 0.3333329856
14603  -60.985  -12.064  34.585 0.3333329856
14606  -61.661  -12.184  32.456 0.3333329856
30433  -61.884  -12.480  31.248 0.2222220004
19338  -61.948  -12.886  30.050 0.2222220004
19340  -61.988  -13.412  28.881 0.2222220004
8754  -61.098  -14.724  28.087 0.2222220004
19343  -61.663  -15.049  25.808 0.2222220004
19341  -62.435  -13.692  26.334 0.2222220004
2949  -60.018  -11.549  35.772 0.2222220004
14601  -60.550  -11.280  34.819 0.2222220004
1030  -61.089  -11.012  33.793 0.3333329856
23740  -60.284  -10.506  33.671 0.2222220004
14605  -61.376  -12.014  33.532 0.3333329856
14607  -61.574  -11.062  32.842 0.3333329856
6462  -61.966  -11.228  31.848 0.3333329856
1031  -62.510  -11.943  29.528 0.3333329856
36513  -61.993  -13.941  27.770 0.2222220004
26581  -62.609  -12.459  28.385 0.2222220004
4529  -62.670  -13.183  27.419 0.2222220004
19342  -61.869  -14.549  26.718 0.2222220004
26584  -62.870  -12.709  25.807 0.2222220004
26585  -62.609  -13.195  24.832 0.2222220004
26586  -63.237  -11.783  25.015 0.2222220004
26587  -63.490  -11.086  24.154 0.2222220004
23741  -60.953  -10.340  32.859 0.3333329856
30435  -61.530  -10.290  31.966 0.3333329856
30434  -62.252  -11.519  30.672 0.3333329856
26582  -62.940  -11.603  27.789 0.3333329856
26583  -62.955  -12.196  26.801 0.3333329856
4530  -63.227  -11.145  26.017 0.3333329856
12211  -63.370  -10.400  25.142 0.2222220004
36547  -63.259  -9.564  23.143 0.2222220004
36548  -63.616  -10.142  22.206 0.2222220004
30436  -61.993  -10.348  30.996 0.3333329856
30437  -62.429  -10.691  29.858 0.3333329856
12212  -62.978  -9.324  25.160 0.2222220004
36546  -62.731  -9.055  24.057 0.2222220004
4532  -63.351  -9.835  24.253 0.2222220004
26588  -63.604  -10.516  23.285 0.2222220004
4528  -62.752  -10.181  27.972 0.3333329856
14612  -60.461  -9.006  28.596 0.2222220004
36534  -59.684  -9.116  27.247 0.2222220004
6464  -61.245  -8.780  27.790 0.2222220004
12209  -63.044  -10.585  27.000 0.3333329856
36535  -60.568  -8.752  26.600 0.2222220004
36536  -61.408  -8.623  25.762 0.2222220004
12210  -63.068  -9.829  26.050 0.2222220004
471  -62.479  -8.938  26.052 0.2222220004
36545  -62.148  -8.739  24.897 0.2222220004
14609  -61.323  -9.707  30.932 0.2222220004
6463  -61.887  -9.750  29.966 0.3333329856
30438  -62.350  -9.927  28.962 0.3333329856
26580  -62.775  -11.123  28.768 0.3333329856
30440  -61.966  -8.750  26.986 0.2222220004
12208  -62.663  -9.417  27.023 0.2222220004
30439  -62.173  -9.230  27.906 0.3333329856
19317  -57.580  -17.331  36.101 0.3333329856
29128  -16.216  -38.581  72.409 0.3333329856
23179  -19.253  -33.076  72.808 0.4444440007
23182  -18.001  -36.148  69.364 0.5555559993
29131  -18.204  -39.467  68.289 0.3333329856
29132  -18.052  -37.490  68.258 0.3333329856
17820  -38.137  -30.578  65.702 0.8888890147
8108  -33.919  -32.227  67.111 0.6666669846
34656  -35.053  -30.526  66.105 0.6666669846
34608  -22.143  -34.584  68.674 0.4444440007
23767  -33.733  -33.654  65.792 0.3333329856
34667  -41.013  -31.137  63.359 0.5555559993
6487  -30.693  -33.465  66.284 0.3333329856
17826  -41.536  -30.125  63.525 0.7777780294
25644  -23.831  -31.886  70.826 0.6666669846
17783  -26.913  -32.432  68.934 0.5555559993
17784  -27.323  -31.570  69.320 0.6666669846
8123  -44.370  -27.236  61.716 0.8888890147
23165  -46.214  -30.231  54.890 0.2222220004
23164  -46.833  -28.818  55.599 0.3333329856
36438  -51.205  -24.395  45.415 0.3333329856
12195  -58.016  -16.420  41.366 0.3333329856
26554  -57.224  -14.838  40.874 0.4444440007
19316  -58.816  -16.223  36.369 0.3333329856
30418  -57.956  -14.281  40.194 0.4444440007
12201  -58.886  -15.501  31.707 0.2222220004
2062  -62.133  -14.189  25.428 0.2222220004
34665  -40.350  -32.064  63.032 0.1111110002
34668  -41.301  -31.686  62.227 0.1111110002
8120  -41.899  -30.746  62.557 0.5555559993
1564  -40.616  -32.559  61.865 0.1111110002
34669  -42.186  -31.339  61.350 0.2222220004
8119  -40.117  -31.514  64.066 0.4444440007
16450  -39.717  -32.868  62.655 0.2222220004
16452  -39.851  -33.360  61.230 0.1111110002
24847  -41.505  -32.236  60.944 0.1111110002
16451  -38.884  -33.552  61.990 0.1111110002
24848  -40.785  -33.131  60.364 0.1111110002
32936  -37.862  -34.234  59.496 0.1111110002
32937  -40.015  -33.801  59.724 0.1111110002
34663  -38.474  -32.558  64.464 0.2222220004
7486  -38.695  -33.068  63.390 0.2222220004
32934  -37.858  -33.759  62.646 0.2222220004
7487  -36.882  -34.254  61.747 0.1111110002
32935  -37.891  -34.077  61.138 0.1111110002
19488  -36.859  -34.429  60.133 0.1111110002
11271  -13.423  -35.774  75.358 0.3333329856
17821  -37.675  -31.328  65.930 0.7777780294
8118  -38.153  -31.961  65.340 0.4444440007
32932  -37.698  -33.276  64.089 0.2222220004
11702  -39.676  -28.686  62.828 0.5555559993
11704  -40.472  -28.061  62.460 0.5555559993
32933  -36.873  -33.964  63.302 0.2222220004
11700  -38.848  -29.261  61.772 0.3333329856
29727  -40.535  -27.712  61.166 0.5555559993
19489  -35.732  -34.615  60.558 0.1111110002
3591  -12.359  -34.637  74.995 0.2222220004
24895  -12.465  -35.454  75.393 0.3333329856
16529  -11.512  -35.139  74.317 0.1111110002
33032  -11.801  -35.268  72.885 0.1111110002
33031  -12.460  -34.340  74.052 0.1111110002
34661  -37.071  -32.054  65.866 0.3333329856
34635  -36.388  -32.808  65.613 0.2222220004
34662  -37.475  -32.663  65.133 0.2222220004
25676  -43.757  -24.875  61.185 0.8888890147
10647  -35.748  -34.092  63.805 0.2222220004
48  -36.691  -33.416  64.662 0.2222220004
11701  -38.712  -29.274  63.151 0.4444440007
4020  -37.878  -29.824  62.020 0.3333329856
374  -39.742  -28.513  61.488 0.3333329856
29726  -39.789  -28.513  59.887 0.3333329856
17830  -42.128  -25.979  60.794 0.5555559993
29729  -41.455  -26.719  59.624 0.5555559993
36691  -35.780  -34.479  62.222 0.1111110002
11699  -37.916  -29.947  60.408 0.2222220004
11698  -38.918  -29.306  60.202 0.2222220004
29728  -40.617  -27.627  59.677 0.3333329856
8815  -34.660  -34.940  59.256 0.1111110002
29725  -38.870  -29.255  58.626 0.1111110002
6158  -39.884  -28.463  58.467 0.1111110002
14103  -40.666  -27.625  58.219 0.1111110002
24892  -14.009  -33.890  75.053 0.3333329856
3590  -14.034  -34.978  75.120 0.3333329856
29125  -14.810  -34.307  74.736 0.3333329856
24893  -13.190  -33.872  74.827 0.2222220004
24894  -13.148  -34.574  75.369 0.3333329856
29126  -14.888  -35.662  74.217 0.3333329856
7522  -12.793  -34.637  72.331 0.1111110002
8109  -35.992  -32.145  66.302 0.5555559993
25677  -44.562  -24.066  60.787 0.8888890147
10646  -34.743  -34.255  64.087 0.1111110002
25668  -37.754  -29.719  63.459 0.4444440007
11706  -45.358  -23.315  60.326 0.8888890147
25666  -36.741  -30.309  62.157 0.3333329856
863  -42.904  -25.143  60.504 0.5555559993
29733  -43.094  -24.913  59.330 0.5555559993
2967  -34.760  -34.605  62.616 0.1111110002
25665  -36.738  -30.536  60.466 0.1111110002
36692  -34.631  -34.851  60.828 0.1111110002
6160  -41.612  -26.702  58.150 0.1111110002
36693  -33.593  -35.134  59.429 0.1111110002
25664  -36.656  -30.552  58.832 0.1111110002
4018  -37.817  -29.956  58.814 0.1111110002
14101  -38.756  -29.188  56.981 0.1111110002
29731  -41.676  -26.701  56.612 0.1111110002
14102  -39.816  -28.420  56.885 0.1111110002
14104  -40.757  -27.624  56.708 0.1111110002
29724  -37.650  -29.800  57.200 0.1111110002
19494  -31.940  -36.128  54.868 0.1111110002
16527  -13.439  -33.658  73.603 0.1111110002
16525  -14.436  -33.054  73.029 0.1111110002
16526  -13.740  -34.055  71.716 0.1111110002
2640  -18.531  -36.908  67.613 0.3333329856
17798  -34.953  -32.178  66.694 0.4444440007
17799  -35.438  -31.486  66.682 0.6666669846
23159  -19.401  -37.168  65.311 0.2222220004
34633  -34.388  -32.976  66.380 0.1111110002
34634  -35.369  -32.912  66.017 0.3333329856
23161  -20.005  -36.946  64.545 0.2222220004
10308  -20.522  -36.045  65.720 0.2222220004
2965  -34.695  -33.630  65.489 0.2222220004
23769  -33.759  -34.345  64.298 0.1111110002
25675  -43.763  -24.301  60.264 0.7777780294
23162  -20.573  -36.883  63.637 0.1111110002
23163  -21.129  -36.853  62.809 0.1111110002
23770  -33.703  -34.768  62.611 0.1111110002
23771  -33.596  -35.010  61.011 0.1111110002
29730  -42.255  -25.835  59.487 0.1111110002
19470  -23.493  -36.422  59.165 0.1111110002
14655  -31.491  -35.345  59.037 0.1111110002
1047  -32.567  -35.299  59.416 0.1111110002
29732  -42.446  -25.772  58.059 0.1111110002
2080  -24.360  -35.984  58.790 0.1111110002
36678  -24.363  -36.478  56.847 0.1111110002
36675  -25.207  -35.707  58.395 0.1111110002
14657  -31.662  -35.543  57.614 0.1111110002
23439  -40.754  -27.500  55.247 0.1111110002
8810  -24.435  -36.996  55.102 0.1111110002
36677  -25.298  -36.196  56.420 0.1111110002
862  -39.682  -28.251  55.335 0.1111110002
19477  -25.351  -36.640  54.778 0.1111110002
6491  -30.773  -35.770  55.795 0.1111110002
14100  -38.689  -28.935  55.549 0.1111110002
30503  -29.772  -36.181  54.038 0.1111110002
36698  -30.889  -36.121  54.467 0.1111110002
26664  -26.450  -36.994  53.081 0.1111110002
478  -28.895  -36.964  52.582 0.1111110002
36699  -29.940  -36.823  52.898 0.1111110002
8817  -31.028  -36.729  53.384 0.1111110002
4575  -26.714  -37.678  52.020 0.1111110002
12256  -27.158  -38.783  51.402 0.1111110002
36708  -29.033  -37.938  51.645 0.1111110002
12257  -28.036  -38.314  51.434 0.1111110002
718  -14.178  -33.204  74.396 0.1111110002
5898  -14.718  -33.553  70.986 0.1111110002
2627  -19.877  -36.078  66.511 0.2222220004
23768  -32.771  -34.316  64.432 0.2222220004
4025  -44.533  -23.433  59.900 0.6666669846
2966  -32.710  -34.754  62.671 0.1111110002
1829  -35.506  -30.672  62.263 0.3333329856
29734  -43.815  -23.947  59.061 0.4444440007
11707  -46.056  -22.502  59.883 0.8888890147
14654  -31.583  -35.053  60.694 0.1111110002
6161  -43.218  -24.851  57.838 0.3333329856
17811  -35.465  -30.848  60.678 0.1111110002
14108  -43.873  -23.799  57.600 0.1111110002
8809  -26.143  -35.524  58.089 0.1111110002
6490  -30.433  -35.330  58.694 0.1111110002
14106  -42.572  -25.808  56.459 0.1111110002
36676  -26.296  -35.973  56.294 0.1111110002
4019  -35.358  -30.891  58.980 0.1111110002
2783  -41.723  -26.590  55.118 0.1111110002
14656  -30.649  -35.571  57.221 0.1111110002
25662  -36.396  -30.337  57.145 0.1111110002
26662  -27.320  -35.821  56.308 0.1111110002
4574  -26.336  -36.439  54.616 0.1111110002
26663  -27.421  -36.221  54.708 0.1111110002
4573  -28.540  -35.983  55.006 0.1111110002
30502  -29.736  -35.806  55.428 0.1111110002
6157  -37.415  -29.561  55.506 0.1111110002
12254  -27.561  -36.619  53.300 0.1111110002
12253  -28.687  -36.397  53.631 0.1111110002
29723  -36.203  -30.079  55.566 0.1111110002
14098  -38.389  -28.683  53.905 0.1111110002
12255  -27.754  -37.298  52.143 0.1111110002
29120  -15.430  -32.557  72.493 0.2222220004
29119  -15.628  -33.113  70.304 0.1111110002
11705  -45.232  -22.508  59.591 0.7777780294
29735  -44.524  -22.957  58.844 0.7777780294
8115  -32.994  -30.604  62.469 0.1111110002
17816  -34.161  -30.450  63.895 0.2222220004
17815  -34.215  -30.732  62.408 0.1111110002
29676  -44.812  -21.845  56.691 0.4444440007
19475  -27.174  -35.455  58.080 0.1111110002
30500  -29.324  -35.320  58.343 0.2222220004
17813  -34.114  -30.962  60.603 0.1111110002
14065  -43.974  -23.657  56.025 0.1111110002
6136  -44.510  -22.680  57.375 0.3333329856
1046  -28.248  -35.380  58.131 0.1111110002
14107  -43.351  -24.750  56.286 0.1111110002
30501  -29.532  -35.597  56.865 0.1111110002
17812  -34.078  -31.005  59.048 0.1111110002
26661  -28.401  -35.714  56.454 0.1111110002
34648  -33.864  -30.945  57.313 0.1111110002
25663  -35.208  -30.722  57.335 0.1111110002
13668  -16.497  -32.126  72.104 0.1111110002
17907  -21.872  -31.479  70.981 0.1111110002
4014  -33.048  -30.131  65.623 0.3333329856
367  -45.877  -21.695  59.105 0.7777780294
34654  -33.040  -30.224  64.164 0.1111110002
29674  -45.110  -22.026  58.405 0.7777780294
11667  -46.281  -20.847  58.473 0.7777780294
34653  -31.910  -30.338  62.715 0.1111110002
34536  -45.752  -20.332  56.988 0.4444440007
34765  -18.657  -31.529  71.695 0.1111110002
34767  -19.719  -31.420  71.640 0.1111110002
25655  -32.966  -30.332  66.754 0.4444440007
4012  -31.069  -29.925  66.410 0.3333329856
25654  -31.955  -30.225  67.110 0.3333329856
11694  -31.980  -30.078  64.490 0.2222220004
25607  -46.848  -19.303  56.903 0.8888890147
25643  -22.924  -31.466  70.722 0.5555559993
4008  -24.737  -31.615  70.392 0.5555559993
25646  -24.861  -31.089  69.633 0.5555559993
17790  -29.694  -30.644  68.466 0.5555559993
17788  -29.957  -30.141  67.851 0.3333329856
1826  -30.734  -30.616  68.162 0.4444440007
25651  -30.006  -29.846  66.764 0.3333329856
25652  -30.961  -30.136  67.558 0.4444440007
11690  -29.876  -30.178  63.440 0.1111110002
11692  -30.977  -29.999  64.844 0.1111110002
25647  -25.776  -30.832  69.161 0.6666669846
1825  -26.637  -31.135  69.463 0.5555559993
34623  -27.581  -30.864  69.030 0.6666669846
8105  -28.627  -30.721  68.760 0.5555559993
17717  -47.593  -18.315  55.252 0.8888890147
1815  -47.177  -18.724  56.108 0.7777780294
34538  -46.098  -19.079  55.275 0.6666669846
8075  -48.080  -17.983  54.363 0.7777780294
34541  -46.421  -18.673  54.404 0.5555559993
34542  -46.844  -18.423  53.585 0.6666669846
34540  -45.371  -19.330  53.379 0.5555559993
12183  -49.852  -17.761  53.888 0.8888890147
17724  -46.170  -18.872  51.908 0.6666669846
8077  -45.708  -19.054  52.627 0.5555559993
19283  -53.474  -23.776  43.043 0.4444440007
34543  -47.423  -18.218  52.842 0.6666669846
34535  -48.716  -17.796  53.500 0.6666669846
19285  -53.299  -23.336  42.018 0.4444440007
368  -49.431  -17.690  52.652 0.6666669846
8078  -46.774  -18.721  51.299 0.6666669846
17725  -45.553  -19.404  50.255 0.4444440007
17723  -45.019  -19.599  50.891 0.3333329856
1816  -44.227  -20.121  49.194 0.3333329856
17721  -43.770  -20.335  49.806 0.1111110002
36471  -53.218  -22.725  40.956 0.5555559993
19307  -53.188  -22.092  39.824 0.4444440007
34544  -48.149  -18.043  52.058 0.6666669846
25612  -42.798  -20.749  48.158 0.1111110002
19308  -53.286  -21.542  38.584 0.3333329856
4517  -56.043  -19.802  41.341 0.5555559993
19310  -53.438  -21.154  37.288 0.4444440007
26562  -55.264  -20.060  38.830 0.4444440007
36477  -53.615  -20.829  36.056 0.4444440007
26563  -54.442  -20.458  37.430 0.4444440007
30399  -48.878  -17.923  51.354 0.6666669846
34545  -47.511  -18.558  50.565 0.6666669846
17726  -46.071  -19.326  49.637 0.3333329856
17727  -44.590  -19.995  48.538 0.3333329856
25613  -43.194  -20.552  47.523 0.1111110002
8740  -54.188  -21.764  41.118 0.6666669846
19306  -54.278  -21.206  39.947 0.6666669846
19304  -55.196  -20.327  40.061 0.4444440007
2057  -54.386  -20.758  38.694 0.4444440007
26561  -56.077  -19.466  40.191 0.4444440007
30400  -50.352  -17.621  51.918 0.6666669846
6448  -51.344  -17.637  51.228 0.6666669846
19305  -55.183  -20.756  41.294 0.6666669846
19300  -56.330  -17.667  44.104 0.5555559993
36461  -54.190  -17.465  42.551 0.4444440007
2055  -52.616  -18.187  41.590 0.3333329856
19289  -50.926  -18.883  40.510 0.3333329856
36458  -53.281  -17.289  41.101 0.3333329856
26553  -51.561  -18.008  39.995 0.3333329856
36460  -54.899  -16.629  42.171 0.4444440007
26552  -49.770  -18.631  38.691 0.2222220004
8736  -54.128  -16.445  40.770 0.3333329856
36459  -55.670  -15.988  41.834 0.5555559993
4513  -50.408  -17.814  38.235 0.3333329856
36457  -52.372  -17.129  39.603 0.3333329856
36456  -51.378  -16.922  37.948 0.2222220004
6447  -48.116  -18.441  49.945 0.6666669846
34546  -46.550  -19.220  48.977 0.2222220004
8079  -45.069  -19.880  47.939 0.2222220004
8735  -54.714  -18.015  44.497 0.5555559993
36462  -55.174  -17.603  43.766 0.6666669846
19293  -53.668  -18.166  43.100 0.4444440007
19291  -52.057  -18.925  42.214 0.3333329856
26555  -56.505  -15.378  41.432 0.3333329856
19296  -55.073  -15.660  40.533 0.4444440007
19295  -53.298  -16.321  39.272 0.3333329856
19271  -52.267  -17.712  50.630 0.6666669846
30401  -49.830  -17.796  50.684 0.6666669846
1024  -53.137  -17.947  49.895 0.7777780294
14584  -49.012  -18.297  49.368 0.6666669846
36463  -55.933  -17.940  44.804 0.7777780294
36455  -55.547  -18.193  45.568 0.6666669846
8734  -51.551  -19.458  43.025 0.3333329856
19292  -53.229  -18.640  43.870 0.4444440007
30402  -50.734  -17.796  50.128 0.6666669846
30403  -51.601  -17.866  49.595 0.6666669846
26540  -54.025  -18.114  49.137 0.7777780294
30406  -52.616  -18.010  48.912 0.7777780294
14589  -52.838  -18.429  46.921 0.5555559993
6451  -53.607  -18.410  46.163 0.5555559993
30409  -54.962  -18.252  46.468 0.5555559993
36454  -54.260  -18.301  45.274 0.5555559993
14590  -52.037  -19.029  45.600 0.3333329856
36453  -52.716  -18.958  44.741 0.4444440007
36452  -50.965  -19.769  43.915 0.3333329856
1027  -55.953  -14.859  40.184 0.3333329856
19294  -54.324  -15.466  39.051 0.4444440007
6449  -49.943  -18.260  48.878 0.6666669846
30405  -50.882  -18.342  48.322 0.6666669846
30407  -53.508  -18.131  48.079 0.7777780294
30408  -54.256  -18.246  47.270 0.6666669846
30417  -56.751  -14.160  39.759 0.3333329856
17908  -20.818  -31.422  71.368 0.1111110002
34624  -28.280  -31.430  69.001 0.5555559993
13667  -17.593  -31.798  71.734 0.1111110002
34664  -39.463  -32.343  63.730 0.2222220004
7488  -38.920  -33.912  60.438 0.1111110002
16454  -39.942  -34.108  58.183 0.1111110002
32938  -38.861  -34.161  58.805 0.1111110002
34672  -41.266  -27.267  62.115 0.6666669846
6159  -41.310  -26.907  60.862 0.5555559993
10645  -35.676  -33.511  65.147 0.2222220004
14653  -32.600  -35.089  60.922 0.1111110002
23438  -39.564  -28.012  53.903 0.1111110002
850  -43.364  -24.620  54.639 0.1111110002
29675  -45.444  -21.150  57.749 0.7777780294
6137  -45.033  -20.960  55.959 0.3333329856
11693  -32.028  -30.025  65.992 0.3333329856
3987  -46.574  -20.034  57.699 0.7777780294
373  -30.850  -30.260  63.097 0.1111110002
25645  -23.884  -31.250  70.130 0.4444440007
17789  -28.890  -30.216  68.134 0.3333329856
11691  -29.996  -29.910  65.284 0.1111110002
6450  -51.889  -18.445  47.666 0.6666669846
34671  -43.729  -30.421  59.677 0.3333329856
34679  -44.289  -29.173  60.215 0.4444440007
34680  -44.449  -29.998  58.950 0.3333329856
29087  -44.132  -32.281  57.457 0.2222220004
29086  -44.586  -30.904  57.992 0.2222220004
14066  -44.343  -22.726  55.398 0.2222220004
14067  -43.791  -23.712  54.069 0.2222220004
17719  -45.051  -20.288  55.094 0.2222220004
34537  -45.899  -19.648  56.160 0.5555559993
8076  -45.147  -19.779  54.200 0.5555559993
34539  -44.426  -20.119  52.316 0.3333329856
17722  -44.620  -19.814  51.585 0.3333329856
14585  -48.064  -19.081  47.873 0.5555559993
30404  -49.077  -18.990  47.429 0.4444440007
14587  -50.015  -19.054  46.918 0.3333329856
14588  -51.090  -19.059  46.339 0.3333329856
30414  -55.168  -14.673  38.634 0.3333329856
6454  -54.242  -14.746  36.665 0.2222220004
23732  -52.919  -14.064  32.166 0.1111110002
23733  -53.883  -14.086  34.015 0.2222220004
23734  -54.800  -13.366  33.583 0.2222220004
2946  -53.961  -13.411  31.847 0.2222220004
10627  -55.796  -12.665  33.174 0.1111110002
10628  -56.754  -11.881  32.723 0.2222220004
10626  -55.009  -12.633  31.491 0.1111110002
2948  -57.418  -11.833  34.396 0.1111110002
100  -55.990  -11.840  31.050 0.1111110002
10629  -58.247  -11.119  33.777 0.1111110002
10630  -57.667  -11.072  32.180 0.1111110002
2950  -59.036  -10.536  33.032 0.2222220004
23742  -59.934  -10.110  32.484 0.2222220004
10632  -56.972  -11.083  30.714 0.2222220004
10631  -58.552  -10.410  31.705 0.1111110002
2951  -60.710  -9.875  31.740 0.2222220004
2952  -57.948  -10.433  30.332 0.2222220004
23743  -59.464  -9.852  31.217 0.1111110002
23744  -58.880  -9.851  29.891 0.1111110002
14610  -60.942  -9.234  29.718 0.1111110002
1032  -59.694  -9.431  29.284 0.1111110002
36533  -58.840  -9.559  27.933 0.1111110002
36530  -57.976  -10.004  28.579 0.1111110002
14611  -61.579  -9.183  28.832 0.2222220004
230  -43.886  -31.261  58.586 0.2222220004
30415  -54.951  -13.976  36.108 0.2222220004
14608  -60.270  -9.553  30.539 0.1111110002
34670  -42.984  -30.927  60.455 0.1111110002
34622  -27.782  -30.349  68.357 0.3333329856
2630  -47.203  -28.254  54.907 0.3333329856
32842  -47.067  -25.681  37.788 0.1111110002
7453  -48.023  -25.333  38.343 0.1111110002
32844  -48.184  -24.968  37.379 0.1111110002
32845  -49.095  -24.477  37.908 0.1111110002
10618  -49.252  -24.032  36.934 0.1111110002
8741  -52.152  -22.372  38.289 0.1111110002
36474  -51.207  -22.708  36.663 0.1111110002
24806  -49.840  -25.156  42.288 0.1111110002
24805  -48.700  -25.302  41.930 0.1111110002
16378  -48.785  -25.342  40.730 0.1111110002
1550  -49.838  -25.106  41.134 0.1111110002
36440  -51.121  -24.889  42.864 0.1111110002
36443  -51.105  -24.844  41.805 0.1111110002
3541  -47.719  -25.515  40.294 0.1111110002
16380  -48.825  -25.270  39.685 0.1111110002
7454  -49.963  -24.521  39.324 0.1111110002
8732  -52.099  -23.559  40.517 0.1111110002
32841  -46.867  -25.748  38.725 0.1111110002
16381  -48.996  -24.989  38.826 0.1111110002
32846  -50.010  -23.994  38.383 0.1111110002
36445  -51.057  -24.064  40.061 0.1111110002
36446  -51.006  -23.577  39.016 0.1111110002
36472  -52.096  -22.958  39.528 0.1111110002
99  -50.092  -23.634  37.383 0.1111110002
36473  -51.129  -23.144  37.868 0.1111110002
8731  -52.366  -24.430  42.493 0.1111110002
16382  -49.885  -25.004  40.220 0.1111110002
36444  -51.090  -24.522  40.918 0.1111110002
19284  -52.186  -24.018  41.540 0.1111110002
1025  -50.124  -19.883  44.700 0.1111110002
14595  -56.634  -13.167  37.470 0.2222220004
2947  -55.618  -13.207  35.491 0.1111110002
30416  -55.990  -13.883  38.137 0.2222220004
6455  -57.493  -13.495  39.152 0.2222220004
14596  -58.121  -12.913  38.355 0.2222220004
30413  -53.338  -15.504  37.194 0.2222220004
11245  -43.160  -31.674  59.291 0.2222220004
32843  -47.269  -25.442  36.810 0.1111110002
16379  -47.899  -25.528  39.239 0.1111110002
3989  -43.584  -20.586  50.491 0.2222220004
25609  -43.496  -20.960  51.122 0.1111110002
19309  -52.314  -21.932  37.108 0.1111110002
4519  -54.515  -20.121  36.287 0.3333329856
26565  -55.249  -19.356  36.634 0.2222220004
4518  -56.147  -19.140  39.059 0.2222220004
12200  -57.251  -17.858  38.253 0.2222220004
12199  -56.132  -18.817  37.934 0.2222220004
4520  -56.145  -18.541  36.910 0.2222220004
26564  -55.250  -19.726  37.705 0.2222220004
36484  -56.271  -18.232  35.866 0.2222220004
8745  -56.447  -17.961  34.877 0.2222220004
23166  -46.486  -29.680  54.200 0.1111110002
19318  -57.738  -17.044  35.102 0.2222220004
19312  -53.736  -20.542  34.926 0.3333329856
17720  -44.322  -20.603  52.998 0.2222220004
10311  -46.716  -29.125  53.464 0.1111110002
19311  -54.576  -19.777  35.257 0.2222220004
34620  -26.778  -30.560  68.805 0.4444440007
10312  -46.887  -28.553  52.686 0.1111110002
13621  -48.105  -25.858  47.746 0.1111110002
29052  -47.227  -26.225  46.224 0.1111110002
13620  -47.964  -26.319  48.688 0.1111110002
29053  -48.300  -25.442  46.816 0.1111110002
3538  -47.326  -25.811  45.228 0.1111110002
11222  -49.832  -24.699  44.889 0.1111110002
29054  -49.460  -24.582  47.242 0.1111110002
11218  -48.478  -25.142  45.666 0.1111110002
222  -49.696  -24.600  46.054 0.1111110002
11220  -48.639  -25.092  44.492 0.1111110002
11688  -23.906  -31.011  68.991 0.1111110002
4011  -28.960  -29.949  66.996 0.2222220004
34621  -27.874  -30.018  67.322 0.2222220004
25650  -28.911  -29.929  65.533 0.1111110002
8104  -26.797  -30.288  67.637 0.1111110002
34619  -25.809  -30.528  67.986 0.1111110002
11247  -43.349  -32.576  58.050 0.1111110002
23728  -47.225  -19.785  46.289 0.1111110002
6453  -52.340  -16.222  37.572 0.1111110002
19290  -50.296  -19.645  41.097 0.1111110002
1028  -58.789  -12.440  37.496 0.1111110002
4531  -63.104  -12.508  24.054 0.1111110002
19349  -62.901  -13.202  22.992 0.1111110002
19350  -63.321  -12.570  22.198 0.1111110002
19352  -63.567  -11.998  21.362 0.1111110002
14594  -57.367  -12.493  36.808 0.1111110002
23737  -59.405  -11.985  36.630 0.1111110002
23736  -58.153  -11.912  36.120 0.1111110002
2063  -63.691  -11.261  22.366 0.1111110002
19348  -63.500  -11.835  23.227 0.1111110002
36551  -63.773  -10.807  21.265 0.1111110002
23738  -58.915  -11.379  35.369 0.1111110002
23739  -59.597  -10.882  34.536 0.1111110002
36552  -63.791  -11.590  20.277 0.1111110002
36550  -63.503  -9.840  21.096 0.1111110002
8767  -63.768  -10.431  20.140 0.1111110002
19375  -63.773  -10.866  18.159 0.1111110002
24603  -62.559  -11.554  12.500 0.1111110002
19373  -63.605  -10.110  19.046 0.1111110002
19376  -63.781  -11.783  17.268 0.1111110002
36557  -63.662  -12.038  15.295 0.1111110002
1480  -63.360  -12.532  14.611 0.1111110002
36560  -63.509  -11.375  14.168 0.1111110002
3428  -61.975  -12.275  13.092 0.1111110002
24602  -62.732  -12.559  13.749 0.1111110002
8766  -63.040  -9.422  22.038 0.1111110002
36549  -62.670  -9.317  20.800 0.1111110002
19372  -63.228  -9.621  19.935 0.1111110002
19371  -62.871  -9.520  18.860 0.1111110002
2066  -63.366  -9.914  17.958 0.1111110002
19377  -63.600  -10.575  17.139 0.1111110002
8769  -63.739  -11.414  16.242 0.1111110002
36559  -63.535  -10.909  15.126 0.1111110002
36561  -63.188  -10.561  13.023 0.1111110002
11108  -62.246  -10.470  11.477 0.1111110002
8765  -61.741  -8.896  23.768 0.1111110002
19369  -62.416  -9.085  22.909 0.1111110002
4539  -62.238  -9.386  19.689 0.1111110002
26602  -62.512  -9.508  17.840 0.1111110002
26603  -63.058  -9.841  16.949 0.1111110002
8770  -63.182  -10.333  13.944 0.1111110002
3427  -62.891  -10.754  12.323 0.1111110002
3429  -61.450  -10.136  10.972 0.1111110002
19370  -62.031  -9.200  21.746 0.1111110002
36558  -63.389  -10.369  16.073 0.1111110002
19379  -62.996  -10.070  14.958 0.1111110002
36562  -62.687  -9.659  12.139 0.1111110002
11107  -62.455  -9.677  11.411 0.1111110002
11109  -61.831  -9.407  10.695 0.1111110002
26604  -62.042  -9.621  16.747 0.1111110002
26605  -61.330  -9.613  15.627 0.1111110002
19380  -62.389  -9.596  13.901 0.1111110002
19381  -62.692  -9.618  12.947 0.1111110002
32427  -61.032  -9.059  10.211 0.1111110002
182  -61.939  -8.674  10.813 0.1111110002
4541  -62.634  -9.804  15.847 0.1111110002
19378  -62.014  -9.599  14.858 0.1111110002
36563  -62.137  -8.668  11.472 0.1111110002
28895  -61.329  -8.345  10.189 0.1111110002
28894  -61.322  -7.694  10.469 0.1111110002
19374  -63.879  -11.232  19.225 0.1111110002
24601  -63.175  -11.700  13.426 0.1111110002
26601  -61.785  -9.564  18.613 0.1111110002
16528  -11.524  -35.606  75.040 0.1111110002
3592  -12.926  -36.651  75.447 0.2222220004
16547  -18.043  -40.055  69.195 0.2222220004
11270  -14.396  -36.447  74.634 0.2222220004
239  -15.184  -38.017  73.774 0.2222220004
11272  -14.025  -37.232  74.935 0.2222220004
29133  -18.325  -38.858  67.401 0.2222220004
29134  -18.695  -40.202  66.708 0.2222220004
5904  -18.795  -39.548  65.795 0.2222220004
13680  -19.275  -40.348  64.199 0.2222220004
29135  -19.209  -40.908  65.066 0.2222220004
29136  -19.686  -41.653  63.637 0.2222220004
5879  -19.777  -41.134  62.844 0.2222220004
29077  -20.314  -42.287  61.183 0.1111110002
13638  -20.011  -40.895  61.901 0.2222220004
5881  -20.227  -40.672  60.856 0.1111110002
29079  -20.547  -41.640  59.395 0.1111110002
13679  -18.972  -38.933  65.004 0.2222220004
13678  -18.538  -38.202  66.593 0.2222220004
13637  -19.451  -39.703  63.488 0.2222220004
13639  -19.760  -39.503  62.544 0.2222220004
13677  -18.898  -37.634  65.925 0.2222220004
25649  -27.823  -30.055  65.830 0.1111110002
36478  -52.779  -21.327  34.718 0.1111110002
36479  -52.094  -22.049  33.344 0.1111110002
36476  -51.733  -22.127  34.349 0.1111110002
14582  -51.777  -23.194  32.123 0.1111110002
6446  -52.447  -23.424  31.538 0.1111110002
4498  -53.499  -25.991  31.350 0.1111110002
8743  -53.032  -21.135  33.591 0.1111110002
30398  -53.240  -23.662  31.105 0.1111110002
12178  -53.720  -25.026  31.076 0.1111110002
36480  -52.518  -22.050  32.343 0.1111110002
12179  -54.464  -26.077  31.396 0.1111110002
26529  -55.325  -26.971  31.788 0.1111110002
467  -53.902  -24.033  30.849 0.1111110002
19313  -53.912  -20.278  33.890 0.1111110002
19314  -53.326  -21.115  32.618 0.1111110002
36481  -53.049  -22.315  31.588 0.1111110002
12180  -54.581  -25.143  31.069 0.1111110002
4500  -55.417  -26.136  31.422 0.1111110002
33056  -17.134  -39.786  71.816 0.2222220004
29078  -20.394  -41.932  60.312 0.1111110002
26528  -54.377  -27.064  31.743 0.1111110002
30397  -52.872  -24.820  31.168 0.1111110002
36482  -53.607  -22.518  31.021 0.1111110002
33050  -16.552  -42.561  74.141 0.1111110002
16543  -17.377  -43.186  73.429 0.1111110002
16534  -9.961  -37.653  75.021 0.1111110002
24897  -11.203  -37.435  75.420 0.1111110002
33040  -10.578  -38.439  75.292 0.1111110002
7529  -16.226  -43.143  73.990 0.1111110002
16540  -15.251  -42.386  74.173 0.1111110002
24896  -11.792  -36.484  75.423 0.1111110002
3593  -11.976  -38.480  75.452 0.1111110002
3595  -16.880  -41.842  73.936 0.1111110002
16541  -15.408  -41.953  74.547 0.1111110002
16542  -17.733  -42.510  72.961 0.1111110002
1580  -10.750  -36.616  75.089 0.1111110002
24898  -12.414  -37.581  75.479 0.1111110002
24899  -13.416  -38.940  75.252 0.1111110002
24901  -15.715  -41.387  74.581 0.1111110002
24902  -15.914  -40.696  74.274 0.1111110002
24903  -17.060  -41.137  73.412 0.1111110002
16535  -13.053  -39.711  75.289 0.1111110002
24900  -14.639  -40.298  74.970 0.1111110002
11275  -16.080  -39.955  73.757 0.1111110002
3596  -17.109  -40.435  72.670 0.1111110002
11273  -13.677  -38.049  75.148 0.1111110002
3594  -14.891  -39.532  74.693 0.1111110002
11276  -16.125  -39.206  73.139 0.1111110002
16548  -18.046  -40.605  70.150 0.1111110002
720  -18.704  -40.844  67.678 0.1111110002
29080  -20.095  -39.278  61.581 0.1111110002
11274  -15.073  -38.772  74.259 0.1111110002
707  -19.309  -38.398  64.270 0.1111110002
13641  -20.517  -39.020  60.720 0.1111110002
23160  -19.747  -38.173  63.402 0.1111110002
2628  -20.226  -37.951  62.572 0.1111110002
29677  -44.455  -21.839  54.705 0.1111110002
17718  -44.451  -21.146  53.893 0.1111110002
14583  -47.244  -19.133  48.402 0.1111110002
34547  -45.693  -19.770  47.355 0.1111110002
36514  -61.051  -15.274  27.006 0.1111110002
36512  -60.193  -15.992  27.261 0.1111110002
26579  -59.199  -16.739  27.468 0.1111110002
36511  -60.137  -15.484  28.244 0.1111110002
26578  -58.170  -17.511  27.645 0.1111110002
4525  -57.073  -17.805  28.511 0.1111110002
26577  -57.267  -18.395  27.818 0.1111110002
26574  -56.068  -19.000  28.636 0.1111110002
26573  -55.840  -18.786  29.478 0.1111110002
2059  -54.944  -19.845  30.244 0.1111110002
19315  -54.085  -20.263  32.870 0.1111110002
8746  -54.794  -19.552  32.232 0.1111110002
19321  -54.901  -19.687  31.241 0.1111110002
12206  -57.957  -16.947  28.435 0.1111110002
12207  -59.016  -15.753  29.444 0.1111110002
12204  -56.853  -17.624  29.405 0.1111110002
12203  -57.778  -16.481  30.548 0.1111110002
2058  -54.638  -19.575  34.275 0.1111110002
36488  -54.635  -19.569  33.212 0.1111110002
4523  -56.749  -17.577  30.464 0.1111110002
26571  -55.699  -18.695  30.373 0.1111110002
36489  -54.239  -20.343  31.969 0.1111110002
36515  -60.305  -16.541  26.469 0.1111110002
19337  -59.625  -18.051  26.277 0.1111110002
36485  -55.400  -18.887  34.568 0.1111110002
36487  -55.422  -18.754  33.507 0.1111110002
26570  -56.694  -17.592  31.608 0.1111110002
8753  -59.785  -18.675  25.698 0.1111110002
19319  -55.641  -18.653  31.419 0.1111110002
36508  -58.969  -20.149  25.529 0.1111110002
19320  -55.524  -18.675  32.492 0.1111110002
4162  -58.290  -21.542  25.026 0.1111110002
11843  -58.350  -21.876  24.210 0.1111110002
4164  -58.241  -22.174  23.506 0.1111110002
25928  -58.169  -23.209  22.738 0.1111110002
35195  -57.949  -23.414  21.945 0.1111110002
35194  -58.021  -22.395  22.820 0.1111110002
8301  -57.527  -22.580  22.323 0.1111110002
35196  -56.884  -22.732  21.943 0.1111110002
26566  -55.251  -19.108  35.620 0.1111110002
12202  -57.748  -16.506  31.713 0.1111110002
36486  -56.559  -17.884  33.823 0.1111110002
26569  -57.714  -16.678  32.854 0.1111110002
11842  -58.885  -20.698  24.771 0.1111110002
11844  -58.704  -21.017  24.049 0.1111110002
29924  -58.918  -20.017  23.943 0.1111110002
35193  -58.345  -21.242  23.521 0.1111110002
18256  -57.864  -21.529  23.051 0.1111110002
18257  -57.212  -21.714  22.714 0.1111110002
4521  -58.864  -15.605  32.977 0.1111110002
8755  -61.063  -15.880  26.143 0.1111110002
26568  -57.750  -16.830  34.010 0.1111110002
36516  -60.388  -17.174  25.836 0.1111110002
19344  -61.081  -16.423  25.477 0.1111110002
36517  -60.446  -17.798  25.220 0.1111110002
36509  -59.786  -19.288  25.124 0.1111110002
8756  -61.004  -17.019  24.824 0.1111110002
400  -59.416  -19.789  24.472 0.1111110002
36518  -60.304  -18.424  24.652 0.1111110002
29923  -59.807  -18.860  24.115 0.1111110002
36519  -60.753  -17.618  24.242 0.1111110002
6241  -60.198  -18.047  23.736 0.1111110002
6242  -58.311  -20.330  23.547 0.1111110002
18255  -57.693  -20.531  23.254 0.1111110002
29925  -59.139  -19.160  23.679 0.1111110002
19345  -61.540  -15.586  25.057 0.1111110002
19346  -61.352  -16.158  24.447 0.1111110002
4527  -59.020  -16.145  28.350 0.1111110002
1581  -14.357  -40.915  74.927 0.1111110002
24905  -19.222  -41.586  66.010 0.1111110002
13640  -20.774  -37.782  61.699 0.1111110002
19333  -58.409  -18.215  27.069 0.1111110002
4526  -57.469  -19.083  27.325 0.1111110002
26575  -56.355  -19.375  27.954 0.1111110002
19322  -54.461  -20.575  31.099 0.1111110002
12205  -57.901  -16.593  29.458 0.1111110002
19336  -58.891  -19.588  26.162 0.1111110002
4522  -56.614  -17.706  32.676 0.1111110002
29926  -58.440  -19.273  23.355 0.1111110002
