#!ascii label  , from subject fsaverage6 vox2ras=TkReg 
2080
24904  -17.868  -41.805  72.116 0.1000000015
7532  -18.584  -41.910  69.566 0.1000000015
3596  -17.109  -40.435  72.670 0.1000000015
33056  -17.134  -39.786  71.816 0.1000000015
16548  -18.046  -40.605  70.150 0.1000000015
720  -18.704  -40.844  67.678 0.1000000015
29134  -18.695  -40.202  66.708 0.1000000015
29135  -19.209  -40.908  65.066 0.1000000015
5904  -18.795  -39.548  65.795 0.1000000015
29136  -19.686  -41.653  63.637 0.1000000015
24845  -25.015  -43.819  55.605 0.2000000030
3564  -24.346  -42.631  54.641 0.2000000030
11242  -22.784  -42.283  55.372 0.2000000030
11243  -23.830  -43.150  55.293 0.2000000030
29123  -16.097  -32.778  74.197 0.2000000030
5900  -15.869  -33.770  74.187 0.3000000119
29126  -14.888  -35.662  74.217 0.1000000015
13673  -15.635  -35.036  73.574 0.1000000015
13671  -17.013  -33.461  73.626 0.3000000119
5901  -15.718  -36.573  72.549 0.1000000015
29128  -16.216  -38.581  72.409 0.1000000015
29127  -15.377  -37.254  73.217 0.1000000015
13675  -16.625  -37.265  70.825 0.1000000015
5902  -17.190  -39.268  70.851 0.2000000030
29129  -16.386  -37.945  71.653 0.2000000030
16547  -18.043  -40.055  69.195 0.1000000015
29133  -18.325  -38.858  67.401 0.1000000015
13679  -18.972  -38.933  65.004 0.1000000015
13680  -19.275  -40.348  64.199 0.1000000015
13637  -19.451  -39.703  63.488 0.1000000015
5879  -19.777  -41.134  62.844 0.1000000015
13639  -19.760  -39.503  62.544 0.1000000015
36684  -25.772  -43.112  54.209 0.2000000030
24846  -25.466  -43.532  54.952 0.2000000030
11244  -23.343  -41.799  54.723 0.1000000015
23178  -18.442  -32.333  73.339 0.3000000119
13670  -17.732  -34.243  72.375 0.3000000119
2638  -18.197  -33.185  73.204 0.3000000119
13672  -16.582  -34.641  72.875 0.2000000030
719  -17.285  -35.403  71.154 0.2000000030
23180  -18.841  -34.045  71.943 0.3000000119
13674  -16.366  -35.946  71.795 0.2000000030
29130  -17.275  -38.638  69.960 0.2000000030
13676  -17.270  -36.640  70.067 0.2000000030
23181  -18.278  -35.146  70.471 0.2000000030
2639  -19.238  -34.819  70.074 0.3000000119
5903  -17.621  -37.993  69.129 0.2000000030
23182  -18.001  -36.148  69.364 0.2000000030
23183  -18.767  -35.755  68.780 0.3000000119
23184  -19.188  -36.496  66.981 0.3000000119
29132  -18.052  -37.490  68.258 0.3000000119
2640  -18.531  -36.908  67.613 0.3000000119
13678  -18.538  -38.202  66.593 0.3000000119
13677  -18.898  -37.634  65.925 0.3000000119
23159  -19.401  -37.168  65.311 0.3000000119
707  -19.309  -38.398  64.270 0.2000000030
29080  -20.095  -39.278  61.581 0.3000000119
29081  -20.462  -40.350  59.912 0.3000000119
5882  -20.809  -40.022  59.113 0.2000000030
29084  -21.486  -40.503  56.936 0.1000000015
11240  -21.968  -41.429  55.967 0.1000000015
229  -22.521  -40.956  55.234 0.1000000015
36682  -23.818  -41.227  53.929 0.2000000030
36683  -24.707  -42.140  53.870 0.2000000030
2637  -20.312  -32.971  72.420 0.3000000119
10318  -19.853  -33.862  71.557 0.3000000119
17799  -35.438  -31.486  66.682 0.6000000238
34660  -36.556  -31.440  66.319 0.5000000000
34659  -35.887  -30.895  66.402 0.4000000060
8109  -35.992  -32.145  66.302 0.8000000119
8117  -37.040  -30.731  66.072 0.4000000060
10320  -19.615  -35.462  68.236 0.3000000119
34634  -35.369  -32.912  66.017 0.8999999762
34661  -37.071  -32.054  65.866 0.8000000119
2627  -19.877  -36.078  66.511 0.4000000060
2965  -34.695  -33.630  65.489 0.8999999762
34635  -36.388  -32.808  65.613 0.8000000119
17821  -37.675  -31.328  65.930 0.5000000000
10308  -20.522  -36.045  65.720 0.4000000060
23160  -19.747  -38.173  63.402 0.3000000119
23161  -20.005  -36.946  64.545 0.4000000060
10645  -35.676  -33.511  65.147 0.8999999762
48  -36.691  -33.416  64.662 0.8999999762
34662  -37.475  -32.663  65.133 0.8999999762
2628  -20.226  -37.951  62.572 0.4000000060
10646  -34.743  -34.255  64.087 0.8999999762
10647  -35.748  -34.092  63.805 0.8999999762
13641  -20.517  -39.020  60.720 0.3000000119
32934  -37.858  -33.759  62.646 0.8999999762
36691  -35.780  -34.479  62.222 0.8999999762
7487  -36.882  -34.254  61.747 0.8999999762
13643  -21.181  -39.613  58.354 0.1000000015
32935  -37.891  -34.077  61.138 1.0000000000
29085  -22.003  -40.087  56.191 0.1000000015
19489  -35.732  -34.615  60.558 1.0000000000
19488  -36.859  -34.429  60.133 1.0000000000
36687  -26.839  -44.034  54.870 0.2000000030
32936  -37.862  -34.234  59.496 1.0000000000
36686  -26.212  -42.814  53.502 0.2000000030
1565  -36.852  -34.703  58.430 1.0000000000
32939  -37.860  -34.536  57.932 1.0000000000
34770  -21.373  -33.112  71.858 0.4000000060
34630  -32.391  -31.384  67.932 0.4000000060
34631  -32.916  -32.199  67.532 0.5000000000
10319  -20.213  -34.633  69.634 0.4000000060
10317  -20.878  -33.835  71.045 0.5000000000
17797  -34.390  -31.526  67.058 0.5000000000
17  -21.134  -34.619  69.129 0.5000000000
17798  -34.953  -32.178  66.694 0.6999999881
25670  -39.395  -29.594  64.748 0.4000000060
1830  -39.112  -30.334  65.199 0.5000000000
10307  -20.510  -35.261  67.794 0.4000000060
10309  -21.212  -35.338  67.008 0.4000000060
23767  -33.733  -33.654  65.792 0.8000000119
34633  -34.388  -32.976  66.380 0.8000000119
8118  -38.153  -31.961  65.340 0.8000000119
17822  -38.732  -31.091  65.417 0.5000000000
23162  -20.573  -36.883  63.637 0.4000000060
2629  -21.072  -36.056  64.832 0.4000000060
32932  -37.698  -33.276  64.089 0.8999999762
34663  -38.474  -32.558  64.464 0.8999999762
17823  -39.150  -31.798  64.710 0.8999999762
13640  -20.774  -37.782  61.699 0.4000000060
23163  -21.129  -36.853  62.809 0.4000000060
7486  -38.695  -33.068  63.390 1.0000000000
13642  -20.998  -38.712  59.953 0.3000000119
2967  -34.760  -34.605  62.616 0.8999999762
16451  -38.884  -33.552  61.990 1.0000000000
5883  -21.713  -39.251  57.572 0.3000000119
19490  -35.792  -34.783  58.924 1.0000000000
26671  -35.756  -35.177  57.315 1.0000000000
19481  -24.235  -40.706  53.162 0.2000000030
19484  -26.599  -42.482  52.794 0.2000000030
26670  -36.857  -35.103  57.031 1.0000000000
26672  -35.754  -35.805  56.180 1.0000000000
4578  -36.787  -35.769  55.983 1.0000000000
32940  -37.845  -35.106  56.691 1.0000000000
12259  -35.740  -36.384  55.323 1.0000000000
12258  -36.608  -36.269  54.972 1.0000000000
32941  -37.707  -35.691  55.660 1.0000000000
32942  -37.395  -36.140  54.496 1.0000000000
231  -36.257  -36.560  53.889 0.8999999762
30504  -35.621  -36.861  52.619 0.8999999762
32951  -36.928  -36.392  53.167 0.8999999762
32952  -35.987  -36.540  51.733 0.8000000119
6494  -32.288  -38.633  50.114 0.3000000119
8099  -22.292  -33.338  71.129 0.5000000000
34607  -21.794  -34.013  70.293 0.5000000000
34629  -32.353  -32.888  67.153 0.5000000000
1827  -34.789  -30.935  66.748 0.4000000060
34632  -33.369  -32.969  66.880 0.6000000238
8108  -33.919  -32.227  67.111 0.6999999881
36664  -21.998  -35.257  66.471 0.4000000060
34658  -36.220  -30.411  65.757 0.3000000119
17819  -37.352  -30.199  65.488 0.3000000119
17818  -38.418  -29.911  65.164 0.2000000030
8116  -35.244  -30.357  65.057 0.3000000119
25671  -40.085  -30.012  64.672 0.6000000238
23769  -33.759  -34.345  64.298 0.8000000119
34657  -36.442  -30.186  64.825 0.2000000030
17824  -39.707  -30.919  64.819 0.8000000119
34666  -40.620  -30.572  64.200 0.8000000119
36665  -21.844  -35.946  64.268 0.4000000060
8119  -40.117  -31.514  64.066 0.8000000119
709  -21.289  -37.655  60.908 0.4000000060
16450  -39.717  -32.868  62.655 0.8000000119
34665  -40.350  -32.064  63.032 0.8000000119
13644  -21.465  -38.454  59.133 0.4000000060
36692  -34.631  -34.851  60.828 0.8999999762
16452  -39.851  -33.360  61.230 1.0000000000
36672  -22.478  -39.532  55.362 0.4000000060
8815  -34.660  -34.940  59.256 0.8999999762
7488  -38.920  -33.912  60.438 1.0000000000
36681  -23.046  -40.356  54.461 0.1000000015
8811  -23.592  -39.797  53.656 0.1000000015
4579  -34.856  -35.771  56.391 1.0000000000
36694  -34.764  -35.211  57.641 0.8999999762
32938  -38.861  -34.161  58.805 1.0000000000
19482  -24.794  -40.194  52.482 0.1000000015
19486  -28.545  -44.766  54.874 0.2000000030
7489  -38.862  -34.548  57.396 1.0000000000
8812  -25.077  -41.701  53.044 0.2000000030
19485  -27.705  -43.518  53.462 0.2000000030
2082  -28.237  -43.158  52.876 0.2000000030
36685  -25.644  -41.301  52.422 0.2000000030
16456  -38.826  -35.104  56.224 1.0000000000
19483  -27.109  -42.095  52.251 0.2000000030
12260  -35.481  -36.763  54.297 0.8999999762
7490  -38.667  -35.591  55.125 1.0000000000
32950  -38.213  -35.898  53.821 0.8999999762
6493  -33.914  -37.810  52.630 0.8000000119
30505  -35.027  -37.119  53.249 0.8000000119
26675  -32.587  -41.255  51.176 0.3000000119
30507  -33.237  -38.213  51.381 0.6000000238
30506  -34.376  -37.399  52.007 0.8000000119
7493  -37.400  -36.113  52.289 0.8999999762
30511  -32.204  -40.713  50.430 0.3000000119
14659  -33.331  -37.561  50.647 0.6999999881
6492  -34.614  -36.924  51.211 0.8000000119
32953  -34.940  -36.483  50.292 0.8000000119
30510  -31.895  -39.982  49.723 0.3000000119
16466  -36.265  -36.172  50.734 0.8000000119
14660  -32.357  -37.921  49.387 0.4000000060
14658  -33.541  -36.949  49.860 0.5000000000
32954  -33.770  -36.491  48.922 0.5000000000
7494  -35.099  -36.116  49.297 0.6000000238
1048  -32.454  -37.322  48.508 0.4000000060
32957  -32.605  -36.906  47.503 0.4000000060
32956  -33.841  -36.165  47.858 0.4000000060
32955  -35.159  -35.808  48.199 0.5000000000
7495  -32.543  -36.558  46.463 0.4000000060
16469  -33.782  -35.912  46.748 0.5000000000
17794  -31.396  -31.304  68.226 0.3000000119
4013  -32.725  -30.781  67.504 0.3000000119
17778  -23.317  -33.363  70.632 0.6000000238
8107  -31.914  -32.125  67.872 0.4000000060
34609  -22.799  -34.048  69.812 0.6999999881
17796  -33.355  -31.481  67.463 0.4000000060
14650  -31.638  -33.569  66.197 0.6000000238
17795  -33.727  -30.865  67.068 0.2000000030
25656  -33.947  -30.409  66.437 0.2000000030
25672  -40.290  -29.230  64.209 0.4000000060
4023  -40.955  -29.618  64.058 0.5000000000
19466  -22.858  -35.221  65.924 0.6999999881
14652  -31.756  -34.245  64.493 0.8000000119
1045  -32.704  -33.621  66.098 0.8000000119
34655  -34.066  -30.285  65.252 0.3000000119
4021  -37.613  -29.843  64.625 0.2000000030
17825  -41.854  -29.117  63.468 0.6000000238
23768  -32.771  -34.316  64.432 0.8000000119
8806  -22.679  -35.800  63.802 0.5000000000
2966  -32.710  -34.754  62.671 0.8000000119
36666  -21.828  -36.626  62.342 0.4000000060
23770  -33.703  -34.768  62.611 0.8000000119
34667  -41.013  -31.137  63.359 0.8999999762
17826  -41.536  -30.125  63.525 0.8000000119
36669  -21.967  -37.305  60.308 0.4000000060
14654  -31.583  -35.053  60.694 0.8999999762
34668  -41.301  -31.686  62.227 0.8999999762
23771  -33.596  -35.010  61.011 0.8999999762
36671  -22.225  -38.646  56.798 0.4000000060
36670  -22.104  -37.958  58.538 0.5000000000
36693  -33.593  -35.134  59.429 0.8999999762
36695  -33.755  -35.304  57.846 0.8999999762
16454  -39.942  -34.108  58.183 1.0000000000
19480  -24.225  -39.205  53.013 0.1000000015
36714  -29.678  -44.075  53.576 0.2000000030
19491  -34.011  -36.394  55.403 0.8999999762
19492  -33.966  -35.738  56.488 0.8999999762
16455  -39.945  -34.547  56.784 1.0000000000
26673  -34.828  -36.367  55.407 1.0000000000
4576  -26.176  -40.906  51.851 0.2000000030
16457  -39.772  -35.021  55.609 1.0000000000
4580  -34.665  -36.974  54.509 0.8999999762
16464  -38.827  -35.693  52.939 1.0000000000
36700  -34.391  -37.403  53.560 0.8999999762
32949  -39.453  -35.351  54.367 1.0000000000
4582  -31.793  -40.723  51.884 0.3000000119
1049  -32.329  -39.869  51.321 0.3000000119
19496  -32.918  -38.677  51.877 0.6000000238
16465  -37.757  -35.835  51.264 1.0000000000
30508  -32.386  -39.317  50.741 0.4000000060
16467  -36.481  -35.823  49.678 0.8999999762
17781  -25.458  -32.134  70.065 0.6000000238
17793  -30.926  -32.066  68.104 0.4000000060
25653  -31.737  -30.655  67.896 0.2000000030
34610  -23.682  -34.065  69.309 0.6999999881
19465  -23.866  -34.513  67.599 0.6999999881
34628  -31.362  -32.820  67.364 0.6000000238
8100  -22.969  -34.642  68.096 0.6999999881
30495  -29.612  -33.902  64.295 0.6999999881
25655  -32.966  -30.332  66.754 0.2000000030
4014  -33.048  -30.131  65.623 0.2000000030
25673  -41.186  -28.714  63.665 0.4000000060
19467  -23.691  -35.017  65.335 0.6000000238
14651  -30.715  -34.081  64.507 0.8000000119
34654  -33.040  -30.224  64.164 0.2000000030
25669  -38.594  -29.457  64.358 0.2000000030
4022  -39.563  -29.057  63.933 0.4000000060
6489  -30.638  -34.578  62.478 0.8000000119
8115  -32.994  -30.604  62.469 0.2000000030
17816  -34.161  -30.450  63.895 0.2000000030
17817  -35.369  -30.422  63.784 0.2000000030
25667  -36.619  -30.144  63.611 0.2000000030
25668  -37.754  -29.719  63.459 0.2000000030
17827  -42.408  -29.665  62.810 0.8000000119
36668  -22.627  -36.372  61.676 0.4000000060
30498  -31.679  -34.714  62.618 0.8000000119
25666  -36.741  -30.309  62.157 0.2000000030
30499  -30.464  -34.963  60.441 0.8000000119
1829  -35.506  -30.672  62.263 0.2000000030
17828  -42.755  -30.271  61.776 0.8999999762
8807  -22.715  -36.859  59.758 0.5000000000
1564  -40.616  -32.559  61.865 1.0000000000
34669  -42.186  -31.339  61.350 0.8999999762
14655  -31.491  -35.345  59.037 0.8999999762
1047  -32.567  -35.299  59.416 0.8999999762
24848  -40.785  -33.131  60.364 1.0000000000
24847  -41.505  -32.236  60.944 1.0000000000
32937  -40.015  -33.801  59.724 1.0000000000
8808  -22.861  -38.056  56.140 0.3000000119
36696  -32.752  -35.447  57.861 0.8999999762
36680  -23.163  -38.870  54.737 0.2000000030
8816  -32.958  -35.728  56.481 0.8999999762
16453  -40.989  -33.997  57.462 1.0000000000
1566  -40.886  -34.461  56.105 1.0000000000
26666  -25.418  -39.693  51.821 0.1000000015
26668  -26.903  -40.369  51.404 0.2000000030
32948  -40.505  -34.814  54.810 1.0000000000
26669  -27.750  -41.567  51.811 0.2000000030
26674  -33.875  -37.059  54.510 1.0000000000
7492  -40.029  -35.134  53.523 1.0000000000
36704  -31.734  -38.537  52.445 0.8000000119
19499  -31.250  -41.162  51.689 0.3000000119
36701  -33.639  -37.649  53.697 0.8999999762
8818  -32.653  -38.338  52.860 0.6999999881
19497  -33.334  -38.061  52.832 0.8999999762
16463  -39.171  -35.417  51.927 0.8999999762
26676  -32.203  -40.232  51.742 0.3000000119
19498  -32.487  -38.976  52.151 0.6000000238
1567  -37.902  -35.580  50.143 0.8999999762
24857  -36.619  -35.533  48.592 0.8999999762
3571  -35.173  -35.527  47.048 0.5000000000
17791  -29.345  -31.329  68.712 0.4000000060
17792  -30.364  -31.260  68.481 0.3000000119
8106  -29.865  -32.021  68.349 0.4000000060
1826  -30.734  -30.616  68.162 0.2000000030
34611  -24.584  -33.829  68.864 0.6999999881
34613  -25.156  -32.988  69.706 0.6000000238
34614  -25.490  -33.562  68.324 0.6000000238
34626  -29.293  -32.709  67.595 0.6000000238
34627  -30.387  -32.792  67.603 0.6000000238
26656  -25.592  -33.952  66.563 0.8000000119
30493  -29.563  -33.307  66.256 0.6999999881
25654  -31.955  -30.225  67.110 0.2000000030
1824  -24.730  -34.298  67.022 0.6999999881
11703  -40.424  -28.555  63.477 0.3000000119
26657  -24.524  -34.767  64.858 0.6999999881
30494  -28.476  -33.784  64.181 0.8000000119
11694  -31.980  -30.078  64.490 0.2000000030
25674  -41.992  -28.075  63.189 0.5000000000
36667  -23.522  -35.532  63.213 0.6999999881
6488  -28.347  -34.315  62.027 0.8000000119
30496  -29.528  -34.444  62.234 0.8000000119
11701  -38.712  -29.274  63.151 0.2000000030
19473  -28.213  -34.849  60.011 0.8000000119
17815  -34.215  -30.732  62.408 0.2000000030
1831  -42.722  -28.536  62.855 0.6999999881
30497  -29.329  -34.856  60.125 0.8000000119
19469  -23.476  -35.954  61.147 0.5000000000
17814  -32.928  -30.864  60.782 0.1000000015
17829  -43.245  -29.113  62.107 0.8999999762
30500  -29.324  -35.320  58.343 0.6999999881
6490  -30.433  -35.330  58.694 0.8000000119
17813  -34.114  -30.962  60.603 0.1000000015
34670  -42.984  -30.927  60.455 0.8999999762
19471  -22.803  -37.419  57.873 0.6000000238
19470  -23.493  -36.422  59.165 0.6000000238
24849  -41.785  -32.925  59.527 1.0000000000
3565  -42.389  -31.938  60.077 1.0000000000
11245  -43.160  -31.674  59.291 1.0000000000
19472  -23.518  -36.847  57.341 0.5000000000
14656  -30.649  -35.571  57.221 0.8999999762
36679  -23.563  -37.490  55.566 0.3000000119
14657  -31.662  -35.543  57.614 0.8999999762
3566  -40.963  -33.628  58.917 1.0000000000
24850  -41.920  -33.567  58.180 1.0000000000
3567  -42.736  -33.402  57.528 1.0000000000
19479  -23.840  -38.303  54.059 0.1000000015
36697  -31.872  -35.729  56.210 0.8999999762
24851  -41.863  -33.961  56.738 1.0000000000
2081  -24.933  -38.639  52.410 0.1000000015
8817  -31.028  -36.729  53.384 0.8000000119
19494  -31.940  -36.128  54.868 0.8999999762
32945  -41.626  -34.357  55.401 1.0000000000
36707  -30.056  -37.699  52.004 0.6999999881
19493  -33.069  -36.250  55.243 0.8999999762
2083  -32.992  -36.977  54.282 0.8999999762
4577  -27.712  -39.931  51.237 0.2000000030
36709  -28.573  -39.538  51.140 0.3000000119
36710  -28.523  -41.159  51.417 0.2000000030
19502  -30.164  -38.928  51.488 0.4000000060
36706  -31.013  -37.623  52.476 0.8000000119
19495  -32.027  -36.806  53.835 0.8000000119
19504  -29.267  -40.783  51.223 0.3000000119
36705  -31.790  -37.685  52.982 0.8000000119
36702  -32.780  -37.745  53.541 1.0000000000
16462  -40.407  -34.952  52.537 1.0000000000
19503  -29.933  -40.443  51.199 0.3000000119
16461  -39.337  -35.172  50.870 0.8999999762
19500  -31.151  -39.794  51.713 0.4000000060
36703  -31.858  -39.386  52.174 0.4000000060
8102  -26.006  -32.707  69.263 0.6000000238
8103  -27.847  -32.188  68.798 0.6000000238
34625  -28.827  -32.036  68.516 0.5000000000
34615  -26.360  -33.156  68.115 0.6000000238
34616  -27.197  -32.941  67.828 0.6000000238
34617  -28.204  -32.767  67.641 0.6000000238
4570  -26.456  -33.612  66.332 0.6999999881
372  -28.446  -33.248  66.142 0.6999999881
25652  -30.961  -30.136  67.558 0.2000000030
26658  -25.460  -34.453  64.438 0.8000000119
12252  -27.380  -33.773  64.238 0.8000000119
4571  -24.418  -35.181  62.800 0.8000000119
36673  -27.256  -34.290  62.094 0.8000000119
11692  -30.977  -29.999  64.844 0.2000000030
34653  -31.910  -30.338  62.715 0.2000000030
4020  -37.878  -29.824  62.020 0.1000000015
19468  -24.229  -35.613  60.725 0.6000000238
34652  -31.777  -30.678  60.937 0.2000000030
2080  -24.360  -35.984  58.790 0.8000000119
26660  -25.110  -35.258  60.418 0.6000000238
19475  -27.174  -35.455  58.080 0.6999999881
17811  -35.465  -30.848  60.678 0.1000000015
25665  -36.738  -30.536  60.466 0.1000000015
36675  -25.207  -35.707  58.395 0.6999999881
1046  -28.248  -35.380  58.131 0.6999999881
8114  -32.820  -31.002  59.187 0.1000000015
17812  -34.078  -31.005  59.048 0.1000000015
8121  -43.571  -29.698  60.965 0.8999999762
30501  -29.532  -35.597  56.865 0.6999999881
34671  -43.729  -30.421  59.677 0.8999999762
36678  -24.363  -36.478  56.847 0.4000000060
8810  -24.435  -36.996  55.102 0.5000000000
36677  -25.298  -36.196  56.420 0.6000000238
11246  -42.614  -32.744  58.815 1.0000000000
34680  -44.449  -29.998  58.950 0.8999999762
19477  -25.351  -36.640  54.778 0.4000000060
6491  -30.773  -35.770  55.795 0.8000000119
11247  -43.349  -32.576  58.050 1.0000000000
29087  -44.132  -32.281  57.457 1.0000000000
29086  -44.586  -30.904  57.992 1.0000000000
19478  -24.553  -37.725  53.557 0.4000000060
32943  -43.420  -33.159  56.753 1.0000000000
29088  -44.807  -31.853  56.764 1.0000000000
36699  -29.940  -36.823  52.898 0.6999999881
36698  -30.889  -36.121  54.467 0.6999999881
32944  -42.567  -33.882  56.011 1.0000000000
5885  -44.064  -32.891  56.062 1.0000000000
26665  -25.730  -38.177  52.099 0.3000000119
4575  -26.714  -37.678  52.020 0.1000000015
7491  -42.135  -34.190  54.593 1.0000000000
16459  -43.110  -33.633  55.271 1.0000000000
29089  -44.633  -32.541  55.421 1.0000000000
26667  -26.238  -39.246  51.476 0.1000000015
12256  -27.158  -38.783  51.402 0.2000000030
36708  -29.033  -37.938  51.645 0.3000000119
32947  -41.129  -34.633  54.073 1.0000000000
32946  -41.535  -34.477  53.103 1.0000000000
8820  -29.416  -39.204  51.213 0.3000000119
19501  -30.516  -40.086  51.394 0.4000000060
8819  -30.918  -38.685  51.910 0.5000000000
24856  -38.056  -35.272  49.107 0.8000000119
17780  -25.667  -31.378  69.873 0.2000000030
17782  -26.402  -31.803  69.688 0.4000000060
17790  -29.694  -30.644  68.466 0.4000000060
34624  -28.280  -31.430  69.001 0.4000000060
8105  -28.627  -30.721  68.760 0.3000000119
12250  -27.410  -33.336  66.185 0.6999999881
12251  -26.346  -34.075  64.199 0.8000000119
17788  -29.957  -30.141  67.851 0.2000000030
25651  -30.006  -29.846  66.764 0.2000000030
11702  -39.676  -28.686  62.828 0.2000000030
4024  -41.270  -27.897  63.032 0.3000000119
26659  -25.258  -34.860  62.435 0.8000000119
4572  -26.179  -34.525  62.128 0.8000000119
4012  -31.069  -29.925  66.410 0.2000000030
34673  -42.064  -27.184  62.657 0.3000000119
11700  -38.848  -29.261  61.772 0.1000000015
34674  -42.857  -27.415  62.697 0.5000000000
36674  -26.122  -35.063  60.203 0.8000000119
19474  -27.100  -34.921  59.945 0.8000000119
11699  -37.916  -29.947  60.408 0.1000000015
34677  -43.545  -27.901  62.305 0.6999999881
8809  -26.143  -35.524  58.089 0.6999999881
8112  -30.459  -30.695  59.321 0.2000000030
34651  -31.620  -30.888  59.231 0.1000000015
34679  -44.289  -29.173  60.215 0.8000000119
26661  -28.401  -35.714  56.454 0.6999999881
8124  -45.043  -28.656  59.504 0.8999999762
36676  -26.296  -35.973  56.294 0.6000000238
26662  -27.320  -35.821  56.308 0.6000000238
26663  -27.421  -36.221  54.708 0.5000000000
4573  -28.540  -35.983  55.006 0.6999999881
30502  -29.736  -35.806  55.428 0.6999999881
5884  -45.239  -30.512  57.308 1.0000000000
19476  -25.451  -37.323  53.208 0.4000000060
4574  -26.336  -36.439  54.616 0.4000000060
26664  -26.450  -36.994  53.081 0.5000000000
12254  -27.561  -36.619  53.300 0.6000000238
12253  -28.687  -36.397  53.631 0.6999999881
30503  -29.772  -36.181  54.038 0.6999999881
13646  -45.301  -31.356  56.071 1.0000000000
12255  -27.754  -37.298  52.143 0.4000000060
478  -28.895  -36.964  52.582 0.5000000000
16460  -42.605  -33.957  53.811 1.0000000000
16458  -43.626  -33.380  54.536 1.0000000000
5886  -45.071  -31.913  54.726 1.0000000000
12257  -28.036  -38.314  51.434 0.3000000119
29090  -44.111  -32.912  53.839 1.0000000000
3569  -40.602  -34.705  51.570 1.0000000000
24853  -41.790  -34.205  52.258 1.0000000000
711  -42.956  -33.647  52.975 1.0000000000
24852  -41.944  -33.738  51.431 1.0000000000
24855  -39.418  -34.834  49.821 0.8999999762
11704  -40.472  -28.061  62.460 0.2000000030
8122  -42.876  -26.433  62.234 0.3000000119
374  -39.742  -28.513  61.488 0.1000000015
29727  -40.535  -27.712  61.166 0.1000000015
11698  -38.918  -29.306  60.202 0.1000000015
34644  -30.692  -30.497  61.207 0.2000000030
25664  -36.656  -30.552  58.832 0.1000000015
34678  -44.033  -28.521  61.374 0.6999999881
4019  -35.358  -30.891  58.980 0.1000000015
34681  -45.127  -29.616  58.323 0.8999999762
13645  -45.800  -29.940  56.695 1.0000000000
13647  -45.827  -30.870  55.437 1.0000000000
29092  -44.441  -32.292  53.171 1.0000000000
29093  -43.176  -33.090  52.178 1.0000000000
24854  -40.715  -34.327  50.617 1.0000000000
13649  -44.623  -31.664  52.491 0.8999999762
29094  -42.007  -33.137  50.566 0.8999999762
11249  -39.468  -34.348  48.840 0.8000000119
3568  -40.777  -33.752  49.746 0.8999999762
29095  -40.762  -33.085  49.018 0.8999999762
13651  -42.095  -32.422  49.949 0.8999999762
17831  -42.068  -26.440  61.843 0.2000000030
34672  -41.266  -27.267  62.115 0.1000000015
34676  -43.670  -26.739  62.210 0.2000000030
17834  -44.507  -26.096  61.718 0.4000000060
17835  -45.150  -26.607  61.183 0.6999999881
17836  -44.818  -27.838  60.832 0.6999999881
34682  -45.735  -29.041  57.773 1.0000000000
29091  -45.399  -31.354  54.023 1.0000000000
5887  -43.340  -32.422  51.495 0.8999999762
13650  -43.453  -31.757  50.851 0.8999999762
13648  -44.798  -31.101  51.833 0.8999999762
11248  -39.470  -33.679  48.107 0.8000000119
5888  -40.752  -32.380  48.368 0.8999999762
13652  -42.119  -31.713  49.248 0.8999999762
29096  -39.385  -33.009  47.392 0.8000000119
34675  -43.731  -25.779  61.859 0.1000000015
17837  -45.561  -27.253  60.208 0.8000000119
17838  -45.728  -28.078  58.966 0.6999999881
8125  -46.379  -27.474  58.423 0.6000000238
34683  -46.387  -28.452  57.242 0.8000000119
34685  -47.007  -26.924  57.826 0.8000000119
710  -46.360  -29.388  56.144 0.8999999762
23165  -46.214  -30.231  54.890 1.0000000000
2631  -45.637  -30.772  53.399 1.0000000000
712  -43.565  -31.110  50.196 0.8999999762
13654  -42.459  -31.059  48.782 0.8999999762
29098  -39.591  -32.295  47.001 0.6999999881
13653  -41.032  -31.641  47.895 0.8000000119
29099  -39.841  -31.638  46.508 0.8000000119
5890  -41.347  -31.067  47.392 0.8999999762
17832  -42.910  -25.657  61.552 0.2000000030
4026  -44.592  -25.003  61.385 0.1000000015
17833  -45.371  -25.340  61.228 0.3000000119
25678  -45.394  -24.264  60.893 0.2000000030
1832  -45.923  -25.907  60.604 0.5000000000
25679  -46.122  -24.655  60.637 0.2000000030
17839  -46.298  -26.635  59.544 0.5000000000
25680  -46.663  -25.241  59.993 0.5000000000
34684  -46.958  -25.996  58.986 0.6999999881
34686  -46.954  -27.939  56.656 0.8999999762
23166  -46.486  -29.680  54.200 1.0000000000
23167  -45.895  -30.212  52.705 0.8999999762
23168  -44.901  -30.577  51.129 0.8999999762
23169  -43.867  -30.605  49.682 0.8999999762
29100  -40.173  -31.045  45.961 0.8000000119
4028  -47.363  -24.633  59.387 0.4000000060
8126  -47.617  -26.421  57.176 0.8999999762
23164  -46.833  -28.818  55.599 0.8999999762
34687  -47.512  -27.371  56.044 0.8999999762
2630  -47.203  -28.254  54.907 1.0000000000
10311  -46.716  -29.125  53.464 0.8999999762
2632  -46.040  -29.720  51.947 0.8999999762
23170  -45.188  -30.043  50.558 0.8999999762
29101  -42.713  -30.549  48.202 0.8999999762
29102  -41.635  -30.522  46.757 0.8999999762
13656  -43.100  -30.160  47.578 0.8999999762
713  -39.043  -31.011  44.629 0.8000000119
29103  -40.510  -30.545  45.291 0.8000000119
5891  -42.020  -30.130  46.072 0.8999999762
24865  -39.472  -30.501  43.999 0.6999999881
24866  -37.906  -31.041  43.204 0.5000000000
17841  -47.628  -25.441  58.350 0.6000000238
17843  -48.148  -25.864  56.582 0.8999999762
34688  -47.967  -26.811  55.428 0.8999999762
10313  -46.345  -29.138  51.504 0.8999999762
23171  -45.510  -29.575  50.009 0.8999999762
2633  -44.144  -30.144  49.004 0.8999999762
29104  -40.966  -30.095  44.710 0.8000000119
3575  -39.906  -30.073  43.389 0.6999999881
24867  -38.417  -30.525  42.639 0.5000000000
17842  -48.200  -24.835  57.734 0.6999999881
10312  -46.887  -28.553  52.686 0.8999999762
13655  -44.496  -29.769  48.370 0.8999999762
700  -44.816  -29.374  47.748 0.8999999762
13657  -43.418  -29.792  46.827 0.8999999762
13658  -42.340  -29.800  45.352 0.8000000119
29105  -41.374  -29.722  43.985 0.6999999881
5866  -42.737  -29.422  44.594 0.8000000119
11255  -40.427  -29.629  42.691 0.6999999881
29044  -41.798  -29.309  43.266 0.6999999881
11256  -38.957  -30.064  42.043 0.5000000000
11257  -39.421  -29.598  41.332 0.5000000000
11258  -38.625  -29.682  40.016 0.3000000119
34525  -48.348  -26.333  54.719 0.8000000119
10310  -47.584  -27.684  54.247 0.8999999762
15  -47.837  -27.170  53.375 0.8999999762
10300  -47.240  -27.879  52.105 0.8999999762
2620  -46.570  -28.534  50.858 0.8999999762
23150  -48.588  -25.785  50.888 0.8999999762
36422  -49.538  -24.283  51.546 0.8999999762
23146  -45.728  -29.119  49.323 0.8999999762
13618  -47.813  -26.778  49.466 0.8000000119
702  -48.798  -25.539  50.102 0.8000000119
13619  -47.033  -27.308  48.064 0.8000000119
13620  -47.964  -26.319  48.688 0.8000000119
13622  -48.947  -25.227  49.139 0.8000000119
13615  -43.718  -29.466  46.063 0.8000000119
13621  -48.105  -25.858  47.746 0.8000000119
5869  -47.088  -26.778  47.136 0.8000000119
29052  -47.227  -26.225  46.224 0.6999999881
29053  -48.300  -25.442  46.816 0.6999999881
220  -40.892  -29.214  41.965 0.5000000000
11215  -39.969  -29.176  40.708 0.4000000060
3535  -39.212  -29.296  39.385 0.3000000119
16362  -39.217  -30.313  36.129 0.3000000119
32823  -39.962  -29.507  36.274 0.3000000119
7446  -40.018  -30.465  35.456 0.3000000119
32822  -40.939  -30.706  34.990 0.3000000119
8071  -48.607  -25.349  55.909 0.6999999881
36423  -50.769  -21.508  53.509 0.3000000119
10302  -48.137  -26.601  52.579 0.8999999762
36421  -49.246  -24.560  52.484 0.6999999881
8724  -50.032  -22.986  53.071 0.6999999881
10301  -47.424  -27.422  51.220 0.8999999762
19267  -51.378  -21.606  52.630 0.4000000060
2622  -48.341  -26.158  51.758 0.8999999762
36425  -49.860  -24.061  50.695 0.8999999762
36424  -50.457  -22.810  52.167 0.8000000119
23148  -46.708  -28.176  49.895 0.8999999762
23149  -47.635  -27.079  50.378 0.8999999762
23147  -45.865  -28.696  48.407 0.8000000119
13617  -44.830  -28.975  46.705 0.8000000119
29049  -45.985  -28.206  47.447 0.8000000119
2621  -46.894  -27.765  49.002 0.8000000119
13616  -43.860  -29.029  45.087 0.8000000119
5868  -44.893  -28.354  45.773 0.8000000119
29050  -46.029  -27.591  46.476 0.8000000119
5870  -49.161  -24.829  48.207 0.6999999881
29046  -42.912  -28.966  43.629 0.8000000119
29048  -44.971  -27.728  44.918 0.6999999881
29051  -46.092  -27.004  45.568 0.6999999881
29045  -41.996  -28.860  42.272 0.5000000000
24798  -46.136  -26.466  44.622 0.6999999881
11217  -41.098  -28.762  40.972 0.5000000000
24799  -45.172  -26.577  43.064 0.6999999881
24795  -39.654  -29.031  38.427 0.3000000119
24793  -38.718  -29.646  38.152 0.3000000119
24794  -39.306  -29.504  37.227 0.3000000119
12170  -44.266  -29.211  33.723 0.3000000119
32824  -40.682  -29.583  35.525 0.3000000119
32825  -41.505  -29.850  34.935 0.3000000119
32826  -42.061  -29.064  34.855 0.3000000119
4504  -51.413  -20.276  53.702 0.3000000119
19266  -52.080  -20.475  52.801 0.4000000060
8725  -50.997  -22.826  51.291 0.6999999881
36426  -50.231  -23.953  49.868 0.8000000119
29047  -43.937  -28.440  44.221 0.6999999881
5867  -42.990  -28.427  42.710 0.6999999881
16368  -44.002  -27.775  43.363 0.6999999881
11218  -48.478  -25.142  45.666 0.6999999881
16369  -43.060  -27.780  41.838 0.6000000238
701  -45.068  -27.108  44.054 0.6999999881
3538  -47.326  -25.811  45.228 0.6999999881
32829  -42.134  -28.327  41.321 0.5000000000
16370  -44.053  -27.161  42.409 0.6999999881
24800  -46.333  -26.027  43.674 0.6999999881
11219  -47.468  -25.567  44.091 0.6999999881
11216  -40.324  -28.760  39.744 0.4000000060
3537  -41.341  -28.306  40.046 0.5000000000
7449  -43.191  -27.225  40.984 0.6999999881
32832  -44.236  -26.677  41.498 0.6999999881
16372  -44.401  -26.355  40.464 0.6999999881
3539  -45.289  -26.205  42.028 0.6999999881
24801  -46.334  -25.830  42.425 0.6999999881
7450  -43.626  -26.541  38.765 0.6000000238
16371  -45.461  -25.992  40.891 0.6999999881
24802  -46.523  -25.668  41.259 0.6999999881
24796  -40.609  -28.421  38.710 0.4000000060
16373  -44.677  -26.157  39.262 0.6000000238
3536  -40.131  -28.771  37.441 0.4000000060
16374  -43.958  -26.443  37.598 0.6000000238
16375  -44.937  -26.146  37.988 0.6000000238
16364  -40.682  -28.671  36.467 0.3000000119
16365  -41.453  -27.983  36.683 0.4000000060
16366  -42.005  -28.078  35.661 0.3000000119
6439  -45.691  -28.866  33.173 0.3000000119
32827  -42.667  -28.353  34.846 0.3000000119
12168  -43.405  -28.723  34.216 0.3000000119
30379  -44.758  -28.457  33.632 0.3000000119
30381  -46.095  -28.042  33.043 0.3000000119
7447  -41.333  -28.750  35.617 0.3000000119
4488  -42.903  -29.489  34.257 0.3000000119
30382  -47.056  -28.313  32.770 0.3000000119
19268  -52.034  -21.764  51.694 0.6999999881
19270  -52.632  -22.070  50.770 0.6999999881
19269  -51.546  -23.034  50.403 0.6999999881
36434  -53.423  -21.166  50.935 0.6999999881
36427  -50.577  -23.925  48.836 0.6999999881
8726  -51.951  -23.159  49.433 0.6999999881
29054  -49.460  -24.582  47.242 0.6999999881
222  -49.696  -24.600  46.054 0.6999999881
11220  -48.639  -25.092  44.492 0.6999999881
32830  -42.288  -27.814  40.452 0.6000000238
3540  -47.527  -25.435  42.872 0.6999999881
32831  -42.423  -27.359  39.485 0.5000000000
32833  -43.419  -26.801  39.947 0.5000000000
1549  -45.662  -25.876  39.617 0.6999999881
24797  -41.561  -27.867  39.001 0.4000000060
1548  -41.797  -27.555  38.010 0.4000000060
32834  -42.693  -27.025  38.409 0.4000000060
24803  -46.685  -25.665  39.992 0.6999999881
16363  -40.996  -28.096  37.693 0.4000000060
16367  -42.229  -27.335  36.933 0.4000000060
32835  -43.060  -26.855  37.201 0.4000000060
7451  -44.325  -26.520  36.524 0.5000000000
16376  -45.198  -26.154  36.877 0.6000000238
7448  -42.703  -27.419  35.812 0.3000000119
32836  -43.491  -26.909  36.190 0.3000000119
32837  -43.989  -27.103  35.170 0.3000000119
32828  -43.291  -27.649  34.935 0.3000000119
221  -43.991  -28.005  34.189 0.3000000119
6438  -45.179  -26.750  34.634 0.3000000119
30380  -45.254  -27.702  33.679 0.3000000119
6440  -46.556  -27.090  33.118 0.3000000119
30384  -47.408  -27.368  32.771 0.3000000119
6441  -48.381  -27.676  32.655 0.3000000119
30383  -47.035  -26.246  33.335 0.3000000119
14572  -47.820  -26.476  32.760 0.3000000119
14573  -48.720  -26.845  32.449 0.3000000119
36435  -53.100  -22.500  49.818 0.6999999881
8728  -53.905  -21.668  49.925 0.6000000238
19276  -54.309  -21.972  48.884 0.6000000238
36428  -50.925  -23.955  47.824 0.6000000238
36436  -52.223  -23.416  48.369 0.6999999881
36437  -51.095  -24.131  46.693 0.6999999881
11222  -49.832  -24.699  44.889 0.6999999881
24804  -47.642  -25.410  41.671 0.6999999881
11221  -48.727  -25.173  43.293 0.6999999881
3541  -47.719  -25.515  40.294 0.6999999881
16377  -45.883  -25.925  38.338 0.6999999881
32839  -45.474  -26.190  35.865 0.3000000119
14568  -45.866  -26.180  34.919 0.5000000000
14569  -45.823  -26.911  33.811 0.3000000119
14571  -48.243  -25.648  32.946 0.3000000119
1020  -49.115  -26.038  32.430 0.4000000060
19277  -53.432  -22.837  48.799 0.8000000119
8729  -52.406  -23.739  47.233 0.8000000119
19278  -53.672  -23.217  47.610 0.6999999881
2053  -54.564  -22.377  47.829 0.6000000238
19279  -52.519  -24.112  45.879 0.8999999762
36438  -51.205  -24.395  45.415 0.8000000119
19280  -53.755  -23.578  46.410 0.8999999762
3542  -49.839  -24.948  43.583 0.6999999881
36439  -51.234  -24.681  44.155 0.8999999762
24805  -48.700  -25.302  41.930 0.6999999881
24806  -49.840  -25.156  42.288 0.8000000119
32841  -46.867  -25.748  38.725 0.6999999881
7452  -46.117  -25.953  37.258 0.5000000000
32842  -47.067  -25.681  37.788 0.6999999881
32840  -46.377  -25.801  36.321 0.5000000000
14570  -46.397  -26.144  34.065 0.4000000060
2939  -47.562  -25.427  33.601 0.3000000119
23722  -48.821  -24.926  33.147 0.4000000060
26544  -55.191  -21.487  47.838 0.6999999881
8730  -52.507  -24.353  44.587 1.0000000000
36441  -53.769  -23.903  45.194 0.8999999762
26545  -54.678  -22.790  46.807 0.6999999881
4509  -54.761  -23.158  45.699 0.8999999762
26546  -55.369  -21.743  46.872 0.8999999762
36440  -51.121  -24.889  42.864 0.8000000119
36442  -52.473  -24.561  43.454 1.0000000000
16378  -48.785  -25.342  40.730 0.6999999881
1550  -49.838  -25.106  41.134 0.6999999881
16379  -47.899  -25.528  39.239 0.6999999881
16380  -48.825  -25.270  39.685 0.6999999881
7453  -48.023  -25.333  38.343 0.6999999881
32843  -47.269  -25.442  36.810 0.6000000238
1018  -46.669  -25.625  35.324 0.5000000000
23718  -47.506  -25.066  35.891 0.4000000060
23719  -47.049  -25.410  34.452 0.4000000060
23720  -47.788  -24.774  34.922 0.4000000060
23721  -48.225  -24.720  33.975 0.4000000060
26547  -55.450  -21.990  45.844 0.8000000119
19282  -53.668  -24.047  44.060 1.0000000000
19281  -54.683  -23.121  44.597 0.6999999881
36443  -51.105  -24.844  41.805 0.8999999762
19283  -53.474  -23.776  43.043 1.0000000000
2054  -54.506  -22.826  43.453 0.8999999762
16382  -49.885  -25.004  40.220 0.6999999881
8731  -52.366  -24.430  42.493 0.8999999762
19284  -52.186  -24.018  41.540 1.0000000000
19285  -53.299  -23.336  42.018 1.0000000000
16381  -48.996  -24.989  38.826 0.6999999881
36444  -51.090  -24.522  40.918 0.8000000119
8732  -52.099  -23.559  40.517 1.0000000000
32844  -48.184  -24.968  37.379 0.6999999881
7454  -49.963  -24.521  39.324 0.8000000119
36445  -51.057  -24.064  40.061 0.8999999762
36471  -53.218  -22.725  40.956 0.8000000119
32845  -49.095  -24.477  37.908 0.6999999881
32846  -50.010  -23.994  38.383 0.8000000119
36446  -51.006  -23.577  39.016 0.8000000119
36472  -52.096  -22.958  39.528 1.0000000000
2938  -48.378  -24.515  36.433 0.6000000238
10618  -49.252  -24.032  36.934 0.5000000000
36473  -51.129  -23.144  37.868 0.8999999762
8741  -52.152  -22.372  38.289 1.0000000000
10619  -48.624  -24.203  35.404 0.5000000000
10620  -49.417  -23.739  35.874 0.5000000000
99  -50.092  -23.634  37.383 0.6999999881
36474  -51.207  -22.708  36.663 0.8000000119
10622  -50.238  -23.333  36.175 0.6000000238
2942  -50.474  -23.056  35.087 0.6000000238
2940  -48.930  -24.094  34.393 0.4000000060
10621  -49.667  -23.624  34.647 0.6000000238
26548  -55.404  -21.971  44.847 0.6999999881
36470  -54.342  -22.353  42.328 0.6999999881
19307  -53.188  -22.092  39.824 0.8999999762
19309  -52.314  -21.932  37.108 0.8000000119
23725  -50.048  -23.618  33.577 0.5000000000
23726  -50.692  -22.931  33.902 0.6000000238
36476  -51.733  -22.127  34.349 0.5000000000
36467  -55.313  -21.725  43.633 0.6000000238
19306  -54.278  -21.206  39.947 0.6999999881
19308  -53.286  -21.542  38.584 0.8000000119
36475  -51.406  -22.331  35.474 0.6999999881
8742  -52.550  -21.569  35.825 0.8000000119
36478  -52.779  -21.327  34.718 0.6000000238
1022  -51.151  -22.932  32.956 0.5000000000
36480  -52.518  -22.050  32.343 0.5000000000
19314  -53.326  -21.115  32.618 0.5000000000
36469  -55.148  -21.304  42.413 0.6000000238
8739  -56.163  -20.493  43.619 0.6000000238
36468  -56.108  -20.086  42.547 0.6000000238
8740  -54.188  -21.764  41.118 0.6999999881
19305  -55.183  -20.756  41.294 0.6999999881
19304  -55.196  -20.327  40.061 0.6999999881
2057  -54.386  -20.758  38.694 0.8000000119
26563  -54.442  -20.458  37.430 0.6999999881
19310  -53.438  -21.154  37.288 0.8000000119
4519  -54.515  -20.121  36.287 0.6000000238
19312  -53.736  -20.542  34.926 0.6000000238
36479  -52.094  -22.049  33.344 0.6000000238
8743  -53.032  -21.135  33.591 0.6000000238
19313  -53.912  -20.278  33.890 0.5000000000
8744  -53.708  -21.277  31.780 0.4000000060
36490  -54.063  -21.507  31.035 0.4000000060
4517  -56.043  -19.802  41.341 0.6999999881
26561  -56.077  -19.466  40.191 0.6999999881
26562  -55.264  -20.060  38.830 0.6999999881
4518  -56.147  -19.140  39.059 0.6999999881
26564  -55.250  -19.726  37.705 0.6999999881
12199  -56.132  -18.817  37.934 0.6000000238
26565  -55.249  -19.356  36.634 0.6000000238
4520  -56.145  -18.541  36.910 0.6000000238
19311  -54.576  -19.777  35.257 0.6999999881
26566  -55.251  -19.108  35.620 0.6999999881
2058  -54.638  -19.575  34.275 0.6000000238
36485  -55.400  -18.887  34.568 0.6000000238
36484  -56.271  -18.232  35.866 0.6000000238
8745  -56.447  -17.961  34.877 0.6000000238
19315  -54.085  -20.263  32.870 0.4000000060
36488  -54.635  -19.569  33.212 0.6000000238
36487  -55.422  -18.754  33.507 0.6000000238
8746  -54.794  -19.552  32.232 0.5000000000
36489  -54.239  -20.343  31.969 0.4000000060
19303  -56.873  -19.305  43.483 0.6999999881
26559  -56.936  -19.025  42.501 0.6000000238
26560  -57.022  -18.777  41.519 0.6000000238
12197  -57.078  -18.476  40.377 0.6999999881
12198  -57.141  -18.150  39.271 0.6999999881
469  -58.154  -17.016  39.439 0.6999999881
12200  -57.251  -17.858  38.253 0.6999999881
30421  -58.378  -16.674  38.491 0.6000000238
36483  -57.422  -17.578  37.178 0.6000000238
26558  -57.450  -17.830  42.420 0.4000000060
4516  -57.700  -17.608  41.525 0.6999999881
19317  -57.580  -17.331  36.101 0.6000000238
6457  -58.598  -16.486  37.448 0.6000000238
19322  -54.461  -20.575  31.099 0.4000000060
19320  -55.524  -18.675  32.492 0.6000000238
36486  -56.559  -17.884  33.823 0.6000000238
19318  -57.738  -17.044  35.102 0.6000000238
33057  -17.917  -41.174  71.131 0.1000000015
11275  -16.080  -39.955  73.757 0.1000000015
16549  -18.654  -41.406  68.593 0.1000000015
24905  -19.222  -41.586  66.010 0.1000000015
29131  -18.204  -39.467  68.289 0.1000000015
13638  -20.011  -40.895  61.901 0.1000000015
1563  -26.606  -44.242  55.670 0.2000000030
23179  -19.253  -33.076  72.808 0.3000000119
29083  -21.154  -40.872  57.706 0.1000000015
17820  -38.137  -30.578  65.702 0.4000000060
32933  -36.873  -33.964  63.302 0.8999999762
8813  -27.266  -43.849  54.127 0.2000000030
34656  -35.053  -30.526  66.105 0.3000000119
34664  -39.463  -32.343  63.730 0.8999999762
34608  -22.143  -34.584  68.674 0.6999999881
23773  -31.563  -38.588  48.130 0.3000000119
16470  -32.616  -36.216  45.386 0.4000000060
6487  -30.693  -33.465  66.284 0.6999999881
14653  -32.600  -35.089  60.922 0.8999999762
36711  -28.964  -42.685  52.398 0.2000000030
8120  -41.899  -30.746  62.557 0.8999999762
11693  -32.028  -30.025  65.992 0.2000000030
8821  -29.670  -42.261  51.972 0.2000000030
17783  -26.913  -32.432  68.934 0.5000000000
17784  -27.323  -31.570  69.320 0.5000000000
373  -30.850  -30.260  63.097 0.2000000030
230  -43.886  -31.261  58.586 1.0000000000
8123  -44.370  -27.236  61.716 0.6000000238
26508  -42.347  -30.247  34.530 0.3000000119
30378  -44.546  -27.362  34.368 0.3000000119
30385  -48.058  -28.629  32.815 0.3000000119
32838  -44.701  -26.603  35.526 0.3000000119
23724  -49.403  -24.215  33.359 0.4000000060
36466  -56.163  -20.699  44.653 0.6000000238
36477  -53.615  -20.829  36.056 0.6999999881
7479  -25.395  -47.989  59.618 0.1000000015
32921  -25.732  -47.600  60.047 0.1000000015
19422  -24.972  -51.642  60.582 0.1000000015
32911  -25.491  -49.160  59.980 0.1000000015
36611  -23.886  -53.237  61.024 0.1000000015
7478  -24.361  -48.883  59.038 0.1000000015
2959  -22.779  -53.426  60.455 0.1000000015
16433  -25.064  -48.446  59.411 0.1000000015
10639  -21.587  -52.534  59.051 0.1000000015
19420  -23.800  -51.178  59.363 0.1000000015
19421  -23.898  -52.176  60.036 0.1000000015
32910  -24.709  -49.825  59.519 0.1000000015
36610  -22.735  -52.417  59.523 0.1000000015
7482  -26.059  -47.250  60.112 0.1000000015
32907  -23.611  -50.221  58.952 0.1000000015
7476  -22.651  -51.519  58.895 0.1000000015
32904  -21.495  -51.595  58.570 0.1000000015
16442  -25.296  -46.648  58.945 0.1000000015
16444  -25.774  -46.076  58.695 0.1000000015
101  -20.312  -51.686  58.430 0.1000000015
32906  -22.485  -50.600  58.661 0.1000000015
32905  -21.266  -50.735  58.438 0.1000000015
32909  -23.366  -49.321  58.677 0.1000000015
10677  -19.092  -50.951  58.440 0.1000000015
16441  -24.923  -47.095  58.951 0.1000000015
32926  -26.459  -45.604  58.263 0.1000000015
16428  -21.090  -49.832  58.293 0.1000000015
7477  -22.281  -49.682  58.443 0.1000000015
16431  -23.039  -48.413  58.343 0.1000000015
32903  -20.119  -50.747  58.374 0.1000000015
33072  -19.035  -49.979  58.690 0.1000000015
10678  -18.110  -51.151  58.790 0.1000000015
16446  -27.024  -45.141  57.724 0.1000000015
16449  -27.824  -45.047  56.535 0.1000000015
19487  -29.091  -44.495  54.154 0.1000000015
36715  -30.665  -45.127  54.873 0.1000000015
7475  -20.001  -49.829  58.393 0.1000000015
16432  -23.824  -48.113  58.396 0.1000000015
32920  -24.647  -47.431  58.833 0.1000000015
24843  -25.069  -45.350  57.328 0.1000000015
16447  -27.512  -44.996  57.127 0.1000000015
8822  -31.255  -44.630  54.243 0.1000000015
36713  -30.340  -43.596  53.054 0.1000000015
19507  -31.778  -44.150  53.736 0.1000000015
19508  -32.965  -45.033  54.940 0.1000000015
16427  -20.055  -48.838  58.648 0.1000000015
16429  -20.981  -48.822  58.284 0.1000000015
16560  -19.185  -49.040  59.117 0.1000000015
33071  -18.415  -49.245  59.844 0.1000000015
16434  -24.381  -47.815  58.708 0.1000000015
2997  -18.214  -50.174  59.181 0.1000000015
3563  -25.756  -44.843  56.833 0.1000000015
19506  -33.250  -44.492  54.376 0.1000000015
4584  -32.241  -43.712  53.337 0.1000000015
36712  -30.877  -43.111  52.650 0.1000000015
26680  -31.377  -42.664  52.439 0.1000000015
19505  -30.234  -41.821  51.760 0.1000000015
16559  -19.516  -48.080  59.777 0.1000000015
16558  -19.455  -47.428  61.504 0.1000000015
1559  -20.233  -47.791  59.155 0.1000000015
7536  -18.854  -48.358  60.700 0.1000000015
24834  -20.958  -47.716  58.661 0.1000000015
3558  -21.749  -47.618  58.278 0.1000000015
16430  -22.499  -47.548  58.081 0.1000000015
32919  -23.507  -47.034  58.013 0.1000000015
16440  -24.099  -46.426  57.886 0.1000000015
16445  -26.239  -44.419  56.245 0.1000000015
4585  -35.151  -44.285  54.424 0.1000000015
26682  -33.663  -44.000  53.920 0.1000000015
12265  -35.181  -44.108  53.534 0.1000000015
12264  -34.111  -43.567  53.571 0.1000000015
26681  -32.651  -43.207  53.111 0.1000000015
4583  -33.242  -42.864  52.973 0.1000000015
2084  -30.746  -41.539  51.675 0.1000000015
26679  -31.865  -42.287  52.342 0.1000000015
26678  -32.440  -41.960  52.247 0.1000000015
33068  -19.496  -47.040  63.093 0.1000000015
16556  -19.541  -46.733  64.743 0.1000000015
33069  -18.930  -47.838  62.494 0.1000000015
23825  -17.807  -49.517  60.601 0.1000000015
1561  -23.159  -47.346  58.040 0.1000000015
23827  -17.403  -50.466  59.781 0.1000000015
1562  -24.502  -45.831  57.686 0.1000000015
12263  -34.364  -43.363  52.980 0.1000000015
479  -34.956  -43.957  52.470 0.1000000015
12261  -34.126  -43.274  52.060 0.1000000015
12262  -33.630  -42.629  52.475 0.1000000015
24910  -19.942  -46.168  63.742 0.1000000015
7535  -18.952  -47.532  64.168 0.1000000015
3600  -20.016  -46.562  62.266 0.1000000015
16557  -19.986  -47.102  60.639 0.1000000015
33067  -18.394  -48.253  63.404 0.1000000015
24833  -20.512  -46.740  59.988 0.1000000015
33070  -18.352  -48.673  61.622 0.1000000015
24835  -20.980  -46.642  59.209 0.1000000015
24836  -21.534  -46.606  58.563 0.1000000015
24844  -24.434  -44.371  56.153 0.1000000015
4581  -33.298  -42.408  51.507 0.2000000030
30514  -34.818  -43.797  51.396 0.2000000030
6496  -34.416  -43.506  50.294 0.2000000030
26677  -32.754  -41.601  51.885 0.1000000015
30513  -33.692  -42.982  51.048 0.2000000030
14664  -33.303  -42.673  49.964 0.2000000030
30512  -32.816  -42.015  50.570 0.2000000030
240  -17.861  -47.902  69.182 0.1000000015
33055  -18.322  -46.935  69.844 0.1000000015
33064  -18.453  -47.346  68.387 0.1000000015
7534  -18.965  -46.801  67.425 0.1000000015
33065  -18.605  -47.740  66.817 0.1000000015
1584  -19.712  -45.822  65.223 0.1000000015
33066  -18.468  -48.015  65.117 0.1000000015
16555  -19.007  -47.255  65.790 0.1000000015
16554  -19.345  -46.321  66.342 0.1000000015
24912  -20.426  -46.163  61.407 0.1000000015
3557  -20.766  -45.848  60.576 0.1000000015
32918  -22.665  -46.088  57.459 0.1000000015
7481  -23.796  -46.773  57.966 0.1000000015
14666  -34.924  -43.890  49.526 0.2000000030
14665  -33.953  -43.165  49.324 0.2000000030
6495  -32.280  -41.563  49.654 0.2000000030
33063  -18.831  -46.274  68.953 0.1000000015
16553  -19.198  -45.670  67.962 0.1000000015
16552  -19.472  -45.125  66.828 0.1000000015
24911  -20.277  -45.720  62.821 0.1000000015
11238  -21.053  -45.682  59.752 0.1000000015
24837  -21.975  -46.529  58.078 0.1000000015
32916  -22.437  -46.322  57.791 0.1000000015
16439  -22.902  -45.873  57.165 0.1000000015
16438  -23.346  -45.452  56.987 0.1000000015
24842  -23.802  -44.902  56.608 0.1000000015
14667  -34.404  -43.476  48.554 0.2000000030
6498  -35.362  -44.291  48.766 0.2000000030
1050  -33.258  -42.651  48.320 0.2000000030
14662  -31.840  -40.851  48.761 0.2000000030
14663  -32.710  -42.136  48.948 0.2000000030
33062  -19.030  -45.078  69.532 0.1000000015
7533  -19.239  -44.477  68.416 0.1000000015
16550  -19.718  -44.689  65.726 0.1000000015
24909  -20.047  -45.286  64.199 0.1000000015
24908  -19.996  -44.209  64.812 0.1000000015
3599  -20.275  -44.841  63.329 0.1000000015
11280  -20.617  -45.310  61.978 0.1000000015
11237  -20.875  -44.898  61.195 0.1000000015
3559  -21.337  -45.534  58.981 0.1000000015
11239  -20.854  -44.711  60.191 0.1000000015
32915  -21.465  -45.403  58.217 0.1000000015
7480  -21.700  -45.165  57.592 0.1000000015
32917  -21.966  -44.989  57.117 0.1000000015
3561  -22.307  -44.603  56.700 0.1000000015
24841  -22.762  -44.203  56.303 0.1000000015
3562  -23.283  -43.670  55.840 0.1000000015
19275  -54.509  -20.629  49.904 0.3000000119
23777  -33.832  -43.074  47.581 0.2000000030
30519  -34.864  -43.790  47.823 0.2000000030
2971  -34.251  -43.357  46.898 0.2000000030
14661  -32.138  -41.553  48.007 0.2000000030
23776  -32.659  -42.109  47.333 0.2000000030
23775  -31.648  -40.954  47.085 0.2000000030
2970  -32.071  -41.578  46.358 0.2000000030
10651  -32.553  -42.078  45.624 0.2000000030
10649  -31.217  -40.278  46.157 0.2000000030
10654  -31.603  -41.201  43.725 0.2000000030
1569  -31.049  -38.578  40.370 0.2000000030
32976  -34.360  -33.314  40.542 0.2000000030
7502  -34.732  -32.741  40.050 0.3000000119
16484  -35.777  -31.844  40.923 0.3000000119
23778  -33.207  -42.539  46.655 0.2000000030
2969  -31.458  -40.159  47.932 0.2000000030
10650  -31.562  -41.048  45.366 0.2000000030
10652  -31.978  -41.584  44.657 0.2000000030
104  -31.201  -40.530  44.306 0.2000000030
10648  -30.972  -39.700  45.141 0.2000000030
32960  -30.816  -39.332  44.058 0.2000000030
32961  -31.002  -40.120  43.375 0.2000000030
19555  -30.884  -39.136  41.345 0.2000000030
32974  -36.566  -31.614  42.402 0.4000000060
32964  -30.931  -37.870  41.115 0.2000000030
32967  -31.221  -37.238  40.175 0.2000000030
32975  -35.339  -32.452  41.371 0.4000000060
32966  -31.493  -36.545  41.116 0.2000000030
32968  -31.653  -36.756  39.375 0.2000000030
16478  -32.337  -35.477  39.542 0.2000000030
16479  -33.299  -34.347  39.909 0.2000000030
7499  -31.855  -36.069  40.264 0.2000000030
30509  -31.630  -39.268  48.951 0.2000000030
23774  -31.172  -39.482  47.048 0.2000000030
2968  -31.026  -38.838  46.083 0.2000000030
16482  -37.553  -31.559  43.820 0.4000000060
32962  -30.751  -38.877  43.116 0.2000000030
16477  -32.811  -34.915  40.585 0.2000000030
25682  -47.483  -23.250  59.509 0.2000000030
25603  -48.015  -22.593  58.900 0.2000000030
23772  -31.557  -37.976  47.242 0.2000000030
7501  -36.200  -32.245  42.893 0.5000000000
32963  -30.803  -38.386  42.091 0.2000000030
1570  -33.976  -33.928  41.106 0.2000000030
25604  -48.480  -21.838  58.278 0.1000000015
17712  -48.918  -22.616  57.579 0.1000000015
1813  -48.474  -23.384  58.064 0.1000000015
17711  -49.050  -23.603  56.582 0.4000000060
34528  -49.463  -22.869  56.011 0.3000000119
8072  -49.276  -23.836  54.891 0.3000000119
19265  -50.236  -21.683  54.438 0.3000000119
34526  -48.726  -25.566  54.184 0.5000000000
19264  -49.630  -23.268  54.029 0.6000000238
36420  -49.019  -25.066  53.342 0.8000000119
3570  -38.065  -34.927  47.926 0.6999999881
11250  -38.021  -34.318  47.006 0.5000000000
24858  -36.616  -35.325  47.379 0.6000000238
11251  -36.625  -34.863  46.207 0.5000000000
16480  -38.678  -31.616  45.157 0.6000000238
32958  -31.572  -37.496  46.215 0.3000000119
16481  -37.221  -32.200  44.329 0.5000000000
32959  -30.972  -38.390  45.112 0.2000000030
16471  -31.499  -37.246  45.127 0.2000000030
7496  -30.962  -38.098  43.965 0.2000000030
32973  -35.098  -33.030  41.881 0.4000000060
32972  -35.966  -32.907  43.361 0.4000000060
16473  -31.032  -37.581  43.017 0.2000000030
7498  -31.199  -37.146  42.028 0.2000000030
16475  -33.515  -34.513  41.786 0.2000000030
16476  -32.353  -35.471  41.292 0.2000000030
8073  -49.309  -21.925  56.979 0.2000000030
19263  -49.791  -22.086  55.385 0.3000000119
232  -37.944  -33.641  46.371 0.6000000238
16468  -33.765  -35.626  45.601 0.4000000060
24859  -35.128  -35.249  45.784 0.4000000060
11252  -36.628  -34.274  45.353 0.5000000000
29097  -38.152  -32.915  46.014 0.6000000238
11254  -36.840  -33.598  45.011 0.5000000000
24860  -33.754  -35.320  44.378 0.4000000060
32971  -37.015  -32.888  44.708 0.5000000000
24861  -32.802  -35.557  43.289 0.4000000060
11253  -35.471  -34.298  44.090 0.5000000000
3574  -35.771  -33.610  43.671 0.4000000060
1568  -32.603  -35.946  44.210 0.3000000119
16472  -31.622  -36.879  44.039 0.3000000119
16474  -31.748  -36.502  43.088 0.3000000119
32965  -32.012  -35.990  42.203 0.2000000030
24864  -34.787  -33.696  42.307 0.4000000060
3986  -48.171  -20.426  58.056 0.1000000015
34531  -49.250  -20.388  56.992 0.1000000015
34529  -49.629  -21.145  56.358 0.3000000119
26536  -50.700  -20.278  54.588 0.2000000030
2052  -52.796  -20.760  51.884 0.4000000060
3572  -35.121  -34.846  44.713 0.4000000060
24862  -34.017  -34.880  43.614 0.3000000119
24863  -34.441  -34.338  42.903 0.3000000119
3573  -33.136  -35.079  42.443 0.2000000030
17714  -48.581  -19.744  57.263 0.1000000015
26537  -50.929  -19.185  54.417 0.2000000030
25606  -47.423  -20.088  58.068 0.1000000015
34532  -49.638  -19.717  56.212 0.1000000015
26538  -51.750  -19.232  53.464 0.2000000030
8074  -48.989  -19.080  56.527 0.1000000015
4503  -50.117  -18.267  54.844 0.1000000015
26535  -50.178  -19.249  55.389 0.1000000015
26539  -52.575  -19.489  52.615 0.2000000030
36433  -54.003  -20.269  50.798 0.3000000119
36431  -53.351  -19.836  51.740 0.3000000119
4505  -51.920  -18.379  52.999 0.2000000030
36430  -52.761  -18.646  52.140 0.1000000015
19274  -54.921  -21.091  48.831 0.5000000000
12196  -57.948  -17.333  40.477 0.6000000238
12194  -58.421  -16.041  40.343 0.5000000000
12195  -58.016  -16.420  41.366 0.5000000000
2056  -57.200  -18.112  43.200 0.6000000238
19297  -57.112  -17.064  42.868 0.3000000119
26557  -57.583  -16.734  42.165 0.3000000119
19298  -56.221  -16.521  42.794 0.3000000119
26556  -57.453  -15.754  41.661 0.3000000119
34527  -48.975  -24.599  55.466 0.5000000000
17840  -47.962  -24.007  58.800 0.3000000119
17710  -48.613  -24.366  57.021 0.6000000238
32908  -22.040  -48.657  58.267 0.1000000015
30516  -35.483  -44.218  50.492 0.2000000030
30515  -35.748  -44.462  51.641 0.2000000030
30517  -35.863  -44.696  49.815 0.2000000030
227  -20.519  -43.719  61.669 0.1000000015
2972  -32.960  -42.568  45.231 0.2000000030
7497  -30.833  -39.585  42.291 0.2000000030
25681  -46.826  -23.931  60.083 0.2000000030
34530  -48.824  -21.083  57.715 0.1000000015
1814  -50.103  -20.517  55.609 0.2000000030
5889  -38.364  -32.261  45.652 0.5000000000
17713  -47.758  -19.397  57.239 0.1000000015
4515  -56.848  -16.140  42.315 0.3000000119
36459  -55.670  -15.988  41.834 0.3000000119
1825  -26.637  -31.135  69.463 0.3000000119
34612  -24.561  -32.365  70.537 0.5000000000
17779  -23.682  -32.608  70.989 0.6000000238
8101  -24.242  -33.281  70.121 0.5000000000
34623  -27.581  -30.864  69.030 0.3000000119
25644  -23.831  -31.886  70.826 0.4000000060
466  -52.162  -30.024  34.281 0.2000000030
30388  -51.302  -29.277  33.416 0.2000000030
30390  -51.636  -28.654  33.014 0.2000000030
6443  -52.698  -28.865  33.401 0.2000000030
19249  -53.781  -28.960  33.762 0.2000000030
36403  -54.722  -29.462  34.558 0.2000000030
6442  -50.475  -28.370  32.730 0.3000000119
30391  -51.826  -27.983  32.617 0.2000000030
14576  -50.750  -27.665  32.398 0.3000000119
19248  -52.858  -28.298  32.868 0.2000000030
19250  -53.949  -28.451  32.978 0.2000000030
14577  -50.044  -26.489  32.096 0.3000000119
6444  -50.993  -26.912  32.054 0.2000000030
30392  -52.016  -27.321  32.133 0.2000000030
1021  -52.990  -27.667  32.203 0.2000000030
26527  -54.188  -27.814  32.326 0.2000000030
26543  -55.435  -20.014  48.635 0.4000000060
4508  -55.696  -20.364  47.725 0.5000000000
2941  -49.995  -24.532  32.565 0.4000000060
30393  -50.329  -25.702  32.045 0.3000000119
30394  -51.212  -26.187  31.812 0.3000000119
26529  -55.325  -26.971  31.788 0.2000000030
23723  -49.547  -25.324  32.453 0.3000000119
6445  -51.606  -25.387  31.611 0.2000000030
26526  -53.301  -26.933  31.699 0.2000000030
12187  -55.478  -19.214  48.150 0.4000000060
12188  -55.882  -19.441  47.179 0.3000000119
12189  -55.876  -20.598  46.669 0.4000000060
4510  -56.050  -20.760  45.673 0.4000000060
14578  -50.492  -23.698  32.701 0.4000000060
14579  -50.711  -24.913  31.949 0.3000000119
26528  -54.377  -27.064  31.743 0.2000000030
14580  -51.191  -24.073  31.957 0.2000000030
30396  -52.524  -25.756  31.402 0.2000000030
4498  -53.499  -25.991  31.350 0.2000000030
12179  -54.464  -26.077  31.396 0.2000000030
14581  -51.998  -24.468  31.494 0.3000000119
12178  -53.720  -25.026  31.076 0.2000000030
12190  -56.258  -19.566  46.240 0.2000000030
468  -55.892  -18.686  46.499 0.2000000030
36465  -56.508  -19.581  45.255 0.4000000060
19302  -56.726  -19.467  44.378 0.4000000060
36481  -53.049  -22.315  31.588 0.2000000030
36482  -53.607  -22.518  31.021 0.2000000030
14582  -51.777  -23.194  32.123 0.3000000119
30398  -53.240  -23.662  31.105 0.2000000030
12180  -54.581  -25.143  31.069 0.2000000030
6446  -52.447  -23.424  31.538 0.2000000030
30397  -52.872  -24.820  31.168 0.2000000030
26542  -54.948  -18.800  49.046 0.2000000030
12186  -55.322  -18.601  47.355 0.2000000030
36455  -55.547  -18.193  45.568 0.2000000030
36464  -56.331  -18.674  45.621 0.3000000119
8738  -56.640  -18.528  44.750 0.4000000060
12182  -54.592  -24.272  30.765 0.2000000030
4502  -55.146  -24.576  30.516 0.2000000030
36491  -54.142  -22.865  30.638 0.2000000030
36492  -54.530  -23.249  30.226 0.2000000030
19325  -54.725  -21.093  29.574 0.2000000030
8748  -54.749  -22.672  29.268 0.2000000030
8747  -54.316  -21.851  30.341 0.2000000030
19324  -54.557  -22.234  29.785 0.2000000030
19321  -54.901  -19.687  31.241 0.3000000119
19323  -54.613  -20.845  30.258 0.3000000119
36495  -54.842  -21.427  28.914 0.2000000030
6459  -60.573  -13.395  35.080 0.4000000060
30428  -59.964  -14.578  34.157 0.4000000060
30427  -59.880  -14.787  35.349 0.4000000060
26568  -57.750  -16.830  34.010 0.4000000060
26567  -58.839  -15.786  34.134 0.4000000060
4522  -56.614  -17.706  32.676 0.5000000000
19319  -55.641  -18.653  31.419 0.6000000238
26570  -56.694  -17.592  31.608 0.5000000000
4521  -58.864  -15.605  32.977 0.5000000000
2059  -54.944  -19.845  30.244 0.4000000060
26572  -55.059  -19.991  29.443 0.4000000060
19316  -58.816  -16.223  36.369 0.5000000000
1029  -58.859  -15.991  35.245 0.5000000000
12202  -57.748  -16.506  31.713 0.5000000000
30419  -58.592  -14.821  40.042 0.4000000060
30420  -58.793  -15.679  39.493 0.4000000060
30422  -59.135  -15.399  38.436 0.4000000060
30423  -59.459  -15.241  37.431 0.4000000060
30424  -59.695  -15.001  36.437 0.4000000060
4523  -56.749  -17.577  30.464 0.5000000000
6456  -59.121  -14.456  39.082 0.4000000060
14602  -60.510  -12.311  35.625 0.4000000060
30426  -60.289  -13.601  36.109 0.4000000060
12201  -58.886  -15.501  31.707 0.4000000060
30429  -60.058  -14.493  32.962 0.4000000060
14604  -60.862  -13.250  33.988 0.4000000060
30430  -60.212  -14.481  31.705 0.4000000060
36406  -56.095  -28.995  33.917 0.2000000030
8718  -54.911  -29.015  33.898 0.2000000030
36405  -55.165  -28.483  33.109 0.2000000030
19251  -56.294  -27.752  32.269 0.2000000030
19301  -56.938  -18.331  44.020 0.4000000060
36402  -53.621  -29.511  34.228 0.2000000030
14575  -49.671  -27.291  32.322 0.3000000119
30395  -52.215  -26.630  31.732 0.2000000030
4499  -55.282  -27.825  32.356 0.2000000030
467  -53.902  -24.033  30.849 0.2000000030
4506  -54.724  -18.326  48.282 0.2000000030
36493  -54.829  -23.657  29.848 0.2000000030
26569  -57.714  -16.678  32.854 0.5000000000
26571  -55.699  -18.695  30.373 0.5000000000
26573  -55.840  -18.786  29.478 0.4000000060
4524  -55.226  -20.273  28.738 0.3000000119
12203  -57.778  -16.481  30.548 0.5000000000
14599  -59.558  -14.140  38.200 0.4000000060
19252  -56.217  -28.460  33.032 0.2000000030
8104  -26.797  -30.288  67.637 0.2000000030
34621  -27.874  -30.018  67.322 0.2000000030
29713  -27.413  -30.322  61.956 0.1000000015
29714  -28.575  -30.371  61.838 0.1000000015
17777  -22.692  -32.678  71.457 0.3000000119
25647  -25.776  -30.832  69.161 0.1000000015
34622  -27.782  -30.349  68.357 0.2000000030
17789  -28.890  -30.216  68.134 0.2000000030
34619  -25.809  -30.528  67.986 0.1000000015
34620  -26.778  -30.560  68.805 0.2000000030
4007  -22.922  -31.236  69.472 0.1000000015
11688  -23.906  -31.011  68.991 0.1000000015
4009  -24.876  -30.735  68.433 0.1000000015
11687  -22.829  -31.338  67.758 0.1000000015
11689  -23.813  -31.081  67.295 0.1000000015
34618  -24.743  -30.782  66.776 0.1000000015
11730  -21.758  -31.549  67.900 0.1000000015
371  -22.659  -31.512  65.868 0.1000000015
17786  -25.750  -30.470  66.393 0.1000000015
11729  -21.641  -31.778  65.962 0.1000000015
6150  -24.544  -30.852  64.859 0.1000000015
11691  -29.996  -29.910  65.284 0.1000000015
29706  -23.626  -31.193  65.450 0.1000000015
29707  -23.367  -31.260  63.469 0.1000000015
11690  -29.876  -30.178  63.440 0.1000000015
29705  -22.437  -31.613  63.869 0.1000000015
4010  -28.736  -30.151  63.670 0.1000000015
29711  -25.124  -30.624  60.551 0.1000000015
29715  -29.632  -30.436  61.513 0.1000000015
14089  -23.083  -31.440  59.268 0.1000000015
6151  -24.123  -30.960  60.899 0.1000000015
6152  -26.172  -30.447  60.346 0.1000000015
14093  -27.250  -30.433  60.069 0.1000000015
6153  -28.402  -30.514  59.956 0.1000000015
34643  -29.430  -30.599  59.644 0.1000000015
17909  -21.822  -31.875  71.847 0.1000000015
4008  -24.737  -31.615  70.392 0.2000000030
17907  -21.872  -31.479  70.981 0.1000000015
25643  -22.924  -31.466  70.722 0.1000000015
25722  -21.844  -31.341  69.652 0.1000000015
25645  -23.884  -31.250  70.130 0.1000000015
25646  -24.861  -31.089  69.633 0.1000000015
4050  -20.760  -31.386  69.913 0.1000000015
25720  -19.503  -31.877  67.851 0.1000000015
4011  -28.960  -29.949  66.996 0.1000000015
25721  -20.659  -31.649  67.986 0.1000000015
25649  -27.823  -30.055  65.830 0.1000000015
17906  -18.449  -32.294  67.655 0.1000000015
25719  -19.363  -32.329  65.653 0.1000000015
4049  -20.515  -32.005  65.889 0.1000000015
29708  -24.277  -30.892  62.890 0.1000000015
17785  -25.547  -30.562  64.506 0.1000000015
25648  -27.660  -30.181  64.010 0.1000000015
25650  -28.911  -29.929  65.533 0.1000000015
11728  -20.327  -32.269  63.689 0.1000000015
858  -26.566  -30.311  64.209 0.1000000015
1842  -18.344  -32.770  65.548 0.1000000015
11727  -21.384  -31.912  63.911 0.1000000015
14088  -23.181  -31.326  61.347 0.1000000015
29709  -25.313  -30.575  62.583 0.1000000015
17900  -18.241  -33.141  63.519 0.1000000015
25718  -19.262  -32.662  63.581 0.1000000015
6149  -22.224  -31.740  61.696 0.1000000015
29712  -26.349  -30.386  62.280 0.1000000015
4047  -20.171  -32.500  61.591 0.1000000015
29766  -21.218  -32.112  61.720 0.1000000015
34769  -20.578  -32.266  72.607 0.3000000119
17910  -21.680  -32.448  72.074 0.2000000030
34767  -19.719  -31.420  71.640 0.1000000015
17908  -20.818  -31.422  71.368 0.1000000015
34765  -18.657  -31.529  71.695 0.1000000015
8153  -18.593  -31.795  69.830 0.1000000015
34766  -19.617  -31.479  69.901 0.1000000015
17904  -17.371  -33.274  65.471 0.1000000015
8152  -16.502  -33.902  65.506 0.1000000015
17902  -17.285  -33.641  63.582 0.1000000015
4048  -18.189  -33.302  61.711 0.1000000015
23177  -19.524  -32.227  72.992 0.1000000015
34768  -19.675  -31.707  72.575 0.2000000030
8154  -20.734  -31.759  72.237 0.2000000030
13667  -17.593  -31.798  71.734 0.1000000015
17830  -42.128  -25.979  60.794 0.1000000015
29122  -17.341  -32.472  73.744 0.2000000030
717  -18.624  -31.739  72.845 0.1000000015
3576  -37.000  -31.110  41.866 0.3000000119
16483  -36.235  -31.353  40.372 0.2000000030
24868  -37.525  -30.629  41.284 0.3000000119
1547  -41.857  -31.082  34.720 0.2000000030
19218  -41.392  -31.931  34.920 0.2000000030
3577  -38.072  -30.156  40.633 0.3000000119
24869  -36.770  -30.841  39.809 0.2000000030
26511  -44.267  -31.192  34.130 0.2000000030
4490  -44.742  -30.509  33.663 0.2000000030
24871  -37.398  -30.411  39.249 0.2000000030
24872  -38.068  -29.972  38.744 0.2000000030
12169  -43.719  -29.920  33.930 0.2000000030
24870  -36.320  -31.267  38.459 0.2000000030
26509  -42.835  -31.557  34.593 0.2000000030
1546  -38.474  -30.269  36.900 0.2000000030
16360  -38.552  -31.174  35.981 0.2000000030
16361  -39.433  -31.311  35.456 0.2000000030
32821  -40.382  -31.568  35.085 0.2000000030
26515  -49.655  -30.757  33.810 0.2000000030
26514  -48.461  -30.707  33.422 0.2000000030
19228  -47.283  -30.498  33.179 0.2000000030
36375  -45.238  -29.727  33.375 0.2000000030
4491  -49.870  -29.856  33.567 0.2000000030
26513  -48.793  -29.781  33.178 0.2000000030
30387  -50.149  -29.091  33.177 0.2000000030
1019  -47.709  -29.545  32.928 0.2000000030
19226  -46.667  -29.246  32.900 0.2000000030
30386  -49.107  -28.815  32.966 0.2000000030
14574  -49.376  -28.047  32.621 0.2000000030
12204  -56.853  -17.624  29.405 0.5000000000
19342  -61.869  -14.549  26.718 0.1000000015
19343  -61.663  -15.049  25.808 0.1000000015
19341  -62.435  -13.692  26.334 0.1000000015
14603  -60.985  -12.064  34.585 0.3000000119
4529  -62.670  -13.183  27.419 0.2000000030
26584  -62.870  -12.709  25.807 0.1000000015
2062  -62.133  -14.189  25.428 0.1000000015
19347  -61.879  -14.741  24.589 0.1000000015
19346  -61.352  -16.158  24.447 0.1000000015
8727  -53.617  -18.920  51.366 0.1000000015
6458  -59.961  -13.891  37.191 0.3000000119
14600  -59.599  -12.984  37.541 0.3000000119
30425  -60.073  -12.646  36.609 0.2000000030
14601  -60.550  -11.280  34.819 0.2000000030
14605  -61.376  -12.014  33.532 0.2000000030
14606  -61.661  -12.184  32.456 0.1000000015
30433  -61.884  -12.480  31.248 0.2000000030
19338  -61.948  -12.886  30.050 0.2000000030
470  -59.013  -15.508  30.578 0.4000000060
30432  -61.136  -13.469  31.613 0.3000000119
1031  -62.510  -11.943  29.528 0.1000000015
26581  -62.609  -12.459  28.385 0.1000000015
26582  -62.940  -11.603  27.789 0.2000000030
26583  -62.955  -12.196  26.801 0.2000000030
26585  -62.609  -13.195  24.832 0.1000000015
8757  -61.604  -15.225  23.800 0.1000000015
36432  -54.326  -19.325  50.437 0.2000000030
14598  -59.152  -13.342  38.476 0.3000000119
23737  -59.405  -11.985  36.630 0.3000000119
2949  -60.018  -11.549  35.772 0.2000000030
23740  -60.284  -10.506  33.671 0.1000000015
1030  -61.089  -11.012  33.793 0.1000000015
23741  -60.953  -10.340  32.859 0.1000000015
14607  -61.574  -11.062  32.842 0.1000000015
6462  -61.966  -11.228  31.848 0.1000000015
30434  -62.252  -11.519  30.672 0.1000000015
30435  -61.530  -10.290  31.966 0.1000000015
30436  -61.993  -10.348  30.996 0.1000000015
30437  -62.429  -10.691  29.858 0.1000000015
26580  -62.775  -11.123  28.768 0.1000000015
4530  -63.227  -11.145  26.017 0.2000000030
36522  -62.270  -13.865  23.881 0.1000000015
4507  -54.897  -19.638  49.566 0.2000000030
14597  -58.592  -13.770  39.387 0.3000000119
2947  -55.618  -13.207  35.491 0.2000000030
23735  -56.436  -12.473  34.947 0.2000000030
23734  -54.800  -13.366  33.583 0.1000000015
10627  -55.796  -12.665  33.174 0.1000000015
2948  -57.418  -11.833  34.396 0.1000000015
23738  -58.915  -11.379  35.369 0.1000000015
10629  -58.247  -11.119  33.777 0.1000000015
23739  -59.597  -10.882  34.536 0.1000000015
10630  -57.667  -11.072  32.180 0.1000000015
2950  -59.036  -10.536  33.032 0.1000000015
10631  -58.552  -10.410  31.705 0.1000000015
2951  -60.710  -9.875  31.740 0.1000000015
23742  -59.934  -10.110  32.484 0.1000000015
14609  -61.323  -9.707  30.932 0.1000000015
4528  -62.752  -10.181  27.972 0.1000000015
26586  -63.237  -11.783  25.015 0.1000000015
4531  -63.104  -12.508  24.054 0.1000000015
36521  -61.312  -15.732  23.064 0.1000000015
36523  -62.041  -14.410  22.969 0.1000000015
26541  -54.320  -18.531  49.903 0.2000000030
19273  -53.607  -18.299  50.768 0.2000000030
4514  -58.047  -15.228  40.883 0.3000000119
14595  -56.634  -13.167  37.470 0.2000000030
14594  -57.367  -12.493  36.808 0.2000000030
1028  -58.789  -12.440  37.496 0.2000000030
23736  -58.153  -11.912  36.120 0.2000000030
10628  -56.754  -11.881  32.723 0.1000000015
14608  -60.270  -9.553  30.539 0.1000000015
6463  -61.887  -9.750  29.966 0.1000000015
12209  -63.044  -10.585  27.000 0.1000000015
12211  -63.370  -10.400  25.142 0.2000000030
36524  -61.729  -14.973  22.084 0.1000000015
19349  -62.901  -13.202  22.992 0.1000000015
19299  -56.693  -17.316  43.454 0.2000000030
26554  -57.224  -14.838  40.874 0.3000000119
19296  -55.073  -15.660  40.533 0.2000000030
30418  -57.956  -14.281  40.194 0.3000000119
1027  -55.953  -14.859  40.184 0.2000000030
30417  -56.751  -14.160  39.759 0.2000000030
30416  -55.990  -13.883  38.137 0.2000000030
6455  -57.493  -13.495  39.152 0.3000000119
14596  -58.121  -12.913  38.355 0.2000000030
100  -55.990  -11.840  31.050 0.1000000015
10632  -56.972  -11.083  30.714 0.1000000015
2952  -57.948  -10.433  30.332 0.1000000015
23743  -59.464  -9.852  31.217 0.1000000015
14610  -60.942  -9.234  29.718 0.1000000015
30438  -62.350  -9.927  28.962 0.1000000015
12210  -63.068  -9.829  26.050 0.1000000015
19300  -56.330  -17.667  44.104 0.2000000030
26555  -56.505  -15.378  41.432 0.2000000030
2946  -53.961  -13.411  31.847 0.1000000015
23744  -58.880  -9.851  29.891 0.1000000015
14611  -61.579  -9.183  28.832 0.1000000015
30439  -62.173  -9.230  27.906 0.1000000015
8758  -62.611  -13.850  22.060 0.1000000015
19348  -63.500  -11.835  23.227 0.1000000015
36525  -62.346  -14.484  21.056 0.1000000015
23524  -60.739  -16.391  19.351 0.1000000015
2827  -62.078  -15.194  20.221 0.1000000015
8737  -55.642  -17.068  43.241 0.2000000030
10626  -55.009  -12.633  31.491 0.1000000015
1032  -59.694  -9.431  29.284 0.1000000015
12208  -62.663  -9.417  27.023 0.1000000015
26587  -63.490  -11.086  24.154 0.1000000015
36526  -62.815  -14.159  20.180 0.1000000015
10508  -61.889  -15.786  19.250 0.1000000015
10507  -62.621  -15.019  19.231 0.1000000015
32875  -54.167  -12.389  30.124 0.1000000015
36528  -56.080  -11.082  29.527 0.1000000015
14612  -60.461  -9.006  28.596 0.1000000015
36534  -59.684  -9.116  27.247 0.1000000015
6464  -61.245  -8.780  27.790 0.1000000015
30440  -61.966  -8.750  26.986 0.1000000015
36535  -60.568  -8.752  26.600 0.1000000015
471  -62.479  -8.938  26.052 0.1000000015
12212  -62.978  -9.324  25.160 0.1000000015
36536  -61.408  -8.623  25.762 0.1000000015
19351  -63.096  -13.348  21.164 0.1000000015
19350  -63.321  -12.570  22.198 0.1000000015
36527  -63.127  -13.862  19.208 0.1000000015
2063  -63.691  -11.261  22.366 0.1000000015
19352  -63.567  -11.998  21.362 0.1000000015
36553  -63.628  -12.508  19.261 0.1000000015
4532  -63.351  -9.835  24.253 0.1000000015
26588  -63.604  -10.516  23.285 0.1000000015
36551  -63.773  -10.807  21.265 0.1000000015
8759  -63.379  -12.934  20.317 0.1000000015
36548  -63.616  -10.142  22.206 0.1000000015
36547  -63.259  -9.564  23.143 0.1000000015
36550  -63.503  -9.840  21.096 0.1000000015
17787  -26.751  -30.248  65.973 0.1000000015
6460  -61.066  -13.223  32.742 0.3000000119
8754  -61.098  -14.724  28.087 0.2000000030
6461  -61.211  -13.853  30.395 0.2000000030
30414  -55.168  -14.673  38.634 0.2000000030
30415  -54.951  -13.976  36.108 0.2000000030
16485  -35.220  -32.192  39.591 0.2000000030
1823  -22.865  -32.046  71.295 0.1000000015
34764  -17.581  -32.156  69.871 0.1000000015
17905  -17.460  -32.787  67.552 0.1000000015
25717  -19.162  -32.918  61.454 0.1000000015
1571  -35.700  -31.691  38.979 0.2000000030
26512  -45.357  -31.717  34.169 0.2000000030
36376  -45.833  -30.975  33.597 0.2000000030
26510  -43.264  -30.694  34.263 0.2000000030
3578  -36.970  -30.835  37.920 0.2000000030
19227  -46.260  -30.131  33.161 0.2000000030
12205  -57.901  -16.593  29.458 0.5000000000
19345  -61.540  -15.586  25.057 0.1000000015
30431  -60.202  -14.745  30.550 0.3000000119
23521  -61.445  -15.501  21.245 0.1000000015
2829  -61.385  -16.322  18.415 0.1000000015
10509  -62.384  -15.718  18.304 0.1000000015
36546  -62.731  -9.055  24.057 0.1000000015
36552  -63.791  -11.590  20.277 0.1000000015
19326  -55.593  -20.588  28.109 0.2000000030
26574  -56.068  -19.000  28.636 0.2000000030
12207  -59.016  -15.753  29.444 0.3000000119
4527  -59.020  -16.145  28.350 0.3000000119
36510  -60.157  -15.063  29.380 0.2000000030
36460  -54.899  -16.629  42.171 0.1000000015
8736  -54.128  -16.445  40.770 0.1000000015
6454  -54.242  -14.746  36.665 0.1000000015
26575  -56.355  -19.375  27.954 0.2000000030
4525  -57.073  -17.805  28.511 0.4000000060
11272  -14.025  -37.232  74.935 0.1000000015
11274  -15.073  -38.772  74.259 0.1000000015
29124  -15.019  -33.305  74.648 0.1000000015
718  -14.178  -33.204  74.396 0.1000000015
5899  -16.323  -32.170  73.531 0.1000000015
13669  -17.511  -31.897  73.199 0.1000000015
16525  -14.436  -33.054  73.029 0.1000000015
4027  -46.142  -23.467  60.391 0.1000000015
11708  -46.787  -22.724  59.864 0.1000000015
3985  -47.425  -22.061  59.257 0.1000000015
11665  -46.663  -21.729  59.344 0.1000000015
29121  -15.222  -32.623  73.949 0.1000000015
26578  -58.170  -17.511  27.645 0.2000000030
36463  -55.933  -17.940  44.804 0.1000000015
12206  -57.957  -16.947  28.435 0.2000000030
36462  -55.174  -17.603  43.766 0.1000000015
26579  -59.199  -16.739  27.468 0.2000000030
30409  -54.962  -18.252  46.468 0.1000000015
26540  -54.025  -18.114  49.137 0.1000000015
8735  -54.714  -18.015  44.497 0.1000000015
36454  -54.260  -18.301  45.274 0.1000000015
26577  -57.267  -18.395  27.818 0.2000000030
36511  -60.137  -15.484  28.244 0.2000000030
36512  -60.193  -15.992  27.261 0.2000000030
36513  -61.993  -13.941  27.770 0.2000000030
36514  -61.051  -15.274  27.006 0.2000000030
19340  -61.988  -13.412  28.881 0.1000000015
19339  -61.160  -14.286  29.210 0.1000000015
2086  -37.917  -47.812  53.207 0.1000000015
36729  -37.619  -47.427  52.127 0.1000000015
26687  -37.790  -46.464  53.518 0.1000000015
8827  -37.330  -47.114  51.005 0.1000000015
36728  -37.495  -46.151  52.402 0.1000000015
36727  -36.689  -45.265  52.102 0.1000000015
19519  -37.096  -45.997  51.199 0.1000000015
19520  -37.007  -46.673  50.030 0.1000000015
19518  -36.604  -45.637  50.083 0.1000000015
1051  -36.731  -46.162  49.115 0.1000000015
30521  -36.424  -45.610  48.226 0.1000000015
6497  -36.325  -45.009  50.910 0.1000000015
26522  -56.106  -31.588  36.760 0.1000000015
30522  -36.148  -46.205  46.939 0.1000000015
2048  -55.689  -32.444  37.367 0.1000000015
19236  -54.493  -32.809  37.190 0.1000000015
19237  -53.969  -33.606  37.981 0.1000000015
14671  -36.114  -45.750  46.163 0.1000000015
19238  -55.138  -33.250  38.150 0.1000000015
26523  -55.199  -31.040  36.053 0.1000000015
26521  -54.919  -31.852  36.522 0.1000000015
30518  -36.259  -45.128  49.044 0.1000000015
26520  -53.688  -32.194  36.342 0.1000000015
30520  -35.729  -44.612  48.080 0.1000000015
4494  -53.289  -33.051  36.947 0.1000000015
4496  -56.443  -30.813  36.175 0.1000000015
36396  -57.284  -31.313  36.767 0.1000000015
36387  -52.714  -33.790  37.732 0.1000000015
8715  -57.796  -31.943  37.335 0.1000000015
14672  -35.872  -45.232  45.303 0.1000000015
14674  -35.626  -44.854  44.616 0.1000000015
23791  -40.963  -37.949  37.990 0.1000000015
23789  -40.215  -38.062  37.702 0.1000000015
4495  -54.031  -31.255  35.833 0.1000000015
6499  -36.082  -45.101  47.280 0.1000000015
26524  -55.481  -30.335  35.629 0.1000000015
36397  -58.366  -31.220  36.610 0.1000000015
14669  -35.241  -44.147  47.115 0.1000000015
19235  -51.461  -34.030  37.462 0.1000000015
26518  -52.016  -33.277  36.679 0.1000000015
12176  -54.263  -30.561  35.435 0.1000000015
4497  -54.509  -29.994  35.017 0.1000000015
19242  -56.781  -32.132  37.407 0.1000000015
36382  -48.673  -34.956  37.383 0.1000000015
30529  -35.259  -44.431  43.849 0.1000000015
36373  -47.130  -35.330  37.754 0.1000000015
14676  -34.894  -44.083  43.161 0.1000000015
14565  -45.186  -36.293  38.713 0.1000000015
14567  -45.642  -35.705  37.940 0.1000000015
14564  -44.628  -36.960  39.554 0.1000000015
23715  -42.595  -36.735  38.249 0.1000000015
2936  -43.627  -36.887  38.919 0.1000000015
2935  -41.557  -36.537  37.587 0.1000000015
10658  -40.796  -36.597  37.327 0.1000000015
23792  -41.618  -37.746  38.347 0.1000000015
14683  -39.446  -38.164  37.363 0.1000000015
30542  -37.917  -39.761  37.286 0.1000000015
6508  -38.878  -39.619  37.441 0.1000000015
14685  -39.692  -39.392  37.583 0.1000000015
26715  -38.234  -40.875  37.799 0.1000000015
26519  -52.497  -32.473  36.061 0.1000000015
26517  -51.231  -32.608  35.729 0.1000000015
19244  -57.706  -30.691  36.173 0.1000000015
14670  -35.737  -44.643  46.357 0.1000000015
2047  -50.776  -33.433  36.289 0.1000000015
19233  -50.252  -34.256  37.096 0.1000000015
26525  -55.737  -29.780  35.271 0.1000000015
19243  -56.678  -30.170  35.711 0.1000000015
1052  -35.232  -44.253  45.553 0.1000000015
19232  -49.087  -34.250  36.610 0.1000000015
19241  -57.243  -32.574  38.122 0.1000000015
14668  -34.643  -43.798  46.266 0.1000000015
23781  -34.715  -43.880  44.752 0.1000000015
36381  -47.904  -34.177  36.184 0.1000000015
23779  -33.618  -42.976  46.054 0.1000000015
6437  -46.758  -35.863  38.513 0.1000000015
8708  -47.510  -34.809  36.918 0.1000000015
14675  -33.875  -43.249  43.173 0.1000000015
14677  -34.658  -43.686  42.363 0.1000000015
36372  -46.027  -35.143  37.202 0.1000000015
14679  -34.540  -43.312  41.451 0.1000000015
36777  -33.452  -42.459  41.409 0.1000000015
14563  -44.049  -36.149  38.041 0.1000000015
1017  -44.532  -35.606  37.320 0.1000000015
36778  -34.478  -42.921  40.650 0.1000000015
14684  -38.612  -38.394  37.109 0.1000000015
2976  -38.346  -37.089  36.809 0.1000000015
23788  -39.131  -36.883  36.999 0.1000000015
12174  -52.801  -31.580  35.588 0.1000000015
4493  -51.651  -31.728  35.278 0.1000000015
26516  -50.453  -31.730  34.712 0.1000000015
19229  -50.006  -32.676  35.195 0.1000000015
19231  -49.584  -33.529  35.844 0.1000000015
19245  -57.927  -30.086  35.521 0.1000000015
8716  -58.757  -30.572  35.909 0.1000000015
36395  -58.815  -31.853  37.006 0.1000000015
36394  -58.233  -32.483  37.975 0.1000000015
36404  -55.887  -29.439  34.657 0.1000000015
2049  -56.925  -29.699  35.170 0.1000000015
23780  -34.075  -43.447  45.488 0.1000000015
2973  -34.216  -43.583  44.003 0.1000000015
36393  -57.634  -32.965  38.751 0.1000000015
8843  -33.495  -41.990  40.532 0.1000000015
23717  -43.438  -35.366  36.716 0.1000000015
36368  -43.788  -34.721  36.103 0.1000000015
10616  -41.925  -35.818  36.845 0.1000000015
23716  -43.021  -35.982  37.355 0.1000000015
19560  -33.746  -41.580  39.784 0.1000000015
2977  -39.987  -36.760  37.178 0.1000000015
30539  -36.745  -38.757  36.855 0.1000000015
1056  -37.115  -40.038  37.374 0.1000000015
12175  -53.094  -30.684  35.185 0.1000000015
12173  -51.918  -30.862  34.819 0.1000000015
36378  -48.073  -31.624  33.866 0.1000000015
4492  -49.242  -31.682  34.221 0.1000000015
19230  -48.860  -32.576  34.718 0.1000000015
36379  -47.613  -32.429  34.375 0.1000000015
8710  -48.367  -33.375  35.410 0.1000000015
36380  -47.189  -33.137  35.016 0.1000000015
19246  -58.966  -30.117  35.227 0.1000000015
19225  -46.773  -33.938  35.794 0.1000000015
36407  -57.059  -29.324  34.460 0.1000000015
19247  -58.066  -29.682  34.884 0.1000000015
19224  -46.397  -34.591  36.508 0.1000000015
23782  -33.477  -43.130  44.686 0.1000000015
8707  -45.271  -34.337  36.141 0.1000000015
19223  -45.591  -33.615  35.508 0.1000000015
10653  -32.452  -42.206  44.310 0.1000000015
23783  -33.060  -42.846  43.875 0.1000000015
23784  -32.749  -42.420  42.905 0.1000000015
36370  -44.156  -33.998  35.705 0.1000000015
2974  -32.067  -41.874  43.345 0.1000000015
36774  -32.548  -41.990  41.939 0.1000000015
36776  -32.513  -41.543  40.900 0.1000000015
36772  -31.343  -40.819  42.735 0.1000000015
36773  -31.779  -41.429  42.275 0.1000000015
19559  -32.667  -41.032  39.975 0.1000000015
36367  -42.711  -34.394  35.636 0.1000000015
2092  -34.189  -41.184  38.940 0.1000000015
26714  -33.558  -40.140  38.392 0.1000000015
10617  -41.202  -34.825  35.880 0.1000000015
36783  -34.800  -40.814  38.317 0.1000000015
19564  -35.017  -39.363  37.311 0.1000000015
19563  -35.886  -39.137  37.051 0.1000000015
10657  -40.042  -35.613  36.278 0.1000000015
10615  -40.811  -35.524  36.357 0.1000000015
36782  -34.284  -39.748  37.780 0.1000000015
10656  -39.142  -35.700  36.189 0.1000000015
8845  -35.468  -40.527  37.887 0.1000000015
12172  -50.769  -30.807  34.330 0.1000000015
12177  -53.375  -30.022  34.624 0.1000000015
8709  -46.919  -31.392  33.652 0.1000000015
36398  -59.347  -31.206  36.231 0.1000000015
19221  -44.871  -32.435  34.718 0.1000000015
2046  -46.022  -32.825  34.900 0.1000000015
19222  -44.503  -33.235  35.212 0.1000000015
1054  -33.622  -42.863  42.264 0.1000000015
8706  -43.058  -33.593  35.369 0.1000000015
8842  -31.767  -40.985  41.307 0.1000000015
19557  -31.218  -39.859  40.779 0.1000000015
4602  -33.211  -39.030  37.923 0.1000000015
36781  -33.990  -38.607  37.326 0.1000000015
97  -40.131  -34.497  35.599 0.1000000015
6506  -34.818  -38.278  36.921 0.1000000015
14682  -36.558  -36.321  36.285 0.1000000015
10655  -39.251  -34.611  35.660 0.1000000015
30540  -37.466  -37.307  36.638 0.1000000015
23786  -37.418  -36.084  36.215 0.1000000015
23787  -38.280  -35.848  36.203 0.1000000015
2975  -38.324  -34.639  35.752 0.1000000015
12171  -50.978  -29.985  33.894 0.1000000015
36399  -59.663  -30.661  35.476 0.1000000015
25114  -60.179  -31.340  35.674 0.1000000015
8719  -57.124  -28.983  33.674 0.1000000015
36408  -58.029  -29.368  34.112 0.1000000015
8717  -58.908  -29.747  34.408 0.1000000015
4489  -43.849  -31.954  34.545 0.1000000015
36369  -43.468  -32.785  34.936 0.1000000015
19220  -42.414  -32.382  34.888 0.1000000015
19219  -42.024  -33.252  35.155 0.1000000015
36775  -31.840  -40.484  40.264 0.1000000015
32819  -40.511  -33.683  35.259 0.1000000015
30536  -33.920  -37.357  37.020 0.1000000015
30537  -34.776  -36.946  36.652 0.1000000015
26711  -31.418  -39.294  39.800 0.1000000015
30538  -35.686  -37.886  36.690 0.1000000015
14681  -35.686  -36.614  36.404 0.1000000015
30389  -52.488  -29.438  33.787 0.1000000015
36400  -59.751  -30.239  34.637 0.1000000015
3712  -60.463  -30.855  34.789 0.1000000015
25115  -60.314  -32.307  36.205 0.1000000015
36409  -58.700  -29.444  33.511 0.1000000015
19253  -57.193  -28.522  32.795 0.1000000015
26712  -31.874  -38.806  38.971 0.1000000015
4601  -32.102  -39.923  39.366 0.1000000015
19558  -33.073  -40.553  39.098 0.1000000015
7444  -38.886  -32.293  35.436 0.1000000015
32818  -39.474  -33.437  35.331 0.1000000015
36366  -41.582  -34.015  35.405 0.1000000015
12281  -32.404  -38.288  38.169 0.1000000015
32985  -36.807  -33.718  35.941 0.1000000015
32986  -37.654  -33.559  35.715 0.1000000015
32987  -38.562  -33.459  35.534 0.1000000015
4600  -31.898  -37.499  38.676 0.1000000015
12280  -32.510  -36.942  37.966 0.1000000015
233  -33.239  -36.451  37.339 0.1000000015
14680  -35.757  -35.272  36.177 0.1000000015
23785  -37.459  -34.817  35.863 0.1000000015
277  -60.346  -30.099  32.999 0.1000000015
11394  -61.290  -30.741  33.363 0.1000000015
11392  -60.512  -30.430  33.964 0.1000000015
25116  -60.894  -31.728  35.173 0.1000000015
19254  -57.982  -29.061  33.175 0.1000000015
32969  -32.264  -36.140  38.663 0.1000000015
32970  -32.918  -35.629  37.968 0.1000000015
32979  -33.664  -35.151  37.423 0.1000000015
32980  -34.430  -34.715  36.961 0.1000000015
32981  -35.200  -34.324  36.534 0.1000000015
7505  -37.115  -32.525  36.079 0.1000000015
6505  -34.900  -35.651  36.492 0.1000000015
29294  -61.143  -30.382  32.380 0.1000000015
11393  -61.192  -31.252  34.340 0.1000000015
36410  -59.310  -29.634  32.743 0.1000000015
19255  -57.849  -28.635  32.205 0.1000000015
8720  -58.508  -29.264  32.445 0.1000000015
3713  -60.819  -32.782  35.644 0.1000000015
26530  -56.288  -26.963  31.750 0.1000000015
2050  -57.135  -27.892  31.969 0.1000000015
16491  -36.882  -31.576  36.853 0.1000000015
7500  -32.962  -34.926  38.825 0.1000000015
32983  -36.137  -31.889  37.261 0.1000000015
32984  -36.317  -32.705  36.422 0.1000000015
16492  -37.723  -31.323  36.348 0.1000000015
16493  -38.028  -32.346  35.712 0.1000000015
7503  -34.242  -33.860  37.693 0.1000000015
16488  -34.893  -33.448  37.307 0.1000000015
32982  -35.963  -33.967  36.225 0.1000000015
5971  -59.949  -29.534  30.829 0.1000000015
33510  -61.934  -31.156  32.740 0.1000000015
36411  -59.205  -29.434  31.647 0.1000000015
29293  -60.142  -29.835  31.971 0.1000000015
3714  -61.762  -31.643  33.731 0.1000000015
25118  -61.686  -32.740  34.002 0.1000000015
19256  -58.417  -28.788  31.551 0.1000000015
25117  -61.421  -32.221  34.695 0.1000000015
19257  -57.690  -27.977  31.407 0.1000000015
26532  -56.203  -26.239  31.291 0.1000000015
26531  -57.015  -27.169  31.389 0.1000000015
4500  -55.417  -26.136  31.422 0.1000000015
32977  -33.867  -33.748  39.357 0.1000000015
16486  -34.369  -33.234  38.813 0.1000000015
16489  -35.503  -32.220  37.821 0.1000000015
32978  -33.585  -34.349  38.296 0.1000000015
16487  -34.893  -32.703  38.348 0.1000000015
5972  -61.875  -30.684  31.761 0.1000000015
16905  -62.419  -31.111  30.990 0.1000000015
13793  -60.909  -29.640  30.234 0.1000000015
36412  -59.089  -28.887  30.765 0.1000000015
33511  -62.162  -32.141  33.041 0.1000000015
8721  -58.405  -28.163  30.847 0.1000000015
4501  -56.819  -26.493  30.982 0.1000000015
12181  -55.369  -25.285  30.964 0.1000000015
16900  -61.045  -33.296  34.988 0.1000000015
29297  -62.482  -30.617  29.834 0.1000000015
29296  -61.850  -30.269  30.587 0.1000000015
16906  -62.363  -31.667  32.083 0.1000000015
13794  -60.755  -29.165  29.374 0.1000000015
757  -59.698  -28.457  29.370 0.1000000015
13792  -59.843  -29.005  29.947 0.1000000015
36415  -58.253  -27.562  30.388 0.1000000015
36413  -59.042  -28.324  30.165 0.1000000015
26534  -55.485  -24.985  30.083 0.1000000015
19258  -56.355  -25.992  30.307 0.1000000015
19259  -57.284  -26.823  30.387 0.1000000015
26533  -55.914  -25.555  30.798 0.1000000015
33512  -61.689  -33.327  33.217 0.1000000015
16902  -60.224  -34.319  35.216 0.1000000015
16901  -60.356  -33.865  35.912 0.1000000015
5973  -61.755  -29.818  29.585 0.1000000015
36418  -57.654  -27.007  28.175 0.1000000015
2677  -58.819  -27.587  28.074 0.1000000015
23252  -60.451  -28.611  28.670 0.1000000015
8723  -56.559  -26.193  28.100 0.1000000015
36417  -58.225  -27.450  28.933 0.1000000015
36416  -58.803  -27.796  29.584 0.1000000015
36497  -55.368  -24.562  28.679 0.1000000015
19262  -56.155  -25.875  28.886 0.1000000015
19261  -57.089  -26.790  28.901 0.1000000015
8722  -57.663  -27.197  29.698 0.1000000015
2051  -55.769  -25.420  29.495 0.1000000015
19260  -56.708  -26.468  29.655 0.1000000015
1653  -60.941  -33.824  34.276 0.1000000015
29299  -62.453  -30.081  28.767 0.1000000015
758  -62.784  -31.580  30.096 0.1000000015
36419  -57.177  -26.368  27.369 0.1000000015
10358  -59.662  -27.783  27.300 0.1000000015
23253  -60.126  -28.161  28.005 0.1000000015
29298  -61.539  -29.320  28.689 0.1000000015
13796  -62.270  -29.553  27.889 0.1000000015
29300  -62.861  -30.990  28.964 0.1000000015
16907  -62.579  -32.176  31.210 0.1000000015
36498  -55.742  -24.858  28.079 0.1000000015
2679  -60.509  -27.899  26.440 0.1000000015
23254  -60.846  -28.297  27.194 0.1000000015
2678  -61.225  -28.742  27.917 0.1000000015
38369  -61.092  -28.043  25.468 0.1000000015
23255  -61.563  -28.468  26.394 0.1000000015
29301  -63.016  -31.468  27.988 0.1000000015
20881  -60.501  -27.541  24.462 0.1000000015
38370  -61.985  -28.817  25.109 0.1000000015
7698  -62.240  -32.779  32.247 0.1000000015
33514  -61.360  -33.749  32.406 0.1000000015
33515  -60.599  -34.261  33.490 0.1000000015
8750  -56.247  -23.885  27.034 0.1000000015
16  -57.928  -26.521  26.602 0.1000000015
19329  -55.745  -23.572  27.641 0.1000000015
35184  -58.154  -25.929  25.286 0.1000000015
10359  -59.223  -27.322  26.536 0.1000000015
8749  -55.289  -23.267  28.161 0.1000000015
8297  -59.265  -26.719  24.786 0.1000000015
38368  -59.898  -27.377  25.632 0.1000000015
5974  -62.879  -30.447  27.867 0.1000000015
25119  -62.826  -32.077  29.152 0.1000000015
36496  -54.960  -22.944  28.707 0.1000000015
36502  -56.834  -23.408  26.276 0.1000000015
19330  -56.030  -22.462  27.365 0.1000000015
36501  -56.753  -24.380  26.456 0.1000000015
19328  -55.506  -22.144  27.841 0.1000000015
18248  -57.872  -25.090  24.945 0.1000000015
19327  -55.064  -21.766  28.370 0.1000000015
35185  -58.755  -26.116  24.334 0.1000000015
25120  -62.509  -32.668  30.356 0.1000000015
25121  -62.017  -32.957  29.403 0.1000000015
33513  -61.968  -33.201  31.400 0.1000000015
3716  -61.343  -33.449  30.542 0.1000000015
16909  -60.605  -33.985  31.685 0.1000000015
8751  -56.788  -22.037  26.734 0.1000000015
26576  -56.647  -19.986  27.489 0.1000000015
19332  -56.422  -21.469  27.223 0.1000000015
2060  -56.046  -20.947  27.601 0.1000000015
18247  -57.292  -23.922  25.499 0.1000000015
18249  -57.722  -24.246  24.692 0.1000000015
19333  -58.409  -18.215  27.069 0.1000000015
2061  -59.422  -17.358  26.804 0.1000000015
4526  -57.469  -19.083  27.325 0.1000000015
36505  -57.366  -21.249  26.639 0.1000000015
1894  -57.493  -23.020  25.430 0.1000000015
36506  -57.664  -21.778  26.046 0.1000000015
25925  -57.793  -23.383  24.593 0.1000000015
35187  -58.115  -24.459  23.830 0.1000000015
36515  -60.305  -16.541  26.469 0.1000000015
19334  -57.727  -19.793  26.929 0.1000000015
8752  -58.071  -20.401  26.419 0.1000000015
19335  -58.686  -18.860  26.653 0.1000000015
25924  -57.809  -22.306  25.295 0.1000000015
4163  -58.061  -23.684  23.676 0.1000000015
18251  -58.390  -24.665  22.810 0.1000000015
18252  -58.578  -24.795  21.832 0.1000000015
1896  -58.260  -24.190  21.811 0.1000000015
18254  -58.625  -24.908  20.912 0.1000000015
35199  -58.300  -24.931  20.097 0.1000000015
18261  -57.624  -25.145  19.659 0.1000000015
8303  -57.634  -25.971  18.915 0.1000000015
19337  -59.625  -18.051  26.277 0.1000000015
19336  -58.891  -19.588  26.162 0.1000000015
36507  -58.256  -20.986  25.820 0.1000000015
8753  -59.785  -18.675  25.698 0.1000000015
4162  -58.290  -21.542  25.026 0.1000000015
36508  -58.969  -20.149  25.529 0.1000000015
25926  -58.038  -22.622  24.451 0.1000000015
25927  -58.230  -22.977  23.547 0.1000000015
11843  -58.350  -21.876  24.210 0.1000000015
18250  -58.304  -23.930  22.739 0.1000000015
4164  -58.241  -22.174  23.506 0.1000000015
25928  -58.169  -23.209  22.738 0.1000000015
35195  -57.949  -23.414  21.945 0.1000000015
35194  -58.021  -22.395  22.820 0.1000000015
35198  -58.087  -24.237  21.003 0.1000000015
8301  -57.527  -22.580  22.323 0.1000000015
18263  -56.657  -26.221  18.768 0.1000000015
18260  -56.743  -24.583  20.302 0.1000000015
18259  -56.754  -23.638  21.163 0.1000000015
35196  -56.884  -22.732  21.943 0.1000000015
11842  -58.885  -20.698  24.771 0.1000000015
18256  -57.864  -21.529  23.051 0.1000000015
26710  -31.416  -38.021  39.456 0.1000000015
19556  -31.203  -40.340  41.724 0.1000000015
16490  -37.764  -30.562  37.438 0.1000000015
30377  -47.826  -36.058  39.036 0.1000000015
30541  -37.691  -38.556  36.924 0.1000000015
8711  -49.826  -34.933  37.848 0.1000000015
36371  -44.929  -34.962  36.674 0.1000000015
2937  -42.280  -35.072  36.201 0.1000000015
19565  -36.262  -40.269  37.540 0.1000000015
36377  -46.458  -32.105  34.195 0.1000000015
6507  -36.592  -37.583  36.638 0.1000000015
26713  -32.568  -39.467  38.549 0.1000000015
7445  -40.952  -32.771  35.080 0.1000000015
12282  -33.117  -37.803  37.472 0.1000000015
1055  -36.627  -34.982  35.982 0.1000000015
36401  -59.592  -29.881  33.718 0.1000000015
32820  -39.926  -32.463  35.156 0.1000000015
30535  -34.055  -36.026  36.894 0.1000000015
7504  -35.559  -32.944  36.862 0.1000000015
29295  -61.065  -30.039  31.319 0.1000000015
36414  -57.653  -27.385  30.945 0.1000000015
23251  -59.384  -27.938  28.715 0.1000000015
36494  -55.060  -24.081  29.274 0.1000000015
10357  -58.334  -27.093  27.287 0.1000000015
36499  -56.287  -25.098  27.412 0.1000000015
36500  -56.904  -25.358  26.754 0.1000000015
13795  -61.917  -28.969  27.126 0.1000000015
759  -62.377  -29.353  26.087 0.1000000015
9376  -61.619  -28.276  24.079 0.1000000015
35182  -57.561  -25.757  26.116 0.1000000015
8296  -57.361  -24.816  25.796 0.1000000015
35183  -58.556  -26.631  25.796 0.1000000015
7699  -60.016  -34.540  32.693 0.1000000015
19331  -56.401  -22.944  26.853 0.1000000015
36503  -57.168  -22.541  26.148 0.1000000015
36504  -56.991  -20.617  27.072 0.1000000015
8298  -58.310  -25.279  24.015 0.1000000015
35188  -58.718  -25.475  22.931 0.1000000015
11844  -58.704  -21.017  24.049 0.1000000015
8302  -57.481  -24.360  20.514 0.1000000015
35197  -57.428  -23.489  21.437 0.1000000015
18262  -56.879  -25.419  19.575 0.1000000015
18264  -55.976  -25.648  19.612 0.1000000015
35193  -58.345  -21.242  23.521 0.1000000015
