#!ascii label  , from subject fsaverage6 vox2ras=TkReg 
1636
16534  -9.961  -37.653  75.021 0.2222220004
16528  -11.524  -35.606  75.040 0.3333329856
24893  -13.190  -33.872  74.827 0.4444440007
16525  -14.436  -33.054  73.029 0.5555559993
29121  -15.222  -32.623  73.949 0.4444440007
5899  -16.323  -32.170  73.531 0.5555559993
1580  -10.750  -36.616  75.089 0.4444440007
16530  -10.590  -36.083  74.428 0.3333329856
33037  -7.949  -38.535  73.619 0.3333329856
16533  -8.898  -38.077  74.430 0.3333329856
3591  -12.359  -34.637  74.995 0.4444440007
6532  -7.244  -39.451  73.461 0.1111110002
33038  -8.198  -39.061  74.254 0.3333329856
33031  -12.460  -34.340  74.052 0.5555559993
16527  -13.439  -33.658  73.603 0.5555559993
718  -14.178  -33.204  74.396 0.5555559993
7522  -12.793  -34.637  72.331 0.5555559993
29120  -15.430  -32.557  72.493 0.6666669846
13669  -17.511  -31.897  73.199 0.4444440007
16526  -13.740  -34.055  71.716 0.6666669846
5898  -14.718  -33.553  70.986 0.6666669846
29119  -15.628  -33.113  70.304 0.7777780294
13668  -16.497  -32.126  72.104 0.7777780294
33028  -13.957  -34.888  69.205 0.7777780294
5897  -16.561  -32.698  69.775 0.7777780294
29117  -15.687  -33.914  67.827 0.7777780294
11269  -13.918  -35.495  66.756 0.7777780294
29118  -14.830  -34.397  68.463 0.7777780294
7524  -8.803  -37.613  73.632 0.3333329856
16532  -9.742  -37.064  74.470 0.3333329856
30600  -6.269  -40.062  72.355 0.4444440007
16531  -9.749  -36.752  73.502 0.4444440007
16529  -11.512  -35.139  74.317 0.5555559993
33035  -9.077  -37.587  72.181 0.4444440007
7523  -10.772  -36.007  73.273 0.5555559993
33032  -11.801  -35.268  72.885 0.5555559993
238  -7.409  -39.013  71.010 0.5555559993
33036  -8.069  -38.258  72.465 0.4444440007
33027  -8.441  -38.451  70.525 0.5555559993
33034  -10.138  -37.001  71.766 0.6666669846
33033  -11.190  -36.435  71.284 0.6666669846
34765  -18.657  -31.529  71.695 0.7777780294
717  -18.624  -31.739  72.845 0.4444440007
7521  -9.447  -37.983  69.886 0.5555559993
33030  -12.185  -35.924  70.677 0.7777780294
33029  -13.096  -35.403  69.939 0.7777780294
13667  -17.593  -31.798  71.734 0.7777780294
33026  -8.574  -38.653  68.180 0.4444440007
16524  -10.424  -37.505  69.307 0.6666669846
24891  -12.217  -36.496  68.044 0.7777780294
1579  -11.338  -36.990  68.741 0.6666669846
237  -14.797  -34.998  66.079 0.7777780294
3589  -13.102  -35.941  67.458 0.6666669846
16520  -11.242  -37.131  66.403 0.5555559993
24890  -12.090  -36.595  65.830 0.5555559993
11268  -12.960  -36.113  65.237 0.5555559993
11267  -13.820  -35.671  64.584 0.5555559993
34767  -19.719  -31.420  71.640 0.6666669846
8153  -18.593  -31.795  69.830 0.7777780294
34764  -17.581  -32.156  69.871 0.7777780294
34763  -16.536  -33.322  67.650 0.7777780294
34762  -15.657  -34.424  65.838 0.7777780294
17909  -21.822  -31.875  71.847 0.4444440007
34766  -19.617  -31.479  69.901 0.8888890147
17905  -17.460  -32.787  67.552 0.7777780294
17906  -18.449  -32.294  67.655 0.8888890147
8152  -16.502  -33.902  65.506 0.6666669846
17904  -17.371  -33.274  65.471 0.7777780294
34753  -14.703  -35.198  64.225 0.5555559993
34761  -15.539  -34.700  63.955 0.5555559993
17903  -16.429  -34.175  63.688 0.7777780294
1842  -18.344  -32.770  65.548 0.7777780294
34760  -15.464  -34.776  62.184 0.5555559993
1823  -22.865  -32.046  71.295 0.4444440007
17908  -20.818  -31.422  71.368 0.8888890147
17794  -31.396  -31.304  68.226 0.3333329856
25720  -19.503  -31.877  67.851 0.8888890147
34630  -32.391  -31.384  67.932 0.4444440007
4013  -32.725  -30.781  67.504 0.5555559993
25655  -32.966  -30.332  66.754 0.5555559993
4014  -33.048  -30.131  65.623 0.6666669846
17902  -17.285  -33.641  63.582 0.7777780294
34654  -33.040  -30.224  64.164 0.8888890147
34655  -34.066  -30.285  65.252 0.7777780294
25669  -38.594  -29.457  64.358 0.3333329856
8115  -32.994  -30.604  62.469 0.8888890147
17816  -34.161  -30.450  63.895 0.6666669846
25668  -37.754  -29.719  63.459 0.4444440007
17817  -35.369  -30.422  63.784 0.6666669846
25667  -36.619  -30.144  63.611 0.6666669846
25666  -36.741  -30.309  62.157 0.6666669846
1829  -35.506  -30.672  62.263 0.7777780294
25643  -22.924  -31.466  70.722 0.6666669846
25644  -23.831  -31.886  70.826 0.1111110002
17792  -30.364  -31.260  68.481 0.2222220004
25722  -21.844  -31.341  69.652 0.7777780294
4050  -20.760  -31.386  69.913 0.7777780294
1826  -30.734  -30.616  68.162 0.5555559993
25653  -31.737  -30.655  67.896 0.5555559993
25721  -20.659  -31.649  67.986 0.8888890147
25654  -31.955  -30.225  67.110 0.5555559993
25719  -19.363  -32.329  65.653 0.8888890147
4049  -20.515  -32.005  65.889 0.8888890147
11694  -31.980  -30.078  64.490 0.7777780294
4022  -39.563  -29.057  63.933 0.5555559993
17900  -18.241  -33.141  63.519 0.7777780294
11701  -38.712  -29.274  63.151 0.4444440007
25718  -19.262  -32.662  63.581 0.6666669846
17815  -34.215  -30.732  62.408 0.8888890147
4048  -18.189  -33.302  61.711 0.6666669846
8151  -16.374  -34.284  61.908 0.5555559993
17814  -32.928  -30.864  60.782 1.0000000000
34757  -17.248  -33.770  60.132 0.6666669846
17813  -34.114  -30.962  60.603 0.8888890147
4008  -24.737  -31.615  70.392 0.1111110002
25645  -23.884  -31.250  70.130 0.5555559993
4007  -22.922  -31.236  69.472 0.7777780294
25652  -30.961  -30.136  67.558 0.5555559993
11730  -21.758  -31.549  67.900 0.7777780294
11692  -30.977  -29.999  64.844 0.8888890147
11728  -20.327  -32.269  63.689 0.8888890147
34653  -31.910  -30.338  62.715 1.0000000000
4020  -37.878  -29.824  62.020 0.5555559993
34652  -31.777  -30.678  60.937 1.0000000000
25717  -19.162  -32.918  61.454 0.6666669846
17811  -35.465  -30.848  60.678 0.8888890147
25665  -36.738  -30.536  60.466 0.8888890147
8114  -32.820  -31.002  59.187 1.0000000000
17812  -34.078  -31.005  59.048 1.0000000000
8150  -16.205  -33.793  58.941 0.4444440007
25716  -18.201  -33.346  59.992 0.6666669846
25715  -19.157  -32.967  59.741 0.7777780294
17899  -17.188  -33.457  58.658 0.4444440007
870  -18.195  -33.123  58.414 0.6666669846
17780  -25.667  -31.378  69.873 0.1111110002
17791  -29.345  -31.329  68.712 0.2222220004
8105  -28.627  -30.721  68.760 0.3333329856
17790  -29.694  -30.644  68.466 0.4444440007
11688  -23.906  -31.011  68.991 0.7777780294
17788  -29.957  -30.141  67.851 0.6666669846
11687  -22.829  -31.338  67.758 0.7777780294
25651  -30.006  -29.846  66.764 0.6666669846
11702  -39.676  -28.686  62.828 0.4444440007
11703  -40.424  -28.555  63.477 0.3333329856
11729  -21.641  -31.778  65.962 0.7777780294
4012  -31.069  -29.925  66.410 0.6666669846
371  -22.659  -31.512  65.868 0.7777780294
11700  -38.848  -29.261  61.772 0.6666669846
373  -30.850  -30.260  63.097 0.8888890147
11699  -37.916  -29.947  60.408 0.7777780294
11727  -21.384  -31.912  63.911 0.7777780294
29766  -21.218  -32.112  61.720 0.7777780294
4047  -20.171  -32.500  61.591 0.7777780294
8112  -30.459  -30.695  59.321 0.8888890147
34651  -31.620  -30.888  59.231 1.0000000000
14130  -21.115  -32.235  59.652 0.7777780294
6149  -22.224  -31.740  61.696 0.8888890147
29765  -20.096  -32.610  59.620 0.5555559993
29764  -19.141  -32.815  58.104 0.4444440007
6174  -20.104  -32.525  57.961 0.5555559993
14129  -21.082  -32.209  57.739 0.6666669846
17782  -26.402  -31.803  69.688 0.1111110002
25647  -25.776  -30.832  69.161 0.1111110002
25646  -24.861  -31.089  69.633 0.2222220004
34623  -27.581  -30.864  69.030 0.1111110002
4009  -24.876  -30.735  68.433 0.6666669846
34620  -26.778  -30.560  68.805 0.5555559993
34622  -27.782  -30.349  68.357 0.6666669846
8104  -26.797  -30.288  67.637 0.6666669846
17789  -28.890  -30.216  68.134 0.5555559993
34621  -27.874  -30.018  67.322 0.7777780294
4011  -28.960  -29.949  66.996 0.7777780294
11704  -40.472  -28.061  62.460 0.4444440007
4024  -41.270  -27.897  63.032 0.2222220004
11689  -23.813  -31.081  67.295 0.7777780294
25650  -28.911  -29.929  65.533 1.0000000000
11691  -29.996  -29.910  65.284 1.0000000000
11690  -29.876  -30.178  63.440 0.8888890147
374  -39.742  -28.513  61.488 0.5555559993
29727  -40.535  -27.712  61.166 0.5555559993
29705  -22.437  -31.613  63.869 0.7777780294
29706  -23.626  -31.193  65.450 0.7777780294
4010  -28.736  -30.151  63.670 1.0000000000
11698  -38.918  -29.306  60.202 0.7777780294
29726  -39.789  -28.513  59.887 0.8888890147
29714  -28.575  -30.371  61.838 1.0000000000
29715  -29.632  -30.436  61.513 1.0000000000
34644  -30.692  -30.497  61.207 1.0000000000
25664  -36.656  -30.552  58.832 0.8888890147
4019  -35.358  -30.891  58.980 0.8888890147
4018  -37.817  -29.956  58.814 0.8888890147
29725  -38.870  -29.255  58.626 0.8888890147
14087  -22.108  -31.851  59.692 0.8888890147
14088  -23.181  -31.326  61.347 0.8888890147
14089  -23.083  -31.440  59.268 0.8888890147
857  -22.050  -31.866  57.720 0.6666669846
23430  -22.995  -31.479  57.313 0.6666669846
14127  -20.980  -31.955  56.127 0.5555559993
34619  -25.809  -30.528  67.986 0.6666669846
17786  -25.750  -30.470  66.393 0.7777780294
25649  -27.823  -30.055  65.830 1.0000000000
34673  -42.064  -27.184  62.657 0.3333329856
17787  -26.751  -30.248  65.973 1.0000000000
34618  -24.743  -30.782  66.776 0.7777780294
25648  -27.660  -30.181  64.010 1.0000000000
34672  -41.266  -27.267  62.115 0.4444440007
17831  -42.068  -26.440  61.843 0.4444440007
858  -26.566  -30.311  64.209 1.0000000000
6159  -41.310  -26.907  60.862 0.5555559993
29707  -23.367  -31.260  63.469 0.7777780294
6150  -24.544  -30.852  64.859 0.7777780294
17785  -25.547  -30.562  64.506 0.8888890147
29728  -40.617  -27.627  59.677 0.6666669846
17830  -42.128  -25.979  60.794 0.4444440007
29708  -24.277  -30.892  62.890 0.8888890147
6158  -39.884  -28.463  58.467 0.8888890147
29729  -41.455  -26.719  59.624 0.6666669846
6151  -24.123  -30.960  60.899 0.8888890147
6153  -28.402  -30.514  59.956 0.8888890147
34648  -33.864  -30.945  57.313 1.0000000000
25663  -35.208  -30.722  57.335 0.8888890147
29724  -37.650  -29.800  57.200 0.8888890147
14101  -38.756  -29.188  56.981 0.8888890147
14103  -40.666  -27.625  58.219 0.8888890147
6160  -41.612  -26.702  58.150 0.8888890147
34643  -29.430  -30.599  59.644 0.8888890147
34650  -31.397  -30.907  57.471 0.8888890147
25662  -36.396  -30.337  57.145 0.8888890147
14102  -39.816  -28.420  56.885 0.8888890147
29710  -24.040  -31.044  58.971 0.8888890147
14091  -25.017  -30.678  58.547 0.8888890147
34649  -32.609  -30.996  57.359 0.8888890147
861  -34.977  -30.482  55.584 0.8888890147
14104  -40.757  -27.624  56.708 0.8888890147
2778  -23.963  -31.067  57.046 0.6666669846
1828  -30.034  -30.727  55.714 0.8888890147
29723  -36.203  -30.079  55.566 0.7777780294
23431  -22.937  -31.336  55.581 0.6666669846
8113  -32.412  -30.863  55.586 0.7777780294
17810  -33.637  -30.766  55.591 0.7777780294
6157  -37.415  -29.561  55.506 0.8888890147
14100  -38.689  -28.935  55.549 0.8888890147
862  -39.682  -28.251  55.335 0.7777780294
34647  -31.157  -30.850  55.615 0.7777780294
29722  -36.035  -29.825  54.039 0.8888890147
25661  -29.938  -30.635  54.030 0.7777780294
34646  -31.105  -30.743  53.959 0.7777780294
17808  -33.498  -30.580  53.950 0.7777780294
29720  -34.820  -30.228  54.021 0.7777780294
14099  -37.207  -29.301  53.958 0.7777780294
14098  -38.389  -28.683  53.905 0.8888890147
6155  -32.183  -30.558  52.322 0.6666669846
29719  -33.418  -30.353  52.367 0.7777780294
2781  -37.086  -29.017  52.535 0.7777780294
34645  -31.004  -30.570  52.421 0.6666669846
6156  -34.614  -30.018  52.346 0.5555559993
29721  -35.936  -29.556  52.569 0.6666669846
29717  -30.886  -30.241  50.874 0.5555559993
29718  -32.147  -30.265  50.978 0.3333329856
14096  -33.378  -30.037  51.030 0.4444440007
23435  -35.782  -29.282  51.097 0.5555559993
14097  -34.677  -29.697  51.148 0.5555559993
29713  -27.413  -30.322  61.956 1.0000000000
863  -42.904  -25.143  60.504 0.4444440007
29709  -25.313  -30.575  62.583 1.0000000000
29712  -26.349  -30.386  62.280 1.0000000000
29711  -25.124  -30.624  60.551 1.0000000000
14093  -27.250  -30.433  60.069 0.8888890147
29730  -42.255  -25.835  59.487 0.6666669846
6152  -26.172  -30.447  60.346 0.8888890147
34642  -28.155  -30.543  57.970 0.8888890147
29731  -41.676  -26.701  56.612 0.8888890147
17807  -30.325  -30.765  57.676 0.8888890147
14090  -24.948  -30.700  56.747 0.7777780294
17806  -29.181  -30.647  57.679 0.8888890147
23439  -40.754  -27.500  55.247 0.8888890147
23432  -23.877  -30.923  55.255 0.5555559993
17804  -27.809  -30.370  54.305 0.7777780294
17805  -28.980  -30.621  55.899 0.7777780294
17803  -28.802  -30.481  54.102 0.7777780294
25660  -28.688  -30.299  52.480 0.5555559993
11696  -28.652  -29.980  50.954 0.5555559993
4017  -29.774  -30.453  52.427 0.5555559993
23436  -36.945  -28.713  51.085 0.7777780294
11697  -29.749  -30.198  50.973 0.5555559993
11695  -28.720  -29.451  49.821 0.3333329856
29716  -30.961  -29.884  49.776 0.3333329856
6154  -32.165  -29.787  49.763 0.2222220004
14095  -33.319  -29.630  49.806 0.4444440007
168  -29.819  -29.691  49.726 0.1111110002
32239  -30.989  -29.139  48.686 0.1111110002
860  -34.682  -29.284  49.934 0.4444440007
32240  -32.160  -29.161  48.733 0.1111110002
32241  -33.406  -29.152  48.740 0.2222220004
17832  -42.910  -25.657  61.552 0.2222220004
25676  -43.757  -24.875  61.185 0.4444440007
25675  -43.763  -24.301  60.264 0.4444440007
29733  -43.094  -24.913  59.330 0.4444440007
29732  -42.446  -25.772  58.059 0.8888890147
14092  -26.026  -30.502  58.309 0.8888890147
14094  -27.105  -30.457  58.244 0.8888890147
34641  -26.944  -30.413  56.287 0.8888890147
14106  -42.572  -25.808  56.459 0.8888890147
859  -25.947  -30.504  56.556 0.6666669846
23433  -24.834  -30.555  55.036 0.6666669846
8111  -27.951  -30.487  55.941 0.7777780294
34639  -26.691  -30.078  52.819 0.6666669846
2779  -23.792  -30.542  53.777 0.4444440007
34637  -24.699  -30.233  53.371 0.4444440007
4016  -27.657  -30.157  52.598 0.5555559993
4015  -27.702  -29.147  49.961 0.4444440007
32229  -28.950  -28.747  49.105 0.1111110002
32238  -30.000  -28.946  48.874 0.1111110002
23434  -35.766  -28.893  49.883 0.4444440007
34675  -43.731  -25.779  61.859 0.2222220004
25677  -44.562  -24.066  60.787 0.1111110002
29734  -43.815  -23.947  59.061 0.5555559993
11706  -45.358  -23.315  60.326 0.1111110002
6161  -43.218  -24.851  57.838 0.7777780294
34638  -25.796  -30.331  54.630 0.7777780294
2783  -41.723  -26.590  55.118 0.8888890147
34640  -26.814  -30.298  54.452 0.6666669846
8110  -25.735  -30.070  53.135 0.5555559993
25657  -26.748  -29.025  50.273 0.3333329856
4025  -44.533  -23.433  59.900 0.5555559993
4027  -46.142  -23.467  60.391 0.1111110002
14108  -43.873  -23.799  57.600 0.7777780294
29735  -44.524  -22.957  58.844 0.2222220004
14107  -43.351  -24.750  56.286 0.8888890147
14065  -43.974  -23.657  56.025 0.8888890147
23441  -41.609  -26.404  53.538 1.0000000000
14105  -42.557  -25.702  54.805 1.0000000000
11665  -46.663  -21.729  59.344 0.1111110002
11707  -46.056  -22.502  59.883 0.2222220004
29674  -45.110  -22.026  58.405 0.4444440007
11705  -45.232  -22.508  59.591 0.2222220004
6136  -44.510  -22.680  57.375 0.5555559993
14067  -43.791  -23.712  54.069 1.0000000000
850  -43.364  -24.620  54.639 1.0000000000
11666  -47.057  -20.875  58.763 0.1111110002
11667  -46.281  -20.847  58.473 0.2222220004
367  -45.877  -21.695  59.105 0.1111110002
29675  -45.444  -21.150  57.749 0.2222220004
29676  -44.812  -21.845  56.691 0.5555559993
14066  -44.343  -22.726  55.398 0.8888890147
29677  -44.455  -21.839  54.705 0.7777780294
6138  -43.885  -22.828  53.327 1.0000000000
23417  -42.959  -24.597  52.747 1.0000000000
2771  -42.103  -24.631  50.781 1.0000000000
3987  -46.574  -20.034  57.699 0.2222220004
34536  -45.752  -20.332  56.988 0.2222220004
6137  -45.033  -20.960  55.959 0.5555559993
17719  -45.051  -20.288  55.094 0.6666669846
29679  -43.110  -23.772  52.020 1.0000000000
29680  -43.031  -22.958  51.348 1.0000000000
14069  -42.130  -23.785  50.164 1.0000000000
14068  -41.110  -24.479  48.993 1.0000000000
25606  -47.423  -20.088  58.068 0.2222220004
34537  -45.899  -19.648  56.160 0.4444440007
17718  -44.451  -21.146  53.893 0.7777780294
29678  -43.785  -22.103  52.546 1.0000000000
6139  -41.882  -23.092  49.520 1.0000000000
14070  -40.977  -23.701  48.425 1.0000000000
852  -40.065  -24.266  47.364 0.7777780294
25607  -46.848  -19.303  56.903 0.1111110002
17713  -47.758  -19.397  57.239 0.2222220004
34538  -46.098  -19.079  55.275 0.2222220004
8076  -45.147  -19.779  54.200 0.4444440007
17720  -44.322  -20.603  52.998 0.6666669846
851  -43.646  -21.411  51.871 1.0000000000
25609  -43.496  -20.960  51.122 0.8888890147
29681  -42.797  -22.304  50.655 1.0000000000
25608  -42.564  -21.759  49.993 1.0000000000
29682  -41.603  -22.426  48.853 1.0000000000
14071  -40.676  -23.020  47.780 0.8888890147
14072  -39.765  -23.523  46.740 0.4444440007
34559  -38.636  -24.045  45.681 0.3333329856
6140  -39.390  -22.923  46.126 0.3333329856
29683  -40.376  -22.485  47.126 0.7777780294
34560  -38.304  -23.402  45.191 0.2222220004
1815  -47.177  -18.724  56.108 0.3333329856
34540  -45.371  -19.330  53.379 0.4444440007
34539  -44.426  -20.119  52.316 0.6666669846
17722  -44.620  -19.814  51.585 0.7777780294
17721  -43.770  -20.335  49.806 0.7777780294
3989  -43.584  -20.586  50.491 0.8888890147
1816  -44.227  -20.121  49.194 0.6666669846
25610  -42.467  -21.297  49.297 1.0000000000
25611  -42.517  -21.018  48.664 1.0000000000
17727  -44.590  -19.995  48.538 0.7777780294
3988  -41.407  -21.917  48.189 0.8888890147
25613  -43.194  -20.552  47.523 0.8888890147
11669  -41.368  -21.531  47.610 1.0000000000
25612  -42.798  -20.749  48.158 0.8888890147
34548  -43.496  -20.435  46.783 1.0000000000
11668  -40.214  -21.984  46.555 0.8888890147
3990  -41.422  -21.219  47.002 1.0000000000
29684  -39.054  -22.461  45.559 0.6666669846
11670  -40.182  -21.638  45.951 0.8888890147
25614  -41.621  -20.993  46.340 1.0000000000
34562  -37.624  -22.417  44.165 0.2222220004
3991  -41.928  -20.850  45.667 0.8888890147
369  -38.907  -22.045  44.982 0.3333329856
11672  -38.809  -21.733  44.335 0.5555559993
11671  -40.189  -21.379  45.321 0.7777780294
25615  -40.382  -21.211  44.589 0.8888890147
34571  -37.471  -22.094  43.560 0.4444440007
34572  -37.517  -21.938  42.875 0.5555559993
3992  -39.009  -21.569  43.687 0.5555559993
17715  -48.145  -18.720  56.499 0.1111110002
17717  -47.593  -18.315  55.252 0.2222220004
34541  -46.421  -18.673  54.404 0.4444440007
17723  -45.019  -19.599  50.891 0.7777780294
17725  -45.553  -19.404  50.255 0.6666669846
17726  -46.071  -19.326  49.637 0.5555559993
8079  -45.069  -19.880  47.939 0.7777780294
34546  -46.550  -19.220  48.977 0.6666669846
34547  -45.693  -19.770  47.355 0.8888890147
1023  -46.327  -19.790  46.743 0.8888890147
34549  -43.958  -20.379  46.132 0.8888890147
17729  -42.334  -20.826  44.938 0.7777780294
8080  -42.922  -20.859  44.240 0.7777780294
34573  -37.732  -21.943  42.105 0.5555559993
17728  -40.787  -21.212  43.882 0.7777780294
25616  -39.273  -21.563  42.972 0.6666669846
8075  -48.080  -17.983  54.363 0.2222220004
34542  -46.844  -18.423  53.585 0.3333329856
8077  -45.708  -19.054  52.627 0.5555559993
17724  -46.170  -18.872  51.908 0.3333329856
8078  -46.774  -18.721  51.299 0.3333329856
34544  -48.149  -18.043  52.058 0.3333329856
30399  -48.878  -17.923  51.354 0.3333329856
34545  -47.511  -18.558  50.565 0.6666669846
6447  -48.116  -18.441  49.945 0.3333329856
14584  -49.012  -18.297  49.368 0.4444440007
14583  -47.244  -19.133  48.402 0.7777780294
14585  -48.064  -19.081  47.873 0.8888890147
30404  -49.077  -18.990  47.429 0.7777780294
23728  -47.225  -19.785  46.289 0.8888890147
34550  -44.619  -20.366  45.528 0.7777780294
23727  -45.223  -20.485  44.887 0.7777780294
17730  -41.315  -21.264  43.147 0.7777780294
1817  -39.736  -21.649  42.234 0.7777780294
17732  -40.399  -21.869  41.465 0.6666669846
17731  -42.023  -21.460  42.512 0.6666669846
8081  -41.026  -22.125  40.717 0.6666669846
12183  -49.852  -17.761  53.888 0.1111110002
34543  -47.423  -18.218  52.842 0.3333329856
368  -49.431  -17.690  52.652 0.3333329856
12185  -50.824  -17.801  53.013 0.2222220004
30401  -49.830  -17.796  50.684 0.3333329856
30400  -50.352  -17.621  51.918 0.3333329856
30402  -50.734  -17.796  50.128 0.3333329856
30403  -51.601  -17.866  49.595 0.3333329856
30405  -50.882  -18.342  48.322 0.3333329856
14587  -50.015  -19.054  46.918 0.7777780294
23729  -46.215  -20.546  44.461 0.7777780294
2944  -48.227  -19.790  45.817 0.7777780294
34551  -43.597  -21.011  43.621 0.7777780294
23730  -47.221  -20.563  43.979 0.7777780294
14586  -49.138  -19.871  45.287 0.8888890147
2943  -44.316  -21.150  42.988 0.7777780294
10624  -45.266  -21.178  42.490 0.7777780294
34552  -42.668  -21.679  41.795 0.7777780294
10623  -43.296  -21.839  41.068 0.7777780294
2945  -46.161  -21.141  41.925 0.7777780294
10625  -44.160  -21.766  40.476 0.5555559993
36447  -44.992  -21.526  39.785 0.7777780294
46  -42.244  -22.358  39.210 0.5555559993
32848  -43.062  -22.096  38.493 0.5555559993
32847  -41.308  -22.414  37.433 0.5555559993
7456  -43.918  -21.669  37.834 0.5555559993
32849  -42.138  -22.020  36.720 0.3333329856
34534  -49.184  -17.962  54.794 0.2222220004
34535  -48.716  -17.796  53.500 0.2222220004
6448  -51.344  -17.637  51.228 0.3333329856
19272  -52.739  -17.993  51.476 0.3333329856
19271  -52.267  -17.712  50.630 0.2222220004
1024  -53.137  -17.947  49.895 0.2222220004
30406  -52.616  -18.010  48.912 0.3333329856
26540  -54.025  -18.114  49.137 0.2222220004
6450  -51.889  -18.445  47.666 0.3333329856
30407  -53.508  -18.131  48.079 0.2222220004
14588  -51.090  -19.059  46.339 0.8888890147
14589  -52.838  -18.429  46.921 0.4444440007
23731  -48.107  -20.558  43.384 0.7777780294
1025  -50.124  -19.883  44.700 0.7777780294
19287  -45.728  -21.156  39.166 0.6666669846
7455  -40.394  -22.041  35.830 0.1111110002
19286  -44.609  -21.156  37.145 0.5555559993
19288  -46.461  -20.644  38.481 0.6666669846
12186  -55.322  -18.601  47.355 0.2222220004
30408  -54.256  -18.246  47.270 0.3333329856
468  -55.892  -18.686  46.499 0.1111110002
6451  -53.607  -18.410  46.163 0.4444440007
14590  -52.037  -19.029  45.600 0.6666669846
36452  -50.965  -19.769  43.915 0.7777780294
36449  -48.974  -20.481  42.637 0.7777780294
36448  -46.941  -21.020  41.176 0.7777780294
8733  -47.673  -20.700  40.503 0.7777780294
36451  -49.627  -20.188  41.875 0.7777780294
36450  -48.367  -20.219  39.798 0.7777780294
26550  -47.145  -20.047  37.886 0.7777780294
16384  -41.271  -21.459  35.150 0.3333329856
32851  -43.679  -20.763  35.369 0.5555559993
1552  -45.365  -20.468  36.526 0.5555559993
4512  -49.064  -19.477  39.143 0.7777780294
7457  -41.995  -20.787  34.481 0.3333329856
30409  -54.962  -18.252  46.468 0.2222220004
36454  -54.260  -18.301  45.274 0.4444440007
36453  -52.716  -18.958  44.741 0.4444440007
8734  -51.551  -19.458  43.025 0.5555559993
19290  -50.296  -19.645  41.097 0.7777780294
26551  -47.874  -19.250  37.343 0.7777780294
32853  -42.763  -19.967  33.876 0.3333329856
32854  -44.400  -19.980  34.749 0.4444440007
26549  -46.127  -19.746  35.982 0.7777780294
12192  -48.609  -18.433  36.875 0.7777780294
36455  -55.547  -18.193  45.568 0.3333329856
36464  -56.331  -18.674  45.621 0.2222220004
19291  -52.057  -18.925  42.214 0.6666669846
19289  -50.926  -18.883  40.510 0.5555559993
26552  -49.770  -18.631  38.691 0.6666669846
7458  -43.427  -19.130  33.211 0.4444440007
32855  -45.155  -19.128  34.203 0.5555559993
4511  -46.850  -18.945  35.450 0.7777780294
16389  -44.095  -18.334  32.568 0.5555559993
32856  -45.883  -18.332  33.568 0.5555559993
12191  -47.674  -18.143  34.884 0.7777780294
36463  -55.933  -17.940  44.804 0.3333329856
8735  -54.714  -18.015  44.497 0.4444440007
19292  -53.229  -18.640  43.870 0.4444440007
36462  -55.174  -17.603  43.766 0.3333329856
2055  -52.616  -18.187  41.590 0.5555559993
26553  -51.561  -18.008  39.995 0.5555559993
36457  -52.372  -17.129  39.603 0.5555559993
4513  -50.408  -17.814  38.235 0.7777780294
36456  -51.378  -16.922  37.948 0.7777780294
12193  -49.429  -17.587  36.461 0.7777780294
32868  -49.161  -15.600  31.781 0.7777780294
32869  -49.997  -14.942  31.366 0.7777780294
19300  -56.330  -17.667  44.104 0.4444440007
19293  -53.668  -18.166  43.100 0.4444440007
36461  -54.190  -17.465  42.551 0.4444440007
8737  -55.642  -17.068  43.241 0.4444440007
36458  -53.281  -17.289  41.101 0.4444440007
36460  -54.899  -16.629  42.171 0.4444440007
8736  -54.128  -16.445  40.770 0.4444440007
19296  -55.073  -15.660  40.533 0.4444440007
19295  -53.298  -16.321  39.272 0.5555559993
224  -48.580  -17.432  34.417 0.7777780294
7459  -44.843  -17.578  32.023 0.3333329856
32857  -46.659  -17.656  33.030 0.7777780294
32864  -43.899  -16.500  30.686 0.2222220004
30410  -49.494  -16.734  33.982 0.7777780294
32867  -48.410  -16.248  32.233 0.7777780294
6452  -50.394  -16.056  33.514 0.7777780294
16402  -48.493  -14.048  28.371 0.6666669846
19299  -56.693  -17.316  43.454 0.4444440007
19298  -56.221  -16.521  42.794 0.4444440007
36459  -55.670  -15.988  41.834 0.4444440007
19294  -54.324  -15.466  39.051 0.5555559993
1027  -55.953  -14.859  40.184 0.4444440007
6453  -52.340  -16.222  37.572 0.7777780294
30411  -50.443  -16.877  36.061 0.7777780294
30412  -51.492  -16.211  35.591 0.7777780294
30413  -53.338  -15.504  37.194 0.7777780294
14592  -52.352  -15.569  35.070 0.7777780294
14591  -51.112  -15.374  32.976 0.7777780294
1026  -51.955  -14.731  32.539 0.7777780294
23732  -52.919  -14.064  32.166 0.7777780294
32872  -51.027  -14.352  31.094 0.7777780294
32871  -49.249  -14.621  29.801 0.6666669846
7464  -50.299  -14.083  29.545 0.7777780294
16403  -49.588  -13.639  28.085 0.4444440007
26555  -56.505  -15.378  41.432 0.4444440007
4515  -56.848  -16.140  42.315 0.4444440007
26554  -57.224  -14.838  40.874 0.4444440007
6454  -54.242  -14.746  36.665 0.5555559993
32873  -52.102  -13.739  30.797 0.7777780294
16404  -51.379  -13.505  29.293 0.7777780294
16405  -50.720  -13.147  27.700 0.5555559993
30417  -56.751  -14.160  39.759 0.4444440007
30416  -55.990  -13.883  38.137 0.5555559993
30414  -55.168  -14.673  38.634 0.5555559993
2946  -53.961  -13.411  31.847 0.7777780294
32874  -53.130  -13.117  30.500 0.7777780294
16407  -50.028  -12.748  26.359 0.4444440007
1555  -49.013  -12.927  26.624 0.4444440007
30418  -57.956  -14.281  40.194 0.4444440007
14597  -58.592  -13.770  39.387 0.3333329856
6455  -57.493  -13.495  39.152 0.5555559993
14595  -56.634  -13.167  37.470 0.5555559993
2947  -55.618  -13.207  35.491 0.6666669846
23734  -54.800  -13.366  33.583 0.6666669846
10627  -55.796  -12.665  33.174 0.6666669846
10626  -55.009  -12.633  31.491 0.7777780294
7465  -52.436  -12.892  28.964 0.7777780294
16406  -51.693  -12.755  27.475 0.6666669846
23735  -56.436  -12.473  34.947 0.6666669846
32875  -54.167  -12.389  30.124 0.7777780294
14598  -59.152  -13.342  38.476 0.3333329856
14596  -58.121  -12.913  38.355 0.5555559993
1028  -58.789  -12.440  37.496 0.5555559993
14594  -57.367  -12.493  36.808 0.6666669846
2948  -57.418  -11.833  34.396 0.6666669846
10628  -56.754  -11.881  32.723 0.6666669846
100  -55.990  -11.840  31.050 0.7777780294
10632  -56.972  -11.083  30.714 0.7777780294
32876  -55.163  -11.722  29.879 0.7777780294
32877  -53.418  -12.375  28.728 0.7777780294
16409  -48.983  -10.910  24.271 0.4444440007
32881  -50.348  -11.818  24.717 0.5555559993
32878  -52.650  -12.378  27.124 0.6666669846
32879  -51.989  -12.264  25.709 0.5555559993
7467  -50.975  -12.497  26.001 0.4444440007
23737  -59.405  -11.985  36.630 0.4444440007
23736  -58.153  -11.912  36.120 0.5555559993
14600  -59.599  -12.984  37.541 0.4444440007
30425  -60.073  -12.646  36.609 0.4444440007
23738  -58.915  -11.379  35.369 0.6666669846
10629  -58.247  -11.119  33.777 0.6666669846
10630  -57.667  -11.072  32.180 0.6666669846
32882  -51.320  -11.754  24.400 0.5555559993
7466  -54.371  -11.814  28.383 0.7777780294
19353  -53.612  -12.005  26.795 0.7777780294
36528  -56.080  -11.082  29.527 0.7777780294
14602  -60.510  -12.311  35.625 0.4444440007
23739  -59.597  -10.882  34.536 0.6666669846
2950  -59.036  -10.536  33.032 0.5555559993
10631  -58.552  -10.410  31.705 0.6666669846
2952  -57.948  -10.433  30.332 0.7777780294
1556  -52.968  -12.069  25.349 0.5555559993
19354  -55.380  -11.301  28.050 0.7777780294
23740  -60.284  -10.506  33.671 0.5555559993
23742  -59.934  -10.110  32.484 0.5555559993
30435  -61.530  -10.290  31.966 0.3333329856
14607  -61.574  -11.062  32.842 0.3333329856
23744  -58.880  -9.851  29.891 0.6666669846
36529  -57.078  -10.524  29.096 0.7777780294
8760  -56.303  -10.834  27.628 0.7777780294
23741  -60.953  -10.340  32.859 0.4444440007
2951  -60.710  -9.875  31.740 0.6666669846
30436  -61.993  -10.348  30.996 0.3333329856
23743  -59.464  -9.852  31.217 0.6666669846
1032  -59.694  -9.431  29.284 0.7777780294
14609  -61.323  -9.707  30.932 0.4444440007
14608  -60.270  -9.553  30.539 0.6666669846
14612  -60.461  -9.006  28.596 0.6666669846
14610  -60.942  -9.234  29.718 0.6666669846
6464  -61.245  -8.780  27.790 0.5555559993
6463  -61.887  -9.750  29.966 0.4444440007
14611  -61.579  -9.183  28.832 0.5555559993
30439  -62.173  -9.230  27.906 0.3333329856
14593  -53.105  -14.845  34.556 0.7777780294
30415  -54.951  -13.976  36.108 0.7777780294
23733  -53.883  -14.086  34.015 0.7777780294
6456  -59.121  -14.456  39.082 0.3333329856
24894  -13.148  -34.574  75.369 0.4444440007
30598  -7.090  -39.101  72.579 0.5555559993
16523  -9.446  -38.192  67.592 0.4444440007
16522  -10.343  -37.669  66.981 0.3333329856
8154  -20.734  -31.759  72.237 0.4444440007
8149  -14.573  -35.211  62.498 0.6666669846
17907  -21.872  -31.479  70.981 0.4444440007
17818  -38.418  -29.911  65.164 0.3333329856
25670  -39.395  -29.594  64.748 0.2222220004
11693  -32.028  -30.025  65.992 0.7777780294
17901  -17.273  -33.788  61.777 0.6666669846
34758  -16.285  -34.193  60.397 0.5555559993
29763  -19.115  -32.415  56.723 0.4444440007
1825  -26.637  -31.135  69.463 0.1111110002
23429  -21.918  -31.719  56.018 0.5555559993
17809  -32.321  -30.765  54.073 0.7777780294
25659  -27.663  -29.816  51.142 0.4444440007
25658  -26.662  -29.597  51.373 0.4444440007
11708  -46.787  -22.724  59.864 0.1111110002
6449  -49.943  -18.260  48.878 0.3333329856
17716  -48.602  -18.269  55.650 0.2222220004
4506  -54.724  -18.326  48.282 0.2222220004
32850  -42.925  -21.458  36.032 0.5555559993
32865  -45.630  -16.874  31.499 0.4444440007
32866  -47.534  -16.932  32.602 0.7777780294
2949  -60.018  -11.549  35.772 0.5555559993
6462  -61.966  -11.228  31.848 0.2222220004
14726  -6.585  -40.540  72.898 0.2222220004
30599  -6.352  -39.696  71.329 0.4444440007
36944  -5.557  -39.889  69.790 0.3333329856
12327  -6.560  -39.545  69.561 0.3333329856
8900  -4.074  -39.019  68.450 0.2222220004
36945  -4.741  -38.940  68.492 0.3333329856
4647  -5.566  -38.868  68.157 0.3333329856
12325  -7.621  -39.118  68.937 0.3333329856
12326  -6.495  -38.836  67.618 0.1111110002
19699  -4.674  -40.271  69.630 0.3333329856
4645  -7.465  -38.588  66.950 0.1111110002
33025  -8.367  -38.236  66.275 0.1111110002
26794  -5.766  -37.238  67.320 0.2222220004
26793  -6.498  -37.371  66.467 0.2222220004
36946  -4.441  -37.107  68.195 0.2222220004
36947  -3.584  -39.083  68.124 0.2222220004
26791  -7.305  -37.356  65.635 0.2222220004
7520  -9.274  -37.840  65.667 0.1111110002
33024  -8.092  -37.205  64.932 0.1111110002
16521  -10.132  -37.340  65.107 0.3333329856
26792  -6.814  -35.751  66.042 0.1111110002
33023  -8.968  -36.842  64.216 0.1111110002
33022  -9.850  -36.447  63.534 0.1111110002
3588  -10.982  -36.844  64.521 0.2222220004
33021  -8.131  -35.672  64.118 0.1111110002
24889  -11.920  -36.382  63.884 0.3333329856
24888  -10.720  -36.054  62.854 0.1111110002
24887  -11.649  -35.673  62.149 0.2222220004
34751  -12.566  -35.496  61.804 0.1111110002
34752  -13.674  -35.585  62.852 0.5555559993
17895  -13.496  -35.214  61.362 0.3333329856
17896  -14.408  -34.921  60.986 0.3333329856
17894  -13.275  -34.510  60.091 0.1111110002
34759  -15.360  -34.580  60.683 0.3333329856
1841  -14.231  -34.284  59.591 0.2222220004
34756  -15.212  -34.076  59.289 0.2222220004
17897  -17.130  -32.818  57.300 0.2222220004
29761  -18.126  -32.575  56.969 0.3333329856
14128  -20.077  -32.194  56.421 0.3333329856
23440  -40.688  -27.249  53.816 0.7777780294
29762  -19.037  -31.719  55.598 0.3333329856
2790  -19.965  -31.491  55.151 0.3333329856
23438  -39.564  -28.012  53.903 0.6666669846
2782  -39.403  -27.753  52.376 0.6666669846
23416  -42.514  -25.456  53.344 0.8888890147
10463  -40.457  -27.022  52.231 0.7777780294
2770  -41.388  -26.164  52.031 0.7777780294
23437  -38.297  -28.416  52.522 0.6666669846
10450  -40.238  -26.749  50.807 0.7777780294
10461  -38.143  -28.126  51.074 0.6666669846
10462  -39.220  -27.473  50.962 0.6666669846
10451  -40.774  -26.029  50.266 0.7777780294
45  -39.033  -27.170  49.577 0.7777780294
10452  -39.612  -26.513  49.077 0.7777780294
10460  -38.065  -27.791  49.743 0.6666669846
32191  -37.956  -27.485  48.539 0.5555559993
2780  -36.940  -28.372  49.846 0.6666669846
23418  -41.841  -25.448  51.413 0.8888890147
23419  -41.046  -25.288  49.646 0.8888890147
2772  -40.048  -25.813  48.539 0.7777780294
32246  -36.890  -28.032  48.645 0.4444440007
32192  -38.470  -26.908  47.959 0.4444440007
32244  -34.748  -28.853  48.875 0.3333329856
7213  -36.860  -27.593  47.562 0.4444440007
32193  -37.482  -27.099  47.111 0.4444440007
34636  -23.686  -29.855  52.361 0.3333329856
23420  -40.094  -25.056  47.890 0.7777780294
17801  -24.641  -29.628  52.054 0.3333329856
34555  -39.016  -25.533  46.786 0.4444440007
34554  -38.888  -26.254  47.422 0.4444440007
17802  -25.651  -29.516  51.629 0.3333329856
17734  -38.009  -25.797  45.955 0.2222220004
34556  -38.953  -24.769  46.209 0.3333329856
34558  -37.558  -24.376  44.927 0.2222220004
17740  -34.712  -22.814  43.340 0.1111110002
34570  -35.892  -22.397  42.908 0.1111110002
34553  -41.647  -22.318  39.961 0.4444440007
34569  -34.390  -22.405  42.667 0.1111110002
34579  -40.004  -22.585  38.973 0.4444440007
8087  -35.927  -22.188  42.204 0.1111110002
34574  -38.187  -22.021  41.365 0.3333329856
34578  -39.397  -22.439  39.749 0.4444440007
17749  -36.157  -22.166  41.452 0.1111110002
36532  -57.200  -10.406  27.022 0.6666669846
8761  -58.095  -10.040  26.438 0.6666669846
19355  -54.641  -11.682  26.527 0.6666669846
36531  -55.716  -11.346  26.119 0.6666669846
19357  -56.796  -11.032  25.711 0.6666669846
19358  -57.742  -10.685  25.235 0.6666669846
19360  -58.722  -10.240  24.732 0.6666669846
36543  -59.754  -9.811  24.123 0.6666669846
19367  -60.596  -9.496  23.348 0.6666669846
7462  -46.505  -16.213  31.050 0.5555559993
16399  -47.296  -15.591  30.568 0.5555559993
36533  -58.840  -9.559  27.933 0.6666669846
36542  -58.224  -10.783  23.417 0.6666669846
19366  -60.055  -10.069  22.197 0.6666669846
2065  -60.787  -9.807  21.349 0.6666669846
19368  -61.375  -9.272  22.544 0.6666669846
4534  -55.064  -11.642  24.722 0.6666669846
2064  -57.240  -11.111  23.943 0.6666669846
8764  -59.207  -10.415  22.906 0.6666669846
26590  -54.098  -11.875  25.114 0.5555559993
36530  -57.976  -10.004  28.579 0.6666669846
7463  -48.185  -15.086  30.116 0.5555559993
36546  -62.731  -9.055  24.057 0.3333329856
8765  -61.741  -8.896  23.768 0.5555559993
19370  -62.031  -9.200  21.746 0.6666669846
26589  -52.309  -11.648  24.023 0.4444440007
26591  -53.321  -11.521  23.653 0.5555559993
26592  -54.411  -11.412  23.316 0.6666669846
26599  -61.560  -9.517  20.511 0.6666669846
36549  -62.670  -9.317  20.800 0.6666669846
7468  -49.874  -10.893  23.764 0.4444440007
32883  -50.814  -10.839  23.326 0.4444440007
26593  -55.475  -11.292  22.939 0.6666669846
36539  -56.504  -11.145  22.550 0.6666669846
4533  -51.732  -10.751  22.855 0.4444440007
4535  -53.737  -10.765  21.994 0.4444440007
30437  -62.429  -10.691  29.858 0.1111110002
6459  -60.573  -13.395  35.080 0.2222220004
14605  -61.376  -12.014  33.532 0.2222220004
36535  -60.568  -8.752  26.600 0.5555559993
32870  -47.502  -14.428  28.706 0.3333329856
4539  -62.238  -9.386  19.689 0.5555559993
36541  -57.508  -10.919  22.106 0.6666669846
19365  -58.437  -10.741  21.583 0.6666669846
12214  -52.710  -10.764  22.426 0.4444440007
1030  -61.089  -11.012  33.793 0.2222220004
14601  -60.550  -11.280  34.819 0.3333329856
26598  -60.176  -10.209  20.139 0.6666669846
12213  -51.393  -9.680  21.931 0.3333329856
12215  -52.240  -9.746  21.429 0.4444440007
36538  -54.684  -10.739  21.599 0.4444440007
19364  -59.371  -10.525  20.919 0.6666669846
26601  -61.785  -9.564  18.613 0.5555559993
36540  -56.608  -10.644  20.755 0.4444440007
4537  -57.609  -10.572  20.218 0.6666669846
26600  -60.997  -9.830  19.379 0.6666669846
26603  -63.058  -9.841  16.949 0.4444440007
26595  -55.894  -9.920  19.600 0.4444440007
26597  -58.482  -10.406  19.561 0.6666669846
26602  -62.512  -9.508  17.840 0.4444440007
26596  -56.800  -9.874  19.063 0.6666669846
12219  -60.322  -9.987  18.227 0.5555559993
4540  -61.209  -9.701  17.507 0.5555559993
26604  -62.042  -9.621  16.747 0.4444440007
4538  -59.432  -10.229  18.915 0.6666669846
12221  -60.443  -9.712  16.423 0.5555559993
26594  -55.333  -8.755  18.687 0.4444440007
12218  -58.562  -9.913  17.841 0.5555559993
12220  -59.506  -9.850  17.127 0.5555559993
4536  -56.140  -8.856  18.168 0.5555559993
12217  -57.605  -9.849  18.445 0.5555559993
12216  -56.897  -9.005  17.577 0.5555559993
30449  -54.881  -7.382  18.141 0.4444440007
30450  -55.580  -7.541  17.632 0.5555559993
30451  -56.282  -7.725  16.983 0.3333329856
30452  -56.989  -7.917  16.347 0.4444440007
6469  -55.375  -5.982  17.498 0.3333329856
6470  -56.656  -6.480  16.046 0.2222220004
471  -62.479  -8.938  26.052 0.4444440007
36544  -60.982  -8.923  24.570 0.6666669846
8762  -60.103  -9.121  25.328 0.6666669846
36545  -62.148  -8.739  24.897 0.5555559993
19359  -59.116  -9.543  25.919 0.6666669846
34577  -38.809  -22.218  40.590 0.5555559993
34580  -40.625  -22.614  38.128 0.4444440007
6458  -59.961  -13.891  37.191 0.2222220004
30426  -60.289  -13.601  36.109 0.2222220004
36534  -59.684  -9.116  27.247 0.6666669846
8088  -36.523  -22.211  40.634 0.1111110002
19700  -4.076  -40.548  69.163 0.2222220004
7519  -8.910  -35.475  63.248 0.1111110002
3587  -12.774  -35.980  63.284 0.5555559993
17893  -12.308  -33.626  59.703 0.1111110002
17892  -13.190  -33.535  59.129 0.1111110002
29760  -17.108  -31.875  56.317 0.2222220004
6173  -18.066  -31.790  55.946 0.2222220004
32245  -35.770  -28.466  48.764 0.4444440007
8082  -37.871  -25.066  45.376 0.2222220004
8084  -36.236  -22.748  43.525 0.1111110002
19356  -56.162  -11.374  24.380 0.6666669846
16398  -45.614  -15.307  29.523 0.4444440007
19369  -62.416  -9.085  22.909 0.6666669846
16400  -46.457  -14.840  29.055 0.3333329856
14603  -60.985  -12.064  34.585 0.2222220004
14604  -60.862  -13.250  33.988 0.2222220004
36536  -61.408  -8.623  25.762 0.5555559993
36537  -53.175  -9.763  20.969 0.4444440007
8763  -55.671  -10.737  21.233 0.4444440007
472  -57.689  -9.138  16.917 0.5555559993
30453  -55.963  -6.193  16.832 0.3333329856
24892  -14.009  -33.890  75.053 0.2222220004
2638  -18.197  -33.185  73.204 0.1111110002
23178  -18.442  -32.333  73.339 0.3333329856
23177  -19.524  -32.227  72.992 0.2222220004
8107  -31.914  -32.125  67.872 0.2222220004
34631  -32.916  -32.199  67.532 0.2222220004
17796  -33.355  -31.481  67.463 0.2222220004
17797  -34.390  -31.526  67.058 0.2222220004
1827  -34.789  -30.935  66.748 0.2222220004
17795  -33.727  -30.865  67.068 0.3333329856
17799  -35.438  -31.486  66.682 0.2222220004
34660  -36.556  -31.440  66.319 0.2222220004
17819  -37.352  -30.199  65.488 0.3333329856
4021  -37.613  -29.843  64.625 0.3333329856
34657  -36.442  -30.186  64.825 0.3333329856
34659  -35.887  -30.895  66.402 0.2222220004
25656  -33.947  -30.409  66.437 0.3333329856
34656  -35.053  -30.526  66.105 0.3333329856
8117  -37.040  -30.731  66.072 0.2222220004
34658  -36.220  -30.411  65.757 0.3333329856
8116  -35.244  -30.357  65.057 0.3333329856
34632  -33.369  -32.969  66.880 0.1111110002
14725  -7.643  -40.015  73.826 0.1111110002
7525  -9.321  -38.683  74.872 0.2222220004
24896  -11.792  -36.484  75.423 0.1111110002
24895  -12.465  -35.454  75.393 0.1111110002
34769  -20.578  -32.266  72.607 0.1111110002
2637  -20.312  -32.971  72.420 0.1111110002
29124  -15.019  -33.305  74.648 0.1111110002
34768  -19.675  -31.707  72.575 0.1111110002
5900  -15.869  -33.770  74.187 0.1111110002
29123  -16.097  -32.778  74.197 0.1111110002
29122  -17.341  -32.472  73.744 0.2222220004
12222  -58.644  -9.242  16.226 0.5555559993
19379  -62.996  -10.070  14.958 0.3333329856
36550  -63.503  -9.840  21.096 0.2222220004
8767  -63.768  -10.431  20.140 0.3333329856
26605  -61.330  -9.613  15.627 0.4444440007
36558  -63.389  -10.369  16.073 0.3333329856
4542  -59.630  -9.244  15.467 0.4444440007
19378  -62.014  -9.599  14.858 0.3333329856
26606  -60.556  -9.138  14.690 0.2222220004
2067  -61.225  -8.927  13.978 0.2222220004
19380  -62.389  -9.596  13.901 0.3333329856
8766  -63.040  -9.422  22.038 0.2222220004
19371  -62.871  -9.520  18.860 0.3333329856
4541  -62.634  -9.804  15.847 0.3333329856
19372  -63.228  -9.621  19.935 0.4444440007
19373  -63.605  -10.110  19.046 0.3333329856
2066  -63.366  -9.914  17.958 0.3333329856
10458  -22.800  -30.863  54.050 0.3333329856
16397  -44.679  -15.842  30.051 0.2222220004
13671  -17.013  -33.461  73.626 0.1111110002
1564  -40.616  -32.559  61.865 0.1111110002
16452  -39.851  -33.360  61.230 0.1111110002
34667  -41.013  -31.137  63.359 0.1111110002
34665  -40.350  -32.064  63.032 0.1111110002
34668  -41.301  -31.686  62.227 0.1111110002
7486  -38.695  -33.068  63.390 0.1111110002
34664  -39.463  -32.343  63.730 0.1111110002
32932  -37.698  -33.276  64.089 0.1111110002
32934  -37.858  -33.759  62.646 0.1111110002
16450  -39.717  -32.868  62.655 0.1111110002
7487  -36.882  -34.254  61.747 0.1111110002
16451  -38.884  -33.552  61.990 0.1111110002
32935  -37.891  -34.077  61.138 0.1111110002
34666  -40.620  -30.572  64.200 0.1111110002
8119  -40.117  -31.514  64.066 0.1111110002
34663  -38.474  -32.558  64.464 0.1111110002
17823  -39.150  -31.798  64.710 0.1111110002
34633  -34.388  -32.976  66.380 0.1111110002
34662  -37.475  -32.663  65.133 0.1111110002
8118  -38.153  -31.961  65.340 0.1111110002
2965  -34.695  -33.630  65.489 0.1111110002
10645  -35.676  -33.511  65.147 0.1111110002
48  -36.691  -33.416  64.662 0.1111110002
34661  -37.071  -32.054  65.866 0.1111110002
10647  -35.748  -34.092  63.805 0.1111110002
36691  -35.780  -34.479  62.222 0.1111110002
4023  -40.955  -29.618  64.058 0.1111110002
17825  -41.854  -29.117  63.468 0.1111110002
25671  -40.085  -30.012  64.672 0.1111110002
17822  -38.732  -31.091  65.417 0.1111110002
8108  -33.919  -32.227  67.111 0.1111110002
17821  -37.675  -31.328  65.930 0.1111110002
17798  -34.953  -32.178  66.694 0.1111110002
8109  -35.992  -32.145  66.302 0.1111110002
25673  -41.186  -28.714  63.665 0.1111110002
25672  -40.290  -29.230  64.209 0.1111110002
1830  -39.112  -30.334  65.199 0.1111110002
17820  -38.137  -30.578  65.702 0.1111110002
7214  -37.888  -26.507  46.576 0.2222220004
34624  -28.280  -31.430  69.001 0.2222220004
32933  -36.873  -33.964  63.302 0.1111110002
34635  -36.388  -32.808  65.613 0.1111110002
2967  -34.760  -34.605  62.616 0.1111110002
17824  -39.707  -30.919  64.819 0.1111110002
34634  -35.369  -32.912  66.017 0.1111110002
17793  -30.926  -32.066  68.104 0.1111110002
17754  -38.303  -22.619  38.083 0.2222220004
8090  -38.917  -22.553  37.246 0.2222220004
34581  -39.728  -22.356  36.517 0.2222220004
34576  -37.085  -22.365  39.795 0.2222220004
8089  -37.700  -22.523  38.953 0.2222220004
36429  -51.717  -17.882  52.206 0.1111110002
26541  -54.320  -18.531  49.903 0.1111110002
26557  -57.583  -16.734  42.165 0.3333329856
34586  -38.107  -19.044  33.704 0.1111110002
24808  -39.765  -19.153  33.057 0.1111110002
16385  -40.384  -20.477  33.913 0.1111110002
32852  -41.147  -19.706  33.287 0.1111110002
26542  -54.948  -18.800  49.046 0.1111110002
34592  -37.831  -15.247  36.851 0.1111110002
25634  -36.624  -16.392  36.314 0.1111110002
17758  -36.508  -17.419  35.345 0.1111110002
8092  -37.414  -18.029  34.052 0.1111110002
16387  -41.846  -18.838  32.613 0.1111110002
1821  -37.290  -16.021  35.779 0.1111110002
17761  -37.719  -16.394  34.254 0.1111110002
3543  -38.624  -16.752  32.927 0.1111110002
34588  -38.340  -15.805  33.671 0.1111110002
24809  -39.424  -17.576  32.465 0.1111110002
3544  -40.496  -18.262  32.359 0.1111110002
16388  -42.537  -17.962  31.948 0.1111110002
11224  -39.305  -15.917  32.275 0.1111110002
24810  -40.132  -16.677  31.774 0.1111110002
16386  -41.157  -17.339  31.647 0.1111110002
34596  -39.184  -14.332  35.935 0.1111110002
34595  -38.500  -14.861  36.411 0.1111110002
8093  -38.538  -14.913  34.768 0.1111110002
11223  -38.916  -15.059  33.136 0.1111110002
24811  -40.705  -15.802  31.117 0.1111110002
1553  -41.805  -16.595  31.015 0.1111110002
16390  -43.198  -17.185  31.316 0.1111110002
32859  -40.551  -14.191  30.917 0.1111110002
32860  -41.334  -14.997  30.393 0.1111110002
32862  -42.036  -14.318  29.678 0.1111110002
7461  -43.246  -15.189  29.605 0.1111110002
7460  -41.204  -13.427  30.182 0.1111110002
16396  -44.014  -14.601  28.999 0.1111110002
16395  -42.781  -13.683  28.969 0.1111110002
24816  -44.565  -12.812  27.708 0.1111110002
24817  -45.870  -13.759  27.926 0.2222220004
32858  -40.171  -13.380  31.896 0.1111110002
16392  -40.829  -12.596  31.182 0.1111110002
32861  -41.927  -12.760  29.466 0.1111110002
16394  -43.623  -13.212  28.350 0.1111110002
24815  -43.590  -11.748  28.011 0.1111110002
24818  -45.480  -12.499  27.083 0.1111110002
3549  -46.876  -13.451  27.473 0.2222220004
24819  -46.453  -12.314  26.511 0.1111110002
16401  -47.921  -13.204  27.067 0.3333329856
16393  -41.500  -11.878  30.477 0.1111110002
24813  -42.291  -11.290  29.656 0.1111110002
3547  -42.750  -12.214  28.744 0.1111110002
24814  -43.111  -10.748  28.771 0.1111110002
3548  -44.484  -11.433  27.251 0.1111110002
3550  -46.411  -11.083  25.822 0.2222220004
24820  -47.468  -12.148  25.969 0.3333329856
11229  -45.419  -11.240  26.543 0.1111110002
704  -42.424  -10.530  30.975 0.1111110002
24812  -43.203  -9.914  30.106 0.1111110002
3546  -43.936  -9.494  29.108 0.1111110002
11227  -43.957  -10.380  27.936 0.1111110002
24822  -47.228  -10.990  25.259 0.2222220004
3551  -48.082  -10.951  24.752 0.2222220004
32880  -49.383  -11.946  25.132 0.3333329856
24823  -47.183  -9.714  24.910 0.1111110002
16408  -48.013  -9.698  24.255 0.1111110002
16410  -48.826  -9.686  23.621 0.2222220004
29059  -43.057  -10.076  32.631 0.1111110002
29062  -43.805  -9.441  31.734 0.1111110002
29063  -44.478  -8.886  30.795 0.1111110002
29065  -45.931  -7.995  28.691 0.1111110002
11228  -44.840  -10.099  27.120 0.1111110002
225  -45.536  -8.778  27.254 0.1111110002
11230  -45.713  -9.897  26.243 0.1111110002
3552  -46.824  -8.483  25.660 0.1111110002
16411  -49.637  -9.696  23.042 0.1111110002
19362  -54.033  -9.770  20.491 0.3333329856
19363  -54.946  -9.841  20.055 0.3333329856
29064  -45.209  -8.425  29.704 0.1111110002
5875  -46.728  -7.547  30.324 0.1111110002
29066  -46.470  -7.720  27.789 0.1111110002
5876  -47.691  -6.772  28.561 0.1111110002
11232  -46.196  -8.608  26.436 0.1111110002
32886  -46.985  -7.484  26.929 0.1111110002
32887  -47.596  -7.292  26.045 0.1111110002
1557  -48.204  -8.402  24.096 0.1111110002
16412  -48.930  -8.400  23.326 0.1111110002
7469  -49.702  -8.365  22.611 0.1111110002
32885  -50.474  -8.373  21.945 0.1111110002
30442  -52.089  -8.476  20.703 0.1111110002
6466  -52.883  -8.555  20.198 0.1111110002
13629  -46.120  -8.056  31.309 0.1111110002
16414  -48.244  -6.456  27.651 0.1111110002
7470  -48.719  -6.305  26.682 0.1111110002
32888  -48.205  -7.219  25.158 0.1111110002
32891  -48.815  -7.141  24.322 0.1111110002
32892  -49.416  -7.129  23.465 0.1111110002
32893  -50.120  -7.093  22.645 0.1111110002
226  -51.273  -8.446  21.301 0.1111110002
19361  -53.664  -8.576  19.742 0.1111110002
1034  -54.451  -8.653  19.219 0.3333329856
32890  -49.240  -6.148  25.797 0.1111110002
30440  -61.966  -8.750  26.986 0.3333329856
7471  -49.755  -6.043  24.903 0.1111110002
16419  -50.310  -5.973  24.015 0.1111110002
32894  -50.826  -7.094  21.854 0.1111110002
30441  -51.473  -7.069  21.194 0.1111110002
30445  -53.515  -7.146  19.357 0.1111110002
16417  -50.551  -5.235  26.621 0.1111110002
16418  -51.034  -5.111  25.722 0.1111110002
16420  -51.474  -5.042  24.772 0.1111110002
7472  -50.906  -5.911  23.110 0.1111110002
32895  -51.449  -5.840  22.316 0.1111110002
6465  -51.982  -5.725  21.574 0.1111110002
30444  -52.783  -7.098  19.987 0.1111110002
30448  -54.160  -7.202  18.742 0.2222220004
32896  -52.477  -4.681  23.149 0.1111110002
14613  -52.874  -4.466  22.400 0.1111110002
14615  -53.385  -4.278  21.653 0.1111110002
14614  -52.533  -5.631  20.889 0.1111110002
6467  -53.090  -5.563  20.206 0.1111110002
30447  -53.679  -5.549  19.470 0.1111110002
6468  -54.209  -5.660  18.812 0.1111110002
1033  -54.097  -3.257  23.389 0.1111110002
30446  -53.848  -4.172  20.761 0.1111110002
14619  -54.748  -5.792  18.155 0.1111110002
36564  -57.862  -8.092  15.593 0.2222220004
36565  -58.804  -8.167  14.874 0.2222220004
36566  -59.668  -8.092  14.171 0.2222220004
36569  -60.455  -7.924  13.431 0.2222220004
14617  -54.266  -4.099  20.019 0.1111110002
19384  -57.397  -6.669  15.326 0.2222220004
8772  -58.178  -6.783  14.617 0.2222220004
36568  -58.978  -6.886  13.935 0.2222220004
19382  -61.736  -8.761  13.137 0.2222220004
11107  -62.455  -9.677  11.411 0.2222220004
11109  -61.831  -9.407  10.695 0.2222220004
2954  -54.897  -2.892  21.696 0.1111110002
14616  -55.274  -2.851  20.878 0.1111110002
14618  -54.709  -4.141  19.286 0.1111110002
14620  -55.179  -4.266  18.557 0.1111110002
30454  -56.082  -4.591  17.051 0.1111110002
19385  -57.110  -5.147  15.404 0.1111110002
36567  -57.687  -5.362  14.641 0.2222220004
16059  -54.862  -11.233  14.618 0.1111110002
24611  -54.447  -10.143  13.552 0.1111110002
8773  -59.692  -6.807  13.233 0.2222220004
1483  -55.630  -10.471  13.354 0.1111110002
36570  -61.052  -7.761  12.680 0.2222220004
19389  -60.243  -6.731  12.467 0.2222220004
16054  -57.424  -10.086  12.017 0.1111110002
8774  -60.612  -6.733  11.680 0.2222220004
36571  -61.373  -7.675  11.884 0.2222220004
36572  -61.462  -7.679  11.116 0.2222220004
36563  -62.137  -8.668  11.472 0.2222220004
182  -61.939  -8.674  10.813 0.2222220004
3429  -61.450  -10.136  10.972 0.1111110002
19383  -56.586  -4.829  16.195 0.1111110002
19387  -58.388  -5.569  13.975 0.2222220004
32439  -53.684  -10.844  14.769 0.1111110002
16053  -56.308  -9.844  12.050 0.1111110002
16055  -56.758  -10.806  13.243 0.1111110002
32430  -58.176  -9.340  10.874 0.1111110002
32431  -58.590  -10.269  11.857 0.1111110002
7299  -59.366  -9.562  10.724 0.1111110002
28894  -61.322  -7.694  10.469 0.2222220004
32427  -61.032  -9.059  10.211 0.1111110002
28895  -61.329  -8.345  10.189 0.2222220004
30455  -56.601  -3.135  17.571 0.1111110002
26608  -57.295  -3.672  15.695 0.1111110002
14621  -55.607  -4.394  17.826 0.1111110002
1036  -56.907  -3.414  16.622 0.1111110002
24609  -55.809  -8.991  11.080 0.1111110002
19388  -59.017  -5.619  13.240 0.2222220004
24610  -55.126  -9.592  12.259 0.1111110002
24608  -56.580  -8.230  10.130 0.1111110002
3431  -56.957  -9.157  10.969 0.1111110002
36573  -60.723  -6.734  10.894 0.2222220004
5800  -60.638  -6.717  10.192 0.2222220004
16052  -58.928  -8.518  9.894 0.1111110002
16051  -59.996  -8.789  9.995 0.1111110002
5801  -60.482  -8.002  9.688 0.1111110002
28896  -60.672  -7.311  9.823 0.2222220004
4544  -57.729  -3.968  14.881 0.1111110002
19386  -58.187  -4.179  14.171 0.1111110002
19390  -59.521  -5.713  12.441 0.2222220004
19392  -58.847  -4.592  12.608 0.2222220004
19391  -59.770  -5.712  11.678 0.2222220004
24607  -57.765  -8.337  9.999 0.2222220004
663  -58.538  -7.489  9.264 0.2222220004
16050  -59.539  -7.729  9.396 0.1111110002
28897  -59.895  -7.017  9.332 0.1111110002
13507  -59.837  -5.720  10.154 0.2222220004
13509  -59.321  -5.411  9.491 0.2222220004
28898  -59.024  -6.763  9.030 0.2222220004
13508  -59.988  -6.330  9.563 0.2222220004
5802  -59.260  -6.031  9.086 0.2222220004
8738  -56.640  -18.528  44.750 0.2222220004
19273  -53.607  -18.299  50.768 0.1111110002
19301  -56.938  -18.331  44.020 0.2222220004
26556  -57.453  -15.754  41.661 0.3333329856
24821  -48.433  -12.052  25.510 0.3333329856
4514  -58.047  -15.228  40.883 0.3333329856
1554  -44.910  -14.116  28.422 0.1111110002
32884  -50.530  -9.647  22.459 0.2222220004
17753  -36.808  -22.246  37.435 0.1111110002
17752  -36.141  -22.145  38.317 0.1111110002
1551  -39.016  -19.947  33.704 0.1111110002
17759  -36.804  -18.572  34.670 0.1111110002
17760  -37.122  -16.945  34.769 0.1111110002
24807  -38.689  -18.379  33.141 0.1111110002
34587  -38.001  -17.452  33.484 0.1111110002
17762  -37.927  -15.521  35.279 0.1111110002
3545  -39.949  -14.997  31.581 0.1111110002
32863  -42.459  -15.849  30.312 0.1111110002
11231  -46.444  -9.789  25.594 0.1111110002
11226  -44.762  -9.112  28.216 0.1111110002
24824  -47.484  -8.444  24.870 0.1111110002
29067  -47.204  -7.137  29.440 0.1111110002
30443  -52.061  -7.087  20.585 0.1111110002
16421  -51.974  -4.891  23.926 0.1111110002
23746  -54.532  -3.083  22.480 0.1111110002
1035  -55.627  -2.811  20.090 0.1111110002
6471  -56.241  -2.927  18.425 0.1111110002
8771  -62.081  -8.668  12.282 0.2222220004
2068  -58.561  -4.333  13.401 0.1111110002
36574  -59.927  -5.732  10.897 0.2222220004
8775  -59.057  -4.707  11.755 0.2222220004
24606  -57.389  -7.366  9.324 0.2222220004
2777  -21.819  -31.251  54.582 0.2222220004
34755  -15.098  -33.234  58.123 0.2222220004
23454  -20.879  -31.460  54.848 0.2222220004
23453  -19.922  -30.591  54.251 0.2222220004
10470  -20.819  -30.484  53.755 0.2222220004
10459  -22.695  -30.123  52.764 0.2222220004
34754  -15.169  -32.090  57.327 0.1111110002
6172  -16.139  -32.030  56.803 0.1111110002
14125  -17.213  -30.702  55.721 0.1111110002
23452  -19.024  -30.638  54.720 0.1111110002
10469  -20.883  -29.444  53.025 0.1111110002
10457  -21.713  -30.464  53.381 0.2222220004
32220  -22.749  -29.143  51.891 0.1111110002
2789  -20.023  -29.410  53.663 0.1111110002
47  -21.758  -29.455  52.518 0.1111110002
10467  -21.175  -28.179  52.664 0.1111110002
7224  -23.733  -28.952  51.440 0.1111110002
17800  -24.751  -28.806  50.989 0.1111110002
15908  -35.829  -28.030  47.733 0.1111110002
32243  -33.573  -28.530  47.953 0.1111110002
7232  -34.818  -28.356  47.899 0.1111110002
15865  -35.930  -27.495  46.907 0.1111110002
32194  -36.734  -26.424  45.966 0.1111110002
8083  -37.137  -23.728  44.443 0.1111110002
17735  -36.676  -25.111  44.975 0.1111110002
17737  -35.793  -23.880  44.221 0.1111110002
17739  -36.677  -23.191  43.999 0.1111110002
34561  -37.933  -22.847  44.695 0.2222220004
25618  -35.051  -24.211  44.950 0.1111110002
34557  -36.356  -24.468  44.541 0.1111110002
25714  -14.128  -33.398  58.578 0.1111110002
17898  -16.107  -33.057  57.705 0.1111110002
15866  -36.468  -27.024  46.469 0.1111110002
29759  -16.292  -30.775  56.281 0.1111110002
14126  -18.127  -30.617  55.210 0.1111110002
32221  -22.993  -28.010  51.393 0.1111110002
15907  -34.950  -27.737  47.126 0.1111110002
17733  -36.906  -25.771  45.464 0.1111110002
3994  -34.533  -23.634  44.652 0.1111110002
36418  -57.654  -27.007  28.175 0.1111110002
10357  -58.334  -27.093  27.287 0.1111110002
2677  -58.819  -27.587  28.074 0.1111110002
13797  -62.703  -29.910  26.950 0.1111110002
5974  -62.879  -30.447  27.867 0.1111110002
36499  -56.287  -25.098  27.412 0.1111110002
36419  -57.177  -26.368  27.369 0.1111110002
10358  -59.662  -27.783  27.300 0.1111110002
23254  -60.846  -28.297  27.194 0.1111110002
23255  -61.563  -28.468  26.394 0.1111110002
759  -62.377  -29.353  26.087 0.1111110002
13798  -63.116  -30.865  26.882 0.1111110002
19329  -55.745  -23.572  27.641 0.1111110002
36500  -56.904  -25.358  26.754 0.1111110002
29300  -62.861  -30.990  28.964 0.1111110002
36497  -55.368  -24.562  28.679 0.1111110002
36498  -55.742  -24.858  28.079 0.1111110002
19261  -57.089  -26.790  28.901 0.1111110002
29299  -62.453  -30.081  28.767 0.1111110002
8749  -55.289  -23.267  28.161 0.1111110002
8723  -56.559  -26.193  28.100 0.1111110002
2678  -61.225  -28.742  27.917 0.1111110002
13796  -62.270  -29.553  27.889 0.1111110002
23253  -60.126  -28.161  28.005 0.1111110002
13795  -61.917  -28.969  27.126 0.1111110002
8750  -56.247  -23.885  27.034 0.1111110002
36417  -58.225  -27.450  28.933 0.1111110002
23251  -59.384  -27.938  28.715 0.1111110002
23252  -60.451  -28.611  28.670 0.1111110002
29298  -61.539  -29.320  28.689 0.1111110002
19328  -55.506  -22.144  27.841 0.1111110002
1894  -57.493  -23.020  25.430 0.1111110002
18256  -57.864  -21.529  23.051 0.1111110002
29296  -61.850  -30.269  30.587 0.1111110002
36496  -54.960  -22.944  28.707 0.1111110002
2051  -55.769  -25.420  29.495 0.1111110002
5973  -61.755  -29.818  29.585 0.1111110002
8748  -54.749  -22.672  29.268 0.1111110002
19262  -56.155  -25.875  28.886 0.1111110002
8722  -57.663  -27.197  29.698 0.1111110002
13794  -60.755  -29.165  29.374 0.1111110002
13793  -60.909  -29.640  30.234 0.1111110002
36416  -58.803  -27.796  29.584 0.1111110002
757  -59.698  -28.457  29.370 0.1111110002
36495  -54.842  -21.427  28.914 0.1111110002
19327  -55.064  -21.766  28.370 0.1111110002
19330  -56.030  -22.462  27.365 0.1111110002
19331  -56.401  -22.944  26.853 0.1111110002
36502  -56.834  -23.408  26.276 0.1111110002
11843  -58.350  -21.876  24.210 0.1111110002
11844  -58.704  -21.017  24.049 0.1111110002
35193  -58.345  -21.242  23.521 0.1111110002
25925  -57.793  -23.383  24.593 0.1111110002
4164  -58.241  -22.174  23.506 0.1111110002
6242  -58.311  -20.330  23.547 0.1111110002
25928  -58.169  -23.209  22.738 0.1111110002
35194  -58.021  -22.395  22.820 0.1111110002
18255  -57.693  -20.531  23.254 0.1111110002
19250  -53.949  -28.451  32.978 0.1111110002
36401  -59.592  -29.881  33.718 0.1111110002
277  -60.346  -30.099  32.999 0.1111110002
29295  -61.065  -30.039  31.319 0.1111110002
5972  -61.875  -30.684  31.761 0.1111110002
36494  -55.060  -24.081  29.274 0.1111110002
19260  -56.708  -26.468  29.655 0.1111110002
19332  -56.422  -21.469  27.223 0.1111110002
8751  -56.788  -22.037  26.734 0.1111110002
36505  -57.366  -21.249  26.639 0.1111110002
36503  -57.168  -22.541  26.148 0.1111110002
36506  -57.664  -21.778  26.046 0.1111110002
4162  -58.290  -21.542  25.026 0.1111110002
29924  -58.918  -20.017  23.943 0.1111110002
29923  -59.807  -18.860  24.115 0.1111110002
25924  -57.809  -22.306  25.295 0.1111110002
11842  -58.885  -20.698  24.771 0.1111110002
29925  -59.139  -19.160  23.679 0.1111110002
25926  -58.038  -22.622  24.451 0.1111110002
14243  -59.491  -18.128  23.272 0.1111110002
29926  -58.440  -19.273  23.355 0.1111110002
6243  -58.792  -18.143  22.817 0.1111110002
36471  -53.218  -22.725  40.956 0.1111110002
19307  -53.188  -22.092  39.824 0.1111110002
36474  -51.207  -22.708  36.663 0.1111110002
36475  -51.406  -22.331  35.474 0.1111110002
23726  -50.692  -22.931  33.902 0.1111110002
14580  -51.191  -24.073  31.957 0.1111110002
6445  -51.606  -25.387  31.611 0.1111110002
30395  -52.215  -26.630  31.732 0.1111110002
36409  -58.700  -29.444  33.511 0.1111110002
26526  -53.301  -26.933  31.699 0.1111110002
4499  -55.282  -27.825  32.356 0.1111110002
19252  -56.217  -28.460  33.032 0.1111110002
8719  -57.124  -28.983  33.674 0.1111110002
19254  -57.982  -29.061  33.175 0.1111110002
1021  -52.990  -27.667  32.203 0.1111110002
36410  -59.310  -29.634  32.743 0.1111110002
19322  -54.461  -20.575  31.099 0.1111110002
8747  -54.316  -21.851  30.341 0.1111110002
29293  -60.142  -29.835  31.971 0.1111110002
19323  -54.613  -20.845  30.258 0.1111110002
19324  -54.557  -22.234  29.785 0.1111110002
29294  -61.143  -30.382  32.380 0.1111110002
36493  -54.829  -23.657  29.848 0.1111110002
19325  -54.725  -21.093  29.574 0.1111110002
19259  -57.284  -26.823  30.387 0.1111110002
36415  -58.253  -27.562  30.388 0.1111110002
36413  -59.042  -28.324  30.165 0.1111110002
13792  -59.843  -29.005  29.947 0.1111110002
26572  -55.059  -19.991  29.443 0.1111110002
4524  -55.226  -20.273  28.738 0.1111110002
2060  -56.046  -20.947  27.601 0.1111110002
36504  -56.991  -20.617  27.072 0.1111110002
8752  -58.071  -20.401  26.419 0.1111110002
36507  -58.256  -20.986  25.820 0.1111110002
36508  -58.969  -20.149  25.529 0.1111110002
400  -59.416  -19.789  24.472 0.1111110002
6241  -60.198  -18.047  23.736 0.1111110002
14244  -59.961  -17.216  22.486 0.1111110002
19309  -52.314  -21.932  37.108 0.1111110002
8742  -52.550  -21.569  35.825 0.1111110002
36488  -54.635  -19.569  33.212 0.1111110002
36476  -51.733  -22.127  34.349 0.1111110002
1022  -51.151  -22.932  32.956 0.1111110002
14582  -51.777  -23.194  32.123 0.1111110002
36489  -54.239  -20.343  31.969 0.1111110002
19315  -54.085  -20.263  32.870 0.1111110002
30396  -52.524  -25.756  31.402 0.1111110002
4498  -53.499  -25.991  31.350 0.1111110002
36490  -54.063  -21.507  31.035 0.1111110002
26527  -54.188  -27.814  32.326 0.1111110002
19253  -57.193  -28.522  32.795 0.1111110002
36491  -54.142  -22.865  30.638 0.1111110002
19255  -57.849  -28.635  32.205 0.1111110002
8720  -58.508  -29.264  32.445 0.1111110002
36492  -54.530  -23.249  30.226 0.1111110002
4502  -55.146  -24.576  30.516 0.1111110002
26533  -55.914  -25.555  30.798 0.1111110002
26534  -55.485  -24.985  30.083 0.1111110002
19258  -56.355  -25.992  30.307 0.1111110002
4501  -56.819  -26.493  30.982 0.1111110002
8721  -58.405  -28.163  30.847 0.1111110002
36412  -59.089  -28.887  30.765 0.1111110002
36411  -59.205  -29.434  31.647 0.1111110002
5971  -59.949  -29.534  30.829 0.1111110002
19326  -55.593  -20.588  28.109 0.1111110002
36520  -61.088  -16.732  23.798 0.1111110002
8757  -61.604  -15.225  23.800 0.1111110002
36521  -61.312  -15.732  23.064 0.1111110002
36524  -61.729  -14.973  22.084 0.1111110002
19336  -58.891  -19.588  26.162 0.1111110002
36518  -60.304  -18.424  24.652 0.1111110002
36519  -60.753  -17.618  24.242 0.1111110002
36509  -59.786  -19.288  25.124 0.1111110002
14242  -60.535  -17.167  23.229 0.1111110002
23521  -61.445  -15.501  21.245 0.1111110002
907  -60.952  -16.183  22.274 0.1111110002
6446  -52.447  -23.424  31.538 0.1111110002
26528  -54.377  -27.064  31.743 0.1111110002
19251  -56.294  -27.752  32.269 0.1111110002
8746  -54.794  -19.552  32.232 0.1111110002
12182  -54.592  -24.272  30.765 0.1111110002
2050  -57.135  -27.892  31.969 0.1111110002
12181  -55.369  -25.285  30.964 0.1111110002
26532  -56.203  -26.239  31.291 0.1111110002
26531  -57.015  -27.169  31.389 0.1111110002
19256  -58.417  -28.788  31.551 0.1111110002
19321  -54.901  -19.687  31.241 0.1111110002
19257  -57.690  -27.977  31.407 0.1111110002
2059  -54.944  -19.845  30.244 0.1111110002
8756  -61.004  -17.019  24.824 0.1111110002
26576  -56.647  -19.986  27.489 0.1111110002
4526  -57.469  -19.083  27.325 0.1111110002
19334  -57.727  -19.793  26.929 0.1111110002
19335  -58.686  -18.860  26.653 0.1111110002
8753  -59.785  -18.675  25.698 0.1111110002
36517  -60.446  -17.798  25.220 0.1111110002
19346  -61.352  -16.158  24.447 0.1111110002
2827  -62.078  -15.194  20.221 0.1111110002
12199  -56.132  -18.817  37.934 0.1111110002
26564  -55.250  -19.726  37.705 0.1111110002
19311  -54.576  -19.777  35.257 0.1111110002
26565  -55.249  -19.356  36.634 0.1111110002
26566  -55.251  -19.108  35.620 0.1111110002
2058  -54.638  -19.575  34.275 0.1111110002
8744  -53.708  -21.277  31.780 0.1111110002
36482  -53.607  -22.518  31.021 0.1111110002
26529  -55.325  -26.971  31.788 0.1111110002
26530  -56.288  -26.963  31.750 0.1111110002
26571  -55.699  -18.695  30.373 0.1111110002
26573  -55.840  -18.786  29.478 0.1111110002
12204  -56.853  -17.624  29.405 0.1111110002
26574  -56.068  -19.000  28.636 0.1111110002
26575  -56.355  -19.375  27.954 0.1111110002
4525  -57.073  -17.805  28.511 0.1111110002
26577  -57.267  -18.395  27.818 0.1111110002
26578  -58.170  -17.511  27.645 0.1111110002
19333  -58.409  -18.215  27.069 0.1111110002
2061  -59.422  -17.358  26.804 0.1111110002
36523  -62.041  -14.410  22.969 0.1111110002
19337  -59.625  -18.051  26.277 0.1111110002
36516  -60.388  -17.174  25.836 0.1111110002
4519  -54.515  -20.121  36.287 0.1111110002
36485  -55.400  -18.887  34.568 0.1111110002
36487  -55.422  -18.754  33.507 0.1111110002
19319  -55.641  -18.653  31.419 0.1111110002
12206  -57.957  -16.947  28.435 0.1111110002
26579  -59.199  -16.739  27.468 0.1111110002
19344  -61.081  -16.423  25.477 0.1111110002
19345  -61.540  -15.586  25.057 0.1111110002
19347  -61.879  -14.741  24.589 0.1111110002
36515  -60.305  -16.541  26.469 0.1111110002
8755  -61.063  -15.880  26.143 0.1111110002
2056  -57.200  -18.112  43.200 0.2222220004
19303  -56.873  -19.305  43.483 0.1111110002
26559  -56.936  -19.025  42.501 0.2222220004
26560  -57.022  -18.777  41.519 0.1111110002
12197  -57.078  -18.476  40.377 0.1111110002
26561  -56.077  -19.466  40.191 0.1111110002
4518  -56.147  -19.140  39.059 0.1111110002
4520  -56.145  -18.541  36.910 0.1111110002
19313  -53.912  -20.278  33.890 0.1111110002
36484  -56.271  -18.232  35.866 0.1111110002
19312  -53.736  -20.542  34.926 0.1111110002
19314  -53.326  -21.115  32.618 0.1111110002
467  -53.902  -24.033  30.849 0.1111110002
12180  -54.581  -25.143  31.069 0.1111110002
4500  -55.417  -26.136  31.422 0.1111110002
19320  -55.524  -18.675  32.492 0.1111110002
4522  -56.614  -17.706  32.676 0.1111110002
26570  -56.694  -17.592  31.608 0.1111110002
26569  -57.714  -16.678  32.854 0.1111110002
4523  -56.749  -17.577  30.464 0.1111110002
12203  -57.778  -16.481  30.548 0.1111110002
12205  -57.901  -16.593  29.458 0.1111110002
36514  -61.051  -15.274  27.006 0.1111110002
19342  -61.869  -14.549  26.718 0.1111110002
36512  -60.193  -15.992  27.261 0.1111110002
19343  -61.663  -15.049  25.808 0.1111110002
4527  -59.020  -16.145  28.350 0.1111110002
36522  -62.270  -13.865  23.881 0.1111110002
26558  -57.450  -17.830  42.420 0.2222220004
4516  -57.700  -17.608  41.525 0.2222220004
12198  -57.141  -18.150  39.271 0.1111110002
12200  -57.251  -17.858  38.253 0.1111110002
36483  -57.422  -17.578  37.178 0.1111110002
8745  -56.447  -17.961  34.877 0.1111110002
36486  -56.559  -17.884  33.823 0.1111110002
26568  -57.750  -16.830  34.010 0.1111110002
12202  -57.748  -16.506  31.713 0.1111110002
12201  -58.886  -15.501  31.707 0.1111110002
470  -59.013  -15.508  30.578 0.1111110002
12207  -59.016  -15.753  29.444 0.1111110002
36511  -60.137  -15.484  28.244 0.1111110002
8754  -61.098  -14.724  28.087 0.1111110002
36513  -61.993  -13.941  27.770 0.1111110002
19297  -57.112  -17.064  42.868 0.2222220004
12196  -57.948  -17.333  40.477 0.2222220004
469  -58.154  -17.016  39.439 0.1111110002
30421  -58.378  -16.674  38.491 0.1111110002
19317  -57.580  -17.331  36.101 0.1111110002
19318  -57.738  -17.044  35.102 0.1111110002
4521  -58.864  -15.605  32.977 0.1111110002
26567  -58.839  -15.786  34.134 0.1111110002
30431  -60.202  -14.745  30.550 0.1111110002
36510  -60.157  -15.063  29.380 0.1111110002
6461  -61.211  -13.853  30.395 0.1111110002
12195  -58.016  -16.420  41.366 0.2222220004
12194  -58.421  -16.041  40.343 0.2222220004
30420  -58.793  -15.679  39.493 0.2222220004
6457  -58.598  -16.486  37.448 0.1111110002
19316  -58.816  -16.223  36.369 0.1111110002
1029  -58.859  -15.991  35.245 0.1111110002
30428  -59.964  -14.578  34.157 0.1111110002
30429  -60.058  -14.493  32.962 0.1111110002
30430  -60.212  -14.481  31.705 0.1111110002
30419  -58.592  -14.821  40.042 0.2222220004
30422  -59.135  -15.399  38.436 0.2222220004
30423  -59.459  -15.241  37.431 0.1111110002
30424  -59.695  -15.001  36.437 0.1111110002
30427  -59.880  -14.787  35.349 0.1111110002
6460  -61.066  -13.223  32.742 0.1111110002
14599  -59.558  -14.140  38.200 0.2222220004
14606  -61.661  -12.184  32.456 0.1111110002
12210  -63.068  -9.829  26.050 0.1111110002
12209  -63.044  -10.585  27.000 0.2222220004
4530  -63.227  -11.145  26.017 0.1111110002
12211  -63.370  -10.400  25.142 0.1111110002
26586  -63.237  -11.783  25.015 0.1111110002
26587  -63.490  -11.086  24.154 0.1111110002
4531  -63.104  -12.508  24.054 0.1111110002
26588  -63.604  -10.516  23.285 0.1111110002
2063  -63.691  -11.261  22.366 0.1111110002
19375  -63.773  -10.866  18.159 0.2222220004
19376  -63.781  -11.783  17.268 0.1111110002
19377  -63.600  -10.575  17.139 0.2222220004
8769  -63.739  -11.414  16.242 0.2222220004
36559  -63.535  -10.909  15.126 0.2222220004
36560  -63.509  -11.375  14.168 0.2222220004
8770  -63.182  -10.333  13.944 0.2222220004
19381  -62.692  -9.618  12.947 0.2222220004
36562  -62.687  -9.659  12.139 0.2222220004
12208  -62.663  -9.417  27.023 0.2222220004
12212  -62.978  -9.324  25.160 0.2222220004
4532  -63.351  -9.835  24.253 0.1111110002
36547  -63.259  -9.564  23.143 0.1111110002
36548  -63.616  -10.142  22.206 0.1111110002
29297  -62.482  -30.617  29.834 0.1111110002
25927  -58.230  -22.977  23.547 0.1111110002
36405  -55.165  -28.483  33.109 0.1111110002
8741  -52.152  -22.372  38.289 0.1111110002
2942  -50.474  -23.056  35.087 0.1111110002
14579  -50.711  -24.913  31.949 0.1111110002
14578  -50.492  -23.698  32.701 0.1111110002
36408  -58.029  -29.368  34.112 0.1111110002
14581  -51.998  -24.468  31.494 0.1111110002
36414  -57.653  -27.385  30.945 0.1111110002
30397  -52.872  -24.820  31.168 0.1111110002
19339  -61.160  -14.286  29.210 0.1111110002
19348  -63.500  -11.835  23.227 0.1111110002
1071  -4.422  -41.627  69.644 0.1111110002
26796  -4.242  -41.999  68.522 0.1111110002
6533  -5.447  -40.458  71.075 0.1111110002
19698  -4.833  -41.140  70.491 0.1111110002
26798  -3.559  -40.827  67.359 0.1111110002
26797  -3.706  -40.728  68.349 0.1111110002
4649  -3.268  -39.197  67.504 0.1111110002
36948  -3.864  -37.116  68.151 0.1111110002
8901  -3.797  -35.413  68.301 0.1111110002
19702  -3.419  -37.255  67.741 0.1111110002
19701  -3.117  -37.248  67.052 0.1111110002
36949  -4.363  -35.427  68.545 0.1111110002
19703  -3.342  -35.406  67.704 0.1111110002
36950  -4.347  -33.806  68.906 0.1111110002
2111  -5.050  -35.362  68.442 0.1111110002
2112  -3.018  -35.414  66.804 0.1111110002
19697  -5.034  -33.822  69.041 0.1111110002
19704  -3.763  -33.763  68.494 0.1111110002
19705  -3.349  -33.722  67.716 0.1111110002
36951  -4.383  -32.294  69.425 0.1111110002
8899  -5.085  -32.340  69.727 0.1111110002
19696  -5.837  -32.396  69.708 0.1111110002
19695  -5.796  -33.824  68.861 0.1111110002
19706  -3.524  -32.063  67.817 0.1111110002
8902  -3.846  -32.170  68.764 0.1111110002
8898  -6.588  -32.422  69.402 0.1111110002
17755  -37.480  -22.187  36.642 0.1111110002
1480  -63.360  -12.532  14.611 0.1111110002
36561  -63.188  -10.561  13.023 0.1111110002
24603  -62.559  -11.554  12.500 0.1111110002
24601  -63.175  -11.700  13.426 0.1111110002
3427  -62.891  -10.754  12.323 0.1111110002
4528  -62.752  -10.181  27.972 0.1111110002
11108  -62.246  -10.470  11.477 0.1111110002
24612  -53.948  -9.301  12.402 0.1111110002
3432  -54.660  -8.717  11.138 0.1111110002
16060  -52.034  -9.642  13.733 0.1111110002
3433  -53.258  -9.804  13.619 0.1111110002
24613  -52.712  -9.055  12.429 0.1111110002
11111  -55.385  -8.035  10.153 0.1111110002
11112  -54.153  -7.888  10.192 0.1111110002
3430  -56.189  -7.195  9.408 0.1111110002
28901  -57.998  -6.521  8.821 0.1111110002
11113  -53.414  -8.522  11.199 0.1111110002
11110  -54.957  -7.098  9.407 0.1111110002
28883  -54.433  -6.032  8.927 0.1111110002
28903  -55.721  -6.189  8.881 0.1111110002
28902  -56.903  -6.351  8.805 0.1111110002
13513  -56.308  -5.317  8.475 0.1111110002
5803  -57.477  -5.593  8.516 0.1111110002
28900  -58.453  -5.791  8.729 0.1111110002
24587  -51.491  -9.069  12.508 0.1111110002
23081  -58.584  -4.563  9.501 0.1111110002
28899  -58.618  -5.117  8.971 0.1111110002
36578  -58.290  -3.835  11.069 0.1111110002
36575  -59.094  -4.765  10.938 0.1111110002
662  -59.067  -4.814  10.156 0.1111110002
23080  -58.298  -3.909  10.275 0.1111110002
8122  -42.876  -26.433  62.234 0.1111110002
26801  -3.019  -35.402  65.746 0.1111110002
36953  -3.974  -30.624  69.091 0.1111110002
1475  -50.849  -9.637  13.819 0.1111110002
179  -53.649  -6.987  9.449 0.1111110002
3419  -52.144  -8.487  11.220 0.1111110002
11099  -52.872  -7.803  10.182 0.1111110002
5795  -55.123  -5.104  8.553 0.1111110002
13512  -56.800  -4.575  8.344 0.1111110002
13511  -57.774  -4.876  8.581 0.1111110002
