#!ascii label  , from subject fsaverage6 vox2ras=TkReg 
1135
14971  -52.491  16.433  20.369 0.6999999881
6680  -53.435  16.424  18.776 0.6999999881
30945  -52.550  15.773  19.059 0.6999999881
14972  -53.188  17.277  19.899 0.6999999881
23959  -53.691  18.125  19.274 0.6999999881
30947  -53.958  17.134  18.453 0.6999999881
30948  -54.032  16.183  17.150 0.8000000119
4894  -52.331  13.450  11.847 0.8999999762
20442  -51.169  12.900  11.843 0.8999999762
9202  -50.460  10.368  1.284 0.8000000119
14974  -54.233  16.936  16.955 0.6999999881
30946  -53.401  15.644  17.298 0.6999999881
6681  -54.175  16.005  15.571 0.8000000119
30949  -53.949  15.391  15.558 0.6999999881
27239  -53.740  14.648  13.735 0.6999999881
30950  -54.066  15.217  13.781 0.8000000119
27241  -53.233  13.985  11.875 0.8999999762
27242  -52.625  13.337  10.073 0.8999999762
20441  -51.625  12.776  10.090 0.8999999762
20444  -49.556  11.759  10.172 0.8999999762
37835  -48.281  9.937  9.937 0.8000000119
30941  -47.882  8.604  9.961 0.8000000119
522  -48.473  8.823  8.430 0.8000000119
12569  -48.980  8.851  6.983 0.8999999762
37845  -49.069  9.803  6.748 0.8000000119
9201  -50.092  10.567  4.746 0.8000000119
20449  -50.712  11.320  2.748 0.8000000119
20450  -50.252  11.116  1.330 0.8000000119
3071  -54.251  17.971  17.982 0.6000000238
23960  -53.944  19.029  18.651 0.5000000000
14975  -54.022  16.720  15.489 0.6999999881
4893  -53.769  14.610  11.913 1.0000000000
12574  -53.241  13.949  10.054 0.8999999762
20443  -50.534  12.288  10.147 0.8999999762
37843  -48.771  10.960  10.115 0.8000000119
2212  -50.901  12.203  8.253 1.0000000000
9200  -49.090  10.894  8.366 0.8000000119
37844  -48.609  9.977  8.375 0.8000000119
20445  -49.920  11.629  8.306 0.8999999762
20446  -49.526  10.728  6.507 0.8999999762
20447  -50.314  11.522  6.453 0.8000000119
37848  -50.592  11.428  4.566 0.8000000119
4896  -51.171  12.145  4.434 0.8999999762
2213  -49.960  11.739  1.490 0.8000000119
11839  -42.799  10.154  6.513 0.1000000015
27248  -49.583  12.299  1.711 0.6999999881
399  -43.156  10.984  5.160 0.1000000015
11837  -43.397  9.643  5.872 0.2000000030
29922  -43.851  10.457  4.482 0.2000000030
6240  -44.450  9.964  3.740 0.2000000030
37857  -48.461  11.796  1.332 0.6999999881
37860  -45.308  10.715  2.534 0.4000000060
9205  -46.557  11.574  1.973 0.5000000000
14976  -53.923  15.816  13.846 0.8000000119
14977  -53.414  16.470  14.029 0.6999999881
30951  -53.711  15.211  12.000 1.0000000000
12573  -53.296  14.582  9.970 1.0000000000
4895  -52.684  13.350  8.227 1.0000000000
27243  -51.923  12.767  8.205 1.0000000000
27244  -51.186  12.169  6.376 1.0000000000
25921  -41.623  10.019  8.532 0.1000000015
27247  -50.639  12.669  2.684 0.8000000119
20448  -50.804  12.075  2.728 0.8000000119
25922  -41.284  11.284  7.678 0.1000000015
4159  -42.315  9.413  7.885 0.1000000015
11840  -42.084  10.761  7.140 0.1000000015
4898  -49.015  12.733  2.047 0.6999999881
11841  -42.421  11.532  5.768 0.2000000030
37861  -44.606  11.193  3.233 0.4000000060
37858  -47.312  11.142  1.380 0.6000000238
9204  -47.944  10.758  0.875 0.6000000238
23961  -54.379  18.858  17.326 0.6000000238
14973  -54.233  17.781  16.640 0.6999999881
14979  -52.850  17.340  14.208 0.6999999881
6682  -53.188  15.705  12.200 0.6999999881
30958  -51.075  17.774  13.123 0.6999999881
6684  -51.685  16.835  13.090 0.6999999881
14978  -52.451  16.185  12.619 0.6999999881
30959  -49.757  17.097  12.183 0.8000000119
523  -52.552  14.523  8.128 1.0000000000
30960  -49.301  18.191  12.275 0.8000000119
30956  -50.490  16.247  11.690 0.8000000119
30955  -51.326  15.680  10.991 0.8000000119
30954  -52.153  15.370  10.427 0.8000000119
12575  -52.915  14.034  8.181 1.0000000000
4900  -47.917  17.343  11.352 0.8000000119
27252  -48.605  16.326  10.940 0.8000000119
1153  -49.330  15.591  10.191 0.8000000119
6683  -51.098  14.975  8.611 0.8000000119
20460  -50.232  15.204  9.413 0.8000000119
12581  -46.823  16.605  10.088 0.8000000119
27254  -47.520  15.691  9.419 0.8000000119
27253  -48.252  15.058  8.602 0.8000000119
20462  -49.127  14.764  7.704 0.6999999881
27245  -51.939  12.814  6.353 1.0000000000
12576  -52.333  13.474  6.423 1.0000000000
4902  -45.720  16.021  8.809 0.6000000238
27255  -46.420  15.301  8.053 0.6999999881
9207  -48.768  14.361  5.465 0.6000000238
4901  -47.134  14.799  7.151 0.6999999881
37864  -49.694  14.277  5.004 0.6000000238
27246  -51.583  12.858  4.461 0.8999999762
37866  -47.915  14.494  6.301 0.6000000238
37865  -48.125  13.952  3.904 0.6000000238
27251  -49.045  13.767  3.489 0.6999999881
27258  -44.631  15.785  7.919 0.5000000000
27256  -45.205  15.162  7.011 0.5000000000
20463  -45.791  14.715  6.092 0.6000000238
20464  -46.514  14.374  5.385 0.6000000238
37867  -47.272  14.164  4.564 0.5000000000
37868  -46.702  13.712  3.477 0.5000000000
2215  -44.496  14.787  5.448 0.6000000238
20465  -45.072  14.376  4.701 0.6000000238
9208  -45.816  14.024  4.043 0.5000000000
27249  -50.267  13.168  2.837 0.8000000119
4897  -51.547  13.461  4.425 0.8000000119
20455  -48.310  13.134  2.446 0.6999999881
2214  -47.583  13.423  2.918 0.6999999881
20456  -47.792  12.185  1.817 0.6000000238
37872  -42.161  12.652  4.904 0.3000000119
37862  -43.851  11.723  3.807 0.3000000119
37871  -43.005  12.202  4.367 0.3000000119
23962  -54.113  18.680  16.116 0.6000000238
23963  -53.460  18.548  14.948 0.6000000238
1152  -53.767  17.598  15.360 0.6999999881
30957  -52.382  18.273  13.983 0.6000000238
30952  -52.860  15.048  10.113 0.8000000119
12577  -52.228  14.071  6.315 1.0000000000
20461  -50.044  14.681  6.996 0.6999999881
37863  -50.893  14.566  6.464 0.8000000119
12579  -51.671  14.388  6.269 0.8999999762
4899  -50.458  14.134  4.607 0.6999999881
27259  -44.080  16.637  8.570 0.5000000000
12583  -45.117  16.978  9.291 0.6000000238
27250  -49.718  13.524  3.141 0.8000000119
27257  -43.896  15.213  6.364 0.5000000000
20466  -44.305  13.812  3.814 0.5000000000
37869  -45.262  13.382  3.308 0.6000000238
20467  -43.543  14.344  4.385 0.4000000060
9206  -44.849  12.400  3.032 0.3000000119
20457  -47.036  12.588  2.378 0.6000000238
37870  -43.982  12.890  3.473 0.3000000119
20468  -42.272  13.814  4.636 0.4000000060
9209  -42.957  13.333  3.996 0.3000000119
30953  -51.947  14.796  8.231 0.8000000119
12578  -51.086  13.868  4.518 0.8999999762
4903  -43.321  15.780  7.263 0.5000000000
27260  -43.612  17.597  8.788 0.5000000000
20469  -42.964  14.822  5.150 0.4000000060
20459  -46.213  13.054  2.822 0.5000000000
37875  -42.460  15.253  6.069 0.4000000060
20458  -45.737  11.973  2.578 0.6000000238
4904  -44.739  17.984  9.469 0.5000000000
27240  -52.861  14.133  13.653 0.8000000119
9199  -50.076  12.311  11.858 0.8999999762
14241  -45.102  9.474  3.064 0.3000000119
11104  -55.318  3.289  3.391 0.2000000030
11105  -54.762  3.815  2.747 0.2000000030
3426  -54.618  4.931  1.957 0.2000000030
24599  -53.993  4.248  2.072 0.2000000030
24600  -53.797  5.345  1.346 0.2000000030
16037  -53.041  4.595  1.635 0.2000000030
28893  -56.435  3.409  4.146 0.2000000030
11102  -55.773  2.743  4.022 0.2000000030
11106  -55.389  4.416  2.759 0.2000000030
37819  -54.366  5.717  1.779 0.2000000030
16039  -52.048  4.916  1.445 0.3000000119
1479  -52.792  5.700  0.912 0.3000000119
181  -55.952  3.956  3.448 0.2000000030
37817  -55.887  4.751  3.330 0.2000000030
37818  -55.150  5.220  2.541 0.2000000030
32414  -50.091  5.606  1.610 0.3000000119
16041  -51.762  5.991  0.662 0.3000000119
13506  -57.107  2.445  5.815 0.3000000119
37806  -57.398  3.452  5.806 0.3000000119
5799  -56.830  2.879  4.974 0.2000000030
29917  -45.488  5.615  5.949 0.1000000015
37808  -56.514  4.309  4.131 0.2000000030
23516  -47.114  5.048  5.063 0.1000000015
10504  -48.356  6.645  2.010 0.3000000119
10502  -49.235  6.069  1.825 0.3000000119
32415  -49.849  6.719  0.790 0.3000000119
7293  -50.752  6.323  0.644 0.3000000119
9192  -53.960  6.410  2.003 0.3000000119
37823  -52.575  6.537  0.600 0.4000000060
37820  -53.585  6.181  1.161 0.3000000119
20408  -58.098  2.940  9.556 0.3000000119
9186  -58.101  3.330  8.666 0.3000000119
37801  -57.806  2.325  8.465 0.3000000119
37802  -57.819  2.742  7.564 0.3000000119
37804  -57.903  3.631  7.750 0.3000000119
37805  -57.650  3.072  6.649 0.3000000119
661  -57.262  2.068  6.628 0.3000000119
9187  -57.529  3.968  6.836 0.3000000119
37807  -57.013  3.880  4.948 0.3000000119
9188  -56.673  4.561  5.089 0.2000000030
37816  -56.058  4.969  4.273 0.2000000030
9191  -55.351  5.372  3.457 0.2000000030
23517  -46.302  5.377  5.493 0.1000000015
23518  -46.889  6.253  3.818 0.2000000030
23519  -46.612  7.383  2.759 0.3000000119
10505  -47.474  7.055  2.339 0.3000000119
61  -48.916  7.189  0.985 0.3000000119
10506  -48.068  7.813  1.144 0.3000000119
37825  -50.776  7.246  0.177 0.3000000119
37822  -53.109  6.872  1.286 0.4000000060
37824  -51.662  6.846  0.215 0.4000000060
20409  -57.930  3.919  9.895 0.3000000119
12567  -49.098  7.799  7.256 0.8000000119
4887  -50.067  6.896  6.174 0.4000000060
20418  -52.086  5.482  5.684 0.3000000119
20421  -55.144  5.346  4.492 0.2000000030
37815  -55.834  4.943  5.340 0.3000000119
20413  -57.130  4.257  5.924 0.3000000119
27228  -50.564  5.877  6.597 0.4000000060
20420  -53.792  5.403  4.995 0.3000000119
12568  -49.813  7.893  5.732 0.6999999881
27231  -51.021  7.197  4.725 0.5000000000
27229  -51.446  6.283  5.158 0.4000000060
20422  -54.345  5.785  3.792 0.2000000030
27230  -52.352  6.693  3.873 0.4000000060
2209  -53.026  6.029  4.371 0.2000000030
27232  -50.716  7.962  4.116 0.6000000238
20424  -53.686  6.334  3.144 0.2000000030
37846  -49.724  9.632  4.894 0.6999999881
4889  -49.671  8.747  5.253 0.6999999881
4888  -51.941  7.409  3.222 0.6000000238
20423  -54.612  5.884  2.753 0.2000000030
27233  -50.494  8.721  3.508 0.6999999881
37826  -49.827  7.725  0.240 0.4000000060
37821  -53.124  6.942  2.493 0.4000000060
2826  -47.264  8.261  1.457 0.4000000060
37853  -48.962  8.346  0.364 0.4000000060
9194  -50.618  8.174  0.007 0.6000000238
20428  -51.499  7.695  0.244 0.5000000000
20426  -52.529  7.521  1.743 0.4000000060
37855  -47.526  9.462  0.869 0.3000000119
37854  -48.235  8.954  0.512 0.5000000000
37852  -49.849  8.730  0.017 0.5000000000
37851  -50.522  9.213  0.373 0.6000000238
20453  -48.554  10.118  0.492 0.6000000238
9203  -49.211  9.497  0.230 0.6000000238
20451  -49.971  9.950  0.413 0.6000000238
20452  -49.467  10.674  0.569 0.6000000238
20454  -48.956  11.301  0.902 0.6000000238
37803  -57.655  4.210  9.005 0.3000000119
20412  -56.844  4.442  7.136 0.3000000119
12565  -48.433  7.511  8.655 0.6999999881
12566  -49.309  6.565  7.579 0.5000000000
9190  -54.511  4.924  5.796 0.3000000119
20414  -56.351  4.618  6.180 0.3000000119
20425  -51.579  8.057  2.478 0.6000000238
37847  -50.422  9.552  3.102 0.6999999881
2210  -51.207  8.733  1.827 0.6000000238
37849  -50.513  10.500  2.899 0.6999999881
37850  -50.821  9.553  1.413 0.6000000238
20429  -51.198  8.559  0.532 0.6000000238
20411  -57.315  4.334  8.082 0.3000000119
37834  -47.816  9.704  11.463 0.6999999881
6677  -47.332  8.348  11.405 0.6999999881
4886  -51.136  5.086  7.072 0.3000000119
20419  -52.837  4.856  6.331 0.3000000119
37833  -47.211  9.405  12.888 0.6999999881
20436  -47.929  10.600  13.142 0.8000000119
9197  -48.418  10.844  11.587 0.8000000119
37842  -49.135  11.688  11.816 0.6999999881
37841  -49.502  12.336  13.543 0.8000000119
30940  -47.728  7.309  10.132 0.6999999881
37814  -55.129  4.566  6.665 0.3000000119
20435  -48.056  11.516  14.737 0.6999999881
37839  -51.719  13.620  13.619 0.6999999881
37840  -50.516  13.027  13.617 0.6999999881
20410  -56.218  4.491  8.556 0.3000000119
12563  -54.729  3.955  11.447 0.3000000119
12564  -53.392  3.507  11.904 0.3000000119
20434  -47.351  11.406  16.019 0.6999999881
2211  -48.861  12.430  15.012 0.6999999881
37838  -49.814  13.265  15.278 0.6999999881
9198  -50.962  13.901  15.345 0.6999999881
27224  -54.836  4.163  9.040 0.3000000119
27223  -55.430  4.339  9.989 0.3000000119
453  -52.873  3.144  13.357 0.3000000119
9196  -47.281  10.406  14.446 0.8000000119
20433  -48.066  12.436  16.323 0.6999999881
20439  -51.297  14.654  17.253 0.6999999881
20440  -52.176  14.347  15.412 0.6999999881
23964  -54.000  19.579  15.229 0.5000000000
2208  -55.689  4.432  7.581 0.3000000119
37813  -53.558  4.416  7.189 0.3000000119
27227  -49.727  5.572  8.036 0.5000000000
4885  -48.630  6.297  9.017 0.5000000000
4891  -47.277  12.153  17.525 0.8000000119
27236  -47.198  12.673  18.956 0.6999999881
27238  -49.062  13.313  16.709 0.6999999881
27237  -48.091  13.149  18.028 0.6999999881
4892  -49.204  13.791  18.524 0.6999999881
12572  -49.292  14.013  20.205 0.6999999881
37837  -50.128  14.019  17.074 0.6000000238
30943  -50.500  14.762  20.594 0.6000000238
30944  -51.572  15.578  20.662 0.6000000238
6678  -51.273  16.055  21.656 0.5000000000
6679  -51.528  15.161  19.085 0.6000000238
20438  -52.428  15.124  17.268 0.6000000238
1151  -53.223  14.858  15.485 0.6000000238
14981  -52.058  19.206  13.445 0.5000000000
3073  -53.192  19.484  14.209 0.5000000000
3072  -54.336  19.688  16.525 0.4000000060
10753  -54.327  20.429  15.512 0.5000000000
10752  -54.322  20.645  16.793 0.5000000000
37812  -51.900  4.472  7.748 0.3000000119
37830  -46.544  11.137  16.998 0.8000000119
30939  -48.005  6.082  10.465 0.5000000000
27225  -49.033  5.278  9.434 0.5000000000
14968  -47.269  7.100  11.571 0.6999999881
37832  -46.659  9.249  14.164 0.8000000119
37831  -46.582  10.255  15.561 0.8000000119
27234  -46.260  12.162  19.730 0.8000000119
33337  -46.859  12.872  21.756 0.6999999881
4890  -47.160  12.812  20.438 0.6999999881
12570  -48.082  13.411  21.153 0.8000000119
12571  -48.122  13.398  19.581 0.6999999881
30942  -50.303  15.109  21.883 0.6999999881
33348  -49.905  15.648  22.631 0.6999999881
1150  -52.670  18.125  20.284 0.5000000000
10751  -54.131  19.931  17.771 0.3000000119
30961  -48.891  19.227  11.983 0.6000000238
14983  -50.407  19.718  12.390 0.5000000000
14982  -51.809  20.054  12.824 0.5000000000
23965  -53.834  20.346  14.213 0.4000000060
9189  -52.615  4.018  8.626 0.3000000119
37811  -54.235  4.191  8.112 0.3000000119
14969  -46.863  8.179  12.801 0.6000000238
27226  -50.307  4.752  8.569 0.3000000119
9195  -45.765  10.006  16.478 0.8000000119
1625  -45.352  11.345  19.138 0.6000000238
20432  -45.544  10.794  17.901 0.8000000119
27235  -46.361  11.785  18.351 0.8000000119
33336  -46.031  12.229  21.211 0.6999999881
16768  -45.421  12.609  22.390 0.6999999881
7634  -46.225  13.375  22.867 0.6999999881
33338  -47.662  13.602  22.359 0.6999999881
263  -49.166  14.207  21.732 0.6999999881
33347  -48.711  14.542  22.716 0.6000000238
33349  -50.790  16.742  21.939 0.5000000000
33350  -51.410  17.807  21.061 0.5000000000
33353  -51.816  18.938  20.127 0.4000000060
33354  -52.247  20.054  19.198 0.4000000060
23958  -52.990  19.102  19.536 0.4000000060
10750  -53.721  20.880  17.643 0.3000000119
10754  -54.273  21.288  15.539 0.3000000119
3074  -54.215  21.130  14.241 0.2000000030
1154  -52.609  20.868  12.402 0.3000000119
23966  -53.611  21.007  13.149 0.3000000119
14980  -52.954  20.191  13.361 0.4000000060
16767  -43.693  12.557  22.823 0.6999999881
33335  -45.101  11.550  20.509 0.6999999881
16769  -44.545  13.519  23.215 0.4000000060
33345  -45.363  14.414  23.179 0.6000000238
33346  -47.051  14.345  23.090 0.5000000000
7637  -48.160  15.443  22.968 0.5000000000
16778  -49.254  16.446  22.446 0.4000000060
33355  -52.672  20.936  18.260 0.3000000119
7638  -50.039  17.508  21.541 0.3000000119
33352  -50.523  18.621  20.518 0.3000000119
3070  -53.349  20.098  18.648 0.3000000119
33344  -43.838  14.646  22.915 0.4000000060
16776  -46.416  15.317  22.859 0.4000000060
16777  -47.581  16.319  22.347 0.3000000119
16779  -48.516  17.244  21.526 0.3000000119
33351  -49.144  18.349  20.583 0.3000000119
7639  -50.998  19.703  19.423 0.3000000119
16774  -44.227  16.351  21.378 0.4000000060
7636  -44.732  15.386  22.453 0.4000000060
16775  -45.802  16.297  21.910 0.3000000119
1627  -46.818  17.158  21.202 0.1000000015
16781  -49.645  19.393  19.610 0.3000000119
16783  -51.412  20.778  18.559 0.3000000119
16773  -45.100  17.201  20.776 0.1000000015
25042  -45.921  18.244  20.094 0.2000000030
25044  -46.594  19.208  19.502 0.2000000030
3673  -48.182  19.194  19.568 0.2000000030
25043  -47.572  18.178  20.375 0.2000000030
16782  -50.056  20.536  18.615 0.3000000119
25041  -44.235  18.333  19.997 0.2000000030
14970  -52.061  17.056  21.052 0.3000000119
6685  -50.729  18.798  12.863 0.6000000238
6238  -44.845  4.603  7.551 0.1000000015
9193  -52.290  7.294  0.660 0.4000000060
20427  -51.912  8.039  1.032 0.6000000238
20437  -48.701  11.562  13.298 0.6999999881
4884  -53.989  3.856  10.530 0.3000000119
37836  -50.424  14.476  18.907 0.6000000238
6676  -47.503  5.947  11.848 0.5000000000
7633  -44.533  11.853  21.858 0.6999999881
1626  -42.979  13.790  23.015 0.4000000060
33343  -43.241  15.522  21.960 0.3000000119
7640  -51.940  21.701  17.690 0.2000000030
18992  -57.681  0.665  13.116 0.2000000030
8612  -57.418  0.460  12.118 0.2000000030
36092  -57.219  0.209  11.081 0.2000000030
4  -57.103  -0.080  10.124 0.2000000030
18993  -57.874  1.721  12.415 0.2000000030
36094  -57.677  1.546  11.328 0.2000000030
36093  -57.540  1.329  10.294 0.2000000030
18994  -58.157  1.976  13.495 0.2000000030
10261  -57.195  0.620  9.239 0.2000000030
2581  -57.204  1.176  8.400 0.2000000030
23078  -56.779  0.267  7.879 0.2000000030
2580  -56.295  -0.579  7.518 0.2000000030
13503  -56.084  -0.103  6.837 0.2000000030
18996  -58.470  4.237  14.258 0.2000000030
4413  -58.773  3.444  14.848 0.2000000030
36097  -58.537  3.200  13.832 0.2000000030
8614  -58.302  2.899  12.720 0.2000000030
37800  -57.677  1.843  9.374 0.2000000030
28890  -54.972  -0.458  6.273 0.1000000015
5798  -55.840  0.288  6.147 0.1000000015
13502  -56.703  0.716  7.126 0.2000000030
3423  -53.099  -0.420  5.509 0.1000000015
24593  -53.561  -0.833  5.966 0.1000000015
16030  -52.630  0.129  5.143 0.1000000015
18995  -58.548  4.529  15.346 0.2000000030
36098  -58.361  3.966  13.134 0.2000000030
36095  -58.141  2.617  11.586 0.2000000030
23079  -57.214  1.662  7.509 0.2000000030
24592  -54.563  -0.076  5.666 0.1000000015
28891  -55.559  0.785  5.485 0.1000000015
13504  -56.659  1.192  6.315 0.2000000030
24595  -53.768  1.140  4.619 0.1000000015
24594  -54.171  0.483  5.130 0.1000000015
36096  -58.248  3.731  11.990 0.2000000030
20407  -58.117  3.504  10.800 0.2000000030
8613  -57.984  2.465  10.475 0.2000000030
3422  -55.239  1.325  4.853 0.1000000015
1478  -52.134  0.666  4.875 0.1000000015
16036  -51.511  1.174  4.691 0.1000000015
24597  -52.719  2.194  3.766 0.1000000015
7291  -50.801  1.538  4.640 0.1000000015
32411  -51.030  2.851  3.533 0.1000000015
19006  -54.177  3.962  16.553 0.2000000030
36110  -54.287  3.779  15.350 0.2000000030
8619  -52.900  3.429  15.851 0.2000000030
36107  -56.637  5.404  17.611 0.2000000030
19013  -45.590  3.638  17.548 0.2000000030
36111  -52.940  3.229  14.610 0.2000000030
36102  -54.321  3.567  14.129 0.2000000030
36118  -45.788  4.011  16.635 0.2000000030
36117  -47.112  3.485  16.158 0.2000000030
36114  -48.543  3.206  15.781 0.2000000030
14962  -48.624  3.348  14.637 0.2000000030
6673  -50.137  3.146  14.148 0.2000000030
30931  -51.565  3.108  13.781 0.2000000030
18997  -57.803  4.922  14.829 0.2000000030
23953  -46.042  4.425  15.727 0.2000000030
1147  -47.249  3.784  15.149 0.2000000030
23954  -46.698  4.559  14.607 0.2000000030
14964  -47.905  3.934  13.943 0.2000000030
14963  -49.248  3.542  13.325 0.2000000030
30933  -50.688  3.315  12.858 0.2000000030
30932  -52.056  3.290  12.419 0.2000000030
6675  -48.494  4.224  12.663 0.2000000030
30934  -49.834  3.788  12.034 0.2000000030
28892  -56.162  2.122  4.778 0.1000000015
13505  -56.404  1.573  5.498 0.1000000015
23512  -49.470  3.587  3.913 0.1000000015
18999  -56.724  4.988  15.439 0.2000000030
2014  -57.764  5.164  15.912 0.2000000030
36108  -56.703  5.177  16.521 0.2000000030
36119  -44.586  4.731  17.088 0.2000000030
8631  -41.847  5.725  19.121 0.3000000119
36146  -43.019  4.981  18.523 0.3000000119
8622  -44.277  4.251  18.026 0.2000000030
3067  -44.923  5.231  16.312 0.2000000030
8615  -57.818  4.645  13.685 0.2000000030
36120  -43.526  5.476  17.727 0.2000000030
10747  -43.978  6.064  17.018 0.2000000030
12562  -54.271  3.560  12.837 0.2000000030
23955  -45.661  5.390  15.258 0.2000000030
3068  -46.336  5.636  14.215 0.3000000119
30936  -47.351  4.832  13.416 0.2000000030
36099  -57.792  4.477  12.495 0.2000000030
6674  -51.192  3.564  11.492 0.2000000030
37809  -52.580  3.611  11.024 0.2000000030
30935  -49.087  4.422  11.344 0.2000000030
20415  -50.393  3.973  10.720 0.2000000030
20416  -51.780  3.808  10.128 0.2000000030
20417  -51.010  4.198  9.279 0.2000000030
1148  -49.573  4.564  10.025 0.2000000030
24596  -53.326  1.709  4.162 0.1000000015
11103  -54.872  1.974  4.191 0.1000000015
3424  -54.398  2.548  3.629 0.1000000015
32410  -51.858  2.561  3.541 0.1000000015
14230  -47.370  3.758  6.289 0.1000000015
23513  -48.728  2.752  5.443 0.1000000015
902  -49.377  2.273  5.078 0.1000000015
32412  -50.209  3.166  3.651 0.1000000015
19004  -55.432  4.924  18.206 0.2000000030
19005  -54.159  4.178  17.732 0.2000000030
8618  -55.434  4.715  17.140 0.2000000030
36109  -55.462  4.474  16.004 0.2000000030
8616  -55.604  4.266  14.830 0.2000000030
18998  -56.797  4.721  14.205 0.2000000030
36148  -41.633  7.122  19.260 0.3000000119
36101  -55.581  4.133  13.572 0.2000000030
36147  -42.492  6.301  18.454 0.3000000119
93  -43.135  6.900  17.789 0.4000000060
10748  -44.732  6.349  16.060 0.3000000119
23956  -45.476  6.552  15.026 0.5000000000
4882  -55.555  4.128  12.270 0.2000000030
14966  -46.965  5.833  13.096 0.2000000030
14965  -46.215  6.775  14.003 0.5000000000
30937  -47.939  4.980  12.141 0.3000000119
30938  -48.432  5.162  10.795 0.3000000119
3425  -53.009  3.498  2.633 0.1000000015
24598  -53.848  3.079  3.097 0.1000000015
32413  -50.238  4.412  2.611 0.1000000015
7292  -51.110  4.050  2.437 0.1000000015
4416  -55.369  5.072  19.265 0.2000000030
33328  -42.451  7.696  18.730 0.4000000060
10749  -44.039  7.276  16.905 0.5000000000
36100  -56.825  4.588  13.013 0.2000000030
27220  -56.775  4.573  11.761 0.2000000030
3069  -44.859  7.526  15.987 0.5000000000
23957  -45.624  7.770  15.038 0.5000000000
1149  -46.312  7.981  13.977 0.5000000000
14967  -46.770  6.971  12.866 0.4000000060
16038  -52.082  3.828  2.381 0.1000000015
20431  -44.789  9.641  17.364 0.6999999881
7631  -43.785  9.274  18.227 0.6000000238
33329  -43.354  8.161  17.921 0.6000000238
37827  -44.285  8.452  17.052 0.6000000238
37828  -45.192  8.787  16.153 0.6000000238
37829  -45.960  9.026  15.254 0.6000000238
4883  -56.718  4.610  9.481 0.2000000030
2824  -47.719  5.909  3.447 0.1000000015
10503  -48.597  5.423  3.105 0.2000000030
16040  -51.062  5.193  1.475 0.2000000030
2825  -46.071  6.571  4.280 0.1000000015
29920  -43.982  7.832  6.006 0.1000000015
14240  -44.494  8.571  4.506 0.1000000015
6239  -44.554  7.279  5.376 0.1000000015
14237  -45.805  7.756  3.240 0.2000000030
14238  -45.285  6.889  4.823 0.2000000030
29921  -43.947  9.109  5.190 0.1000000015
14239  -45.123  8.147  3.758 0.1000000015
23520  -46.503  8.670  1.867 0.2000000030
25923  -40.803  12.562  6.863 0.1000000015
4161  -41.592  12.065  6.292 0.1000000015
1893  -40.030  13.188  7.314 0.1000000015
37874  -40.635  13.774  6.120 0.1000000015
906  -45.780  9.076  2.443 0.2000000030
37856  -46.853  9.951  1.362 0.2000000030
37877  -39.972  14.444  6.649 0.2000000030
37873  -41.368  13.182  5.503 0.1000000015
37859  -46.089  10.368  1.949 0.3000000119
12582  -46.209  17.613  10.334 0.6000000238
9211  -40.678  15.550  6.770 0.2000000030
37876  -41.057  14.970  6.028 0.2000000030
9210  -41.638  14.373  5.346 0.2000000030
12580  -47.428  18.420  11.337 0.5000000000
524  -47.053  19.329  10.684 0.5000000000
20470  -42.859  16.464  7.939 0.4000000060
12584  -45.763  18.591  10.030 0.6000000238
6686  -50.012  20.439  11.651 0.3000000119
30962  -48.491  19.994  11.232 0.3000000119
37941  -50.993  21.279  10.659 0.2000000030
37942  -49.545  21.014  10.256 0.2000000030
37952  -46.758  20.111  9.646 0.4000000060
37943  -48.136  20.674  9.967 0.2000000030
2013  -57.734  4.391  11.295 0.2000000030
37810  -53.307  3.853  9.565 0.2000000030
27222  -56.066  4.487  10.885 0.2000000030
27221  -57.247  4.572  10.344 0.2000000030
23514  -48.720  4.133  4.220 0.1000000015
23515  -47.948  4.647  4.643 0.1000000015
2822  -49.435  4.911  2.811 0.2000000030
2216  -42.450  17.255  8.305 0.3000000119
20430  -44.474  10.399  18.665 0.6000000238
26373  -58.483  2.227  14.475 0.2000000030
36113  -50.073  3.059  15.260 0.2000000030
18242  -40.470  11.925  8.116 0.1000000015
20471  -41.961  15.746  6.852 0.2000000030
20472  -41.589  16.370  7.519 0.3000000119
36145  -43.878  3.849  18.936 0.2000000030
19036  -42.508  4.480  19.374 0.2000000030
12106  -40.376  3.132  22.461 0.2000000030
26398  -40.896  3.413  21.750 0.2000000030
19035  -41.973  4.079  20.230 0.2000000030
19037  -41.245  5.240  19.897 0.2000000030
30295  -36.288  3.887  24.898 0.2000000030
30294  -36.823  4.307  24.084 0.2000000030
455  -38.241  3.472  23.633 0.2000000030
12105  -39.894  2.875  23.306 0.2000000030
12109  -37.452  4.581  23.293 0.2000000030
12107  -38.833  3.754  22.831 0.2000000030
4427  -39.384  4.046  22.093 0.2000000030
26399  -39.988  4.363  21.370 0.2000000030
26401  -38.730  5.224  21.947 0.2000000030
2019  -40.612  4.769  20.674 0.2000000030
26400  -39.388  5.608  21.254 0.2000000030
14509  -35.502  3.128  26.688 0.1000000015
6403  -34.731  4.523  26.260 0.1000000015
30296  -35.133  4.913  25.386 0.1000000015
6402  -35.636  5.279  24.576 0.1000000015
36157  -36.233  5.555  23.873 0.2000000030
12108  -38.079  4.879  22.618 0.2000000030
19039  -40.135  6.064  20.499 0.4000000060
12127  -39.175  12.617  37.046 0.1000000015
23685  -33.734  4.991  29.774 0.1000000015
36230  -33.978  5.114  30.837 0.1000000015
14510  -33.602  5.174  28.764 0.1000000015
2918  -34.324  3.773  28.169 0.1000000015
30298  -34.435  4.169  27.193 0.1000000015
4429  -36.847  5.873  23.176 0.2000000030
4428  -38.303  6.541  21.885 0.3000000119
36151  -39.105  6.895  21.259 0.3000000119
26402  -37.543  6.193  22.556 0.3000000119
8632  -39.968  7.350  20.692 0.4000000060
36149  -40.806  7.873  20.154 0.3000000119
4446  -40.326  14.008  37.885 0.1000000015
26432  -41.035  14.355  39.037 0.1000000015
30322  -42.085  15.835  40.088 0.1000000015
12128  -38.361  12.254  36.015 0.1000000015
4450  -36.736  10.664  34.216 0.1000000015
26441  -35.075  8.854  33.008 0.1000000015
26440  -35.860  9.147  33.687 0.1000000015
36232  -34.411  8.665  32.149 0.1000000015
4451  -35.229  10.505  32.748 0.1000000015
36231  -33.575  6.716  30.504 0.1000000015
36233  -33.781  8.450  31.263 0.1000000015
999  -33.293  6.611  29.466 0.1000000015
14512  -33.169  6.826  28.484 0.1000000015
14511  -33.621  5.452  27.755 0.1000000015
30299  -33.782  5.738  26.815 0.1000000015
30297  -34.133  6.072  25.971 0.1000000015
19045  -34.582  6.430  25.142 0.1000000015
19046  -35.160  6.667  24.431 0.2000000030
36158  -35.791  7.012  23.757 0.2000000030
26403  -36.526  7.281  23.147 0.2000000030
19040  -37.321  7.528  22.534 0.3000000119
19041  -38.173  7.875  21.982 0.3000000119
36152  -39.104  8.187  21.505 0.4000000060
7630  -41.730  8.446  19.697 0.5000000000
33330  -42.790  8.828  19.006 0.5000000000
16762  -41.033  9.115  20.645 0.4000000060
16763  -42.227  9.475  20.068 0.5000000000
33331  -43.388  9.882  19.378 0.5000000000
30323  -41.379  15.485  38.835 0.1000000015
12130  -37.649  12.177  34.983 0.1000000015
30324  -40.542  15.186  37.580 0.1000000015
12126  -39.461  13.687  36.728 0.1000000015
26442  -35.961  10.574  33.489 0.1000000015
12131  -36.859  12.131  34.204 0.1000000015
19109  -34.500  10.317  31.960 0.1000000015
36234  -33.297  8.394  30.338 0.1000000015
8660  -33.871  10.082  31.070 0.1000000015
14514  -33.028  8.317  29.257 0.1000000015
6404  -33.229  7.073  27.491 0.1000000015
14513  -32.973  8.481  28.307 0.1000000015
998  -33.777  7.713  25.717 0.1000000015
19047  -34.223  7.921  24.969 0.1000000015
8635  -34.817  8.242  24.286 0.2000000030
36150  -40.039  8.632  21.047 0.4000000060
458  -38.646  13.729  35.778 0.1000000015
26443  -36.059  12.236  33.475 0.1000000015
4452  -37.157  13.802  34.085 0.1000000015
36238  -38.285  15.345  34.714 0.1000000015
19110  -34.722  11.928  31.745 0.1000000015
19108  -35.330  12.200  32.625 0.1000000015
26444  -36.377  13.840  33.177 0.1000000015
36235  -33.397  9.967  30.127 0.1000000015
19111  -34.182  11.666  30.791 0.1000000015
6405  -33.110  9.943  29.033 0.1000000015
30301  -33.090  8.740  27.274 0.1000000015
30300  -33.415  7.395  26.582 0.1000000015
36159  -35.487  8.501  23.675 0.2000000030
36162  -35.481  10.115  23.562 0.2000000030
19044  -36.338  10.365  23.127 0.3000000119
19043  -37.361  10.594  22.810 0.3000000119
2020  -36.324  8.746  23.116 0.2000000030
19042  -37.259  9.014  22.677 0.3000000119
8633  -38.202  9.259  22.277 0.5000000000
36153  -39.238  9.501  21.936 0.5000000000
25033  -39.514  10.895  22.377 0.5000000000
1624  -40.320  9.838  21.624 0.6000000238
16764  -41.597  10.078  21.128 0.5000000000
7632  -42.888  10.330  20.575 0.5000000000
33332  -44.158  10.829  19.905 0.5000000000
36239  -37.628  15.344  33.719 0.1000000015
2029  -35.750  13.674  32.204 0.1000000015
8662  -38.312  16.572  33.176 0.1000000015
19112  -35.149  13.318  31.318 0.1000000015
36236  -33.740  11.613  29.786 0.1000000015
4430  -33.089  10.428  27.037 0.2000000030
26404  -33.294  9.019  26.380 0.2000000030
26405  -33.637  9.335  25.530 0.2000000030
36160  -34.141  9.648  24.781 0.2000000030
36161  -34.754  9.901  24.114 0.2000000030
25034  -40.849  10.877  22.103 0.5000000000
16766  -42.912  11.782  22.318 0.6000000238
36154  -38.381  10.769  22.563 0.4000000060
33333  -42.237  10.952  21.697 0.6000000238
33334  -43.733  11.159  21.225 0.5000000000
36240  -36.947  15.226  32.694 0.1000000015
36243  -36.384  14.960  31.686 0.1000000015
30303  -33.390  11.600  28.713 0.1000000015
36237  -34.232  13.087  29.325 0.1000000015
26406  -33.303  10.729  26.175 0.2000000030
4431  -33.621  11.034  25.390 0.2000000030
3667  -38.609  12.288  22.721 0.4000000060
19033  -41.446  3.702  21.053 0.2000000030
30293  -37.726  3.152  24.460 0.1000000015
19038  -40.897  6.560  19.823 0.2000000030
12132  -37.906  13.781  34.943 0.1000000015
19114  -38.886  16.714  34.206 0.1000000015
8661  -34.689  13.078  30.334 0.1000000015
30302  -33.051  10.146  28.043 0.1000000015
25035  -39.943  12.034  22.628 0.5000000000
36242  -37.722  16.245  32.210 0.1000000015
36139  -49.470  3.267  21.724 0.1000000015
19031  -47.736  2.906  21.852 0.1000000015
4419  -49.652  3.461  20.849 0.1000000015
19032  -45.887  2.700  21.877 0.1000000015
36140  -47.929  3.037  21.010 0.1000000015
36142  -44.349  2.762  21.230 0.1000000015
8629  -46.165  2.785  21.125 0.1000000015
26385  -48.151  3.020  20.114 0.1000000015
26384  -49.756  3.397  19.925 0.1000000015
26396  -43.991  2.595  22.049 0.1000000015
36141  -46.395  2.824  20.251 0.1000000015
4426  -42.602  2.941  21.526 0.1000000015
19034  -43.044  3.207  20.766 0.1000000015
36143  -44.679  2.958  20.532 0.1000000015
36144  -45.016  3.112  19.620 0.1000000015
19010  -48.247  2.989  19.128 0.1000000015
4418  -49.886  3.222  18.893 0.1000000015
2016  -46.636  2.985  19.328 0.1000000015
19011  -48.407  2.978  18.034 0.1000000015
8630  -43.441  3.487  19.911 0.1000000015
19014  -45.358  3.350  18.581 0.1000000015
19012  -46.791  3.053  18.293 0.1000000015
36115  -49.949  3.101  17.747 0.1000000015
19009  -51.459  3.327  17.393 0.1000000015
36116  -48.514  3.077  16.898 0.1000000015
8621  -46.971  3.205  17.198 0.1000000015
8620  -50.073  3.097  16.505 0.1000000015
36138  -50.887  3.503  22.362 0.1000000015
8628  -49.268  3.106  22.634 0.1000000015
12099  -51.129  3.741  21.576 0.1000000015
19030  -47.447  2.801  22.682 0.1000000015
12098  -51.183  3.811  20.606 0.1000000015
26383  -51.292  3.656  19.632 0.1000000015
26382  -51.372  3.453  18.580 0.1000000015
19008  -51.507  3.179  16.155 0.1000000015
36112  -51.556  3.050  14.958 0.1000000015
36129  -52.242  3.844  22.805 0.1000000015
454  -52.446  4.034  22.002 0.1000000015
26395  -43.617  2.444  22.925 0.1000000015
2018  -45.577  2.558  22.751 0.1000000015
12097  -52.605  4.145  21.230 0.1000000015
26397  -42.186  2.728  22.264 0.1000000015
4417  -52.642  4.102  20.348 0.1000000015
26381  -52.750  3.959  19.262 0.1000000015
19007  -52.866  3.573  17.055 0.1000000015
23080  -58.298  -3.909  10.275 0.1000000015
14499  -56.092  5.649  23.875 0.1000000015
36136  -50.097  3.297  23.956 0.1000000015
8625  -51.819  3.791  23.658 0.1000000015
30282  -53.760  4.526  22.398 0.1000000015
19029  -48.818  2.965  23.299 0.1000000015
36137  -50.580  3.343  23.153 0.1000000015
19026  -45.074  2.488  23.674 0.1000000015
19028  -46.976  2.720  23.508 0.1000000015
12095  -53.878  4.586  21.515 0.1000000015
2015  -52.826  3.751  18.184 0.1000000015
36579  -57.560  -2.647  11.247 0.1000000015
23082  -57.812  -3.534  9.602 0.1000000015
2583  -57.900  -4.201  8.978 0.1000000015
23083  -57.254  -3.197  8.981 0.1000000015
5878  -53.308  -4.538  33.656 0.1000000015
29073  -53.855  -3.948  33.023 0.1000000015
3553  -54.386  -3.333  32.314 0.1000000015
11236  -56.677  -1.586  31.300 0.1000000015
24832  -56.882  -1.263  30.323 0.1000000015
24752  -57.711  0.050  30.938 0.1000000015
16294  -58.060  1.975  30.162 0.1000000015
11234  -54.827  -2.849  31.507 0.1000000015
16293  -58.255  2.280  29.140 0.1000000015
7413  -58.233  4.235  28.064 0.1000000015
16309  -47.541  -0.406  30.650 0.1000000015
19016  -57.509  5.432  27.666 0.1000000015
2017  -50.747  3.840  25.588 0.1000000015
19022  -51.342  3.794  24.636 0.1000000015
19021  -53.057  4.350  24.440 0.1000000015
36127  -54.646  4.996  24.218 0.1000000015
36126  -55.737  5.716  25.079 0.1000000015
36135  -49.589  3.334  24.775 0.1000000015
36128  -53.465  4.370  23.377 0.1000000015
30281  -55.138  5.115  21.964 0.1000000015
8627  -48.324  2.952  24.092 0.1000000015
6396  -55.019  5.041  23.010 0.1000000015
19027  -46.485  2.715  24.257 0.1000000015
36134  -47.765  2.995  24.948 0.1000000015
26394  -43.163  2.357  23.843 0.1000000015
4415  -55.197  5.156  21.062 0.1000000015
19000  -58.701  5.128  19.440 0.1000000015
12104  -41.240  2.410  23.928 0.1000000015
26380  -54.093  4.588  19.847 0.1000000015
4425  -41.723  2.523  23.072 0.1000000015
30273  -59.587  2.640  18.500 0.1000000015
12094  -59.410  2.503  17.411 0.1000000015
12093  -59.116  2.357  16.326 0.1000000015
12092  -59.279  1.141  16.891 0.1000000015
4412  -58.868  1.094  15.917 0.1000000015
26372  -58.437  1.063  14.956 0.1000000015
19396  -57.336  -0.998  12.268 0.1000000015
2582  -57.527  -2.775  10.393 0.1000000015
23136  -54.940  -2.749  39.077 0.1000000015
36177  -54.158  -2.544  39.746 0.1000000015
2614  -55.185  -3.728  39.184 0.1000000015
10293  -54.979  -4.391  38.406 0.1000000015
694  -53.954  -2.139  38.638 0.1000000015
13597  -53.820  -1.825  37.775 0.1000000015
23158  -53.111  -5.463  36.131 0.1000000015
5855  -53.717  -1.471  36.849 0.1000000015
13634  -52.754  -5.136  34.249 0.1000000015
29020  -52.277  -1.515  35.837 0.1000000015
13635  -54.447  -4.263  34.972 0.1000000015
13636  -54.891  -3.707  34.388 0.1000000015
24759  -51.082  -0.649  34.062 0.1000000015
24758  -52.720  -0.078  34.342 0.1000000015
11233  -55.964  -2.475  33.036 0.1000000015
24760  -49.794  -0.610  33.110 0.1000000015
11235  -56.324  -2.033  32.169 0.1000000015
24754  -57.807  1.018  32.162 0.1000000015
24753  -57.948  1.520  31.177 0.1000000015
7414  -57.979  3.492  30.224 0.1000000015
16303  -50.244  0.014  32.334 0.1000000015
1535  -48.986  -0.186  31.489 0.1000000015
32735  -58.120  3.918  29.151 0.1000000015
19015  -57.331  5.121  28.807 0.1000000015
16307  -49.437  0.403  30.737 0.1000000015
19017  -56.207  5.768  28.257 0.1000000015
16308  -47.865  0.214  29.876 0.1000000015
32753  -46.357  0.014  29.204 0.1000000015
32752  -48.135  0.942  29.294 0.1000000015
4424  -44.617  2.530  24.471 0.1000000015
36133  -45.971  2.695  25.007 0.1000000015
26393  -42.673  2.399  24.665 0.1000000015
36103  -59.267  3.906  17.836 0.1000000015
12103  -39.385  2.625  24.181 0.1000000015
19003  -54.131  4.386  18.827 0.1000000015
26374  -58.779  2.321  15.378 0.1000000015
2012  -57.989  0.974  14.100 0.1000000015
36580  -57.191  -1.262  11.319 0.1000000015
10262  -57.043  -1.462  10.346 0.1000000015
10263  -57.205  -2.437  9.653 0.1000000015
10260  -56.778  -0.286  8.667 0.1000000015
2579  -56.805  -1.924  8.850 0.1000000015
23135  -55.481  -3.259  38.486 0.1000000015
13595  -54.978  -2.220  38.303 0.1000000015
23134  -55.401  -3.913  37.747 0.1000000015
23132  -54.744  -4.532  36.724 0.1000000015
13596  -55.009  -1.753  37.571 0.1000000015
13633  -53.855  -4.844  35.560 0.1000000015
29019  -53.754  -1.003  35.997 0.1000000015
29074  -55.491  -3.096  33.727 0.1000000015
3516  -51.470  0.070  33.298 0.1000000015
3512  -57.569  -0.388  31.896 0.1000000015
32737  -57.801  3.027  31.203 0.1000000015
16305  -50.757  0.646  31.619 0.1000000015
16306  -51.219  1.358  31.011 0.1000000015
32736  -57.280  4.684  29.849 0.1000000015
1533  -56.014  5.362  29.297 0.1000000015
19020  -52.497  4.358  25.465 0.1000000015
8624  -54.162  5.039  25.361 0.1000000015
7419  -49.730  1.083  30.108 0.1000000015
19018  -51.956  4.404  26.446 0.1000000015
19019  -53.667  5.108  26.412 0.1000000015
6397  -46.489  0.779  28.718 0.1000000015
26390  -50.220  3.848  26.480 0.1000000015
26389  -51.530  4.307  27.401 0.1000000015
19023  -45.062  2.378  26.957 0.1000000015
30286  -44.965  1.652  27.821 0.1000000015
14501  -44.876  0.810  28.323 0.1000000015
30283  -48.145  1.723  28.810 0.1000000015
36132  -49.032  3.403  25.699 0.1000000015
8626  -47.229  3.011  25.843 0.1000000015
36131  -48.548  3.399  26.652 0.1000000015
26392  -44.091  2.576  25.289 0.1000000015
4423  -40.726  2.302  24.803 0.1000000015
30290  -41.779  1.866  26.333 0.1000000015
26391  -42.113  2.284  25.481 0.1000000015
6393  -59.395  4.044  18.961 0.1000000015
26378  -56.522  5.537  19.583 0.1000000015
4414  -59.113  3.733  16.740 0.1000000015
26375  -58.931  3.582  15.747 0.1000000015
10259  -56.873  -0.987  9.438 0.1000000015
2613  -55.667  -2.686  37.788 0.1000000015
23133  -55.797  -3.322  37.095 0.1000000015
692  -55.308  -3.946  36.164 0.1000000015
13594  -56.173  -2.756  36.534 0.1000000015
29018  -55.059  -1.303  36.820 0.1000000015
13592  -55.813  -3.342  35.586 0.1000000015
29016  -55.139  -0.756  36.116 0.1000000015
5852  -56.219  -2.712  34.995 0.1000000015
693  -53.949  -0.282  35.257 0.1000000015
29012  -56.592  -2.055  34.371 0.1000000015
24757  -52.396  -0.847  35.009 0.1000000015
212  -56.964  -1.452  33.549 0.1000000015
11192  -57.298  -0.890  32.769 0.1000000015
32746  -53.103  0.761  33.731 0.1000000015
16304  -51.965  0.818  32.618 0.1000000015
3513  -57.594  2.463  32.139 0.1000000015
32738  -57.209  4.169  30.870 0.1000000015
7418  -52.444  1.578  31.986 0.1000000015
4421  -53.249  5.059  27.424 0.1000000015
32751  -49.847  1.856  29.504 0.1000000015
30284  -48.080  2.405  28.302 0.1000000015
30285  -46.549  1.597  28.304 0.1000000015
6398  -46.513  2.398  27.682 0.1000000015
4422  -49.808  3.745  27.411 0.1000000015
996  -43.623  2.371  26.207 0.1000000015
19025  -45.456  2.745  25.948 0.1000000015
19024  -46.773  2.940  26.758 0.1000000015
19001  -58.628  5.033  18.368 0.1000000015
19002  -57.628  5.579  18.953 0.1000000015
36106  -56.579  5.461  18.603 0.1000000015
36104  -58.591  4.876  17.272 0.1000000015
8617  -57.683  5.495  17.971 0.1000000015
26376  -58.607  4.679  16.286 0.1000000015
5854  -56.038  -1.557  36.589 0.1000000015
29013  -57.060  -0.779  34.650 0.1000000015
16300  -55.350  -0.051  35.474 0.1000000015
11194  -57.367  -0.138  33.894 0.1000000015
16302  -54.260  0.531  34.731 0.1000000015
11193  -57.589  0.468  33.070 0.1000000015
24755  -57.305  1.834  33.086 0.1000000015
32747  -53.563  1.620  33.102 0.1000000015
32749  -52.912  2.384  31.404 0.1000000015
26386  -54.567  5.060  29.421 0.1000000015
32739  -56.050  4.875  30.269 0.1000000015
32750  -51.449  2.109  30.415 0.1000000015
26388  -52.989  4.799  28.421 0.1000000015
32742  -51.468  2.876  29.788 0.1000000015
36124  -54.965  5.718  27.359 0.1000000015
26387  -54.637  5.482  28.420 0.1000000015
213  -49.793  2.588  28.940 0.1000000015
12101  -51.267  3.991  28.357 0.1000000015
12102  -49.669  3.273  28.292 0.1000000015
36130  -48.216  3.078  27.542 0.1000000015
36105  -57.722  5.367  16.926 0.1000000015
29017  -55.850  -2.129  37.148 0.1000000015
29015  -56.268  -0.935  35.969 0.1000000015
13593  -56.467  -2.125  35.976 0.1000000015
29014  -56.752  -1.441  35.342 0.1000000015
5853  -56.512  -0.231  35.344 0.1000000015
32743  -56.795  0.462  34.660 0.1000000015
3514  -57.006  1.202  33.990 0.1000000015
16301  -55.660  0.730  34.921 0.1000000015
24756  -56.293  2.284  33.623 0.1000000015
7417  -54.588  1.376  34.187 0.1000000015
32744  -55.934  1.522  34.367 0.1000000015
16295  -56.660  3.060  32.760 0.1000000015
16296  -56.985  3.686  31.824 0.1000000015
32745  -54.954  2.157  33.557 0.1000000015
7415  -55.929  4.345  31.158 0.1000000015
32748  -53.994  2.418  32.469 0.1000000015
16299  -54.387  3.192  31.893 0.1000000015
7416  -53.058  3.170  30.771 0.1000000015
4420  -52.981  4.370  29.316 0.1000000015
12100  -51.335  3.482  29.136 0.1000000015
26407  -33.442  12.419  25.906 0.1000000015
19048  -33.746  12.723  25.073 0.1000000015
19049  -34.131  11.301  24.601 0.1000000015
8636  -34.764  11.535  23.990 0.1000000015
36163  -35.571  11.746  23.454 0.1000000015
36164  -35.736  13.415  23.199 0.2000000030
36156  -36.728  13.498  22.847 0.2000000030
36155  -37.484  12.198  22.810 0.2000000030
3668  -41.464  11.854  22.501 0.4000000060
11347  -37.828  13.540  22.639 0.2000000030
25036  -40.658  13.065  22.734 0.3000000119
16765  -42.119  12.824  22.899 0.4000000060
16297  -55.753  3.686  32.025 0.1000000015
1534  -55.396  2.958  32.855 0.1000000015
16298  -54.584  3.907  31.136 0.1000000015
32741  -53.081  3.799  30.086 0.1000000015
32740  -54.592  4.512  30.324 0.1000000015
19050  -34.254  12.982  24.281 0.1000000015
25037  -41.468  13.968  22.679 0.3000000119
33341  -42.333  14.782  22.453 0.3000000119
37954  -44.289  18.990  9.013 0.5000000000
8623  -56.487  5.983  27.026 0.1000000015
36125  -55.383  5.735  26.233 0.1000000015
6395  -57.537  5.756  22.305 0.1000000015
26379  -55.319  5.146  20.278 0.1000000015
993  -57.590  5.638  19.916 0.1000000015
12096  -54.009  4.627  20.718 0.1000000015
30276  -58.703  5.268  20.572 0.1000000015
28888  -55.719  -1.332  7.373 0.1000000015
8634  -36.521  11.957  23.079 0.2000000030
30280  -56.416  5.591  21.538 0.1000000015
30275  -59.382  4.326  20.126 0.1000000015
36176  -54.871  -3.361  40.024 0.1000000015
10292  -53.587  -5.552  38.047 0.1000000015
30287  -43.373  1.787  27.055 0.1000000015
30291  -40.291  2.046  25.633 0.1000000015
30292  -38.914  2.337  25.021 0.1000000015
14498  -56.318  5.612  22.686 0.1000000015
36123  -56.813  6.026  25.904 0.1000000015
30279  -57.617  5.680  21.054 0.1000000015
26377  -56.455  5.590  20.523 0.1000000015
20474  -41.205  17.071  8.043 0.2000000030
37958  -41.946  18.201  8.621 0.2000000030
37953  -45.492  19.528  9.317 0.3000000119
37955  -43.149  18.553  8.661 0.2000000030
14984  -51.412  20.726  11.942 0.2000000030
37940  -52.227  21.492  11.195 0.2000000030
20473  -40.269  16.257  7.368 0.2000000030
25039  -41.725  17.745  20.558 0.1000000015
33342  -42.570  16.606  21.102 0.1000000015
3671  -43.371  17.431  20.531 0.1000000015
25040  -42.507  18.547  20.013 0.1000000015
25038  -40.904  18.801  20.271 0.1000000015
743  -40.044  18.084  20.716 0.1000000015
20536  -44.928  20.260  8.499 0.1000000015
37959  -40.652  17.947  8.682 0.1000000015
9238  -41.335  19.125  9.065 0.1000000015
9212  -39.842  16.886  8.166 0.1000000015
3672  -44.993  19.312  19.503 0.1000000015
16780  -48.668  20.302  18.784 0.1000000015
9236  -46.229  20.710  8.629 0.1000000015
37951  -47.620  21.095  8.774 0.2000000030
37950  -48.411  21.814  7.863 0.1000000015
9233  -49.020  21.385  8.876 0.2000000030
20527  -49.941  21.941  8.019 0.2000000030
20535  -45.558  21.393  8.037 0.1000000015
20534  -46.961  21.678  7.895 0.1000000015
20525  -51.325  22.182  8.259 0.1000000015
37957  -42.555  19.517  8.763 0.1000000015
9237  -43.732  19.895  8.513 0.2000000030
37949  -49.308  22.627  7.365 0.1000000015
2223  -50.730  22.670  7.373 0.1000000015
20537  -44.391  21.108  8.315 0.1000000015
11353  -45.610  20.266  19.035 0.1000000015
25045  -47.170  20.210  18.883 0.1000000015
37937  -53.269  21.720  11.866 0.1000000015
9232  -51.821  21.871  9.711 0.1000000015
9231  -53.599  22.531  11.276 0.1000000015
37939  -52.916  22.227  10.413 0.1000000015
37938  -53.245  22.987  9.709 0.1000000015
20526  -50.524  21.629  9.180 0.1000000015
20523  -51.958  22.925  7.598 0.1000000015
4921  -52.792  23.389  8.302 0.1000000015
9235  -47.877  22.611  7.455 0.1000000015
27289  -53.216  23.963  9.276 0.1000000015
2224  -45.076  22.265  7.957 0.1000000015
27292  -51.399  23.514  6.796 0.1000000015
27291  -52.351  23.897  7.151 0.1000000015
25046  -47.779  21.340  18.288 0.1000000015
37936  -53.938  21.888  12.848 0.1000000015
20522  -53.582  23.496  10.878 0.1000000015
20533  -46.459  22.514  7.649 0.1000000015
16784  -50.564  21.705  17.821 0.1000000015
33356  -53.049  21.687  17.296 0.1000000015
37935  -54.096  22.077  14.089 0.1000000015
20521  -53.847  22.914  12.485 0.1000000015
20520  -53.501  23.953  12.102 0.1000000015
1628  -49.219  21.487  18.094 0.1000000015
37934  -53.810  22.317  15.148 0.1000000015
9230  -53.682  23.244  13.648 0.1000000015
37933  -53.169  23.425  14.734 0.1000000015
20519  -53.060  24.307  13.232 0.1000000015
37930  -51.012  25.782  12.050 0.1000000015
20518  -52.859  24.895  11.747 0.1000000015
120  -53.876  21.510  16.586 0.2000000030
37905  -51.030  22.822  17.193 0.1000000015
37906  -52.222  22.731  16.718 0.1000000015
37904  -49.688  22.810  17.695 0.1000000015
37901  -48.254  22.691  18.092 0.1000000015
37927  -48.497  26.102  11.980 0.1000000015
37928  -49.984  25.739  12.765 0.1000000015
9228  -49.669  26.366  11.220 0.1000000015
9229  -52.158  25.134  12.737 0.1000000015
37907  -53.163  22.589  16.139 0.1000000015
37903  -48.664  23.832  17.834 0.1000000015
9221  -52.422  23.634  15.554 0.1000000015
37932  -52.301  24.452  14.197 0.1000000015
4912  -47.121  25.772  12.633 0.1000000015
37931  -51.236  25.198  13.644 0.1000000015
20496  -51.337  23.787  16.331 0.1000000015
9220  -50.036  23.803  17.091 0.1000000015
9219  -47.179  23.713  18.344 0.1000000015
20491  -45.693  23.601  18.541 0.1000000015
20497  -51.355  24.566  15.140 0.1000000015
27274  -48.810  25.455  13.516 0.1000000015
2219  -50.233  25.112  14.469 0.1000000015
20495  -50.245  24.496  15.985 0.1000000015
9218  -44.137  23.426  18.617 0.1000000015
20494  -48.900  24.397  16.788 0.1000000015
20492  -46.052  24.438  17.879 0.1000000015
20489  -43.255  24.349  18.278 0.1000000015
20490  -44.651  24.330  18.191 0.1000000015
37902  -47.479  24.462  17.453 0.1000000015
20493  -48.968  24.880  15.217 0.1000000015
2218  -44.811  24.978  17.112 0.1000000015
20487  -42.251  25.967  17.268 0.1000000015
20488  -43.547  25.172  17.582 0.1000000015
20486  -43.345  25.593  16.542 0.1000000015
27271  -46.167  24.823  16.639 0.1000000015
4911  -47.554  24.747  15.993 0.1000000015
20517  -51.908  25.729  11.126 0.1000000015
20524  -52.430  22.551  8.834 0.1000000015
2222  -53.237  24.531  10.504 0.1000000015
33340  -40.782  15.084  22.072 0.2000000030
7635  -41.643  15.841  21.550 0.2000000030
3669  -39.964  14.245  22.423 0.2000000030
11348  -39.219  13.326  22.627 0.1000000015
19053  -34.795  16.171  23.701 0.1000000015
19051  -34.900  13.178  23.680 0.1000000015
36165  -36.054  14.880  22.895 0.1000000015
262  -37.152  14.875  22.523 0.1000000015
33339  -39.171  15.397  22.005 0.1000000015
5944  -36.059  17.401  22.629 0.1000000015
29233  -37.879  17.830  21.608 0.1000000015
36166  -35.534  16.255  23.004 0.1000000015
29230  -36.495  16.162  22.499 0.1000000015
29232  -37.209  17.024  22.072 0.1000000015
5945  -38.503  16.642  21.725 0.1000000015
16772  -40.928  16.984  21.019 0.1000000015
29231  -37.860  15.831  22.190 0.1000000015
16771  -40.012  16.180  21.505 0.1000000015
11349  -38.495  14.513  22.396 0.1000000015
8637  -35.144  14.772  23.407 0.1000000015
