#!ascii label  , from subject fsaverage6 vox2ras=TkReg 
927
33354  -52.247  20.054  19.198 0.6000000238
23960  -53.944  19.029  18.651 0.6000000238
23961  -54.379  18.858  17.326 0.5000000000
23962  -54.113  18.680  16.116 0.5000000000
23963  -53.460  18.548  14.948 0.4000000060
30957  -52.382  18.273  13.983 0.4000000060
6685  -50.729  18.798  12.863 0.4000000060
30960  -49.301  18.191  12.275 0.2000000030
4900  -47.917  17.343  11.352 0.2000000030
12581  -46.823  16.605  10.088 0.2000000030
23958  -52.990  19.102  19.536 0.6000000238
10751  -54.131  19.931  17.771 0.6999999881
7639  -50.998  19.703  19.423 0.6000000238
3070  -53.349  20.098  18.648 0.6999999881
16783  -51.412  20.778  18.559 0.6000000238
3072  -54.336  19.688  16.525 0.6000000238
23964  -54.000  19.579  15.229 0.5000000000
3073  -53.192  19.484  14.209 0.4000000060
30959  -49.757  17.097  12.183 0.3000000119
30958  -51.075  17.774  13.123 0.3000000119
27252  -48.605  16.326  10.940 0.2000000030
33355  -52.672  20.936  18.260 0.6999999881
14981  -52.058  19.206  13.445 0.4000000060
10750  -53.721  20.880  17.643 0.6999999881
10752  -54.322  20.645  16.793 0.6000000238
23965  -53.834  20.346  14.213 0.5000000000
14980  -52.954  20.191  13.361 0.4000000060
10753  -54.327  20.429  15.512 0.6000000238
3074  -54.215  21.130  14.241 0.6999999881
14982  -51.809  20.054  12.824 0.5000000000
30961  -48.891  19.227  11.983 0.3000000119
14983  -50.407  19.718  12.390 0.4000000060
4902  -45.720  16.021  8.809 0.2000000030
12580  -47.428  18.420  11.337 0.4000000060
12582  -46.209  17.613  10.334 0.2000000030
27292  -51.399  23.514  6.796 0.8000000119
33356  -53.049  21.687  17.296 0.6999999881
10754  -54.273  21.288  15.539 0.8000000119
37934  -53.810  22.317  15.148 0.8999999762
1154  -52.609  20.868  12.402 0.5000000000
23966  -53.611  21.007  13.149 0.5000000000
37935  -54.096  22.077  14.089 0.8999999762
37936  -53.938  21.888  12.848 0.8999999762
6686  -50.012  20.439  11.651 0.6000000238
14984  -51.412  20.726  11.942 0.6000000238
37940  -52.227  21.492  11.195 0.6999999881
37937  -53.269  21.720  11.866 0.6999999881
20521  -53.847  22.914  12.485 0.8999999762
20520  -53.501  23.953  12.102 0.8999999762
9231  -53.599  22.531  11.276 0.8999999762
30962  -48.491  19.994  11.232 0.5000000000
37941  -50.993  21.279  10.659 0.6999999881
20522  -53.582  23.496  10.878 0.8999999762
524  -47.053  19.329  10.684 0.4000000060
37943  -48.136  20.674  9.967 0.6000000238
37952  -46.758  20.111  9.646 0.3000000119
9233  -49.020  21.385  8.876 0.6999999881
20527  -49.941  21.941  8.019 0.6999999881
20525  -51.325  22.182  8.259 0.8000000119
2223  -50.730  22.670  7.373 0.8000000119
37946  -50.116  23.418  6.860 0.8000000119
120  -53.876  21.510  16.586 0.8999999762
37906  -52.222  22.731  16.718 0.8000000119
37907  -53.163  22.589  16.139 0.8999999762
37933  -53.169  23.425  14.734 0.8999999762
9221  -52.422  23.634  15.554 0.8999999762
9230  -53.682  23.244  13.648 0.8999999762
9232  -51.821  21.871  9.711 0.8000000119
37939  -52.916  22.227  10.413 0.8000000119
37938  -53.245  22.987  9.709 0.8000000119
20526  -50.524  21.629  9.180 0.8000000119
20497  -51.355  24.566  15.140 0.8000000119
37932  -52.301  24.452  14.197 0.8999999762
20519  -53.060  24.307  13.232 0.8999999762
20518  -52.859  24.895  11.747 0.8999999762
27289  -53.216  23.963  9.276 0.8000000119
2222  -53.237  24.531  10.504 0.8999999762
37942  -49.545  21.014  10.256 0.6999999881
4921  -52.792  23.389  8.302 0.8000000119
20524  -52.430  22.551  8.834 0.8000000119
27288  -52.888  24.933  8.943 0.8000000119
37945  -50.643  24.262  6.262 0.8000000119
9229  -52.158  25.134  12.737 0.8999999762
37929  -50.705  26.431  10.497 1.0000000000
4919  -51.662  26.287  9.599 1.0000000000
27285  -50.492  27.211  9.192 1.0000000000
20516  -52.545  25.377  10.045 1.0000000000
27290  -52.787  24.383  7.927 0.8000000119
20523  -51.958  22.925  7.598 0.8000000119
4920  -52.535  25.492  7.619 0.8000000119
27291  -52.351  23.897  7.151 0.8000000119
12601  -52.424  24.932  6.813 0.8000000119
4922  -51.746  24.483  6.397 0.8000000119
2219  -50.233  25.112  14.469 0.8000000119
37931  -51.236  25.198  13.644 0.8999999762
37930  -51.012  25.782  12.050 0.8999999762
20517  -51.908  25.729  11.126 0.8999999762
20514  -48.099  27.026  10.661 0.8999999762
20515  -49.357  27.283  9.930 1.0000000000
20513  -47.807  28.304  9.737 0.8999999762
27287  -52.287  25.957  8.586 1.0000000000
2221  -49.249  28.433  9.060 1.0000000000
12600  -52.306  26.192  6.728 0.8000000119
37944  -51.147  25.232  5.864 0.8000000119
30985  -51.497  26.593  5.684 0.8000000119
37928  -49.984  25.739  12.765 0.8000000119
9228  -49.669  26.366  11.220 0.8999999762
20511  -47.752  29.730  9.344 0.8000000119
27284  -50.528  28.295  8.274 1.0000000000
27286  -51.530  27.052  8.290 1.0000000000
12599  -52.100  26.753  7.486 0.8999999762
20509  -49.236  29.837  8.676 1.0000000000
4918  -51.491  28.034  7.532 1.0000000000
12602  -51.970  25.714  6.158 0.8000000119
27283  -50.573  29.495  7.807 1.0000000000
12597  -51.512  29.081  6.963 1.0000000000
12598  -52.032  27.628  6.832 1.0000000000
526  -52.048  27.063  6.122 0.8999999762
30986  -51.104  27.380  5.323 0.8999999762
9226  -46.317  30.851  9.707 0.8000000119
20510  -48.038  31.111  9.142 0.8999999762
4917  -49.532  31.031  8.238 1.0000000000
12596  -51.994  28.414  6.183 0.8999999762
30984  -51.830  27.798  5.607 0.8999999762
37920  -48.316  32.033  8.662 0.8999999762
27281  -49.761  31.788  7.648 1.0000000000
27282  -50.779  30.510  7.271 1.0000000000
27280  -50.885  31.177  6.386 1.0000000000
4916  -51.618  29.839  6.305 1.0000000000
30983  -51.863  29.067  5.504 1.0000000000
6696  -51.516  28.519  4.964 1.0000000000
15001  -50.616  28.062  4.729 0.8999999762
20508  -48.653  32.672  7.842 0.8999999762
1159  -50.002  32.345  6.563 1.0000000000
30982  -51.571  30.349  5.400 1.0000000000
14999  -51.612  29.618  4.578 1.0000000000
15002  -50.141  28.550  3.770 0.8000000119
30981  -50.988  31.525  5.263 1.0000000000
6695  -51.432  30.601  4.276 1.0000000000
15000  -51.143  28.963  4.048 1.0000000000
14998  -51.400  29.852  3.464 1.0000000000
1160  -50.789  29.227  3.011 1.0000000000
23977  -49.518  28.761  2.733 0.8999999762
20536  -44.928  20.260  8.499 0.5000000000
9236  -46.229  20.710  8.629 0.5000000000
37951  -47.620  21.095  8.774 0.6000000238
20539  -41.906  20.434  9.091 0.3000000119
27298  -43.798  21.977  8.307 0.3000000119
37956  -43.154  20.796  8.662 0.4000000060
2224  -45.076  22.265  7.957 0.5000000000
20535  -45.558  21.393  8.037 0.6000000238
20534  -46.961  21.678  7.895 0.6000000238
37950  -48.411  21.814  7.863 0.6999999881
27301  -40.452  22.386  9.313 0.2000000030
20538  -41.254  21.445  9.264 0.2000000030
4926  -42.501  21.704  8.746 0.2000000030
20533  -46.459  22.514  7.649 0.6000000238
9235  -47.877  22.611  7.455 0.6999999881
37949  -49.308  22.627  7.365 0.6999999881
4927  -40.831  23.436  8.417 0.1000000015
27300  -41.727  22.624  8.702 0.2000000030
27299  -43.059  22.868  8.167 0.3000000119
4925  -43.568  23.903  7.547 0.5000000000
7640  -51.940  21.701  17.690 0.6000000238
27297  -44.373  23.083  7.764 0.6000000238
20531  -45.750  23.324  7.504 0.6000000238
37948  -48.659  23.403  7.002 0.6999999881
11353  -45.610  20.266  19.035 0.2000000030
25045  -47.170  20.210  18.883 0.2000000030
25046  -47.779  21.340  18.288 0.3000000119
16780  -48.668  20.302  18.784 0.3000000119
16781  -49.645  19.393  19.610 0.5000000000
16782  -50.056  20.536  18.615 0.5000000000
16784  -50.564  21.705  17.821 0.5000000000
37905  -51.030  22.822  17.193 0.6000000238
12608  -40.111  24.132  8.163 0.2000000030
12607  -41.270  24.387  7.532 0.3000000119
12606  -42.181  23.656  7.898 0.3000000119
27296  -45.002  24.052  7.272 0.6000000238
20532  -47.205  23.406  7.273 0.6000000238
37900  -46.761  22.457  18.435 0.1000000015
9219  -47.179  23.713  18.344 0.2000000030
11354  -44.674  21.153  18.879 0.1000000015
37899  -45.133  22.344  18.710 0.1000000015
264  -43.093  21.159  19.149 0.1000000015
11352  -44.066  20.272  19.239 0.1000000015
25039  -41.725  17.745  20.558 0.1000000015
11351  -43.302  19.396  19.603 0.1000000015
25040  -42.507  18.547  20.013 0.2000000030
20496  -51.337  23.787  16.331 0.6000000238
1628  -49.219  21.487  18.094 0.3000000119
9220  -50.036  23.803  17.091 0.5000000000
25044  -46.594  19.208  19.502 0.2000000030
3673  -48.182  19.194  19.568 0.3000000119
12605  -42.801  24.642  7.167 0.5000000000
12604  -44.242  24.819  6.914 0.6000000238
4924  -46.398  24.123  6.985 0.6000000238
37903  -48.664  23.832  17.834 0.3000000119
20494  -48.900  24.397  16.788 0.4000000060
37898  -43.603  22.303  18.891 0.1000000015
3674  -46.244  21.236  18.612 0.2000000030
37901  -48.254  22.691  18.092 0.2000000030
25041  -44.235  18.333  19.997 0.2000000030
3672  -44.993  19.312  19.503 0.2000000030
37904  -49.688  22.810  17.695 0.4000000060
527  -42.144  25.490  6.778 0.4000000060
4923  -44.786  25.626  6.224 0.6000000238
27295  -45.598  24.856  6.694 0.6000000238
37947  -47.854  24.197  6.673 0.6000000238
30992  -45.576  26.454  5.621 0.6000000238
27294  -47.138  24.920  6.334 0.6000000238
20530  -48.607  25.015  5.979 0.6000000238
9234  -49.293  24.168  6.358 0.6000000238
15006  -44.813  27.179  5.025 0.4000000060
27293  -46.286  25.741  6.013 0.6000000238
15005  -45.530  27.830  3.995 0.5000000000
6699  -46.292  27.221  4.838 0.5000000000
23979  -47.796  29.023  1.493 0.6000000238
3081  -48.002  28.494  2.808 0.6000000238
15004  -47.090  27.931  3.929 0.6000000238
30990  -47.805  27.567  4.803 0.5000000000
30989  -48.678  28.246  3.781 0.6000000238
10761  -49.100  29.521  0.320 0.6999999881
23978  -49.140  29.042  1.565 0.6999999881
3080  -50.269  29.814  0.468 0.6999999881
23976  -50.370  29.420  1.843 0.8000000119
23975  -51.018  30.268  0.906 0.6999999881
20491  -45.693  23.601  18.541 0.1000000015
9218  -44.137  23.426  18.617 0.1000000015
37889  -42.126  22.385  19.053 0.1000000015
20495  -50.245  24.496  15.985 0.8000000119
1161  -47.769  25.874  5.744 0.6000000238
20529  -49.926  25.079  5.831 0.6000000238
30991  -47.051  26.630  5.478 0.5000000000
20528  -49.275  26.119  5.695 0.6999999881
6697  -50.546  26.215  5.590 0.6999999881
30988  -48.579  26.984  5.442 0.5000000000
20492  -46.052  24.438  17.879 0.1000000015
37902  -47.479  24.462  17.453 0.4000000060
37897  -42.703  23.375  18.700 0.1000000015
30987  -49.965  27.212  5.417 0.8000000119
6698  -49.316  27.875  4.747 0.6000000238
23980  -46.295  29.156  1.655 0.4000000060
3082  -47.478  29.554  0.412 0.4000000060
10760  -49.976  30.181  -0.721 0.5000000000
20490  -44.651  24.330  18.191 0.1000000015
20489  -43.255  24.349  18.278 0.1000000015
37924  -44.696  28.969  10.704 0.5000000000
9227  -46.413  27.887  10.459 0.6999999881
37926  -46.778  26.611  11.361 0.6000000238
37927  -48.497  26.102  11.980 0.8999999762
20512  -46.207  29.444  9.941 0.6999999881
37923  -44.642  30.463  10.218 0.6000000238
37922  -44.761  31.777  9.680 0.5000000000
37921  -46.561  31.980  9.269 0.6999999881
10763  -46.858  29.980  -0.296 0.4000000060
10762  -48.566  29.966  -0.770 0.5000000000
121  -49.430  30.745  -1.785 0.5000000000
14996  -51.163  30.047  2.297 0.8999999762
30980  -50.948  31.521  3.961 0.8999999762
10759  -50.847  30.701  -0.359 0.6999999881
37896  -41.904  24.427  18.518 0.1000000015
37915  -41.274  29.504  11.525 0.4000000060
9224  -42.996  29.983  10.813 0.4000000060
20504  -41.042  30.953  10.624 0.3000000119
20505  -42.885  31.429  10.039 0.4000000060
20503  -41.199  32.195  9.515 0.4000000060
14997  -51.284  30.674  3.015 0.8000000119
10764  -47.926  30.463  -1.580 0.5000000000
9217  -42.224  25.250  17.959 0.1000000015
2218  -44.811  24.978  17.112 0.2000000030
27271  -46.167  24.823  16.639 0.2000000030
20488  -43.547  25.172  17.582 0.2000000030
20493  -48.968  24.880  15.217 0.8000000119
27274  -48.810  25.455  13.516 0.8999999762
4912  -47.121  25.772  12.633 0.6999999881
6691  -39.739  29.195  12.458 0.4000000060
525  -43.509  27.265  12.006 0.4000000060
37925  -44.963  27.505  11.256 0.5000000000
37916  -43.164  28.540  11.343 0.4000000060
37914  -39.496  30.570  11.539 0.3000000119
2220  -43.105  32.450  9.086 0.5000000000
37919  -45.028  32.581  8.861 0.5000000000
3079  -51.197  30.864  1.575 0.8000000119
23974  -51.060  31.283  0.211 0.8000000119
30979  -50.876  31.556  2.481 0.8000000119
30978  -50.094  32.462  5.228 0.8999999762
10758  -50.434  31.236  -1.536 0.5000000000
33386  -49.083  31.222  -2.540 0.5000000000
4911  -47.554  24.747  15.993 0.5000000000
27279  -43.573  33.062  8.253 0.5000000000
3078  -50.751  31.765  -1.055 0.6000000238
20486  -43.345  25.593  16.542 0.1000000015
27270  -44.611  25.261  15.871 0.3000000119
20537  -44.391  21.108  8.315 0.5000000000
12609  -40.716  25.142  7.253 0.2000000030
12603  -43.501  25.597  6.467 0.6000000238
15003  -46.550  28.426  2.887 0.6000000238
23982  -45.811  29.618  0.927 0.4000000060
9215  -41.381  23.557  18.962 0.1000000015
33338  -47.662  13.602  22.359 0.1000000015
263  -49.166  14.207  21.732 0.1000000015
30942  -50.303  15.109  21.883 0.2000000030
30943  -50.500  14.762  20.594 0.2000000030
7634  -46.225  13.375  22.867 0.1000000015
16767  -43.693  12.557  22.823 0.1000000015
16768  -45.421  12.609  22.390 0.1000000015
33337  -46.859  12.872  21.756 0.1000000015
37836  -50.424  14.476  18.907 0.2000000030
16766  -42.912  11.782  22.318 0.1000000015
7633  -44.533  11.853  21.858 0.1000000015
16764  -41.597  10.078  21.128 0.1000000015
33333  -42.237  10.952  21.697 0.1000000015
7632  -42.888  10.330  20.575 0.1000000015
33348  -49.905  15.648  22.631 0.1000000015
6678  -51.273  16.055  21.656 0.2000000030
30944  -51.572  15.578  20.662 0.2000000030
14971  -52.491  16.433  20.369 0.2000000030
33346  -47.051  14.345  23.090 0.1000000015
33347  -48.711  14.542  22.716 0.1000000015
30945  -52.550  15.773  19.059 0.2000000030
16769  -44.545  13.519  23.215 0.1000000015
33345  -45.363  14.414  23.179 0.1000000015
1626  -42.979  13.790  23.015 0.1000000015
4892  -49.204  13.791  18.524 0.2000000030
7636  -44.732  15.386  22.453 0.1000000015
16776  -46.416  15.317  22.859 0.1000000015
7637  -48.160  15.443  22.968 0.1000000015
33349  -50.790  16.742  21.939 0.1000000015
6680  -53.435  16.424  18.776 0.2000000030
33344  -43.838  14.646  22.915 0.1000000015
6679  -51.528  15.161  19.085 0.2000000030
20438  -52.428  15.124  17.268 0.2000000030
37837  -50.128  14.019  17.074 0.2000000030
30946  -53.401  15.644  17.298 0.2000000030
1150  -52.670  18.125  20.284 0.4000000060
14972  -53.188  17.277  19.899 0.3000000119
16779  -48.516  17.244  21.526 0.2000000030
33350  -51.410  17.807  21.061 0.2000000030
30947  -53.958  17.134  18.453 0.3000000119
33343  -43.241  15.522  21.960 0.2000000030
16777  -47.581  16.319  22.347 0.2000000030
16778  -49.254  16.446  22.446 0.2000000030
14970  -52.061  17.056  21.052 0.4000000060
30948  -54.032  16.183  17.150 0.2000000030
30949  -53.949  15.391  15.558 0.2000000030
27239  -53.740  14.648  13.735 0.2000000030
30950  -54.066  15.217  13.781 0.1000000015
33353  -51.816  18.938  20.127 0.4000000060
33351  -49.144  18.349  20.583 0.3000000119
23959  -53.691  18.125  19.274 0.4000000060
16774  -44.227  16.351  21.378 0.2000000030
3071  -54.251  17.971  17.982 0.4000000060
16775  -45.802  16.297  21.910 0.2000000030
1627  -46.818  17.158  21.202 0.3000000119
14974  -54.233  16.936  16.955 0.3000000119
5945  -38.503  16.642  21.725 0.1000000015
16772  -40.928  16.984  21.019 0.1000000015
7635  -41.643  15.841  21.550 0.1000000015
33342  -42.570  16.606  21.102 0.2000000030
16773  -45.100  17.201  20.776 0.2000000030
14973  -54.233  17.781  16.640 0.3000000119
14975  -54.022  16.720  15.489 0.2000000030
6681  -54.175  16.005  15.571 0.2000000030
14979  -52.850  17.340  14.208 0.2000000030
1152  -53.767  17.598  15.360 0.2000000030
14976  -53.923  15.816  13.846 0.2000000030
6684  -51.685  16.835  13.090 0.2000000030
14977  -53.414  16.470  14.029 0.2000000030
14978  -52.451  16.185  12.619 0.2000000030
6682  -53.188  15.705  12.200 0.2000000030
33352  -50.523  18.621  20.518 0.3000000119
25043  -47.572  18.178  20.375 0.3000000119
25042  -45.921  18.244  20.094 0.2000000030
3671  -43.371  17.431  20.531 0.1000000015
30956  -50.490  16.247  11.690 0.2000000030
37953  -45.492  19.528  9.317 0.4000000060
27273  -47.421  25.093  14.284 0.5000000000
30994  -42.866  26.437  5.922 0.4000000060
6701  -40.857  26.814  5.875 0.3000000119
30996  -42.183  27.031  5.450 0.4000000060
30993  -44.182  26.443  5.739 0.4000000060
15008  -42.929  27.845  4.404 0.3000000119
6700  -43.534  27.266  5.080 0.3000000119
15010  -43.606  29.889  0.743 0.3000000119
23983  -45.194  29.955  0.223 0.3000000119
3084  -46.189  30.323  -1.069 0.3000000119
23984  -44.605  30.227  -0.466 0.3000000119
30997  -41.554  27.678  4.845 0.3000000119
15007  -44.244  27.950  4.102 0.3000000119
6702  -42.380  28.451  3.694 0.3000000119
31000  -41.830  28.967  3.072 0.3000000119
15009  -43.791  28.612  3.259 0.3000000119
1162  -45.140  28.639  2.907 0.3000000119
15011  -42.670  29.517  1.934 0.3000000119
30999  -43.221  29.114  2.573 0.3000000119
3083  -44.208  29.616  1.423 0.3000000119
23981  -44.784  29.232  2.095 0.3000000119
9249  -45.428  31.215  -2.244 0.2000000030
37990  -45.746  30.721  -1.706 0.3000000119
37989  -47.409  30.888  -2.247 0.3000000119
30998  -40.946  28.214  4.238 0.3000000119
20566  -47.010  31.399  -2.735 0.3000000119
37993  -43.931  31.085  -1.752 0.2000000030
20567  -46.764  31.970  -3.368 0.2000000030
33385  -50.078  31.844  -2.468 0.4000000060
7652  -48.661  31.763  -3.128 0.3000000119
33384  -50.472  32.421  -2.127 0.4000000060
33387  -49.794  32.304  -3.164 0.3000000119
7651  -50.247  33.131  -2.878 0.3000000119
6694  -50.093  32.248  3.588 0.6999999881
23973  -50.821  31.873  0.989 0.6999999881
23972  -50.544  32.373  -0.448 0.6999999881
33383  -50.325  33.066  -1.634 0.6000000238
16806  -50.195  33.922  -2.357 0.6000000238
33388  -49.387  32.767  -3.862 0.3000000119
14994  -48.813  32.838  3.035 0.6999999881
14995  -50.003  32.373  1.937 0.6999999881
1158  -49.748  32.956  0.373 0.6999999881
37992  -45.257  31.720  -2.942 0.2000000030
27316  -46.538  32.498  -4.211 0.2000000030
1634  -47.839  32.800  -4.525 0.2000000030
20565  -48.250  32.314  -3.739 0.2000000030
16808  -49.965  33.613  -3.647 0.3000000119
9225  -46.930  32.601  8.435 0.6000000238
14993  -48.641  33.292  1.372 0.6999999881
33379  -48.660  34.233  -0.030 0.6999999881
33382  -49.704  33.748  -0.882 0.6999999881
16807  -49.936  34.435  -3.257 0.4000000060
20507  -47.413  33.158  7.531 0.6000000238
20506  -48.920  32.992  6.563 0.6999999881
16801  -46.365  36.053  0.848 0.6999999881
33377  -46.182  34.913  2.046 0.6999999881
33378  -47.493  34.422  0.868 0.6999999881
7649  -47.605  35.716  -0.095 0.6999999881
4936  -45.132  32.383  -3.716 0.2000000030
33380  -47.733  36.746  -0.721 0.6999999881
33381  -48.809  35.284  -0.966 0.6999999881
16804  -48.735  36.182  -1.595 0.6999999881
7650  -49.645  34.752  -1.700 0.6999999881
27318  -44.908  32.951  -4.702 0.2000000030
16805  -49.548  35.311  -2.473 0.6000000238
27317  -46.186  33.047  -4.983 0.2000000030
33389  -48.912  33.133  -4.588 0.2000000030
7653  -49.613  33.763  -4.460 0.4000000060
16809  -49.668  34.656  -4.081 0.4000000060
6693  -47.531  33.483  6.108 0.6000000238
6692  -47.354  33.650  2.450 0.6999999881
16803  -48.459  36.323  -2.520 0.6000000238
27315  -47.517  33.260  -5.340 0.2000000030
30977  -48.828  32.906  4.858 0.6000000238
12595  -44.664  34.403  6.128 0.5000000000
37917  -45.945  33.557  6.912 0.6000000238
30975  -46.232  34.152  5.396 0.6000000238
30976  -47.474  33.471  4.337 0.6999999881
266  -45.066  35.225  4.781 0.5000000000
30974  -46.248  34.416  3.763 0.6999999881
12593  -43.709  35.619  5.391 0.5000000000
16802  -46.456  37.285  0.179 0.6999999881
1633  -49.203  35.486  -3.437 0.5000000000
12616  -45.955  33.395  -5.992 0.2000000030
33390  -49.287  34.726  -4.838 0.3000000119
33364  -39.236  37.086  5.514 0.4000000060
33365  -40.928  36.840  5.094 0.4000000060
33366  -42.601  36.726  4.704 0.4000000060
16791  -41.432  37.684  4.040 0.5000000000
4913  -42.032  35.801  5.752 0.5000000000
33375  -44.309  37.223  3.053 0.6000000238
7648  -45.274  36.564  1.995 0.6000000238
33367  -44.095  36.510  4.191 0.5000000000
33376  -45.232  35.789  3.312 0.6999999881
3681  -47.518  37.120  -1.683 0.6000000238
4935  -47.182  33.583  -6.251 0.3000000119
33392  -48.453  33.544  -5.426 0.3000000119
33391  -49.100  34.023  -5.227 0.4000000060
7645  -42.944  37.649  3.625 0.5000000000
16800  -45.346  37.630  1.137 0.6000000238
25057  -46.370  37.829  -0.788 0.6999999881
25061  -48.912  35.623  -4.304 0.4000000060
16811  -48.835  34.985  -5.720 0.4000000060
33393  -48.160  33.983  -6.363 0.3000000119
7654  -48.680  34.420  -6.122 0.4000000060
33336  -46.031  12.229  21.211 0.1000000015
33334  -43.733  11.159  21.225 0.1000000015
25034  -40.849  10.877  22.103 0.1000000015
7638  -50.039  17.508  21.541 0.3000000119
33341  -42.333  14.782  22.453 0.1000000015
16770  -39.248  17.413  21.220 0.1000000015
16771  -40.012  16.180  21.505 0.1000000015
743  -40.044  18.084  20.716 0.1000000015
6703  -41.269  29.377  2.536 0.3000000119
4937  -44.849  33.324  -5.781 0.2000000030
7644  -39.886  37.922  4.468 0.4000000060
37955  -43.149  18.553  8.661 0.1000000015
27260  -43.612  17.597  8.788 0.1000000015
4904  -44.739  17.984  9.469 0.1000000015
12583  -45.117  16.978  9.291 0.1000000015
27259  -44.080  16.637  8.570 0.1000000015
37958  -41.946  18.201  8.621 0.1000000015
27254  -47.520  15.691  9.419 0.1000000015
27255  -46.420  15.301  8.053 0.1000000015
37880  -38.637  16.546  8.617 0.1000000015
37879  -39.026  15.842  7.856 0.1000000015
9212  -39.842  16.886  8.166 0.1000000015
37959  -40.652  17.947  8.682 0.1000000015
20473  -40.269  16.257  7.368 0.1000000015
27253  -48.252  15.058  8.602 0.1000000015
20462  -49.127  14.764  7.704 0.1000000015
30951  -53.711  15.211  12.000 0.1000000015
37960  -39.344  17.675  8.982 0.1000000015
9238  -41.335  19.125  9.065 0.1000000015
30954  -52.153  15.370  10.427 0.1000000015
30953  -51.947  14.796  8.231 0.1000000015
1153  -49.330  15.591  10.191 0.1000000015
20460  -50.232  15.204  9.413 0.1000000015
30952  -52.860  15.048  10.113 0.1000000015
37954  -44.289  18.990  9.013 0.1000000015
37957  -42.555  19.517  8.763 0.2000000030
30955  -51.326  15.680  10.991 0.1000000015
20541  -40.072  18.862  9.320 0.1000000015
9237  -43.732  19.895  8.513 0.2000000030
6683  -51.098  14.975  8.611 0.1000000015
12584  -45.763  18.591  10.030 0.1000000015
20540  -40.674  20.149  9.426 0.1000000015
9239  -38.833  18.554  9.732 0.1000000015
20542  -39.499  19.820  9.951 0.1000000015
4915  -44.108  33.554  7.268 0.4000000060
37918  -45.521  33.008  7.900 0.4000000060
27278  -42.272  33.664  7.708 0.4000000060
12594  -43.054  34.577  6.582 0.4000000060
20501  -41.641  33.046  8.572 0.4000000060
4914  -40.268  33.719  8.179 0.4000000060
27277  -41.100  34.740  6.956 0.4000000060
27276  -39.237  34.751  7.419 0.4000000060
27275  -40.211  35.897  6.181 0.4000000060
16799  -44.293  38.029  2.087 0.4000000060
20502  -39.685  32.720  9.226 0.3000000119
37911  -38.443  33.528  8.804 0.4000000060
1632  -45.205  38.514  0.134 0.4000000060
9223  -39.419  31.739  10.365 0.2000000030
37912  -37.983  32.419  10.064 0.2000000030
20500  -37.507  34.755  8.004 0.4000000060
16798  -44.232  38.871  1.021 0.4000000060
14992  -38.176  30.203  12.642 0.2000000030
37913  -37.890  31.353  11.446 0.2000000030
9222  -36.767  33.338  9.632 0.2000000030
1630  -38.390  35.968  6.657 0.3000000119
33374  -43.178  38.352  2.591 0.4000000060
30973  -41.522  28.172  12.249 0.3000000119
14988  -36.065  31.200  14.208 0.2000000030
1157  -36.691  31.109  12.718 0.2000000030
23971  -35.432  32.083  12.663 0.2000000030
37910  -36.457  32.225  11.211 0.2000000030
16792  -41.728  38.511  3.023 0.4000000060
14991  -38.603  29.160  13.654 0.3000000119
30972  -40.089  28.086  13.307 0.3000000119
12588  -41.897  27.119  13.042 0.3000000119
12592  -45.357  26.356  12.168 0.5000000000
23970  -35.237  32.341  14.218 0.2000000030
3077  -34.646  33.412  12.329 0.2000000030
37909  -35.430  33.307  10.771 0.2000000030
20499  -35.961  34.754  8.893 0.2000000030
33361  -37.662  37.336  6.143 0.3000000119
12590  -43.834  26.254  13.074 0.3000000119
12591  -45.740  25.533  13.490 0.3000000119
4908  -40.566  27.162  14.231 0.3000000119
10757  -34.387  34.981  12.028 0.2000000030
37908  -34.839  34.840  10.302 0.2000000030
33358  -34.725  36.433  9.905 0.2000000030
7642  -35.536  36.239  8.360 0.2000000030
20498  -36.811  36.149  7.351 0.3000000119
7643  -37.193  38.839  5.973 0.3000000119
33363  -38.398  38.383  5.101 0.3000000119
16790  -40.318  38.744  3.569 0.3000000119
33373  -41.830  39.207  2.155 0.3000000119
7647  -43.133  39.218  1.695 0.3000000119
10755  -34.859  35.360  13.760 0.2000000030
10756  -34.926  33.781  14.026 0.2000000030
33359  -35.328  37.674  8.179 0.2000000030
33360  -36.325  37.547  6.985 0.2000000030
16787  -37.354  40.331  6.323 0.2000000030
33362  -37.954  39.815  5.125 0.2000000030
3676  -38.703  40.762  4.385 0.3000000119
16788  -39.468  40.036  3.386 0.2000000030
16789  -38.958  39.229  4.205 0.3000000119
1631  -40.601  39.489  2.658 0.3000000119
27272  -45.991  25.020  15.108 0.2000000030
35072  -34.886  37.983  11.492 0.2000000030
35045  -35.051  36.766  13.513 0.2000000030
58  -34.581  36.634  11.770 0.2000000030
33357  -34.836  37.883  9.883 0.2000000030
7641  -35.667  39.193  8.544 0.2000000030
16786  -36.345  39.079  7.172 0.2000000030
25048  -38.204  41.270  5.629 0.2000000030
35071  -35.490  38.204  13.142 0.2000000030
8258  -35.497  39.325  11.456 0.2000000030
35073  -35.396  39.227  9.934 0.2000000030
25049  -39.085  42.173  4.886 0.2000000030
25050  -39.350  41.555  3.629 0.2000000030
25051  -39.734  40.706  2.571 0.2000000030
3675  -39.691  43.390  5.458 0.2000000030
35075  -37.555  41.816  7.932 0.2000000030
16785  -36.849  40.569  7.642 0.2000000030
18157  -36.206  40.629  11.544 0.2000000030
35077  -38.145  42.869  8.152 0.2000000030
35078  -38.474  42.732  7.118 0.2000000030
35079  -39.250  43.569  6.466 0.2000000030
1629  -37.806  41.611  6.834 0.2000000030
25047  -38.748  42.543  6.167 0.2000000030
8260  -38.799  43.732  7.300 0.2000000030
18163  -39.354  44.488  6.640 0.2000000030
2225  -40.006  21.122  9.790 0.1000000015
14990  -37.271  30.260  13.978 0.2000000030
29237  -39.271  19.142  20.597 0.1000000015
25038  -40.904  18.801  20.271 0.1000000015
3670  -41.659  19.486  19.841 0.1000000015
37976  -36.362  24.850  9.042 0.1000000015
2226  -37.122  24.183  9.278 0.1000000015
20549  -35.997  23.724  10.041 0.1000000015
27305  -38.307  24.517  8.503 0.1000000015
4929  -39.520  24.869  7.839 0.1000000015
27304  -38.990  23.812  8.872 0.1000000015
37973  -37.585  25.225  8.230 0.1000000015
9244  -35.648  25.542  8.734 0.1000000015
37972  -38.881  25.561  7.527 0.1000000015
27269  -42.876  25.801  15.390 0.2000000030
12589  -42.397  26.225  14.181 0.2000000030
20556  -34.493  25.173  9.566 0.1000000015
20555  -34.988  26.260  8.427 0.1000000015
20554  -36.198  26.630  7.583 0.1000000015
37975  -36.879  25.936  7.917 0.1000000015
9243  -38.199  26.248  7.209 0.1000000015
37971  -40.164  25.844  6.903 0.1000000015
37974  -37.481  26.910  6.839 0.1000000015
20551  -39.543  26.507  6.502 0.1000000015
30995  -41.518  26.176  6.371 0.3000000119
27268  -41.193  26.607  15.250 0.2000000030
37983  -32.496  27.264  8.404 0.1000000015
27311  -33.680  27.627  7.581 0.1000000015
20553  -35.515  27.258  7.200 0.1000000015
27267  -40.451  27.269  16.381 0.1000000015
27266  -39.744  27.721  15.509 0.1000000015
20561  -31.962  27.936  7.874 0.1000000015
9247  -30.833  27.382  8.483 0.1000000015
2227  -34.289  26.947  7.998 0.1000000015
27309  -36.199  28.098  5.943 0.1000000015
27307  -38.265  27.750  5.561 0.2000000030
20550  -40.226  27.379  5.357 0.2000000030
1163  -39.597  27.958  4.839 0.2000000030
37893  -41.138  26.843  17.295 0.2000000030
30971  -39.174  28.302  14.616 0.2000000030
4933  -33.080  28.329  7.098 0.1000000015
27312  -34.326  28.519  6.293 0.1000000015
20560  -32.559  29.042  6.536 0.2000000030
27313  -33.810  29.210  5.752 0.2000000030
27310  -34.865  27.887  6.785 0.1000000015
4931  -36.863  27.576  6.315 0.1000000015
4932  -35.578  28.651  5.479 0.2000000030
27308  -37.571  28.270  5.121 0.2000000030
27306  -38.993  28.438  4.345 0.2000000030
30970  -38.877  29.076  16.099 0.1000000015
6690  -38.024  29.601  15.122 0.1000000015
27314  -33.344  29.986  5.147 0.2000000030
12613  -35.049  29.316  4.935 0.2000000030
12611  -36.924  28.745  4.654 0.2000000030
4930  -38.415  28.871  3.826 0.2000000030
31001  -40.384  28.686  3.651 0.2000000030
30969  -38.388  30.384  16.555 0.1000000015
14989  -37.075  30.717  15.548 0.1000000015
4934  -34.635  30.067  4.341 0.2000000030
12612  -36.396  29.297  4.155 0.2000000030
12614  -35.971  30.019  3.590 0.2000000030
528  -37.455  29.918  2.808 0.2000000030
12610  -37.922  29.315  3.373 0.2000000030
31002  -39.805  29.044  3.184 0.2000000030
31003  -39.359  29.380  2.696 0.2000000030
31004  -38.932  29.849  2.127 0.2000000030
6704  -40.356  29.877  1.495 0.2000000030
15013  -40.758  29.603  2.034 0.2000000030
15014  -41.728  29.992  0.824 0.2000000030
15012  -42.156  29.759  1.343 0.2000000030
1164  -43.061  30.133  0.150 0.2000000030
14985  -40.394  32.711  18.707 0.1000000015
14987  -39.034  32.080  17.849 0.1000000015
35039  -40.085  33.687  18.829 0.1000000015
35040  -40.544  34.941  19.467 0.1000000015
18131  -39.129  35.435  18.674 0.1000000015
4123  -40.151  35.709  19.297 0.1000000015
25855  -39.567  36.490  19.251 0.1000000015
4124  -39.277  37.569  19.337 0.1000000015
30968  -37.841  31.383  16.868 0.1000000015
23968  -37.419  32.417  16.974 0.1000000015
1155  -38.787  33.094  17.967 0.1000000015
35042  -38.480  34.176  17.972 0.1000000015
18130  -38.686  36.314  18.571 0.1000000015
25856  -38.265  37.394  18.460 0.1000000015
11804  -40.160  37.849  20.193 0.1000000015
23969  -35.955  32.917  15.749 0.1000000015
23967  -37.214  33.612  16.934 0.1000000015
3076  -36.338  31.747  15.687 0.1000000015
37997  -38.592  30.589  1.371 0.2000000030
37996  -39.985  30.449  0.764 0.1000000015
8248  -38.145  35.160  17.910 0.1000000015
18132  -37.798  36.186  17.763 0.1000000015
35065  -37.982  38.649  18.224 0.1000000015
35043  -37.016  34.795  16.866 0.1000000015
38005  -38.388  31.423  0.559 0.1000000015
9251  -39.746  31.239  -0.084 0.1000000015
37995  -41.345  30.398  0.087 0.1000000015
37994  -42.687  30.497  -0.474 0.2000000030
35044  -35.809  35.697  15.345 0.1000000015
3075  -35.823  34.342  15.583 0.1000000015
18133  -36.822  36.024  16.806 0.1000000015
8249  -35.907  37.059  15.125 0.1000000015
35070  -36.096  38.346  14.667 0.1000000015
35068  -36.667  39.558  15.484 0.1000000015
18156  -35.833  39.467  13.056 0.1000000015
18155  -36.263  40.678  12.893 0.1000000015
18154  -36.233  40.738  14.102 0.1000000015
4131  -36.114  41.852  13.926 0.1000000015
37991  -44.172  30.609  -1.144 0.1000000015
18146  -36.871  43.509  16.259 0.1000000015
25866  -36.275  43.226  15.102 0.1000000015
25868  -36.014  42.975  13.889 0.1000000015
18153  -36.247  41.755  12.687 0.1000000015
25869  -36.169  42.825  12.666 0.1000000015
18159  -36.794  41.710  10.277 0.1000000015
1880  -36.439  41.695  11.410 0.1000000015
25870  -36.517  42.782  11.421 0.1000000015
35074  -36.357  40.565  8.823 0.1000000015
25871  -37.066  42.744  10.253 0.1000000015
25872  -37.137  43.755  10.361 0.1000000015
9250  -42.512  31.081  -1.235 0.1000000015
4129  -36.728  44.623  16.282 0.1000000015
25865  -36.247  44.408  15.155 0.1000000015
25863  -36.709  45.815  16.234 0.1000000015
25862  -36.639  47.065  15.486 0.1000000015
25864  -36.416  45.684  15.320 0.1000000015
11809  -36.236  45.539  14.194 0.1000000015
4130  -35.987  44.283  13.971 0.1000000015
11811  -36.147  44.075  12.762 0.1000000015
4132  -36.510  43.889  11.545 0.1000000015
11813  -37.243  44.886  10.733 0.1000000015
18158  -36.216  40.515  10.121 0.1000000015
8259  -37.217  41.788  9.111 0.1000000015
35076  -37.681  42.851  9.283 0.1000000015
4134  -37.980  45.976  9.894 0.1000000015
20571  -41.170  31.074  -0.721 0.1000000015
20572  -41.089  31.906  -1.641 0.1000000015
20570  -42.429  31.788  -2.095 0.1000000015
4128  -36.696  46.997  14.587 0.1000000015
11810  -36.335  45.406  13.002 0.1000000015
11812  -36.683  45.246  11.867 0.1000000015
11814  -37.582  46.357  11.201 0.1000000015
35083  -38.474  47.430  8.898 0.1000000015
18160  -38.321  44.709  8.399 0.1000000015
25873  -37.866  44.712  9.489 0.1000000015
25874  -38.233  45.752  8.639 0.1000000015
2229  -42.371  32.446  -3.017 0.1000000015
27319  -43.721  32.917  -4.381 0.1000000015
20568  -43.794  32.412  -3.341 0.1000000015
20569  -43.852  31.774  -2.448 0.1000000015
25059  -47.134  37.067  -2.676 0.3000000119
25060  -48.164  36.417  -3.534 0.4000000060
3682  -46.819  36.928  -3.730 0.3000000119
11363  -46.382  36.755  -4.642 0.3000000119
25062  -47.807  36.415  -4.432 0.3000000119
25063  -47.407  36.309  -5.402 0.3000000119
3683  -48.528  35.723  -5.145 0.3000000119
394  -37.094  46.753  12.329 0.1000000015
35082  -38.365  47.766  10.217 0.1000000015
18161  -38.279  43.854  8.254 0.1000000015
1881  -38.561  45.654  7.634 0.1000000015
35084  -38.523  47.157  7.756 0.1000000015
16795  -39.420  40.434  -0.044 0.1000000015
38003  -41.003  32.588  -2.554 0.1000000015
3679  -42.029  38.898  -0.710 0.1000000015
16796  -43.704  38.791  -0.319 0.2000000030
25055  -43.139  38.442  -1.434 0.2000000030
25056  -44.815  38.358  -1.067 0.2000000030
25058  -46.024  37.755  -1.881 0.4000000060
25054  -41.435  38.815  -1.829 0.1000000015
3680  -44.419  38.060  -2.169 0.2000000030
11359  -42.694  38.420  -2.447 0.1000000015
11360  -44.121  37.871  -3.201 0.2000000030
11361  -45.641  37.489  -2.938 0.3000000119
11362  -45.325  37.252  -3.945 0.3000000119
33394  -47.847  34.200  -7.256 0.2000000030
16812  -48.483  35.305  -6.671 0.3000000119
8262  -38.595  48.857  7.948 0.1000000015
18162  -38.812  44.614  7.457 0.1000000015
18164  -39.095  45.654  6.730 0.1000000015
35087  -38.843  47.069  6.677 0.1000000015
11356  -39.925  42.929  3.936 0.1000000015
33369  -39.614  41.317  1.550 0.1000000015
33371  -41.013  39.564  0.086 0.1000000015
16797  -42.695  39.286  0.468 0.2000000030
25053  -40.356  39.450  -1.042 0.1000000015
37999  -43.721  33.340  -5.490 0.1000000015
267  -43.759  37.625  -4.450 0.3000000119
11364  -44.883  37.098  -5.048 0.3000000119
3684  -45.962  36.671  -5.697 0.3000000119
35086  -38.784  48.523  6.878 0.1000000015
35080  -39.977  44.408  5.713 0.1000000015
8261  -39.973  45.546  5.731 0.1000000015
35088  -39.626  46.845  5.628 0.1000000015
8263  -39.387  48.338  5.804 0.1000000015
3677  -39.650  42.206  2.644 0.1000000015
33368  -39.290  42.758  1.750 0.1000000015
33370  -40.548  40.127  1.748 0.2000000030
16794  -38.980  41.554  0.826 0.1000000015
7646  -40.049  40.373  0.781 0.1000000015
33372  -41.562  39.752  1.122 0.2000000030
16793  -38.390  41.897  -0.002 0.1000000015
746  -38.766  40.737  -1.234 0.1000000015
25052  -39.673  39.756  -2.260 0.1000000015
3678  -40.928  39.023  -2.947 0.1000000015
11358  -42.317  38.382  -3.648 0.1000000015
20574  -43.668  33.576  -6.610 0.1000000015
37998  -44.889  33.632  -6.889 0.1000000015
12617  -45.974  33.732  -7.139 0.1000000015
16810  -48.152  35.836  -6.112 0.3000000119
12615  -47.006  33.839  -7.304 0.1000000015
16813  -48.436  34.727  -7.096 0.3000000119
33395  -47.832  34.333  -8.371 0.1000000015
7655  -48.215  34.858  -8.175 0.3000000119
18167  -38.236  50.272  7.952 0.1000000015
35085  -38.517  49.886  6.962 0.1000000015
11355  -40.400  44.124  4.383 0.1000000015
35081  -40.538  45.206  4.624 0.1000000015
11357  -39.984  43.544  2.890 0.1000000015
265  -40.288  44.806  3.296 0.1000000015
5950  -38.669  43.064  1.047 0.1000000015
29248  -38.318  41.213  -2.509 0.1000000015
29249  -39.400  40.140  -3.448 0.1000000015
29250  -40.687  39.230  -4.232 0.1000000015
29251  -42.135  38.250  -5.034 0.1000000015
29252  -43.332  37.603  -5.713 0.2000000030
33396  -44.504  37.160  -6.330 0.2000000030
25064  -46.989  36.364  -6.426 0.3000000119
268  -47.174  34.058  -8.466 0.1000000015
1635  -47.772  36.021  -7.067 0.3000000119
18169  -39.134  49.657  5.909 0.1000000015
35089  -40.296  46.460  4.605 0.1000000015
18170  -39.806  49.365  4.884 0.1000000015
29242  -39.454  44.089  2.072 0.1000000015
29244  -38.114  43.559  0.268 0.1000000015
29245  -37.849  42.426  -1.142 0.1000000015
31006  -46.239  33.865  -8.436 0.1000000015
33397  -45.617  36.865  -6.983 0.2000000030
33398  -46.725  36.560  -7.659 0.3000000119
16814  -48.255  35.502  -7.679 0.3000000119
18171  -40.055  47.910  4.648 0.1000000015
35090  -40.311  45.917  3.519 0.1000000015
8264  -40.218  47.209  3.679 0.1000000015
29241  -39.777  45.302  2.512 0.1000000015
29243  -38.801  44.528  1.407 0.1000000015
13756  -38.346  45.187  0.554 0.1000000015
5951  -37.806  44.273  -0.733 0.1000000015
29247  -37.625  43.147  -2.317 0.1000000015
5952  -38.324  41.892  -3.786 0.1000000015
13761  -39.414  40.683  -4.764 0.1000000015
29253  -41.812  38.773  -6.409 0.1000000015
5954  -43.028  37.964  -7.145 0.2000000030
16816  -44.281  37.462  -7.857 0.2000000030
33401  -47.580  36.154  -8.314 0.2000000030
33402  -48.116  35.670  -8.889 0.3000000119
35091  -39.889  46.614  2.689 0.1000000015
5949  -39.231  45.969  1.744 0.1000000015
33400  -46.499  36.725  -9.079 0.2000000030
7656  -45.383  37.126  -8.486 0.2000000030
7657  -47.424  36.193  -9.598 0.2000000030
4136  -38.448  50.538  5.692 0.1000000015
16821  -48.061  35.637  -10.145 0.1000000015
7658  -48.277  35.112  -10.517 0.1000000015
16819  -46.249  36.715  -10.487 0.1000000015
16820  -47.218  36.202  -10.974 0.1000000015
16822  -47.937  35.736  -11.357 0.1000000015
16818  -45.925  37.161  -11.889 0.1000000015
20557  -33.790  25.866  9.216 0.1000000015
20552  -38.898  27.145  6.064 0.2000000030
1156  -39.702  28.673  16.872 0.1000000015
20562  -31.375  28.587  7.267 0.2000000030
35041  -39.594  34.595  18.835 0.1000000015
11803  -40.413  36.758  20.005 0.1000000015
8257  -36.290  39.539  14.354 0.1000000015
35067  -36.550  40.779  15.180 0.1000000015
25867  -36.260  42.022  15.064 0.1000000015
18145  -37.127  46.054  17.118 0.1000000015
4133  -37.806  43.834  9.264 0.1000000015
11808  -36.798  46.919  13.474 0.1000000015
18173  -40.014  48.109  2.766 0.1000000015
4909  -41.804  26.282  16.265 0.1000000015
4910  -44.225  25.518  14.486 0.1000000015
9216  -40.665  27.614  18.410 0.1000000015
20485  -40.409  28.183  17.592 0.1000000015
12571  -48.122  13.398  19.581 0.1000000015
27236  -47.198  12.673  18.956 0.1000000015
12570  -48.082  13.411  21.153 0.1000000015
12572  -49.292  14.013  20.205 0.1000000015
4891  -47.277  12.153  17.525 0.1000000015
37831  -46.582  10.255  15.561 0.1000000015
27237  -48.091  13.149  18.028 0.1000000015
20434  -47.351  11.406  16.019 0.1000000015
20433  -48.066  12.436  16.323 0.1000000015
27238  -49.062  13.313  16.709 0.1000000015
9196  -47.281  10.406  14.446 0.1000000015
20435  -48.056  11.516  14.737 0.1000000015
20439  -51.297  14.654  17.253 0.1000000015
20440  -52.176  14.347  15.412 0.1000000015
20436  -47.929  10.600  13.142 0.1000000015
20437  -48.701  11.562  13.298 0.1000000015
37841  -49.502  12.336  13.543 0.1000000015
37840  -50.516  13.027  13.617 0.1000000015
37839  -51.719  13.620  13.619 0.1000000015
27240  -52.861  14.133  13.653 0.1000000015
2211  -48.861  12.430  15.012 0.1000000015
37838  -49.814  13.265  15.278 0.1000000015
9198  -50.962  13.901  15.345 0.1000000015
1151  -53.223  14.858  15.485 0.1000000015
2228  -32.097  29.772  5.892 0.1000000015
38008  -34.317  30.832  3.729 0.1000000015
33399  -45.102  37.253  -9.971 0.1000000015
16815  -42.921  38.646  -8.625 0.1000000015
748  -42.920  39.521  -9.892 0.1000000015
25066  -43.948  38.613  -10.777 0.1000000015
16817  -44.013  37.870  -9.427 0.1000000015
