#!ascii label  , from subject fsaverage6 vox2ras=TkReg 
1121
6533  -5.447  -40.458  71.075 0.3333329856
36944  -5.557  -39.889  69.790 0.3333329856
238  -7.409  -39.013  71.010 0.3333329856
12327  -6.560  -39.545  69.561 0.4444440007
12325  -7.621  -39.118  68.937 0.4444440007
12326  -6.495  -38.836  67.618 0.5555559993
16523  -9.446  -38.192  67.592 0.5555559993
7520  -9.274  -37.840  65.667 0.7777780294
36947  -3.584  -39.083  68.124 0.3333329856
8900  -4.074  -39.019  68.450 0.4444440007
19699  -4.674  -40.271  69.630 0.4444440007
36945  -4.741  -38.940  68.492 0.4444440007
4647  -5.566  -38.868  68.157 0.4444440007
33025  -8.367  -38.236  66.275 0.7777780294
16521  -10.132  -37.340  65.107 0.5555559993
16520  -11.242  -37.131  66.403 0.5555559993
19702  -3.419  -37.255  67.741 0.2222220004
4645  -7.465  -38.588  66.950 0.6666669846
26793  -6.498  -37.371  66.467 0.6666669846
26791  -7.305  -37.356  65.635 0.6666669846
33024  -8.092  -37.205  64.932 0.7777780294
3588  -10.982  -36.844  64.521 0.5555559993
24889  -11.920  -36.382  63.884 0.5555559993
11267  -13.820  -35.671  64.584 0.3333329856
33022  -9.850  -36.447  63.534 0.7777780294
24888  -10.720  -36.054  62.854 0.7777780294
3587  -12.774  -35.980  63.284 0.5555559993
24887  -11.649  -35.673  62.149 0.6666669846
8149  -14.573  -35.211  62.498 0.4444440007
34752  -13.674  -35.585  62.852 0.7777780294
19701  -3.117  -37.248  67.052 0.1111110002
36946  -4.441  -37.107  68.195 0.3333329856
36948  -3.864  -37.116  68.151 0.2222220004
26794  -5.766  -37.238  67.320 0.6666669846
33023  -8.968  -36.842  64.216 0.7777780294
34760  -15.464  -34.776  62.184 0.5555559993
34751  -12.566  -35.496  61.804 0.7777780294
17895  -13.496  -35.214  61.362 0.6666669846
17896  -14.408  -34.921  60.986 0.6666669846
8151  -16.374  -34.284  61.908 0.5555559993
34759  -15.360  -34.580  60.683 0.6666669846
19703  -3.342  -35.406  67.704 0.2222220004
8901  -3.797  -35.413  68.301 0.2222220004
26795  -5.071  -37.129  67.923 0.6666669846
26801  -3.019  -35.402  65.746 0.1111110002
33021  -8.131  -35.672  64.118 0.7777780294
7519  -8.910  -35.475  63.248 0.7777780294
1577  -10.547  -34.951  61.713 0.7777780294
8148  -12.375  -34.695  60.575 0.8888890147
17894  -13.275  -34.510  60.091 0.7777780294
34758  -16.285  -34.193  60.397 0.6666669846
1841  -14.231  -34.284  59.591 0.7777780294
36949  -4.363  -35.427  68.545 0.3333329856
2112  -3.018  -35.414  66.804 0.2222220004
2111  -5.050  -35.362  68.442 0.4444440007
26792  -6.814  -35.751  66.042 0.6666669846
1578  -7.438  -35.814  65.026 0.7777780294
19690  -7.992  -34.231  64.940 0.4444440007
16519  -9.711  -35.206  62.471 0.7777780294
34750  -11.448  -34.822  61.113 0.8888890147
34756  -15.212  -34.076  59.289 0.6666669846
8150  -16.205  -33.793  58.941 0.6666669846
7518  -8.702  -32.769  65.197 0.2222220004
33018  -9.641  -31.223  65.615 0.1111110002
33020  -8.526  -34.138  63.858 0.7777780294
33019  -9.230  -32.636  64.010 0.5555559993
16518  -9.193  -33.949  62.814 0.5555559993
34746  -10.314  -32.449  61.834 0.6666669846
34747  -10.614  -33.727  61.074 0.8888890147
17893  -12.308  -33.626  59.703 0.7777780294
34755  -15.098  -33.234  58.123 0.6666669846
17899  -17.188  -33.457  58.658 0.6666669846
870  -18.195  -33.123  58.414 0.6666669846
17898  -16.107  -33.057  57.705 0.7777780294
17897  -17.130  -32.818  57.300 0.7777780294
34745  -10.550  -31.227  63.184 0.1111110002
8147  -10.939  -32.431  60.880 0.4444440007
34749  -11.421  -33.669  60.345 0.8888890147
17892  -13.190  -33.535  59.129 0.8888890147
25714  -14.128  -33.398  58.578 0.8888890147
34754  -15.169  -32.090  57.327 0.8888890147
29761  -18.126  -32.575  56.969 0.6666669846
14128  -20.077  -32.194  56.421 0.6666669846
17891  -11.569  -31.195  60.988 0.4444440007
17890  -10.986  -31.263  62.060 0.4444440007
25711  -12.185  -31.199  59.976 0.5555559993
34748  -11.662  -32.438  59.983 0.5555559993
4045  -12.515  -32.388  59.194 0.6666669846
25713  -13.325  -32.402  58.520 0.6666669846
11725  -13.654  -31.083  58.318 0.6666669846
4046  -14.235  -32.206  57.876 0.7777780294
6172  -16.139  -32.030  56.803 0.7777780294
29760  -17.108  -31.875  56.317 0.7777780294
29762  -19.037  -31.719  55.598 0.6666669846
2790  -19.965  -31.491  55.151 0.6666669846
14127  -20.980  -31.955  56.127 0.7777780294
23429  -21.918  -31.719  56.018 0.6666669846
23431  -22.937  -31.336  55.581 0.6666669846
8146  -11.462  -30.014  63.763 0.1111110002
17888  -12.442  -28.733  64.609 0.1111110002
17889  -11.918  -30.031  62.562 0.1111110002
1840  -12.389  -30.031  61.395 0.4444440007
25712  -12.912  -31.140  59.116 0.4444440007
11726  -14.495  -30.985  57.568 0.7777780294
29759  -16.292  -30.775  56.281 0.7777780294
6173  -18.066  -31.790  55.946 0.7777780294
23452  -19.024  -30.638  54.720 0.8888890147
23453  -19.922  -30.591  54.251 0.8888890147
23454  -20.879  -31.460  54.848 0.7777780294
23438  -39.564  -28.012  53.903 0.2222220004
10470  -20.819  -30.484  53.755 0.7777780294
10458  -22.800  -30.863  54.050 0.7777780294
10457  -21.713  -30.464  53.381 0.7777780294
23437  -38.297  -28.416  52.522 0.3333329856
23435  -35.782  -29.282  51.097 0.5555559993
23434  -35.766  -28.893  49.883 0.4444440007
17887  -12.886  -28.747  63.341 0.1111110002
25710  -12.895  -29.989  60.330 0.3333329856
17885  -13.347  -28.716  62.096 0.3333329856
4044  -13.548  -29.919  59.320 0.4444440007
11724  -14.195  -29.835  58.454 0.5555559993
29758  -15.416  -30.851  56.911 0.7777780294
14126  -18.127  -30.617  55.210 0.8888890147
23439  -40.754  -27.500  55.247 0.1111110002
2789  -20.023  -29.410  53.663 0.8888890147
10469  -20.883  -29.444  53.025 0.8888890147
2782  -39.403  -27.753  52.376 0.3333329856
23440  -40.688  -27.249  53.816 0.3333329856
10459  -22.695  -30.123  52.764 0.8888890147
10461  -38.143  -28.126  51.074 0.3333329856
23436  -36.945  -28.713  51.085 0.3333329856
10462  -39.220  -27.473  50.962 0.3333329856
2780  -36.940  -28.372  49.846 0.4444440007
32245  -35.770  -28.466  48.764 0.5555559993
32241  -33.406  -29.152  48.740 0.8888890147
32243  -33.573  -28.530  47.953 0.8888890147
25709  -13.826  -28.690  60.972 0.4444440007
11722  -14.963  -28.543  58.950 0.3333329856
11720  -15.682  -28.390  58.020 0.3333329856
29757  -15.778  -29.685  56.844 0.7777780294
14125  -17.213  -30.702  55.721 0.7777780294
869  -18.348  -29.479  54.892 0.8888890147
47  -21.758  -29.455  52.518 0.8888890147
34636  -23.686  -29.855  52.361 0.6666669846
17802  -25.651  -29.516  51.629 0.6666669846
17800  -24.751  -28.806  50.989 0.8888890147
25657  -26.748  -29.025  50.273 0.6666669846
10463  -40.457  -27.022  52.231 0.2222220004
4015  -27.702  -29.147  49.961 0.8888890147
10460  -38.065  -27.791  49.743 0.3333329856
32227  -26.988  -28.283  49.586 0.8888890147
32228  -28.007  -28.610  49.357 0.8888890147
32237  -29.310  -27.904  48.737 0.7777780294
32246  -36.890  -28.032  48.645 0.5555559993
7230  -30.168  -28.091  48.362 0.8888890147
15903  -31.273  -28.386  48.134 0.8888890147
7231  -32.431  -28.508  48.009 0.8888890147
7232  -34.818  -28.356  47.899 0.7777780294
15904  -31.723  -27.584  47.922 0.8888890147
32242  -32.716  -27.828  47.586 0.8888890147
4043  -14.220  -27.375  63.055 0.1111110002
29756  -16.456  -28.237  57.184 0.3333329856
6171  -16.598  -29.629  56.141 0.5555559993
14124  -17.518  -29.457  55.508 0.6666669846
23451  -19.210  -29.419  54.259 0.7777780294
10468  -20.381  -28.157  53.358 0.7777780294
10467  -21.175  -28.179  52.664 0.7777780294
32219  -22.007  -28.382  52.032 0.8888890147
23441  -41.609  -26.404  53.538 0.1111110002
32220  -22.749  -29.143  51.891 0.8888890147
32221  -22.993  -28.010  51.393 0.8888890147
7224  -23.733  -28.952  51.440 0.8888890147
17801  -24.641  -29.628  52.054 0.8888890147
25658  -26.662  -29.597  51.373 0.7777780294
23416  -42.514  -25.456  53.344 0.2222220004
32222  -23.990  -27.835  50.853 0.8888890147
1452  -25.721  -28.812  50.647 0.8888890147
15899  -30.501  -25.350  50.367 0.6666669846
3381  -31.656  -24.782  51.510 0.3333329856
3382  -33.109  -25.315  49.887 0.3333329856
11063  -33.748  -25.513  49.051 0.4444440007
10450  -40.238  -26.749  50.807 0.2222220004
7227  -28.340  -27.777  48.933 0.7777780294
15900  -30.447  -26.272  48.951 0.7777780294
15898  -31.340  -25.467  49.841 0.3333329856
24519  -32.198  -26.737  47.945 0.6666669846
24521  -33.755  -26.367  47.606 0.6666669846
15907  -34.950  -27.737  47.126 0.8888890147
15865  -35.930  -27.495  46.907 0.8888890147
45  -39.033  -27.170  49.577 0.2222220004
15893  -27.407  -27.417  49.230 0.8888890147
15902  -30.668  -27.323  48.193 0.7777780294
3383  -33.141  -27.005  47.432 0.8888890147
7213  -36.860  -27.593  47.562 0.8888890147
32191  -37.956  -27.485  48.539 0.4444440007
14122  -17.996  -28.200  55.599 0.5555559993
14121  -18.711  -26.904  56.017 0.4444440007
14120  -18.779  -28.145  54.863 0.5555559993
23450  -19.571  -28.217  54.130 0.6666669846
15895  -31.392  -23.847  55.392 0.1111110002
648  -32.191  -23.926  54.684 0.1111110002
32231  -28.948  -24.410  52.915 0.4444440007
15896  -30.186  -24.090  54.227 0.3333329856
15897  -30.991  -24.187  53.780 0.2222220004
23418  -41.841  -25.448  51.413 0.1111110002
7228  -29.887  -24.539  52.555 0.3333329856
24515  -31.882  -24.316  53.025 0.2222220004
2770  -41.388  -26.164  52.031 0.2222220004
32223  -24.985  -27.808  50.381 0.8888890147
32226  -25.986  -27.958  50.004 0.8888890147
32233  -30.753  -24.595  52.175 0.4444440007
11051  -35.150  -24.676  49.115 0.2222220004
10451  -40.774  -26.029  50.266 0.2222220004
24498  -34.867  -25.305  47.767 0.5555559993
3370  -34.308  -25.613  48.154 0.5555559993
32236  -28.847  -26.799  49.029 0.7777780294
7229  -29.682  -25.848  49.758 0.7777780294
24497  -34.932  -26.016  46.581 0.6666669846
1447  -34.911  -27.047  46.568 0.7777780294
10452  -39.612  -26.513  49.077 0.2222220004
15894  -28.073  -26.549  49.478 0.7777780294
15867  -35.485  -26.590  46.230 0.7777780294
15866  -36.468  -27.024  46.469 0.8888890147
32193  -37.482  -27.099  47.111 0.5555559993
6170  -18.012  -26.946  56.853 0.4444440007
2788  -19.445  -26.892  55.165 0.4444440007
23449  -20.206  -26.968  54.317 0.5555559993
5772  -30.450  -23.757  55.783 0.1111110002
2787  -20.945  -26.987  53.418 0.6666669846
2771  -42.103  -24.631  50.781 0.1111110002
7223  -22.444  -27.201  51.907 0.7777780294
32232  -28.745  -24.971  51.355 0.4444440007
15888  -23.412  -27.010  51.288 0.8888890147
7225  -24.391  -26.928  50.734 0.8888890147
32234  -29.717  -25.134  51.000 0.4444440007
32225  -25.461  -26.900  50.250 0.8888890147
2772  -40.048  -25.813  48.539 0.2222220004
7226  -26.448  -26.968  49.736 0.8888890147
15892  -27.124  -26.311  49.908 0.7777780294
32235  -28.786  -25.725  50.104 0.7777780294
32196  -35.206  -25.395  46.367 0.6666669846
23419  -41.046  -25.288  49.646 0.2222220004
7215  -35.843  -26.068  45.822 0.7777780294
7214  -37.888  -26.507  46.576 0.7777780294
32192  -38.470  -26.908  47.959 0.5555559993
34554  -38.888  -26.254  47.422 0.5555559993
32194  -36.734  -26.424  45.966 0.8888890147
23448  -20.287  -25.749  55.683 0.3333329856
11059  -28.186  -23.806  55.190 0.2222220004
32230  -29.146  -23.980  54.535 0.1111110002
32273  -21.680  -25.893  53.864 0.3333329856
15930  -22.388  -25.974  53.008 0.5555559993
3379  -28.096  -24.133  53.588 0.3333329856
32274  -21.669  -27.050  52.666 0.7777780294
15887  -23.083  -26.091  52.214 0.6666669846
24513  -28.036  -24.615  52.013 0.5555559993
15889  -24.087  -25.978  51.582 0.8888890147
1453  -27.926  -25.439  50.558 0.7777780294
15869  -35.045  -24.154  47.114 0.4444440007
15891  -26.123  -26.040  50.358 0.7777780294
15868  -35.261  -23.457  48.443 0.4444440007
7216  -34.667  -23.531  47.064 0.5555559993
14068  -41.110  -24.479  48.993 0.2222220004
25617  -34.345  -23.713  45.762 0.6666669846
32198  -34.881  -24.261  45.908 0.6666669846
32195  -35.862  -25.416  45.443 0.7777780294
34555  -39.016  -25.533  46.786 0.5555559993
23420  -40.094  -25.056  47.890 0.2222220004
25618  -35.051  -24.211  44.950 0.7777780294
1448  -35.557  -24.824  45.113 0.7777780294
17734  -38.009  -25.797  45.955 0.8888890147
17735  -36.676  -25.111  44.975 0.8888890147
32272  -22.011  -24.903  55.581 0.2222220004
7242  -22.596  -25.027  54.562 0.2222220004
15929  -23.376  -25.024  53.748 0.3333329856
1451  -23.902  -25.117  52.835 0.4444440007
24511  -25.784  -24.504  52.917 0.2222220004
11058  -27.090  -23.940  54.192 0.2222220004
24510  -24.939  -25.029  52.185 0.4444440007
3378  -25.931  -25.111  51.502 0.4444440007
24512  -26.788  -24.646  52.323 0.3333329856
15872  -34.556  -21.283  49.310 0.2222220004
1449  -35.174  -22.011  49.555 0.2222220004
15890  -26.893  -25.273  50.984 0.5555559993
15870  -34.855  -22.722  48.406 0.2222220004
32224  -25.164  -25.843  50.981 0.7777780294
15871  -34.222  -22.084  48.058 0.3333329856
32199  -34.106  -22.911  46.920 0.5555559993
3993  -33.478  -22.269  46.639 0.6666669846
852  -40.065  -24.266  47.364 0.2222220004
25619  -33.744  -23.157  45.420 0.7777780294
3994  -34.533  -23.634  44.652 0.7777780294
8082  -37.871  -25.066  45.376 0.8888890147
34558  -37.558  -24.376  44.927 0.7777780294
34556  -38.953  -24.769  46.209 0.7777780294
25620  -33.102  -22.503  45.127 0.7777780294
34557  -36.356  -24.468  44.541 0.8888890147
32208  -34.422  -19.797  50.165 0.2222220004
7217  -33.883  -20.559  49.008 0.2222220004
32200  -33.541  -21.399  47.778 0.4444440007
11674  -32.833  -21.718  46.118 0.7777780294
11673  -32.931  -20.798  47.197 0.5555559993
3995  -32.293  -21.098  45.339 0.7777780294
17737  -35.793  -23.880  44.221 1.0000000000
8083  -37.137  -23.728  44.443 0.8888890147
34560  -38.304  -23.402  45.191 0.8888890147
34564  -31.937  -20.510  44.475 1.0000000000
25621  -32.639  -21.952  44.365 0.8888890147
17736  -33.900  -23.057  44.255 1.0000000000
17738  -35.179  -23.340  43.877 1.0000000000
17739  -36.677  -23.191  43.999 0.8888890147
8084  -36.236  -22.748  43.525 1.0000000000
34561  -37.933  -22.847  44.695 0.8888890147
1818  -33.430  -22.525  43.670 1.0000000000
17740  -34.712  -22.814  43.340 1.0000000000
34562  -37.624  -22.417  44.165 0.8888890147
34568  -33.159  -22.078  42.924 1.0000000000
34569  -34.390  -22.405  42.667 0.8888890147
8086  -33.087  -21.709  42.023 1.0000000000
17747  -34.381  -22.141  41.929 1.0000000000
32201  -33.210  -19.928  48.358 0.5555559993
32209  -33.750  -19.077  49.428 0.3333329856
34565  -32.289  -21.414  43.572 1.0000000000
34570  -35.892  -22.397  42.908 0.8888890147
34571  -37.471  -22.094  43.560 0.8888890147
8087  -35.927  -22.188  42.204 0.8888890147
34572  -37.517  -21.938  42.875 0.7777780294
34567  -32.202  -20.964  42.501 1.0000000000
17749  -36.157  -22.166  41.452 1.0000000000
17746  -33.235  -21.454  41.054 1.0000000000
17748  -34.530  -22.004  41.062 1.0000000000
166  -32.785  -19.292  47.534 0.7777780294
11675  -32.390  -20.185  46.358 0.7777780294
34563  -32.028  -19.638  45.373 0.8888890147
8085  -31.827  -20.058  43.319 1.0000000000
17745  -32.371  -20.661  41.456 1.0000000000
34573  -37.732  -21.943  42.105 1.0000000000
17750  -35.025  -21.991  40.140 1.0000000000
8088  -36.523  -22.211  40.634 0.8888890147
17744  -32.750  -20.440  40.333 1.0000000000
1819  -33.648  -21.320  40.048 1.0000000000
34575  -35.507  -22.047  39.205 1.0000000000
29686  -32.445  -18.720  46.539 0.7777780294
6142  -32.282  -18.135  45.441 0.5555559993
17742  -31.858  -19.146  44.242 1.0000000000
17743  -31.941  -18.721  43.143 0.8888890147
34566  -31.955  -19.732  42.099 1.0000000000
3997  -32.306  -19.481  40.939 0.7777780294
34574  -38.187  -22.021  41.365 0.5555559993
25627  -34.254  -21.329  39.064 1.0000000000
34576  -37.085  -22.365  39.795 0.7777780294
34577  -38.809  -22.218  40.590 0.4444440007
25628  -33.960  -20.366  38.284 0.8888890147
34578  -39.397  -22.439  39.749 0.4444440007
8081  -41.026  -22.125  40.717 0.3333329856
3999  -34.869  -21.338  38.102 1.0000000000
17752  -36.141  -22.145  38.317 1.0000000000
8089  -37.700  -22.523  38.953 0.7777780294
34579  -40.004  -22.585  38.973 0.6666669846
34553  -41.647  -22.318  39.961 0.3333329856
17753  -36.808  -22.246  37.435 0.8888890147
17754  -38.303  -22.619  38.083 0.7777780294
25623  -32.209  -18.448  41.808 0.6666669846
25625  -32.760  -19.295  39.827 0.8888890147
3998  -33.385  -19.279  38.759 0.8888890147
11679  -34.064  -19.230  37.731 0.8888890147
25629  -34.632  -20.336  37.314 1.0000000000
25630  -35.392  -20.304  36.395 1.0000000000
17751  -35.535  -21.404  37.163 1.0000000000
8090  -38.917  -22.553  37.246 0.6666669846
34580  -40.625  -22.614  38.128 0.6666669846
1820  -36.216  -21.347  36.342 1.0000000000
17755  -37.480  -22.187  36.642 1.0000000000
29687  -32.829  -17.266  46.600 0.2222220004
29688  -32.835  -16.808  45.394 0.4444440007
17741  -32.242  -17.778  44.031 0.5555559993
29689  -32.995  -16.491  44.086 0.4444440007
854  -32.472  -17.394  42.898 0.5555559993
25622  -32.818  -17.220  41.754 0.5555559993
25624  -32.622  -18.219  40.615 0.5555559993
11677  -33.175  -18.130  39.554 0.6666669846
11678  -33.815  -18.109  38.469 0.5555559993
4000  -34.739  -19.140  36.877 0.8888890147
25632  -35.467  -19.030  36.058 1.0000000000
17757  -36.937  -21.179  35.622 1.0000000000
34582  -38.903  -21.635  35.223 1.0000000000
34581  -39.728  -22.356  36.517 1.0000000000
29692  -33.300  -16.245  42.918 0.4444440007
6144  -34.392  -15.232  43.012 0.2222220004
29693  -33.736  -16.026  41.786 0.3333329856
29694  -34.303  -15.931  40.758 0.3333329856
3996  -33.285  -16.986  40.657 0.5555559993
370  -34.573  -16.895  38.538 0.3333329856
11680  -34.502  -18.020  37.514 0.5555559993
11681  -35.173  -17.879  36.772 0.7777780294
4001  -36.129  -18.887  35.342 1.0000000000
34584  -36.761  -19.930  34.957 1.0000000000
8091  -37.647  -20.884  34.936 1.0000000000
34583  -38.323  -20.482  34.303 1.0000000000
16383  -39.591  -21.146  34.569 1.0000000000
855  -37.435  -13.736  43.526 0.1111110002
23426  -39.259  -13.340  43.938 0.1111110002
14078  -35.797  -14.382  43.283 0.2222220004
14080  -36.489  -14.341  42.243 0.1111110002
14082  -38.237  -13.744  42.621 0.1111110002
14079  -34.972  -15.086  41.979 0.3333329856
14081  -37.266  -14.308  41.350 0.1111110002
6145  -35.627  -15.022  40.940 0.2222220004
29695  -35.005  -15.868  39.706 0.2222220004
29696  -35.701  -15.762  38.773 0.2222220004
34590  -36.411  -15.672  38.066 0.2222220004
11682  -35.263  -16.806  37.660 0.3333329856
25633  -35.868  -17.728  36.012 0.5555559993
17759  -36.804  -18.572  34.670 0.8888890147
34585  -37.423  -19.583  34.320 1.0000000000
34586  -38.107  -19.044  33.704 1.0000000000
1551  -39.016  -19.947  33.704 0.8888890147
24808  -39.765  -19.153  33.057 0.8888890147
16385  -40.384  -20.477  33.913 1.0000000000
32852  -41.147  -19.706  33.287 0.8888890147
16387  -41.846  -18.838  32.613 0.7777780294
6147  -39.003  -13.863  41.852 0.2222220004
29698  -37.978  -14.384  40.522 0.2222220004
29697  -36.413  -14.983  40.082 0.2222220004
6146  -37.128  -14.984  39.251 0.2222220004
4002  -35.940  -16.633  36.958 0.3333329856
25634  -36.624  -16.392  36.314 0.5555559993
17758  -36.508  -17.419  35.345 0.7777780294
8092  -37.414  -18.029  34.052 0.8888890147
3544  -40.496  -18.262  32.359 0.8888890147
16388  -42.537  -17.962  31.948 0.8888890147
16389  -44.095  -18.334  32.568 0.8888890147
17764  -37.859  -14.875  38.636 0.2222220004
34591  -37.145  -15.532  37.377 0.3333329856
8094  -38.600  -14.674  38.014 0.3333329856
34592  -37.831  -15.247  36.851 0.3333329856
1821  -37.290  -16.021  35.779 0.4444440007
17760  -37.122  -16.945  34.769 0.4444440007
17761  -37.719  -16.394  34.254 0.4444440007
34587  -38.001  -17.452  33.484 0.8888890147
3543  -38.624  -16.752  32.927 0.7777780294
24809  -39.424  -17.576  32.465 0.8888890147
24810  -40.132  -16.677  31.774 0.8888890147
16390  -43.198  -17.185  31.316 0.8888890147
16386  -41.157  -17.339  31.647 0.8888890147
1553  -41.805  -16.595  31.015 0.8888890147
34595  -38.500  -14.861  36.411 0.3333329856
17762  -37.927  -15.521  35.279 0.3333329856
34588  -38.340  -15.805  33.671 0.7777780294
32864  -43.899  -16.500  30.686 0.8888890147
24811  -40.705  -15.802  31.117 0.8888890147
32863  -42.459  -15.849  30.312 0.8888890147
32860  -41.334  -14.997  30.393 0.8888890147
32862  -42.036  -14.318  29.678 0.8888890147
16395  -42.781  -13.683  28.969 0.8888890147
32861  -41.927  -12.760  29.466 0.8888890147
3547  -42.750  -12.214  28.744 0.8888890147
3548  -44.484  -11.433  27.251 0.8888890147
24819  -46.453  -12.314  26.511 0.8888890147
8093  -38.538  -14.913  34.768 0.5555559993
11223  -38.916  -15.059  33.136 0.6666669846
11224  -39.305  -15.917  32.275 0.8888890147
3545  -39.949  -14.997  31.581 0.8888890147
32859  -40.551  -14.191  30.917 0.8888890147
7460  -41.204  -13.427  30.182 0.8888890147
24813  -42.291  -11.290  29.656 0.8888890147
24814  -43.111  -10.748  28.771 0.8888890147
24815  -43.590  -11.748  28.011 0.8888890147
11229  -45.419  -11.240  26.543 0.8888890147
3550  -46.411  -11.083  25.822 0.7777780294
24820  -47.468  -12.148  25.969 0.7777780294
16401  -47.921  -13.204  27.067 0.6666669846
11225  -39.540  -14.207  32.519 0.5555559993
32858  -40.171  -13.380  31.896 0.8888890147
16392  -40.829  -12.596  31.182 0.8888890147
16393  -41.500  -11.878  30.477 0.8888890147
11227  -43.957  -10.380  27.936 0.8888890147
11228  -44.840  -10.099  27.120 0.8888890147
11230  -45.713  -9.897  26.243 0.8888890147
1555  -49.013  -12.927  26.624 0.6666669846
223  -39.691  -13.522  33.814 0.5555559993
29056  -40.323  -12.734  33.191 0.5555559993
5872  -40.954  -11.881  32.578 0.5555559993
16391  -41.623  -11.169  31.897 0.4444440007
704  -42.424  -10.530  30.975 0.6666669846
24812  -43.203  -9.914  30.106 0.6666669846
29063  -44.478  -8.886  30.795 0.4444440007
29064  -45.209  -8.425  29.704 0.5555559993
3546  -43.936  -9.494  29.108 0.8888890147
29065  -45.931  -7.995  28.691 0.5555559993
225  -45.536  -8.778  27.254 0.5555559993
11231  -46.444  -9.789  25.594 0.8888890147
24822  -47.228  -10.990  25.259 0.8888890147
24821  -48.433  -12.052  25.510 0.7777780294
34599  -41.971  -12.097  35.923 0.3333329856
29055  -41.015  -12.306  34.650 0.4444440007
29059  -43.057  -10.076  32.631 0.4444440007
5874  -45.414  -8.695  32.341 0.1111110002
13629  -46.120  -8.056  31.309 0.2222220004
5875  -46.728  -7.547  30.324 0.4444440007
29067  -47.204  -7.137  29.440 0.5555559993
29066  -46.470  -7.720  27.789 0.5555559993
11232  -46.196  -8.608  26.436 0.5555559993
16407  -50.028  -12.748  26.359 0.6666669846
8097  -44.788  -11.100  37.773 0.1111110002
34600  -43.671  -11.350  36.584 0.1111110002
5871  -42.560  -11.471  35.433 0.1111110002
13624  -43.311  -10.711  34.820 0.1111110002
29057  -41.626  -11.550  34.074 0.4444440007
29058  -42.339  -10.778  33.412 0.2222220004
5873  -44.027  -10.026  34.124 0.3333329856
13627  -46.419  -8.687  33.809 0.2222220004
13628  -47.022  -8.033  32.871 0.1111110002
705  -48.789  -7.274  33.390 0.1111110002
29062  -43.805  -9.441  31.734 0.2222220004
13630  -47.735  -7.347  31.922 0.1111110002
13631  -48.247  -6.844  31.111 0.1111110002
29068  -48.754  -6.377  30.367 0.2222220004
5876  -47.691  -6.772  28.561 0.5555559993
24823  -47.183  -9.714  24.910 0.8888890147
3552  -46.824  -8.483  25.660 0.7777780294
32887  -47.596  -7.292  26.045 0.5555559993
32886  -46.985  -7.484  26.929 0.6666669846
16408  -48.013  -9.698  24.255 0.8888890147
3551  -48.082  -10.951  24.752 0.7777780294
16409  -48.983  -10.910  24.271 0.6666669846
32880  -49.383  -11.946  25.132 0.6666669846
7467  -50.975  -12.497  26.001 0.6666669846
34603  -46.524  -10.195  38.461 0.1111110002
34601  -45.432  -10.595  37.243 0.1111110002
13623  -44.337  -10.737  36.059 0.1111110002
13625  -45.033  -10.052  35.369 0.1111110002
29060  -45.708  -9.376  34.640 0.1111110002
2624  -47.432  -8.688  35.172 0.1111110002
29061  -44.746  -9.353  33.269 0.2222220004
13626  -48.126  -7.978  34.286 0.1111110002
13632  -49.331  -6.746  32.630 0.1111110002
29070  -50.995  -5.951  33.417 0.1111110002
16413  -49.228  -5.912  29.512 0.1111110002
29069  -50.345  -5.613  31.264 0.1111110002
16414  -48.244  -6.456  27.651 0.4444440007
1557  -48.204  -8.402  24.096 0.8888890147
32881  -50.348  -11.818  24.717 0.6666669846
34604  -47.131  -9.613  37.929 0.1111110002
23151  -47.683  -9.027  37.312 0.1111110002
23152  -46.752  -9.327  35.938 0.1111110002
23154  -49.136  -7.863  35.659 0.1111110002
23155  -49.836  -7.181  34.775 0.1111110002
23156  -50.417  -6.547  34.097 0.1111110002
5877  -49.878  -6.159  31.935 0.1111110002
16410  -48.826  -9.686  23.621 0.7777780294
2625  -50.914  -6.867  36.180 0.1111110002
7468  -49.874  -10.893  23.764 0.7777780294
30599  -6.352  -39.696  71.329 0.3333329856
33026  -8.574  -38.653  68.180 0.5555559993
24890  -12.090  -36.595  65.830 0.5555559993
11268  -12.960  -36.113  65.237 0.4444440007
26799  -3.204  -39.152  66.537 0.1111110002
26800  -3.040  -37.243  66.067 0.1111110002
19693  -5.702  -35.442  67.989 0.7777780294
26802  -3.186  -37.109  65.036 0.1111110002
16517  -9.869  -33.735  61.925 0.7777780294
7517  -9.802  -32.454  62.861 0.2222220004
29763  -19.115  -32.415  56.723 0.6666669846
2777  -21.819  -31.251  54.582 0.7777780294
11723  -14.371  -28.652  59.922 0.4444440007
378  -14.967  -29.714  57.627 0.5555559993
32244  -34.748  -28.853  48.875 0.6666669846
15908  -35.829  -28.030  47.733 0.7777780294
15906  -33.820  -27.817  47.350 0.8888890147
14123  -17.213  -28.231  56.377 0.4444440007
24520  -32.871  -26.088  48.420 0.3333329856
24517  -32.381  -25.045  50.691 0.3333329856
24518  -32.161  -25.782  49.073 0.4444440007
1454  -31.272  -26.427  48.438 0.8888890147
15905  -34.155  -27.166  46.932 0.7777780294
15901  -29.770  -27.040  48.617 0.8888890147
24514  -33.134  -24.221  53.812 0.1111110002
24496  -34.455  -26.407  46.923 0.6666669846
23447  -21.058  -25.776  54.819 0.4444440007
23417  -42.959  -24.597  52.747 0.1111110002
3371  -35.136  -24.704  47.464 0.5555559993
32197  -35.212  -24.829  46.087 0.6666669846
17733  -36.906  -25.771  45.464 0.8888890147
28824  -29.479  -23.602  56.417 0.1111110002
15928  -23.752  -24.170  55.646 0.3333329856
24509  -24.876  -24.428  53.658 0.3333329856
15927  -24.383  -24.246  54.677 0.4444440007
3377  -26.069  -23.825  54.829 0.2222220004
34559  -38.636  -24.045  45.681 0.7777780294
25626  -33.293  -20.377  39.280 1.0000000000
17756  -38.206  -21.970  35.900 1.0000000000
25631  -36.043  -20.206  35.679 1.0000000000
7455  -40.394  -22.041  35.830 1.0000000000
6143  -33.637  -15.644  45.361 0.2222220004
29691  -33.964  -15.378  44.274 0.2222220004
11676  -33.886  -16.991  39.475 0.4444440007
16384  -41.271  -21.459  35.150 1.0000000000
24807  -38.689  -18.379  33.141 0.8888890147
7458  -43.427  -19.130  33.211 0.8888890147
11226  -44.762  -9.112  28.216 0.6666669846
24824  -47.484  -8.444  24.870 0.8888890147
703  -46.000  -10.000  36.663 0.1111110002
23157  -51.512  -6.282  35.544 0.1111110002
19697  -5.034  -33.822  69.041 0.2222220004
19705  -3.349  -33.722  67.716 0.1111110002
36956  -3.249  -33.659  65.589 0.1111110002
36950  -4.347  -33.806  68.906 0.1111110002
19695  -5.796  -33.824  68.861 0.3333329856
19694  -6.417  -33.943  68.251 0.6666669846
19704  -3.763  -33.763  68.494 0.1111110002
4646  -6.289  -35.585  67.144 0.5555559993
19709  -3.509  -33.647  64.460 0.1111110002
19696  -5.837  -32.396  69.708 0.2222220004
8898  -6.588  -32.422  69.402 0.2222220004
36938  -7.000  -33.988  67.377 0.6666669846
19706  -3.524  -32.063  67.817 0.1111110002
8902  -3.846  -32.170  68.764 0.1111110002
36939  -7.247  -32.410  68.783 0.4444440007
19692  -7.518  -34.167  66.161 0.4444440007
2779  -23.792  -30.542  53.777 0.6666669846
29717  -30.886  -30.241  50.874 0.5555559993
29718  -32.147  -30.265  50.978 0.6666669846
6154  -32.165  -29.787  49.763 0.7777780294
14095  -33.319  -29.630  49.806 0.7777780294
29716  -30.961  -29.884  49.776 0.6666669846
32239  -30.989  -29.139  48.686 0.7777780294
32240  -32.160  -29.161  48.733 0.7777780294
11695  -28.720  -29.451  49.821 0.7777780294
32229  -28.950  -28.747  49.105 0.7777780294
168  -29.819  -29.691  49.726 0.7777780294
32238  -30.000  -28.946  48.874 0.6666669846
14072  -39.765  -23.523  46.740 0.6666669846
6140  -39.390  -22.923  46.126 0.7777780294
24499  -35.386  -24.080  48.663 0.2222220004
32204  -35.644  -21.350  50.913 0.1111110002
32207  -35.024  -20.596  50.606 0.1111110002
32206  -35.525  -19.912  51.914 0.1111110002
7218  -36.017  -20.710  52.181 0.1111110002
29684  -39.054  -22.461  45.559 0.4444440007
15875  -36.569  -20.074  53.611 0.1111110002
32849  -42.138  -22.020  36.720 0.7777780294
7220  -33.916  -17.663  50.002 0.2222220004
32210  -33.294  -18.427  48.681 0.2222220004
15879  -34.427  -18.330  50.824 0.2222220004
7219  -34.992  -19.066  51.472 0.2222220004
32847  -41.308  -22.414  37.433 0.8888890147
7457  -41.995  -20.787  34.481 0.6666669846
32850  -42.925  -21.458  36.032 0.6666669846
32854  -44.400  -19.980  34.749 0.5555559993
32853  -42.763  -19.967  33.876 0.6666669846
1450  -35.312  -16.123  52.850 0.1111110002
15880  -34.494  -16.890  51.383 0.1111110002
29685  -33.028  -17.876  47.825 0.2222220004
32211  -33.601  -17.008  49.057 0.2222220004
15881  -34.267  -16.237  50.421 0.1111110002
32856  -45.883  -18.332  33.568 0.7777780294
7459  -44.843  -17.578  32.023 0.6666669846
32865  -45.630  -16.874  31.499 0.5555559993
32857  -46.659  -17.656  33.030 0.3333329856
17768  -41.741  -13.010  37.832 0.2222220004
17770  -42.376  -12.456  37.530 0.1111110002
8095  -40.074  -13.899  37.072 0.2222220004
17769  -40.752  -13.294  36.712 0.2222220004
34596  -39.184  -14.332  35.935 0.2222220004
34597  -39.820  -13.661  35.531 0.3333329856
34589  -39.134  -14.202  34.247 0.4444440007
34598  -40.429  -13.020  35.096 0.3333329856
7461  -43.246  -15.189  29.605 0.7777780294
16397  -44.679  -15.842  30.051 0.7777780294
17767  -41.061  -13.587  38.192 0.1111110002
17766  -42.818  -12.705  39.066 0.1111110002
1822  -43.484  -12.148  38.683 0.1111110002
8096  -41.404  -12.675  36.394 0.3333329856
17771  -43.025  -11.895  37.102 0.3333329856
16405  -50.720  -13.147  27.700 0.5555559993
16406  -51.693  -12.755  27.475 0.3333329856
34594  -39.361  -14.354  37.490 0.2222220004
34593  -40.225  -14.073  38.603 0.2222220004
32870  -47.502  -14.428  28.706 0.6666669846
16398  -45.614  -15.307  29.523 0.7777780294
16402  -48.493  -14.048  28.371 0.5555559993
16403  -49.588  -13.639  28.085 0.5555559993
16396  -44.014  -14.601  28.999 0.7777780294
1554  -44.910  -14.116  28.422 0.7777780294
24817  -45.870  -13.759  27.926 0.6666669846
16394  -43.623  -13.212  28.350 0.7777780294
24816  -44.565  -12.812  27.708 0.7777780294
3549  -46.876  -13.451  27.473 0.6666669846
24818  -45.480  -12.499  27.083 0.7777780294
32883  -50.814  -10.839  23.326 0.6666669846
16411  -49.637  -9.696  23.042 0.6666669846
12215  -52.240  -9.746  21.429 0.5555559993
36537  -53.175  -9.763  20.969 0.4444440007
19362  -54.033  -9.770  20.491 0.4444440007
36540  -56.608  -10.644  20.755 0.4444440007
7469  -49.702  -8.365  22.611 0.7777780294
32885  -50.474  -8.373  21.945 0.7777780294
12213  -51.393  -9.680  21.931 0.7777780294
30442  -52.089  -8.476  20.703 0.7777780294
8763  -55.671  -10.737  21.233 0.4444440007
32888  -48.205  -7.219  25.158 0.4444440007
16412  -48.930  -8.400  23.326 0.5555559993
226  -51.273  -8.446  21.301 0.6666669846
6466  -52.883  -8.555  20.198 0.7777780294
19361  -53.664  -8.576  19.742 0.6666669846
19363  -54.946  -9.841  20.055 0.4444440007
26595  -55.894  -9.920  19.600 0.4444440007
1034  -54.451  -8.653  19.219 0.4444440007
32891  -48.815  -7.141  24.322 0.5555559993
32893  -50.120  -7.093  22.645 0.5555559993
30444  -52.783  -7.098  19.987 0.7777780294
26594  -55.333  -8.755  18.687 0.4444440007
32890  -49.240  -6.148  25.797 0.3333329856
7471  -49.755  -6.043  24.903 0.4444440007
30445  -53.515  -7.146  19.357 0.7777780294
30448  -54.160  -7.202  18.742 0.5555559993
30450  -55.580  -7.541  17.632 0.5555559993
30449  -54.881  -7.382  18.141 0.5555559993
6468  -54.209  -5.660  18.812 0.6666669846
14619  -54.748  -5.792  18.155 0.5555559993
6469  -55.375  -5.982  17.498 0.5555559993
30453  -55.963  -6.193  16.832 0.4444440007
19385  -57.110  -5.147  15.404 0.2222220004
26608  -57.295  -3.672  15.695 0.3333329856
6467  -53.090  -5.563  20.206 0.7777780294
30447  -53.679  -5.549  19.470 0.6666669846
30454  -56.082  -4.591  17.051 0.3333329856
6471  -56.241  -2.927  18.425 0.3333329856
30455  -56.601  -3.135  17.571 0.2222220004
1036  -56.907  -3.414  16.622 0.2222220004
26607  -57.651  -2.143  17.097 0.1111110002
19383  -56.586  -4.829  16.195 0.2222220004
26609  -57.864  -2.381  16.131 0.1111110002
26610  -58.049  -2.548  15.309 0.1111110002
4545  -58.493  -1.263  15.602 0.1111110002
26612  -58.204  -3.044  13.598 0.1111110002
4546  -57.906  -1.769  13.900 0.1111110002
19394  -57.702  -2.092  13.062 0.1111110002
14620  -55.179  -4.266  18.557 0.3333329856
14621  -55.607  -4.394  17.826 0.3333329856
4543  -58.460  -1.071  17.498 0.1111110002
12225  -59.061  -0.120  16.688 0.1111110002
12092  -59.279  1.141  16.891 0.1111110002
26613  -58.248  -1.439  14.711 0.1111110002
12226  -58.791  -0.177  15.792 0.1111110002
26614  -58.351  -0.195  14.959 0.1111110002
26374  -58.779  2.321  15.378 0.1111110002
19395  -57.494  -0.625  13.229 0.1111110002
19393  -57.834  -0.372  14.149 0.1111110002
26372  -58.437  1.063  14.956 0.1111110002
30458  -57.379  -1.927  18.112 0.1111110002
30459  -58.307  -0.965  18.567 0.1111110002
12223  -59.096  -0.102  17.764 0.1111110002
452  -59.491  1.081  17.842 0.1111110002
2012  -57.989  0.974  14.100 0.1111110002
23432  -23.877  -30.923  55.255 0.3333329856
7470  -48.719  -6.305  26.682 0.4444440007
24500  -35.633  -22.750  49.713 0.2222220004
19707  -3.161  -33.690  66.709 0.1111110002
8903  -3.451  -32.013  66.718 0.1111110002
32851  -43.679  -20.763  35.369 0.5555559993
7462  -46.505  -16.213  31.050 0.4444440007
7463  -48.185  -15.086  30.116 0.5555559993
17765  -39.516  -14.242  39.144 0.1111110002
32884  -50.530  -9.647  22.459 0.6666669846
36538  -54.684  -10.739  21.599 0.4444440007
32892  -49.416  -7.129  23.465 0.6666669846
32894  -50.826  -7.094  21.854 0.6666669846
30443  -52.061  -7.087  20.585 0.7777780294
12224  -58.538  -1.195  16.576 0.1111110002
4412  -58.868  1.094  15.917 0.1111110002
7464  -50.299  -14.083  29.545 0.3333329856
16404  -51.379  -13.505  29.293 0.3333329856
7521  -9.447  -37.983  69.886 0.1111110002
33027  -8.441  -38.451  70.525 0.1111110002
19698  -4.833  -41.140  70.491 0.1111110002
16524  -10.424  -37.505  69.307 0.1111110002
1579  -11.338  -36.990  68.741 0.1111110002
16522  -10.343  -37.669  66.981 0.3333329856
24891  -12.217  -36.496  68.044 0.1111110002
19700  -4.076  -40.548  69.163 0.3333329856
3589  -13.102  -35.941  67.458 0.1111110002
8152  -16.502  -33.902  65.506 0.1111110002
17904  -17.371  -33.274  65.471 0.1111110002
1842  -18.344  -32.770  65.548 0.1111110002
25719  -19.363  -32.329  65.653 0.1111110002
17906  -18.449  -32.294  67.655 0.1111110002
25718  -19.262  -32.662  63.581 0.2222220004
11728  -20.327  -32.269  63.689 0.1111110002
17903  -16.429  -34.175  63.688 0.2222220004
17902  -17.285  -33.641  63.582 0.2222220004
17900  -18.241  -33.141  63.519 0.2222220004
17901  -17.273  -33.788  61.777 0.3333329856
25717  -19.162  -32.918  61.454 0.2222220004
4048  -18.189  -33.302  61.711 0.2222220004
25716  -18.201  -33.346  59.992 0.3333329856
25715  -19.157  -32.967  59.741 0.2222220004
29764  -19.141  -32.815  58.104 0.2222220004
29765  -20.096  -32.610  59.620 0.2222220004
6174  -20.104  -32.525  57.961 0.3333329856
14130  -21.115  -32.235  59.652 0.2222220004
14129  -21.082  -32.209  57.739 0.2222220004
14087  -22.108  -31.851  59.692 0.2222220004
857  -22.050  -31.866  57.720 0.2222220004
29711  -25.124  -30.624  60.551 0.1111110002
14091  -25.017  -30.678  58.547 0.1111110002
23430  -22.995  -31.479  57.313 0.2222220004
29710  -24.040  -31.044  58.971 0.2222220004
14093  -27.250  -30.433  60.069 0.1111110002
29713  -27.413  -30.322  61.956 0.1111110002
6152  -26.172  -30.447  60.346 0.1111110002
14092  -26.026  -30.502  58.309 0.1111110002
2778  -23.963  -31.067  57.046 0.2222220004
11690  -29.876  -30.178  63.440 0.1111110002
29714  -28.575  -30.371  61.838 0.1111110002
14090  -24.948  -30.700  56.747 0.1111110002
14094  -27.105  -30.457  58.244 0.1111110002
8114  -32.820  -31.002  59.187 0.1111110002
14098  -38.389  -28.683  53.905 0.2222220004
14099  -37.207  -29.301  53.958 0.2222220004
34649  -32.609  -30.996  57.359 0.1111110002
34648  -33.864  -30.945  57.313 0.2222220004
17810  -33.637  -30.766  55.591 0.2222220004
29720  -34.820  -30.228  54.021 0.2222220004
29722  -36.035  -29.825  54.039 0.3333329856
8113  -32.412  -30.863  55.586 0.2222220004
861  -34.977  -30.482  55.584 0.2222220004
29721  -35.936  -29.556  52.569 0.3333329856
17808  -33.498  -30.580  53.950 0.2222220004
6156  -34.614  -30.018  52.346 0.3333329856
6153  -28.402  -30.514  59.956 0.1111110002
29715  -29.632  -30.436  61.513 0.1111110002
34643  -29.430  -30.599  59.644 0.1111110002
34644  -30.692  -30.497  61.207 0.1111110002
8112  -30.459  -30.695  59.321 0.1111110002
34642  -28.155  -30.543  57.970 0.1111110002
17807  -30.325  -30.765  57.676 0.1111110002
2781  -37.086  -29.017  52.535 0.2222220004
23433  -24.834  -30.555  55.036 0.3333329856
859  -25.947  -30.504  56.556 0.2222220004
34650  -31.397  -30.907  57.471 0.1111110002
34638  -25.796  -30.331  54.630 0.4444440007
34637  -24.699  -30.233  53.371 0.5555559993
17806  -29.181  -30.647  57.679 0.1111110002
34647  -31.157  -30.850  55.615 0.1111110002
34641  -26.944  -30.413  56.287 0.2222220004
1828  -30.034  -30.727  55.714 0.1111110002
17803  -28.802  -30.481  54.102 0.2222220004
34646  -31.105  -30.743  53.959 0.2222220004
29719  -33.418  -30.353  52.367 0.2222220004
25661  -29.938  -30.635  54.030 0.2222220004
34645  -31.004  -30.570  52.421 0.3333329856
6155  -32.183  -30.558  52.322 0.4444440007
14096  -33.378  -30.037  51.030 0.5555559993
14097  -34.677  -29.697  51.148 0.4444440007
860  -34.682  -29.284  49.934 0.4444440007
29752  -19.669  -25.672  56.687 0.2222220004
8111  -27.951  -30.487  55.941 0.2222220004
34640  -26.814  -30.298  54.452 0.2222220004
8110  -25.735  -30.070  53.135 0.4444440007
17804  -27.809  -30.370  54.305 0.2222220004
25660  -28.688  -30.299  52.480 0.4444440007
11697  -29.749  -30.198  50.973 0.4444440007
34639  -26.691  -30.078  52.819 0.3333329856
4017  -29.774  -30.453  52.427 0.4444440007
14070  -40.977  -23.701  48.425 0.1111110002
14071  -40.676  -23.020  47.780 0.1111110002
29683  -40.376  -22.485  47.126 0.1111110002
25610  -42.467  -21.297  49.297 0.1111110002
3988  -41.407  -21.917  48.189 0.1111110002
29682  -41.603  -22.426  48.853 0.1111110002
11668  -40.214  -21.984  46.555 0.2222220004
369  -38.907  -22.045  44.982 0.5555559993
25611  -42.517  -21.018  48.664 0.1111110002
11669  -41.368  -21.531  47.610 0.1111110002
11672  -38.809  -21.733  44.335 0.4444440007
11670  -40.182  -21.638  45.951 0.3333329856
46  -42.244  -22.358  39.210 0.3333329856
36447  -44.992  -21.526  39.785 0.2222220004
19287  -45.728  -21.156  39.166 0.2222220004
32848  -43.062  -22.096  38.493 0.3333329856
7456  -43.918  -21.669  37.834 0.2222220004
19288  -46.461  -20.644  38.481 0.2222220004
36450  -48.367  -20.219  39.798 0.2222220004
4512  -49.064  -19.477  39.143 0.1111110002
26550  -47.145  -20.047  37.886 0.1111110002
19286  -44.609  -21.156  37.145 0.2222220004
1552  -45.365  -20.468  36.526 0.2222220004
26551  -47.874  -19.250  37.343 0.1111110002
26552  -49.770  -18.631  38.691 0.1111110002
26549  -46.127  -19.746  35.982 0.1111110002
4511  -46.850  -18.945  35.450 0.1111110002
12192  -48.609  -18.433  36.875 0.1111110002
32855  -45.155  -19.128  34.203 0.1111110002
12193  -49.429  -17.587  36.461 0.1111110002
12191  -47.674  -18.143  34.884 0.1111110002
224  -48.580  -17.432  34.417 0.1111110002
30410  -49.494  -16.734  33.982 0.1111110002
32866  -47.534  -16.932  32.602 0.2222220004
32867  -48.410  -16.248  32.233 0.2222220004
32868  -49.161  -15.600  31.781 0.2222220004
16399  -47.296  -15.591  30.568 0.3333329856
32869  -49.997  -14.942  31.366 0.2222220004
16400  -46.457  -14.840  29.055 0.5555559993
32879  -51.989  -12.264  25.709 0.4444440007
32882  -51.320  -11.754  24.400 0.4444440007
1556  -52.968  -12.069  25.349 0.4444440007
26589  -52.309  -11.648  24.023 0.4444440007
4533  -51.732  -10.751  22.855 0.4444440007
4535  -53.737  -10.765  21.994 0.4444440007
16418  -51.034  -5.111  25.722 0.3333329856
30441  -51.473  -7.069  21.194 0.5555559993
16419  -50.310  -5.973  24.015 0.4444440007
32895  -51.449  -5.840  22.316 0.2222220004
6465  -51.982  -5.725  21.574 0.3333329856
14614  -52.533  -5.631  20.889 0.3333329856
34761  -15.539  -34.700  63.955 0.2222220004
34753  -14.703  -35.198  64.225 0.2222220004
34762  -15.657  -34.424  65.838 0.1111110002
237  -14.797  -34.998  66.079 0.1111110002
11696  -28.652  -29.980  50.954 0.4444440007
1817  -39.736  -21.649  42.234 0.4444440007
34757  -17.248  -33.770  60.132 0.3333329856
30600  -6.269  -40.062  72.355 0.2222220004
34651  -31.620  -30.888  59.231 0.1111110002
17809  -32.321  -30.765  54.073 0.2222220004
17805  -28.980  -30.621  55.899 0.2222220004
4016  -27.657  -30.157  52.598 0.3333329856
25659  -27.663  -29.816  51.142 0.5555559993
10625  -44.160  -21.766  40.476 0.1111110002
26591  -53.321  -11.521  23.653 0.4444440007
12214  -52.710  -10.764  22.426 0.4444440007
16420  -51.474  -5.042  24.772 0.2222220004
7472  -50.906  -5.911  23.110 0.3333329856
14615  -53.385  -4.278  21.653 0.3333329856
29117  -15.687  -33.914  67.827 0.1111110002
26797  -3.706  -40.728  68.349 0.1111110002
4649  -3.268  -39.197  67.504 0.1111110002
11269  -13.918  -35.495  66.756 0.1111110002
14102  -39.816  -28.420  56.885 0.1111110002
862  -39.682  -28.251  55.335 0.1111110002
24516  -32.722  -24.567  52.312 0.1111110002
11671  -40.189  -21.379  45.321 0.3333329856
25615  -40.382  -21.211  44.589 0.3333329856
3992  -39.009  -21.569  43.687 0.2222220004
17728  -40.787  -21.212  43.882 0.2222220004
25616  -39.273  -21.563  42.972 0.3333329856
17730  -41.315  -21.264  43.147 0.2222220004
17732  -40.399  -21.869  41.465 0.2222220004
17731  -42.023  -21.460  42.512 0.2222220004
8080  -42.922  -20.859  44.240 0.2222220004
19353  -53.612  -12.005  26.795 0.3333329856
26592  -54.411  -11.412  23.316 0.3333329856
36541  -57.508  -10.919  22.106 0.2222220004
26596  -56.800  -9.874  19.063 0.2222220004
4538  -59.432  -10.229  18.915 0.2222220004
12217  -57.605  -9.849  18.445 0.2222220004
12218  -58.562  -9.913  17.841 0.2222220004
12216  -56.897  -9.005  17.577 0.2222220004
4536  -56.140  -8.856  18.168 0.2222220004
472  -57.689  -9.138  16.917 0.2222220004
12220  -59.506  -9.850  17.127 0.2222220004
30451  -56.282  -7.725  16.983 0.2222220004
12222  -58.644  -9.242  16.226 0.2222220004
12221  -60.443  -9.712  16.423 0.3333329856
30452  -56.989  -7.917  16.347 0.3333329856
4542  -59.630  -9.244  15.467 0.3333329856
36565  -58.804  -8.167  14.874 0.4444440007
36564  -57.862  -8.092  15.593 0.4444440007
19384  -57.397  -6.669  15.326 0.4444440007
36566  -59.668  -8.092  14.171 0.3333329856
8772  -58.178  -6.783  14.617 0.3333329856
36568  -58.978  -6.886  13.935 0.4444440007
6470  -56.656  -6.480  16.046 0.4444440007
36567  -57.687  -5.362  14.641 0.4444440007
36539  -56.504  -11.145  22.550 0.2222220004
26590  -54.098  -11.875  25.114 0.3333329856
8897  -7.823  -32.497  67.743 0.1111110002
29723  -36.203  -30.079  55.566 0.1111110002
3390  -24.921  -23.671  56.688 0.1111110002
15926  -25.018  -23.224  59.720 0.1111110002
24532  -25.606  -23.281  58.786 0.1111110002
24533  -26.159  -23.344  57.797 0.1111110002
32270  -24.413  -23.621  57.650 0.1111110002
24534  -25.407  -23.735  55.660 0.1111110002
11070  -26.628  -23.485  56.784 0.1111110002
11062  -34.048  -24.963  50.382 0.1111110002
3372  -35.736  -23.439  49.947 0.1111110002
11050  -34.584  -25.076  49.492 0.2222220004
25614  -41.621  -20.993  46.340 0.1111110002
3990  -41.422  -21.219  47.002 0.1111110002
25613  -43.194  -20.552  47.523 0.1111110002
3991  -41.928  -20.850  45.667 0.1111110002
34548  -43.496  -20.435  46.783 0.1111110002
17729  -42.334  -20.826  44.938 0.1111110002
34549  -43.958  -20.379  46.132 0.1111110002
34547  -45.693  -19.770  47.355 0.1111110002
1023  -46.327  -19.790  46.743 0.1111110002
34550  -44.619  -20.366  45.528 0.1111110002
6452  -50.394  -16.056  33.514 0.1111110002
23727  -45.223  -20.485  44.887 0.1111110002
34551  -43.597  -21.011  43.621 0.1111110002
2946  -53.961  -13.411  31.847 0.1111110002
32873  -52.102  -13.739  30.797 0.1111110002
23732  -52.919  -14.064  32.166 0.1111110002
32872  -51.027  -14.352  31.094 0.1111110002
32874  -53.130  -13.117  30.500 0.1111110002
32875  -54.167  -12.389  30.124 0.1111110002
32876  -55.163  -11.722  29.879 0.1111110002
36528  -56.080  -11.082  29.527 0.1111110002
36529  -57.078  -10.524  29.096 0.1111110002
32871  -49.249  -14.621  29.801 0.1111110002
8760  -56.303  -10.834  27.628 0.1111110002
19354  -55.380  -11.301  28.050 0.1111110002
7465  -52.436  -12.892  28.964 0.1111110002
32877  -53.418  -12.375  28.728 0.1111110002
7466  -54.371  -11.814  28.383 0.1111110002
36532  -57.200  -10.406  27.022 0.1111110002
8761  -58.095  -10.040  26.438 0.1111110002
32878  -52.650  -12.378  27.124 0.1111110002
19357  -56.796  -11.032  25.711 0.1111110002
19360  -58.722  -10.240  24.732 0.1111110002
19355  -54.641  -11.682  26.527 0.1111110002
36531  -55.716  -11.346  26.119 0.1111110002
19358  -57.742  -10.685  25.235 0.1111110002
36544  -60.982  -8.923  24.570 0.1111110002
19367  -60.596  -9.496  23.348 0.1111110002
36543  -59.754  -9.811  24.123 0.1111110002
19356  -56.162  -11.374  24.380 0.1111110002
4534  -55.064  -11.642  24.722 0.1111110002
2064  -57.240  -11.111  23.943 0.1111110002
36542  -58.224  -10.783  23.417 0.1111110002
19366  -60.055  -10.069  22.197 0.1111110002
2065  -60.787  -9.807  21.349 0.1111110002
8764  -59.207  -10.415  22.906 0.1111110002
19365  -58.437  -10.741  21.583 0.1111110002
19364  -59.371  -10.525  20.919 0.1111110002
26598  -60.176  -10.209  20.139 0.1111110002
26593  -55.475  -11.292  22.939 0.1111110002
4537  -57.609  -10.572  20.218 0.1111110002
26597  -58.482  -10.406  19.561 0.1111110002
16415  -49.683  -5.573  28.608 0.1111110002
32889  -50.109  -5.358  27.592 0.1111110002
16416  -52.106  -4.211  27.733 0.1111110002
1558  -52.527  -4.113  26.803 0.1111110002
16422  -52.902  -3.995  25.777 0.1111110002
32898  -54.397  -2.877  26.719 0.1111110002
16417  -50.551  -5.235  26.621 0.1111110002
14618  -54.709  -4.141  19.286 0.2222220004
14617  -54.266  -4.099  20.019 0.2222220004
19387  -58.388  -5.569  13.975 0.1111110002
19388  -59.017  -5.619  13.240 0.1111110002
1035  -55.627  -2.811  20.090 0.2222220004
4544  -57.729  -3.968  14.881 0.1111110002
19386  -58.187  -4.179  14.171 0.1111110002
2068  -58.561  -4.333  13.401 0.1111110002
30457  -57.137  -1.764  19.145 0.1111110002
19392  -58.847  -4.592  12.608 0.1111110002
19359  -59.116  -9.543  25.919 0.1111110002
8765  -61.741  -8.896  23.768 0.1111110002
25662  -36.396  -30.337  57.145 0.1111110002
24531  -26.939  -23.102  59.924 0.1111110002
11052  -35.493  -24.227  50.312 0.1111110002
24830  -54.083  -3.088  27.687 0.1111110002
14616  -55.274  -2.851  20.878 0.2222220004
14622  -55.941  -2.867  19.264 0.2222220004
8773  -59.692  -6.807  13.233 0.1111110002
29702  -41.372  -13.659  41.615 0.1111110002
29699  -39.666  -14.037  41.052 0.1111110002
856  -40.401  -14.017  40.314 0.1111110002
25635  -42.228  -13.451  40.907 0.1111110002
17763  -38.730  -14.435  39.825 0.1111110002
6148  -42.481  -13.288  42.900 0.1111110002
29701  -40.679  -13.635  42.347 0.1111110002
29700  -39.979  -13.486  43.103 0.1111110002
14084  -41.841  -13.246  43.650 0.1111110002
29690  -34.725  -14.625  45.612 0.1111110002
23422  -35.525  -14.039  46.967 0.1111110002
2774  -36.021  -13.819  45.667 0.1111110002
14077  -35.157  -14.471  44.349 0.1111110002
19378  -62.014  -9.599  14.858 0.1111110002
26606  -60.556  -9.138  14.690 0.2222220004
2067  -61.225  -8.927  13.978 0.2222220004
30446  -53.848  -4.172  20.761 0.1111110002
2954  -54.897  -2.892  21.696 0.1111110002
36569  -60.455  -7.924  13.431 0.2222220004
23750  -56.706  -1.689  20.924 0.1111110002
14074  -33.482  -16.035  46.607 0.1111110002
19380  -62.389  -9.596  13.901 0.1111110002
19691  -8.237  -32.690  66.462 0.1111110002
4047  -20.171  -32.500  61.591 0.1111110002
11727  -21.384  -31.912  63.911 0.1111110002
29766  -21.218  -32.112  61.720 0.1111110002
11721  -15.878  -27.225  59.731 0.1111110002
29755  -17.315  -27.003  57.776 0.2222220004
867  -21.388  -24.751  56.637 0.1111110002
36448  -46.941  -21.020  41.176 0.1111110002
8733  -47.673  -20.700  40.503 0.1111110002
11109  -61.831  -9.407  10.695 0.1111110002
3429  -61.450  -10.136  10.972 0.1111110002
28895  -61.329  -8.345  10.189 0.1111110002
182  -61.939  -8.674  10.813 0.1111110002
11107  -62.455  -9.677  11.411 0.1111110002
16421  -51.974  -4.891  23.926 0.1111110002
32896  -52.477  -4.681  23.149 0.1111110002
36570  -61.052  -7.761  12.680 0.1111110002
8771  -62.081  -8.668  12.282 0.1111110002
19381  -62.692  -9.618  12.947 0.1111110002
36563  -62.137  -8.668  11.472 0.1111110002
28894  -61.322  -7.694  10.469 0.1111110002
28896  -60.672  -7.311  9.823 0.1111110002
7473  -53.300  -3.780  24.936 0.1111110002
36571  -61.373  -7.675  11.884 0.1111110002
19389  -60.243  -6.731  12.467 0.1111110002
8774  -60.612  -6.733  11.680 0.1111110002
36572  -61.462  -7.679  11.116 0.1111110002
19382  -61.736  -8.761  13.137 0.1111110002
4042  -15.272  -27.253  60.785 0.2222220004
32269  -22.484  -24.059  57.573 0.1111110002
36562  -62.687  -9.659  12.139 0.1111110002
