#!ascii label  , from subject fsaverage6 vox2ras=TkReg 
585
22449  -41.875  -83.700  -7.743 0.1000000015
40253  -41.664  -84.774  -8.744 0.1000000015
11183  -40.169  -86.854  -8.395 0.1000000015
3503  -40.688  -86.216  -9.067 0.1000000015
24737  -41.197  -85.574  -9.866 0.1000000015
1526  -41.580  -84.825  -10.823 0.1000000015
16268  -42.087  -83.984  -11.701 0.1000000015
16267  -40.763  -85.223  -12.738 0.1000000015
7400  -42.308  -83.299  -12.399 0.1000000015
10579  -41.083  -83.763  -13.843 0.1000000015
32701  -40.937  -84.427  -13.450 0.1000000015
10006  -42.551  -82.920  -8.480 0.1000000015
40254  -42.229  -83.959  -9.557 0.1000000015
40257  -42.732  -83.090  -10.393 0.1000000015
40289  -41.985  -79.172  -13.037 0.1000000015
2903  -41.510  -80.626  -13.641 0.1000000015
10583  -42.060  -81.232  -13.569 0.1000000015
88  -42.375  -81.928  -13.347 0.1000000015
32702  -42.438  -82.613  -12.947 0.1000000015
22450  -42.523  -81.880  -7.630 0.1000000015
5564  -44.009  -79.061  -7.807 0.2000000030
28446  -42.998  -80.134  -7.318 0.2000000030
40255  -43.386  -80.935  -8.226 0.1000000015
22452  -44.195  -79.990  -8.804 0.1000000015
22481  -39.894  -74.785  -10.278 0.1000000015
10007  -43.864  -81.174  -9.901 0.1000000015
5574  -40.774  -75.572  -10.158 0.1000000015
40291  -41.278  -76.828  -10.985 0.1000000015
22480  -42.234  -77.189  -11.000 0.1000000015
22479  -42.660  -78.383  -12.117 0.1000000015
40258  -43.167  -82.348  -11.050 0.1000000015
10018  -41.726  -78.013  -11.964 0.1000000015
40286  -43.674  -79.093  -11.551 0.1000000015
40287  -43.158  -80.166  -12.899 0.1000000015
40260  -43.337  -80.796  -12.321 0.1000000015
40288  -42.744  -79.674  -13.170 0.1000000015
2483  -42.224  -81.051  -6.710 0.2000000030
22451  -44.761  -78.067  -8.409 0.1000000015
28467  -39.381  -73.208  -9.579 0.1000000015
22453  -44.611  -79.126  -9.387 0.1000000015
28464  -41.730  -76.027  -10.081 0.1000000015
22478  -43.078  -77.368  -10.907 0.1000000015
10017  -43.311  -78.616  -12.024 0.1000000015
10008  -43.784  -79.824  -11.084 0.1000000015
40259  -43.258  -81.581  -11.693 0.1000000015
5565  -44.564  -75.627  -7.077 0.1000000015
13244  -43.690  -76.574  -6.498 0.1000000015
28449  -44.957  -76.415  -8.042 0.1000000015
28448  -44.341  -77.269  -7.423 0.1000000015
28447  -43.385  -78.377  -6.936 0.1000000015
28445  -42.444  -79.359  -6.412 0.2000000030
22444  -41.730  -80.166  -5.578 0.2000000030
2484  -44.724  -77.412  -8.890 0.1000000015
28466  -40.159  -74.159  -9.315 0.1000000015
28465  -41.062  -74.821  -9.082 0.1000000015
40299  -39.021  -71.862  -10.120 0.1000000015
2487  -42.597  -76.233  -9.903 0.1000000015
22476  -43.390  -76.258  -9.674 0.1000000015
22477  -43.822  -77.585  -10.619 0.1000000015
40285  -44.154  -78.002  -10.375 0.1000000015
22455  -44.302  -78.626  -9.987 0.1000000015
40301  -39.060  -70.452  -10.893 0.1000000015
40280  -45.136  -74.714  -7.701 0.1000000015
5563  -42.873  -77.453  -5.875 0.2000000030
10015  -44.918  -74.338  -7.953 0.1000000015
40283  -44.422  -75.436  -8.604 0.1000000015
40281  -44.893  -75.833  -8.468 0.1000000015
40298  -39.100  -71.315  -9.202 0.1000000015
5575  -39.612  -72.528  -8.712 0.1000000015
40282  -44.224  -74.067  -7.983 0.1000000015
28463  -41.964  -75.077  -8.925 0.1000000015
22474  -42.875  -75.094  -8.835 0.1000000015
10016  -44.083  -76.523  -9.541 0.1000000015
40284  -44.430  -76.900  -9.293 0.1000000015
22487  -38.939  -69.019  -8.851 0.1000000015
10021  -39.011  -69.985  -9.872 0.1000000015
40300  -39.299  -68.490  -10.604 0.1000000015
22490  -39.491  -69.061  -11.628 0.1000000015
40279  -44.942  -74.112  -6.624 0.1000000015
13254  -40.437  -73.318  -8.359 0.1000000015
22475  -43.699  -75.112  -8.687 0.1000000015
13243  -43.353  -75.670  -5.521 0.1000000015
13242  -42.717  -76.439  -4.911 0.2000000030
40297  -39.165  -70.316  -8.309 0.1000000015
22488  -39.017  -67.532  -9.541 0.1000000015
5577  -39.945  -66.943  -11.290 0.1000000015
22473  -44.627  -72.980  -7.308 0.1000000015
22472  -45.213  -73.496  -7.085 0.1000000015
28460  -43.578  -72.671  -7.400 0.1000000015
13245  -44.145  -74.864  -6.035 0.1000000015
5572  -43.266  -73.923  -8.089 0.1000000015
13255  -39.807  -71.384  -7.863 0.1000000015
5573  -41.327  -73.839  -8.074 0.1000000015
28462  -42.294  -73.888  -8.061 0.1000000015
28471  -40.694  -65.430  -11.865 0.1000000015
22471  -44.963  -71.951  -6.312 0.1000000015
28461  -42.531  -72.601  -7.396 0.1000000015
10014  -45.288  -72.520  -6.085 0.1000000015
7089  -38.948  -67.811  -7.840 0.1000000015
13252  -41.535  -72.371  -7.396 0.1000000015
40278  -44.752  -73.180  -5.637 0.1000000015
31899  -39.239  -68.956  -7.322 0.1000000015
22486  -38.931  -66.605  -8.316 0.1000000015
1379  -39.255  -65.265  -8.880 0.1000000015
28469  -39.505  -66.118  -10.177 0.1000000015
28470  -40.191  -64.648  -10.723 0.1000000015
5571  -41.721  -70.953  -6.574 0.1000000015
28459  -42.789  -71.241  -6.541 0.1000000015
13251  -40.749  -70.527  -6.683 0.1000000015
617  -39.839  -69.905  -6.939 0.1000000015
13253  -40.577  -71.962  -7.573 0.1000000015
616  -43.976  -74.001  -5.374 0.1000000015
28468  -39.788  -63.930  -9.498 0.1000000015
5576  -40.414  -62.593  -10.039 0.1000000015
13257  -40.923  -63.285  -11.284 0.1000000015
2486  -43.972  -71.451  -6.385 0.1000000015
22469  -44.534  -70.376  -5.783 0.1000000015
31900  -39.285  -66.711  -6.735 0.1000000015
31902  -39.353  -64.352  -7.548 0.1000000015
31901  -39.179  -65.594  -7.152 0.1000000015
31905  -39.691  -63.102  -8.161 0.1000000015
31906  -40.183  -61.909  -8.751 0.1000000015
31907  -40.482  -60.789  -9.311 0.1000000015
13250  -41.246  -69.099  -5.862 0.1000000015
28458  -42.249  -69.611  -5.734 0.1000000015
22467  -43.368  -69.990  -5.763 0.1000000015
7091  -40.380  -61.317  -7.479 0.1000000015
31898  -39.663  -67.677  -6.357 0.1000000015
13249  -40.325  -68.509  -6.136 0.1000000015
31904  -40.094  -62.393  -6.975 0.1000000015
15659  -40.574  -60.190  -7.969 0.1000000015
7092  -40.621  -58.973  -8.545 0.1000000015
7090  -39.938  -63.438  -6.513 0.1000000015
15654  -39.881  -64.471  -6.159 0.1000000015
7088  -40.037  -65.428  -5.868 0.1000000015
15658  -41.283  -59.709  -6.925 0.1000000015
15657  -41.167  -60.741  -6.534 0.1000000015
1380  -42.392  -58.190  -6.675 0.1000000015
15656  -42.358  -59.298  -6.295 0.1000000015
16264  -40.158  -86.389  -10.788 0.1000000015
40256  -43.363  -81.967  -9.275 0.1000000015
22454  -43.972  -80.513  -10.502 0.1000000015
40302  -39.167  -72.315  -11.275 0.1000000015
22489  -40.433  -67.710  -12.220 0.1000000015
13256  -40.759  -61.351  -10.545 0.1000000015
21032  -42.769  -74.881  4.723 0.5000000000
38548  -43.999  -81.520  2.089 0.5000000000
21028  -44.798  -80.903  2.856 0.5000000000
27597  -43.422  -73.819  5.315 0.5000000000
5090  -43.642  -76.146  4.444 0.5000000000
9437  -43.912  -80.165  2.126 0.5000000000
38579  -42.230  -72.531  5.077 0.5000000000
2294  -41.708  -73.426  4.807 0.5000000000
21029  -44.497  -79.508  2.964 0.5000000000
21034  -41.173  -74.170  3.947 0.5000000000
31877  -42.467  -79.661  0.460 0.5000000000
551  -42.924  -80.956  0.280 0.5000000000
31880  -41.545  -78.036  -1.116 0.5000000000
31879  -41.910  -78.889  -0.325 0.5000000000
7081  -41.042  -76.393  -1.074 0.4000000060
31883  -41.377  -75.312  -2.022 0.4000000060
38545  -45.604  -81.688  4.546 0.1000000015
9436  -45.367  -81.366  3.652 0.5000000000
27596  -44.432  -75.217  5.234 0.5000000000
27594  -44.431  -77.435  4.156 0.4000000060
38581  -41.264  -71.121  4.793 0.5000000000
38580  -41.886  -70.313  4.997 0.5000000000
38582  -40.711  -71.826  4.459 0.5000000000
38554  -41.489  -76.027  2.802 0.6999999881
21036  -40.259  -72.532  3.819 0.4000000060
21033  -42.084  -75.623  3.758 0.5000000000
9438  -42.378  -77.275  2.635 0.6000000238
21030  -43.289  -78.773  2.333 0.6000000238
38549  -43.351  -80.719  1.267 0.3000000119
9439  -40.746  -74.662  2.894 0.4000000060
38552  -41.094  -76.306  1.831 0.6000000238
38551  -42.026  -77.696  1.676 0.6000000238
38550  -42.843  -79.333  1.355 0.5000000000
9440  -39.558  -71.334  2.529 0.4000000060
21035  -40.000  -73.040  2.888 0.4000000060
38555  -40.466  -74.905  1.902 0.5000000000
15638  -40.920  -76.573  0.852 0.5000000000
7079  -41.761  -78.146  0.672 0.5000000000
38557  -39.710  -71.646  1.599 0.4000000060
38556  -40.040  -73.346  1.860 0.5000000000
1373  -40.380  -75.077  0.936 0.4000000060
15639  -41.141  -77.299  -0.215 0.4000000060
24361  -40.487  -72.549  -0.199 0.5000000000
24360  -40.458  -74.111  -0.067 0.4000000060
15640  -40.642  -75.694  -0.061 0.4000000060
31882  -40.847  -74.737  -1.008 0.4000000060
3294  -40.950  -73.155  -1.107 0.4000000060
15642  -41.444  -73.779  -1.960 0.3000000119
21024  -46.013  -80.700  6.182 0.1000000015
9435  -45.290  -81.786  5.441 0.1000000015
38544  -46.334  -80.647  5.237 0.1000000015
21026  -46.281  -80.383  4.393 0.4000000060
21027  -45.548  -80.040  3.613 0.5000000000
27595  -45.277  -76.504  5.015 0.4000000060
2293  -45.156  -78.706  3.779 0.5000000000
9447  -42.769  -71.647  5.240 0.5000000000
38578  -43.871  -72.810  5.454 0.5000000000
21031  -43.793  -78.109  3.242 0.6000000238
21056  -40.634  -69.496  4.453 0.2000000030
21055  -40.276  -67.645  4.189 0.2000000030
38583  -39.700  -70.804  3.413 0.3000000119
21058  -39.567  -68.966  2.943 0.3000000119
21057  -39.839  -68.284  3.607 0.3000000119
38584  -39.507  -69.453  2.024 0.4000000060
3293  -40.057  -71.847  0.623 0.4000000060
38558  -39.700  -69.885  1.160 0.3000000119
10974  -40.374  -70.892  -0.664 0.3000000119
10975  -40.597  -69.099  -1.088 0.2000000030
24362  -40.985  -71.665  -1.431 0.3000000119
15641  -41.522  -72.284  -2.211 0.3000000119
40261  -41.500  -68.196  -2.005 0.1000000015
24363  -41.698  -70.780  -2.513 0.2000000030
22456  -43.807  -66.258  -2.681 0.1000000015
5088  -46.953  -79.370  5.134 0.1000000015
21025  -46.293  -79.041  4.377 0.5000000000
5091  -45.033  -74.056  5.667 0.5000000000
12770  -46.040  -75.375  5.732 0.4000000060
21054  -43.251  -70.883  5.462 0.4000000060
5098  -41.162  -68.689  4.867 0.4000000060
27610  -40.801  -66.968  4.701 0.1000000015
2297  -39.948  -66.303  3.227 0.3000000119
27611  -40.447  -65.726  3.895 0.1000000015
21059  -39.729  -66.875  2.359 0.3000000119
9449  -39.722  -67.458  1.470 0.2000000030
38585  -39.916  -67.892  0.575 0.2000000030
131  -40.214  -68.240  -0.289 0.2000000030
10973  -39.993  -70.118  0.190 0.2000000030
38586  -40.658  -66.120  0.270 0.2000000030
3295  -41.077  -69.977  -1.789 0.2000000030
34184  -40.886  -66.477  -0.546 0.1000000015
34185  -41.149  -67.230  -1.284 0.1000000015
40262  -42.036  -69.052  -2.650 0.1000000015
7947  -42.407  -66.535  -2.102 0.1000000015
22457  -42.726  -67.434  -2.651 0.1000000015
1761  -45.123  -66.248  -3.199 0.1000000015
27591  -47.702  -78.172  6.031 0.3000000119
12767  -48.535  -75.549  6.979 0.3000000119
12768  -47.810  -76.762  6.075 0.3000000119
27592  -47.078  -78.015  5.202 0.3000000119
12769  -47.454  -75.420  6.182 0.3000000119
27593  -45.929  -77.799  4.584 0.5000000000
38577  -45.412  -73.087  5.814 0.4000000060
12771  -46.594  -74.247  6.109 0.5000000000
21053  -44.293  -72.026  5.609 0.4000000060
27607  -42.673  -69.077  5.853 0.4000000060
27608  -42.341  -69.491  5.375 0.4000000060
27609  -41.621  -68.137  5.304 0.4000000060
5097  -42.041  -67.788  5.836 0.3000000119
12778  -41.328  -66.602  5.236 0.3000000119
5099  -41.038  -65.311  4.502 0.1000000015
27612  -40.856  -64.534  2.794 0.1000000015
21061  -40.545  -65.053  1.989 0.2000000030
21060  -40.484  -65.579  1.084 0.2000000030
7946  -42.139  -65.051  -0.730 0.1000000015
34186  -42.171  -65.714  -1.385 0.1000000015
34187  -43.623  -65.368  -2.132 0.1000000015
34188  -45.004  -65.453  -2.769 0.1000000015
34190  -46.273  -65.056  -2.933 0.1000000015
34191  -46.310  -65.686  -3.266 0.1000000015
7949  -47.372  -65.368  -3.533 0.1000000015
34192  -47.290  -65.861  -3.843 0.1000000015
17444  -48.196  -65.515  -4.227 0.1000000015
5087  -48.376  -76.957  7.043 0.2000000030
552  -47.906  -74.393  6.767 0.3000000119
21052  -44.534  -71.377  5.992 0.3000000119
9446  -45.666  -72.326  6.166 0.4000000060
38576  -46.792  -73.325  6.432 0.3000000119
21048  -43.699  -69.909  6.449 0.3000000119
2296  -43.479  -70.224  5.894 0.3000000119
12776  -42.394  -67.517  6.383 0.3000000119
27606  -42.908  -68.767  6.418 0.3000000119
12779  -41.528  -65.021  5.083 0.2000000030
12780  -41.756  -63.820  4.134 0.1000000015
27614  -42.530  -62.832  3.182 0.1000000015
27613  -41.290  -64.116  3.501 0.1000000015
5100  -42.110  -63.194  2.367 0.1000000015
38589  -41.852  -63.648  1.598 0.1000000015
9450  -41.830  -64.186  0.763 0.2000000030
38587  -41.929  -64.763  -0.002 0.1000000015
17438  -43.531  -64.189  -0.968 0.1000000015
17439  -43.499  -64.676  -1.603 0.1000000015
7948  -44.924  -64.741  -2.358 0.1000000015
17443  -48.403  -65.016  -3.858 0.1000000015
7950  -48.490  -65.223  -4.887 0.1000000015
34201  -49.537  -64.509  -5.191 0.1000000015
31222  -48.374  -77.231  8.281 0.2000000030
31223  -48.906  -75.853  8.144 0.2000000030
31224  -48.772  -74.569  7.841 0.3000000119
38566  -48.561  -73.597  8.762 0.2000000030
38567  -47.971  -73.430  7.409 0.3000000119
21051  -45.804  -71.642  6.675 0.3000000119
5096  -43.986  -69.408  7.090 0.3000000119
38575  -46.900  -72.510  6.953 0.2000000030
27605  -43.210  -68.361  7.055 0.2000000030
12775  -42.231  -66.088  6.314 0.3000000119
12777  -41.769  -66.356  5.761 0.3000000119
553  -42.031  -64.849  5.567 0.2000000030
12781  -42.229  -63.659  4.709 0.1000000015
5101  -42.904  -62.639  3.810 0.1000000015
38595  -43.381  -62.511  4.410 0.1000000015
21069  -46.623  -60.761  4.086 0.1000000015
38596  -44.360  -61.647  3.497 0.1000000015
9453  -45.895  -60.873  3.284 0.1000000015
38598  -47.566  -60.262  3.181 0.1000000015
27617  -48.222  -60.229  4.080 0.1000000015
27615  -43.930  -61.861  2.830 0.1000000015
38597  -45.385  -60.962  2.526 0.1000000015
38599  -47.007  -60.388  2.211 0.1000000015
21062  -43.582  -62.180  2.100 0.1000000015
38590  -43.335  -63.221  0.342 0.1000000015
17440  -44.933  -64.156  -1.824 0.1000000015
17442  -47.456  -64.689  -3.185 0.1000000015
21042  -46.789  -72.933  9.804 0.2000000030
21044  -46.931  -72.233  8.940 0.2000000030
21043  -47.781  -73.066  9.395 0.2000000030
21049  -44.837  -70.327  7.273 0.3000000119
21050  -44.649  -70.812  6.519 0.3000000119
9445  -45.828  -71.038  7.447 0.3000000119
27603  -43.564  -67.852  7.748 0.2000000030
5095  -42.830  -67.066  6.984 0.2000000030
31233  -43.148  -66.681  7.587 0.2000000030
31234  -42.705  -65.711  6.816 0.3000000119
31235  -42.674  -64.614  5.995 0.2000000030
6804  -44.078  -62.369  5.000 0.1000000015
2298  -45.096  -61.270  1.751 0.1000000015
21063  -43.316  -62.647  1.254 0.1000000015
21064  -44.930  -61.686  1.001 0.1000000015
38600  -46.615  -60.545  1.337 0.1000000015
9451  -44.830  -62.383  0.151 0.1000000015
21065  -46.417  -61.551  -0.003 0.1000000015
21066  -46.530  -60.911  0.656 0.1000000015
38592  -46.421  -62.442  -0.758 0.1000000015
38591  -44.868  -63.150  -0.580 0.1000000015
38588  -43.330  -63.804  -0.295 0.1000000015
1760  -45.025  -63.580  -1.205 0.1000000015
25439  -46.590  -63.149  -1.476 0.1000000015
34189  -46.281  -64.371  -2.535 0.1000000015
21040  -45.690  -72.890  10.171 0.3000000119
2295  -45.982  -72.181  9.414 0.3000000119
9443  -47.729  -72.621  8.234 0.2000000030
38573  -46.200  -71.452  8.582 0.3000000119
38574  -46.836  -71.766  7.790 0.3000000119
38572  -45.491  -70.778  8.281 0.3000000119
1218  -43.647  -68.586  8.660 0.2000000030
27604  -44.094  -68.950  7.908 0.3000000119
38571  -44.747  -69.940  8.067 0.3000000119
31232  -43.337  -67.435  8.430 0.2000000030
15178  -43.217  -65.382  7.298 0.3000000119
6803  -43.315  -64.410  6.513 0.2000000030
25440  -46.434  -63.725  -1.963 0.1000000015
27601  -44.496  -72.653  10.638 0.1000000015
27602  -44.888  -72.151  9.760 0.3000000119
9444  -44.554  -70.474  8.909 0.3000000119
38570  -45.189  -71.344  9.128 0.3000000119
21047  -44.039  -69.587  8.775 0.3000000119
6802  -43.199  -66.246  8.220 0.1000000015
15177  -43.647  -65.089  7.812 0.2000000030
15179  -43.918  -64.137  6.973 0.3000000119
5094  -43.750  -71.868  10.358 0.3000000119
38569  -44.197  -71.202  9.613 0.3000000119
21045  -43.144  -69.102  9.327 0.3000000119
21046  -43.550  -70.207  9.468 0.3000000119
31229  -42.925  -67.978  9.211 0.2000000030
31231  -42.834  -66.810  9.082 0.1000000015
15176  -43.106  -65.752  8.796 0.1000000015
38568  -43.093  -70.865  10.170 0.3000000119
31228  -42.186  -68.489  9.892 0.2000000030
15174  -41.822  -66.587  10.282 0.1000000015
31230  -42.426  -66.249  9.613 0.1000000015
3138  -42.917  -65.247  9.309 0.1000000015
31226  -42.040  -70.120  10.840 0.2000000030
6800  -42.502  -69.642  10.028 0.2000000030
15173  -41.555  -67.714  10.450 0.1000000015
15172  -41.274  -66.885  11.120 0.1000000015
24080  -42.248  -65.626  10.014 0.1000000015
24081  -42.871  -64.836  9.721 0.1000000015
24082  -43.739  -64.442  9.051 0.1000000015
24079  -42.220  -65.077  10.440 0.1000000015
33609  -41.835  -65.377  11.269 0.1000000015
33610  -42.397  -64.648  10.814 0.1000000015
38553  -42.921  -76.846  3.534 0.4000000060
9448  -40.084  -70.229  4.056 0.3000000119
24359  -40.180  -73.502  0.856 0.5000000000
5089  -46.740  -76.627  5.440 0.4000000060
27589  -47.786  -78.323  7.117 0.2000000030
6798  -49.054  -74.859  9.139 0.2000000030
21068  -44.887  -61.528  4.163 0.1000000015
5103  -49.228  -59.837  3.201 0.1000000015
21071  -48.713  -59.989  2.259 0.1000000015
31236  -42.864  -63.509  5.232 0.1000000015
9454  -48.316  -60.128  1.354 0.1000000015
31237  -43.617  -63.415  5.704 0.2000000030
5093  -45.391  -73.280  11.164 0.1000000015
6801  -42.186  -67.366  9.718 0.2000000030
15175  -43.785  -64.764  8.501 0.1000000015
31227  -41.658  -68.923  10.577 0.2000000030
38539  -43.251  -83.102  1.100 0.3000000119
13238  -43.093  -82.028  0.211 0.3000000119
2291  -41.343  -85.436  -0.314 0.2000000030
22435  -40.835  -85.819  -1.499 0.2000000030
5558  -42.960  -83.207  0.258 0.4000000060
28436  -42.314  -84.408  0.018 0.3000000119
28437  -41.861  -84.997  -1.128 0.2000000030
13240  -42.789  -81.308  -0.477 0.4000000060
13239  -42.924  -82.527  -0.405 0.4000000060
31878  -42.445  -80.203  -0.458 0.4000000060
28438  -42.585  -83.775  -0.675 0.3000000119
5559  -42.131  -84.356  -1.866 0.3000000119
28439  -42.622  -83.033  -1.304 0.3000000119
40243  -42.493  -80.536  -1.080 0.4000000060
5560  -42.748  -81.683  -0.989 0.4000000060
7080  -42.046  -79.431  -1.146 0.4000000060
40244  -42.403  -80.913  -1.798 0.4000000060
22442  -42.169  -79.800  -1.800 0.4000000060
28440  -42.414  -82.340  -2.036 0.3000000119
22441  -41.746  -78.563  -1.875 0.4000000060
22443  -41.838  -79.090  -2.649 0.4000000060
10003  -41.990  -80.463  -2.604 0.4000000060
40245  -42.123  -81.828  -2.843 0.2000000030
31881  -41.495  -77.050  -1.977 0.3000000119
40247  -41.835  -81.321  -3.674 0.2000000030
40248  -41.773  -82.714  -4.177 0.2000000030
40246  -41.688  -79.852  -3.482 0.1000000015
1374  -41.727  -77.618  -2.723 0.2000000030
31884  -41.846  -75.850  -2.775 0.2000000030
28442  -41.729  -78.263  -3.516 0.1000000015
22445  -41.535  -80.878  -4.683 0.1000000015
10004  -41.621  -82.332  -5.045 0.1000000015
7082  -42.037  -74.276  -2.756 0.3000000119
5562  -41.621  -79.186  -4.364 0.1000000015
15643  -42.061  -72.762  -2.877 0.2000000030
31885  -42.527  -74.936  -3.574 0.2000000030
28441  -42.079  -76.493  -3.586 0.1000000015
28443  -42.098  -77.292  -4.272 0.1000000015
22446  -41.715  -81.823  -5.953 0.1000000015
15644  -42.624  -73.173  -3.606 0.1000000015
5561  -42.692  -75.617  -4.212 0.1000000015
22448  -41.835  -82.682  -6.925 0.1000000015
28444  -42.089  -78.338  -5.181 0.1000000015
31886  -43.127  -73.975  -4.294 0.1000000015
38546  -44.661  -82.546  3.850 0.3000000119
21021  -43.749  -83.304  3.042 0.2000000030
21019  -42.733  -84.238  2.969 0.3000000119
21020  -43.118  -83.912  1.996 0.2000000030
38547  -44.467  -82.202  2.915 0.2000000030
9434  -43.706  -82.810  2.061 0.2000000030
9433  -42.045  -84.852  1.809 0.1000000015
21018  -41.465  -84.880  2.702 0.1000000015
38538  -42.579  -84.291  0.936 0.2000000030
38537  -41.574  -85.166  0.723 0.1000000015
38534  -40.398  -85.841  0.447 0.1000000015
38536  -40.754  -85.457  1.521 0.1000000015
38533  -39.141  -85.890  0.089 0.1000000015
38540  -43.490  -81.943  1.126 0.2000000030
9431  -38.972  -86.042  -0.986 0.1000000015
22433  -40.293  -86.052  -0.618 0.1000000015
22434  -39.573  -86.123  -1.755 0.1000000015
40235  -38.782  -86.144  -2.850 0.1000000015
10000  -40.074  -86.053  -2.560 0.1000000015
40237  -41.264  -85.413  -2.321 0.1000000015
40238  -40.524  -85.881  -3.409 0.1000000015
40234  -38.278  -85.927  -2.179 0.1000000015
10001  -40.775  -85.758  -4.318 0.1000000015
22436  -42.144  -83.720  -2.550 0.2000000030
22438  -41.461  -84.502  -3.949 0.2000000030
22439  -40.819  -85.422  -5.082 0.2000000030
40240  -40.112  -86.729  -5.221 0.1000000015
22440  -41.310  -84.013  -4.698 0.1000000015
2482  -41.990  -83.157  -3.370 0.1000000015
22437  -41.487  -84.914  -3.165 0.1000000015
27590  -47.022  -79.514  6.066 0.1000000015
15170  -48.629  -76.302  9.233 0.1000000015
21041  -46.443  -73.567  10.706 0.2000000030
9442  -47.503  -73.769  10.306 0.1000000015
15169  -47.898  -76.689  10.298 0.1000000015
38565  -48.510  -74.143  9.882 0.1000000015
6797  -47.713  -77.547  9.265 0.1000000015
38564  -48.018  -74.779  10.811 0.1000000015
12774  -42.624  -71.252  10.989 0.1000000015
12773  -43.328  -72.187  11.295 0.1000000015
27600  -44.118  -72.890  11.671 0.1000000015
12772  -42.157  -71.422  12.059 0.1000000015
5092  -42.780  -72.323  12.313 0.1000000015
285  -41.551  -70.409  11.813 0.1000000015
27599  -45.020  -73.386  12.298 0.1000000015
33592  -42.461  -72.247  13.441 0.1000000015
33594  -41.196  -70.514  12.901 0.1000000015
33593  -41.772  -71.458  13.154 0.1000000015
27598  -43.725  -72.942  12.825 0.1000000015
31225  -41.148  -69.250  11.576 0.1000000015
7728  -40.989  -70.457  14.188 0.1000000015
33603  -40.799  -69.343  12.607 0.1000000015
15180  -44.432  -63.380  6.227 0.1000000015
31238  -44.883  -62.427  5.542 0.1000000015
31239  -46.391  -61.693  5.534 0.1000000015
1375  -42.185  -71.367  -3.154 0.1000000015
38542  -43.892  -82.590  5.583 0.1000000015
27588  -43.010  -83.390  4.860 0.1000000015
2292  -43.499  -83.519  4.032 0.1000000015
38543  -44.434  -82.764  4.822 0.1000000015
5086  -42.360  -82.940  5.430 0.1000000015
12766  -41.549  -82.115  5.902 0.1000000015
38541  -43.129  -82.162  6.296 0.1000000015
15290  -39.257  -79.118  13.761 0.1000000015
15292  -38.282  -78.735  12.486 0.1000000015
6873  -37.942  -78.012  10.207 0.1000000015
31397  -37.518  -78.417  8.952 0.1000000015
31400  -38.516  -78.645  8.157 0.1000000015
1258  -37.058  -78.884  7.726 0.1000000015
550  -40.907  -81.082  6.552 0.1000000015
27820  -36.367  -79.299  6.463 0.1000000015
27821  -37.302  -79.706  6.004 0.1000000015
12895  -39.915  -80.322  6.724 0.1000000015
31215  -42.473  -81.386  6.986 0.1000000015
12896  -38.339  -80.268  5.754 0.1000000015
15294  -38.490  -77.908  11.573 0.1000000015
31399  -38.807  -77.984  9.222 0.1000000015
5215  -38.932  -79.694  6.803 0.1000000015
31402  -40.640  -79.778  7.543 0.1000000015
31214  -41.725  -80.503  7.467 0.1000000015
1257  -39.273  -78.098  12.914 0.1000000015
24151  -40.325  -77.511  13.273 0.1000000015
31398  -39.099  -77.584  10.455 0.1000000015
31401  -39.555  -79.120  7.676 0.1000000015
27819  -37.946  -79.188  7.094 0.1000000015
21023  -44.705  -81.652  6.382 0.1000000015
24152  -39.620  -77.475  11.842 0.1000000015
3177  -41.548  -76.830  13.460 0.1000000015
6795  -43.976  -81.292  7.218 0.1000000015
6794  -42.346  -79.824  8.170 0.1000000015
6874  -39.936  -78.382  8.574 0.1000000015
15298  -41.152  -79.081  8.290 0.1000000015
24153  -40.925  -76.989  12.186 0.1000000015
31216  -43.291  -80.605  7.805 0.1000000015
15296  -40.192  -77.736  9.544 0.1000000015
21022  -45.508  -80.641  7.315 0.1000000015
15297  -41.500  -78.288  9.169 0.1000000015
31217  -44.777  -80.302  8.141 0.1000000015
31218  -46.142  -79.515  8.259 0.1000000015
15165  -43.810  -79.756  8.647 0.1000000015
3178  -40.451  -77.245  10.815 0.1000000015
15164  -42.751  -79.028  9.016 0.1000000015
6796  -45.265  -79.295  9.060 0.1000000015
31220  -46.528  -78.553  9.213 0.1000000015
24150  -41.141  -77.598  14.596 0.1000000015
3175  -43.394  -76.592  16.315 0.1000000015
10856  -42.410  -76.802  14.767 0.1000000015
12897  -39.233  -80.975  5.577 0.1000000015
12764  -40.070  -81.745  5.373 0.1000000015
24149  -42.258  -77.355  15.857 0.1000000015
16254  -30.087  -91.915  -7.597 0.1000000015
16259  -31.730  -91.472  -10.942 0.1000000015
16258  -31.628  -92.114  -10.426 0.1000000015
7395  -29.446  -93.544  -9.105 0.1000000015
16261  -31.980  -90.658  -11.683 0.1000000015
16262  -32.546  -90.165  -12.876 0.1000000015
687  -32.168  -91.016  -8.049 0.1000000015
28994  -31.568  -90.531  -7.309 0.1000000015
32688  -31.221  -92.397  -9.584 0.1000000015
16256  -30.658  -92.275  -8.566 0.1000000015
32689  -29.881  -93.513  -10.228 0.1000000015
2606  -33.488  -86.695  -4.222 0.1000000015
23123  -32.101  -88.487  -5.562 0.1000000015
23124  -33.849  -87.368  -4.962 0.1000000015
5844  -31.014  -90.111  -6.669 0.1000000015
13578  -30.649  -89.834  -6.037 0.1000000015
28993  -29.666  -91.600  -6.668 0.1000000015
10287  -35.565  -86.190  -4.044 0.1000000015
23122  -31.663  -88.061  -4.889 0.1000000015
28995  -32.624  -88.968  -6.286 0.1000000015
28996  -33.251  -89.445  -6.870 0.1000000015
3500  -33.198  -91.249  -9.553 0.1000000015
24730  -32.740  -91.313  -8.838 0.1000000015
28997  -33.859  -90.075  -7.466 0.1000000015
24729  -34.434  -90.570  -8.059 0.1000000015
3499  -36.441  -89.760  -8.136 0.1000000015
2607  -34.339  -87.969  -5.536 0.1000000015
28998  -36.007  -89.708  -7.458 0.1000000015
13580  -34.858  -88.630  -6.141 0.1000000015
5845  -35.476  -89.235  -6.733 0.1000000015
