#!ascii label  , from subject fsaverage6 vox2ras=TkReg 
1231
39193  -7.646  -101.562  3.539 0.6999999881
5268  -8.348  -101.940  2.393 0.6000000238
21566  -8.408  -101.431  1.561 0.6000000238
21565  -9.160  -101.964  0.538 0.6000000238
5269  -10.628  -102.706  0.858 0.3000000119
12950  -12.047  -102.832  0.618 0.3000000119
27917  -10.248  -102.473  -0.184 0.5000000000
27919  -11.492  -102.721  -0.694 0.5000000000
2367  -15.190  -102.171  -2.721 0.4000000060
21574  -15.269  -102.463  -3.967 0.6000000238
39194  -7.858  -100.994  2.887 0.8000000119
21567  -9.506  -101.382  -0.352 0.8000000119
27916  -9.357  -102.395  1.473 0.5000000000
2366  -10.257  -101.979  -1.279 0.6000000238
27918  -11.312  -102.419  -1.860 0.6000000238
5270  -12.514  -102.575  -2.359 0.4000000060
5271  -13.395  -102.643  0.426 0.3000000119
21572  -13.783  -102.529  -2.565 0.4000000060
27921  -14.003  -102.287  -1.163 0.3000000119
21571  -11.571  -101.911  -2.896 0.8999999762
39202  -12.623  -102.289  -3.475 0.8999999762
21573  -13.960  -102.590  -3.927 0.6000000238
9656  -15.512  -102.331  -5.393 0.8000000119
39191  -6.449  -100.206  5.747 1.0000000000
39192  -7.439  -100.315  4.094 0.8000000119
27912  -7.126  -99.620  5.181 0.8999999762
39195  -8.816  -100.296  2.187 0.8000000119
9653  -9.045  -100.769  0.825 0.8999999762
39203  -14.274  -102.203  -5.260 0.8999999762
39204  -15.608  -101.728  -6.899 0.8999999762
21575  -16.771  -102.103  -5.161 0.8000000119
39206  -18.058  -101.336  -6.310 0.6999999881
39205  -16.787  -101.663  -6.643 0.8999999762
23644  -16.719  -100.961  -8.172 0.8999999762
5266  -6.095  -99.396  6.344 1.0000000000
5265  -8.462  -98.180  5.358 1.0000000000
27910  -7.124  -98.029  6.394 1.0000000000
27909  -8.452  -97.376  5.920 1.0000000000
27911  -7.051  -98.829  5.809 1.0000000000
21557  -8.374  -99.001  4.655 1.0000000000
2365  -8.630  -99.727  3.536 0.8999999762
21559  -10.139  -98.909  3.088 1.0000000000
39196  -10.171  -99.866  0.341 1.0000000000
39227  -14.862  -102.156  0.151 0.3000000119
21568  -10.334  -100.530  -0.957 1.0000000000
21569  -10.800  -101.281  -2.063 1.0000000000
9655  -13.171  -101.745  -4.476 1.0000000000
21570  -12.378  -101.170  -3.631 1.0000000000
39201  -14.703  -101.385  -6.241 0.8999999762
976  -15.872  -100.797  -7.896 0.8999999762
86  -20.206  -100.153  -7.890 0.5000000000
32674  -21.283  -99.855  -7.972 0.6000000238
2896  -17.850  -100.670  -8.008 0.8000000119
10576  -18.987  -100.428  -7.780 0.8000000119
10577  -18.781  -99.930  -9.917 0.6000000238
23646  -17.724  -100.114  -9.837 1.0000000000
23647  -18.349  -99.754  -11.930 0.8999999762
12945  -6.083  -98.601  6.891 0.8999999762
39184  -10.034  -97.509  4.868 1.0000000000
21558  -10.067  -98.214  4.181 1.0000000000
39185  -11.740  -97.118  3.501 1.0000000000
21561  -10.228  -99.414  1.708 1.0000000000
9650  -11.821  -97.747  2.515 1.0000000000
39228  -15.589  -101.623  -1.328 0.3000000119
39200  -13.993  -100.856  -5.222 1.0000000000
14446  -15.346  -100.288  -6.956 0.8999999762
32675  -20.913  -99.576  -9.962 0.6000000238
10578  -19.948  -99.822  -9.988 0.6000000238
35955  -20.462  -99.229  -12.020 0.6999999881
23645  -16.788  -100.156  -9.667 1.0000000000
2898  -19.487  -99.581  -12.091 0.6999999881
18880  -21.271  -98.502  -14.045 0.5000000000
2897  -17.397  -99.787  -11.711 0.8999999762
23648  -19.066  -99.189  -14.141 0.6000000238
35956  -20.175  -98.870  -14.227 0.6000000238
14449  -17.974  -99.374  -13.882 0.8000000119
27908  -7.100  -97.115  6.875 1.0000000000
21550  -6.801  -95.923  7.129 1.0000000000
2364  -8.225  -96.371  6.542 1.0000000000
5262  -4.338  -96.299  9.465 0.8999999762
27906  -4.805  -95.847  8.565 1.0000000000
27904  -3.955  -94.884  9.856 0.8999999762
5263  -5.491  -95.399  7.730 1.0000000000
27905  -4.382  -94.522  8.647 1.0000000000
21551  -6.379  -94.652  6.904 1.0000000000
9649  -11.562  -96.472  4.132 1.0000000000
39175  -5.059  -94.111  7.409 1.0000000000
21560  -11.825  -98.355  1.239 1.0000000000
9651  -11.753  -98.852  -0.033 1.0000000000
39197  -11.710  -99.635  -1.469 1.0000000000
5651  -6.607  -95.534  -10.501 1.0000000000
40568  -6.094  -94.380  -11.469 1.0000000000
40567  -6.999  -95.050  -11.540 0.8999999762
13331  -7.577  -96.099  -10.824 1.0000000000
9654  -11.841  -100.442  -2.616 1.0000000000
39199  -13.553  -100.210  -4.142 1.0000000000
32005  -8.003  -95.642  -11.605 0.6999999881
443  -8.651  -96.571  -11.040 0.8999999762
13329  -8.592  -96.867  -9.926 0.8999999762
35936  -9.487  -97.154  -10.332 0.8999999762
32004  -9.094  -96.081  -11.736 0.6999999881
35945  -9.591  -96.847  -11.315 0.6999999881
35944  -10.385  -97.485  -10.995 1.0000000000
8558  -10.597  -97.330  -9.535 1.0000000000
14448  -16.360  -99.828  -9.097 1.0000000000
35946  -10.050  -96.127  -11.965 0.8000000119
8561  -10.459  -96.985  -11.942 0.8000000119
18870  -11.123  -97.636  -11.886 0.8999999762
8565  -21.127  -98.378  -15.595 0.5000000000
14450  -17.064  -99.297  -13.359 0.8000000119
14451  -17.527  -98.937  -15.287 0.6999999881
978  -18.667  -98.783  -15.758 0.6999999881
35957  -19.932  -98.646  -15.853 0.5000000000
5264  -6.038  -97.816  7.258 1.0000000000
28602  -6.846  -95.549  -8.883 1.0000000000
28603  -5.882  -94.785  -10.078 1.0000000000
13330  -7.606  -96.218  -9.346 1.0000000000
39198  -13.492  -99.425  -3.092 1.0000000000
7135  -7.744  -94.473  -12.075 0.6000000238
32006  -8.838  -95.090  -11.836 0.4000000060
35935  -9.913  -96.914  -8.948 1.0000000000
6364  -15.231  -99.703  -5.869 1.0000000000
30210  -16.415  -98.660  -7.088 1.0000000000
14447  -16.262  -99.259  -8.076 1.0000000000
18863  -12.133  -97.000  -8.936 1.0000000000
7134  -9.957  -95.390  -11.756 0.5000000000
35943  -11.428  -97.586  -10.519 1.0000000000
35942  -12.643  -97.483  -10.011 1.0000000000
30211  -16.788  -98.496  -9.624 1.0000000000
6366  -16.670  -99.087  -10.565 1.0000000000
8560  -12.102  -97.977  -11.578 1.0000000000
30213  -16.774  -99.577  -11.241 1.0000000000
30214  -16.527  -99.045  -12.747 1.0000000000
35960  -19.507  -98.307  -16.866 0.5000000000
27907  -5.860  -96.602  7.620 1.0000000000
27903  -3.800  -95.174  11.165 0.6000000238
21552  -7.873  -95.095  6.631 1.0000000000
21554  -9.694  -95.605  5.974 1.0000000000
21556  -9.855  -96.622  5.481 1.0000000000
21555  -11.328  -95.677  4.873 1.0000000000
5650  -7.658  -95.054  -7.198 1.0000000000
39188  -13.456  -97.749  -0.715 1.0000000000
22707  -6.276  -94.818  -8.122 1.0000000000
28601  -8.335  -95.794  -7.838 1.0000000000
39189  -13.528  -98.549  -1.945 1.0000000000
40569  -5.311  -93.717  -11.031 0.8999999762
5649  -9.135  -96.470  -8.323 1.0000000000
15730  -9.831  -94.409  -11.299 0.3000000119
442  -15.129  -98.287  -3.664 1.0000000000
30208  -15.208  -98.983  -4.742 1.0000000000
30209  -16.506  -97.922  -6.028 1.0000000000
22713  -6.782  -93.785  -12.342 0.6999999881
18862  -11.500  -96.499  -8.203 1.0000000000
6365  -16.736  -97.723  -8.711 1.0000000000
30212  -16.244  -98.611  -11.986 1.0000000000
6367  -16.623  -98.924  -14.607 0.8000000119
14452  -17.026  -98.455  -16.100 0.6000000238
30215  -15.922  -98.780  -13.873 0.8999999762
6368  -17.674  -97.727  -16.995 0.6000000238
30217  -16.529  -97.902  -16.450 0.5000000000
5261  -3.803  -93.674  12.731 0.3000000119
21553  -9.247  -94.251  6.193 1.0000000000
21543  -3.515  -93.613  11.358 0.5000000000
39176  -5.963  -93.480  6.365 1.0000000000
2363  -3.559  -93.390  9.793 0.6999999881
21549  -3.858  -93.074  8.470 1.0000000000
39183  -12.970  -95.904  2.282 1.0000000000
39186  -13.269  -96.459  1.469 1.0000000000
2518  -5.283  -94.072  -9.128 0.8999999762
22709  -5.993  -93.943  -6.925 1.0000000000
35934  -10.894  -95.982  -7.503 1.0000000000
12048  -16.468  -97.118  -4.973 1.0000000000
8557  -12.685  -95.272  -6.730 1.0000000000
18861  -13.105  -95.919  -7.444 1.0000000000
1992  -13.520  -96.515  -8.335 1.0000000000
35939  -13.916  -97.066  -9.411 1.0000000000
18864  -16.039  -97.952  -11.006 1.0000000000
977  -15.374  -98.382  -12.802 1.0000000000
26295  -15.198  -98.469  -14.411 1.0000000000
26296  -14.336  -98.326  -13.294 1.0000000000
30216  -16.033  -98.477  -15.401 0.6000000238
35961  -19.039  -97.673  -17.225 0.3000000119
9647  -7.428  -93.881  6.174 1.0000000000
9648  -11.077  -94.678  5.361 1.0000000000
39182  -12.755  -95.244  3.007 1.0000000000
28600  -9.548  -94.826  -6.411 1.0000000000
22708  -7.339  -94.198  -6.298 1.0000000000
10109  -7.290  -93.140  -5.405 1.0000000000
40562  -8.707  -92.960  -4.896 1.0000000000
28599  -10.298  -95.507  -6.915 1.0000000000
12046  -15.035  -97.426  -2.666 1.0000000000
4366  -14.929  -96.629  -1.643 1.0000000000
10111  -5.958  -93.081  -12.251 0.8000000119
32007  -8.733  -93.625  -11.750 0.3000000119
12047  -16.151  -96.354  -4.089 1.0000000000
22712  -7.803  -93.037  -12.398 0.4000000060
26294  -14.875  -96.132  -7.767 1.0000000000
4368  -16.143  -96.223  -6.775 1.0000000000
35937  -16.547  -96.891  -7.801 1.0000000000
35938  -15.263  -96.693  -8.901 1.0000000000
35941  -13.113  -97.905  -11.044 1.0000000000
8559  -14.328  -97.576  -10.522 1.0000000000
18866  -14.815  -97.946  -11.689 1.0000000000
18868  -12.781  -98.134  -12.696 0.8999999762
18869  -11.927  -97.829  -12.928 0.8000000119
4369  -15.508  -97.892  -15.685 0.6000000238
35962  -18.670  -96.926  -17.058 0.3000000119
26297  -14.418  -98.036  -14.750 0.8999999762
12049  -16.088  -97.182  -16.155 0.5000000000
30218  -17.275  -97.106  -16.737 0.4000000060
39178  -8.682  -93.039  5.745 1.0000000000
39177  -7.095  -92.663  5.571 1.0000000000
39174  -5.634  -92.206  6.172 1.0000000000
21547  -3.087  -91.734  9.874 0.6999999881
39187  -13.368  -97.145  0.456 1.0000000000
22711  -4.893  -93.271  -7.409 0.8999999762
40561  -8.993  -94.040  -5.702 1.0000000000
1990  -14.371  -95.276  0.061 1.0000000000
26290  -14.678  -95.923  -0.717 1.0000000000
18859  -14.584  -95.530  -6.726 1.0000000000
18865  -15.667  -97.315  -9.967 1.0000000000
21544  -3.362  -92.034  13.215 0.1000000015
9621  -10.077  -92.388  5.276 1.0000000000
39179  -10.640  -93.415  5.530 1.0000000000
21545  -3.189  -92.005  11.559 0.6000000238
9646  -4.576  -92.812  7.123 1.0000000000
39180  -12.270  -93.650  4.382 1.0000000000
39181  -12.608  -94.514  3.857 1.0000000000
8554  -13.711  -94.079  1.782 1.0000000000
18856  -13.953  -94.761  0.925 1.0000000000
40572  -4.638  -92.973  -9.778 0.8999999762
40563  -8.813  -92.050  -4.232 1.0000000000
1991  -11.609  -94.307  -5.642 1.0000000000
35933  -12.225  -94.781  -6.106 1.0000000000
18860  -14.192  -94.833  -5.995 1.0000000000
26292  -15.820  -95.676  -3.148 1.0000000000
26293  -15.812  -95.571  -5.622 1.0000000000
35940  -13.712  -98.119  -12.198 1.0000000000
4370  -13.544  -98.092  -13.758 1.0000000000
18867  -12.850  -97.715  -13.817 1.0000000000
26299  -13.264  -96.919  -14.338 0.8000000119
444  -17.146  -96.571  -15.906 0.5000000000
21486  -8.283  -91.998  5.224 1.0000000000
39099  -11.768  -92.648  4.622 1.0000000000
21548  -3.345  -91.458  8.488 1.0000000000
22710  -5.996  -93.007  -5.547 1.0000000000
18858  -14.961  -94.382  -1.535 1.0000000000
40560  -10.368  -91.699  -3.433 1.0000000000
40570  -6.041  -91.634  -12.798 0.5000000000
35932  -13.834  -94.227  -5.336 1.0000000000
26291  -15.431  -94.923  -2.295 1.0000000000
35931  -15.043  -94.367  -3.950 1.0000000000
4367  -15.446  -94.963  -4.726 1.0000000000
26298  -13.802  -97.466  -14.748 0.8999999762
21485  -9.621  -91.516  5.016 1.0000000000
9644  -3.210  -90.451  13.335 0.4000000060
21546  -2.969  -90.230  11.585 0.5000000000
2355  -6.707  -91.591  5.566 1.0000000000
39173  -4.047  -91.157  7.589 0.8999999762
34  -13.008  -92.719  3.053 1.0000000000
35926  -13.443  -93.430  2.548 1.0000000000
22706  -10.997  -93.602  -4.953 1.0000000000
18857  -14.514  -93.913  -0.855 1.0000000000
40564  -7.453  -92.012  -4.436 1.0000000000
40571  -5.028  -92.417  -11.625 0.5000000000
35930  -13.296  -93.831  -4.668 1.0000000000
8556  -14.649  -93.778  -3.249 1.0000000000
22714  -6.937  -92.262  -12.853 0.4000000060
39098  -11.362  -91.928  4.559 1.0000000000
9645  -2.707  -89.818  10.066 0.6000000238
39172  -2.908  -89.490  9.021 0.8000000119
5241  -3.641  -89.441  8.389 0.8999999762
21482  -6.172  -90.604  6.279 1.0000000000
27867  -5.051  -90.844  6.899 1.0000000000
10426  -12.637  -92.030  3.301 1.0000000000
10108  -10.516  -92.628  -4.237 1.0000000000
22705  -12.352  -92.469  -3.290 1.0000000000
22704  -12.879  -93.221  -4.027 1.0000000000
35928  -14.193  -93.286  0.084 1.0000000000
35929  -14.121  -93.254  -2.666 1.0000000000
828  -10.613  -91.095  -2.761 1.0000000000
39170  -2.949  -88.298  11.826 0.4000000060
9620  -9.150  -90.618  4.989 1.0000000000
39097  -10.980  -91.087  4.541 1.0000000000
21484  -7.813  -91.066  5.204 1.0000000000
39171  -2.676  -87.843  10.690 0.5000000000
27866  -4.736  -89.694  7.902 1.0000000000
21483  -7.395  -90.107  5.757 1.0000000000
5240  -5.901  -89.769  7.439 1.0000000000
10428  -13.215  -91.926  1.486 1.0000000000
35927  -13.724  -92.622  0.830 1.0000000000
40559  -11.916  -91.614  -2.462 1.0000000000
8555  -13.762  -92.671  -1.815 1.0000000000
40573  -4.246  -92.309  -7.909 0.6999999881
10110  -4.932  -92.519  -5.844 1.0000000000
40565  -6.262  -91.764  -4.488 1.0000000000
22716  -4.987  -91.235  -11.872 0.5000000000
14003  -9.127  -90.955  -3.452 1.0000000000
28605  -7.231  -90.866  -13.079 0.3000000119
39169  -3.495  -88.752  13.266 0.4000000060
12920  -3.745  -88.123  9.251 0.6999999881
27865  -4.764  -88.559  8.929 0.8000000119
12921  -3.034  -87.709  9.881 0.6000000238
39095  -8.596  -89.754  5.563 1.0000000000
39096  -10.437  -90.281  4.671 1.0000000000
23374  -12.014  -90.758  3.549 1.0000000000
2746  -12.277  -91.387  3.452 1.0000000000
10427  -12.908  -91.342  1.750 1.0000000000
2748  -12.854  -91.288  -0.221 1.0000000000
40558  -13.254  -91.945  -0.948 1.0000000000
22718  -3.921  -91.158  -8.360 0.6999999881
10112  -4.226  -91.795  -10.146 0.6999999881
23378  -11.914  -90.983  -1.656 1.0000000000
5239  -4.284  -86.896  10.337 0.8000000119
12919  -3.471  -86.502  10.719 0.6999999881
826  -11.450  -89.994  3.843 1.0000000000
23376  -12.651  -90.832  1.982 1.0000000000
23377  -12.664  -90.844  0.165 1.0000000000
6098  -7.823  -90.636  -3.532 1.0000000000
13999  -11.916  -90.587  -1.200 1.0000000000
5653  -6.223  -90.448  -12.805 0.4000000060
14001  -10.734  -90.303  -2.252 1.0000000000
28604  -8.570  -90.103  -12.599 0.2000000030
9642  -3.730  -86.835  13.472 0.3000000119
27862  -5.030  -85.407  11.229 0.8999999762
27863  -5.137  -87.219  10.178 0.8999999762
2354  -6.093  -87.589  10.006 1.0000000000
21481  -7.181  -88.908  8.331 1.0000000000
39162  -3.142  -86.462  12.366 0.4000000060
12918  -4.133  -85.024  11.425 0.8000000119
27864  -5.890  -88.783  8.746 1.0000000000
573  -2.924  -86.270  11.489 0.6000000238
39094  -7.176  -89.570  6.920 1.0000000000
9619  -8.463  -89.172  6.605 1.0000000000
39093  -9.876  -89.512  5.163 1.0000000000
23375  -12.356  -90.285  2.331 1.0000000000
2747  -12.569  -90.383  0.632 1.0000000000
29588  -6.596  -90.420  -3.486 1.0000000000
22717  -4.113  -90.630  -10.265 0.5000000000
14002  -9.393  -89.884  -2.730 1.0000000000
28606  -7.680  -89.742  -12.969 0.2000000030
14000  -11.853  -89.894  -0.688 1.0000000000
32012  -9.847  -89.235  -11.784 0.1000000015
21480  -8.547  -88.735  7.891 1.0000000000
39092  -9.809  -88.877  6.037 1.0000000000
13996  -10.970  -89.306  4.571 1.0000000000
13998  -12.023  -89.506  2.903 1.0000000000
40574  -4.301  -91.551  -6.283 0.6999999881
40566  -5.315  -91.329  -4.614 1.0000000000
29583  -12.264  -89.703  1.085 1.0000000000
6097  -10.836  -89.389  -1.619 1.0000000000
5652  -9.143  -89.020  -12.696 0.1000000015
21475  -5.712  -85.812  11.095 0.8999999762
21477  -6.521  -86.087  10.962 1.0000000000
21479  -7.287  -87.818  9.743 1.0000000000
9618  -8.612  -87.880  9.204 1.0000000000
12917  -3.489  -84.862  12.054 0.6999999881
348  -5.444  -90.029  -3.465 1.0000000000
29587  -8.035  -89.620  -2.881 1.0000000000
29586  -9.571  -88.961  -2.109 1.0000000000
29585  -10.869  -88.623  -1.031 1.0000000000
29584  -11.829  -89.104  -0.104 1.0000000000
2519  -4.494  -89.486  -10.111 0.5000000000
22715  -5.275  -90.055  -11.717 0.4000000060
21478  -7.522  -86.456  10.854 1.0000000000
39089  -8.719  -86.707  10.356 1.0000000000
31434  -3.497  -84.831  12.906 0.4000000060
21476  -6.121  -84.263  11.574 0.8999999762
39090  -10.026  -87.584  8.488 1.0000000000
27861  -4.423  -83.529  11.718 0.8999999762
39091  -9.924  -88.293  7.257 1.0000000000
29578  -11.211  -87.797  6.271 1.0000000000
6094  -10.939  -88.494  5.270 1.0000000000
10113  -3.888  -90.387  -6.605 0.8000000119
40575  -4.481  -90.560  -4.871 0.8999999762
13997  -11.816  -88.836  3.679 1.0000000000
11599  -6.741  -89.490  -2.800 1.0000000000
3919  -8.157  -88.766  -2.292 1.0000000000
6096  -12.214  -88.896  1.691 1.0000000000
29581  -12.157  -88.192  2.486 1.0000000000
29582  -11.809  -88.368  0.531 1.0000000000
28607  -6.657  -89.329  -12.474 0.4000000060
13333  -8.198  -88.546  -12.741 0.1000000015
39088  -7.931  -84.977  11.469 1.0000000000
9615  -9.118  -85.394  11.199 1.0000000000
39080  -10.411  -85.695  10.635 1.0000000000
3916  -11.683  -85.760  9.515 1.0000000000
9617  -7.015  -84.623  11.523 0.8999999762
39081  -10.161  -86.650  9.587 1.0000000000
11596  -11.556  -86.550  8.542 1.0000000000
5237  -3.840  -83.315  12.388 0.6000000238
346  -11.367  -87.240  7.483 1.0000000000
11598  -12.327  -86.769  6.521 1.0000000000
29579  -12.031  -87.378  5.381 1.0000000000
29580  -11.832  -88.052  4.410 1.0000000000
11603  -4.532  -89.306  -3.648 0.8999999762
11601  -5.415  -89.007  -2.703 1.0000000000
22719  -3.804  -89.918  -8.535 0.6999999881
11600  -6.703  -88.479  -2.080 1.0000000000
25485  -9.573  -88.168  -1.479 1.0000000000
827  -10.848  -87.757  -0.405 1.0000000000
28608  -6.000  -88.955  -11.243 0.3000000119
21471  -8.278  -83.546  11.796 1.0000000000
21470  -9.530  -84.155  11.614 1.0000000000
39079  -10.923  -84.632  11.258 1.0000000000
31433  -3.792  -83.232  13.398 0.5000000000
5238  -5.254  -83.877  11.520 0.8999999762
40576  -3.807  -89.348  -5.193 0.8000000119
6095  -12.245  -87.462  3.207 1.0000000000
25487  -8.199  -87.726  -1.642 1.0000000000
17514  -11.881  -87.480  1.241 1.0000000000
22721  -4.074  -88.672  -8.505 0.6000000238
39086  -6.279  -82.600  11.727 1.0000000000
39087  -7.241  -83.029  11.746 1.0000000000
31432  -3.682  -81.660  13.663 0.6999999881
27860  -4.394  -81.938  11.874 0.8999999762
39085  -5.280  -82.255  11.718 0.8999999762
11597  -12.528  -86.061  7.329 1.0000000000
34281  -12.458  -86.680  4.123 1.0000000000
3921  -5.554  -87.814  -1.929 1.0000000000
25488  -6.874  -87.288  -1.279 1.0000000000
25486  -9.663  -87.136  -0.908 1.0000000000
17515  -12.037  -86.687  2.096 1.0000000000
22720  -3.544  -89.023  -6.936 0.8000000119
21469  -8.577  -82.217  11.702 1.0000000000
25480  -12.021  -84.767  10.181 1.0000000000
2353  -7.480  -81.664  11.607 1.0000000000
27859  -3.680  -81.766  12.553 0.8000000119
34284  -9.898  -86.139  -0.034 1.0000000000
17516  -11.043  -86.778  0.311 1.0000000000
7983  -11.342  -85.896  1.284 1.0000000000
34282  -12.347  -85.844  3.056 1.0000000000
11602  -4.647  -88.206  -2.843 1.0000000000
28609  -5.348  -88.521  -9.621 0.2000000030
9614  -9.884  -82.942  11.824 1.0000000000
39078  -11.230  -83.446  11.518 1.0000000000
39084  -6.421  -81.189  11.645 1.0000000000
1265  -3.579  -80.357  12.565 0.8000000119
21474  -4.305  -80.488  11.977 0.8999999762
25482  -12.617  -85.293  8.279 1.0000000000
3918  -12.698  -85.979  5.214 1.0000000000
25483  -12.930  -85.330  6.136 1.0000000000
3920  -8.403  -86.610  -0.845 1.0000000000
17517  -7.191  -86.162  -0.406 1.0000000000
25489  -5.873  -86.697  -0.994 1.0000000000
40577  -3.191  -87.950  -5.542 0.8000000119
3923  -3.726  -88.165  -4.001 1.0000000000
10114  -3.629  -87.593  -7.210 0.4000000060
40579  -4.826  -87.676  -8.138 0.2000000030
9616  -5.353  -80.815  11.696 1.0000000000
25484  -12.598  -85.146  4.088 1.0000000000
17518  -8.724  -85.554  0.078 1.0000000000
34283  -11.674  -84.982  2.174 1.0000000000
25491  -4.943  -86.971  -1.892 1.0000000000
25493  -3.088  -86.715  -3.972 0.8000000119
25492  -3.810  -87.007  -2.814 0.8999999762
39077  -10.266  -81.783  11.970 1.0000000000
1774  -12.376  -83.746  10.675 1.0000000000
31431  -3.416  -80.208  13.631 0.6999999881
39075  -11.566  -82.350  11.750 1.0000000000
25481  -12.888  -84.441  8.948 1.0000000000
21472  -3.433  -78.687  12.372 0.8000000119
21473  -4.252  -79.036  11.793 0.8000000119
34285  -10.243  -85.122  0.833 1.0000000000
34286  -10.519  -84.197  1.660 1.0000000000
7984  -8.911  -84.543  0.891 1.0000000000
40578  -3.285  -86.370  -5.652 0.6000000238
17519  -7.342  -85.119  0.401 1.0000000000
40580  -4.212  -86.253  -6.872 0.2000000030
21468  -8.918  -81.128  11.726 1.0000000000
31428  -3.034  -78.433  13.419 0.6999999881
39083  -5.408  -79.381  11.415 0.8999999762
17506  -12.664  -82.664  11.045 1.0000000000
17508  -13.223  -83.451  9.457 1.0000000000
3917  -13.047  -84.656  7.004 1.0000000000
34275  -13.325  -83.829  7.609 1.0000000000
17509  -12.791  -84.489  5.006 1.0000000000
1776  -11.966  -84.198  3.149 1.0000000000
25490  -5.042  -85.709  -0.765 1.0000000000
21467  -7.669  -80.417  11.536 0.8999999762
27858  -6.581  -79.866  11.437 1.0000000000
31430  -3.216  -78.349  14.518 0.2000000030
17510  -12.984  -83.777  5.782 1.0000000000
17511  -12.119  -83.436  3.991 1.0000000000
17524  -3.232  -85.451  -2.675 0.8999999762
17513  -10.820  -83.265  2.584 1.0000000000
3922  -3.948  -85.765  -1.582 1.0000000000
1778  -3.166  -85.048  -3.961 0.4000000060
1777  -5.998  -85.584  -0.082 1.0000000000
24165  -3.299  -74.656  16.326 0.1000000015
15316  -2.872  -74.564  14.961 0.1000000015
6886  -2.689  -76.476  14.040 0.3000000119
7980  -13.562  -82.882  8.174 1.0000000000
17507  -13.477  -82.468  9.929 1.0000000000
17525  -3.383  -84.309  -1.300 0.8999999762
17526  -3.298  -83.988  -2.461 0.6999999881
40581  -3.902  -84.861  -5.250 0.5000000000
15315  -2.672  -74.469  13.546 0.1000000015
27857  -6.693  -78.370  11.794 1.0000000000
5235  -7.837  -79.130  12.097 1.0000000000
5236  -5.611  -77.787  11.487 0.8999999762
39082  -4.364  -77.332  11.551 0.6999999881
9613  -10.574  -80.656  12.452 1.0000000000
31427  -2.784  -76.526  12.811 0.5000000000
39074  -11.925  -81.222  12.164 1.0000000000
34276  -13.251  -83.001  6.305 1.0000000000
17523  -4.919  -84.566  0.296 1.0000000000
17521  -5.994  -84.504  0.786 1.0000000000
34293  -3.968  -84.536  -0.309 1.0000000000
17520  -7.535  -84.140  1.284 1.0000000000
39076  -9.221  -79.958  12.294 1.0000000000
15314  -3.190  -72.685  14.723 0.1000000015
7978  -13.060  -81.635  11.366 1.0000000000
6885  -3.433  -76.892  11.955 0.6000000238
34274  -13.447  -82.200  6.829 1.0000000000
34277  -12.543  -82.047  5.256 1.0000000000
7987  -3.332  -82.892  -1.236 0.8999999762
34294  -3.373  -83.171  0.026 0.8999999762
7986  -3.979  -83.432  0.855 0.8999999762
7981  -12.347  -82.758  4.755 1.0000000000
17528  -3.812  -83.593  -3.645 0.6000000238
34287  -9.190  -83.645  1.701 1.0000000000
7982  -9.422  -82.595  2.633 1.0000000000
40582  -4.771  -83.614  -4.552 0.2000000030
1264  -3.467  -73.030  16.003 0.1000000015
12916  -4.725  -75.467  11.454 0.8999999762
31425  -3.670  -75.018  11.629 0.6999999881
34272  -13.851  -81.514  10.411 1.0000000000
17522  -4.917  -83.625  1.285 1.0000000000
7985  -6.142  -83.599  1.806 1.0000000000
34288  -7.733  -83.065  2.139 1.0000000000
34279  -9.675  -81.535  3.345 1.0000000000
17512  -10.993  -82.450  3.450 1.0000000000
12915  -5.869  -76.077  11.790 0.8999999762
27856  -6.968  -76.957  12.345 0.8999999762
21466  -9.488  -78.659  13.023 1.0000000000
21465  -10.973  -79.523  13.035 1.0000000000
39073  -12.360  -80.156  12.598 1.0000000000
34273  -13.904  -82.026  8.690 1.0000000000
34291  -4.050  -82.527  1.803 1.0000000000
34290  -4.999  -82.692  2.279 1.0000000000
34289  -6.379  -82.460  2.693 1.0000000000
34278  -11.213  -81.745  4.134 1.0000000000
34280  -7.952  -81.919  2.977 1.0000000000
6884  -3.156  -72.515  13.232 0.2000000030
27855  -8.115  -77.774  12.805 0.8999999762
31426  -2.893  -74.721  12.391 0.4000000060
31424  -3.403  -72.627  12.047 0.8999999762
34270  -13.423  -80.573  11.785 1.0000000000
34295  -3.202  -81.902  -0.007 0.8000000119
34292  -3.336  -82.236  1.120 0.8999999762
31983  -5.189  -81.573  3.096 1.0000000000
5634  -9.987  -80.743  4.118 1.0000000000
17527  -3.738  -82.576  -2.372 0.4000000060
15313  -4.169  -71.227  14.356 0.2000000030
572  -4.148  -73.039  11.445 0.8999999762
28572  -11.524  -81.073  4.752 1.0000000000
22659  -13.810  -81.402  7.307 1.0000000000
7979  -14.316  -81.235  9.064 1.0000000000
31984  -5.568  -80.099  3.782 1.0000000000
13316  -7.184  -79.800  4.002 1.0000000000
13315  -8.865  -79.690  4.445 1.0000000000
1399  -3.167  -80.919  1.089 0.6000000238
15714  -3.357  -81.275  2.092 0.8999999762
7125  -4.101  -81.555  2.754 1.0000000000
347  -6.638  -81.117  3.385 1.0000000000
13314  -8.318  -80.706  3.619 1.0000000000
34296  -3.534  -81.625  -1.219 0.4000000060
31423  -4.064  -70.766  12.914 0.3000000119
27854  -7.399  -75.358  12.845 0.8999999762
12914  -5.242  -73.695  11.591 0.8999999762
5234  -6.291  -74.451  12.137 0.8999999762
2352  -8.605  -76.442  13.401 0.8999999762
9612  -11.499  -78.245  13.277 0.8999999762
1775  -12.816  -81.306  5.753 1.0000000000
15715  -3.459  -80.116  3.026 0.8000000119
31985  -4.293  -80.340  3.606 0.8999999762
28574  -10.631  -79.922  4.784 1.0000000000
10090  -13.898  -79.955  6.631 1.0000000000
24405  -3.361  -80.532  -0.111 0.4000000060
21464  -9.991  -77.377  13.571 0.8999999762
39072  -12.882  -78.996  12.671 1.0000000000
34271  -14.250  -80.600  10.700 1.0000000000
5636  -8.022  -78.661  4.627 1.0000000000
28573  -12.016  -80.251  5.268 1.0000000000
138  -13.872  -79.568  11.855 1.0000000000
15716  -3.046  -79.821  2.140 0.6999999881
40513  -6.231  -78.804  4.364 1.0000000000
28575  -9.766  -78.722  4.870 1.0000000000
22661  -13.331  -80.600  6.278 1.0000000000
22660  -14.274  -80.684  7.755 1.0000000000
40504  -14.709  -80.360  9.372 1.0000000000
10998  -14.666  -79.559  10.799 1.0000000000
10996  -14.425  -78.506  11.782 1.0000000000
5635  -11.357  -79.048  5.092 1.0000000000
3318  -15.061  -79.449  9.487 1.0000000000
10997  -15.197  -78.544  10.614 1.0000000000
40507  -12.733  -79.522  5.565 1.0000000000
28576  -8.972  -77.632  4.819 1.0000000000
22662  -10.631  -77.906  4.964 1.0000000000
40508  -13.503  -78.920  5.763 1.0000000000
40506  -14.541  -79.302  6.868 1.0000000000
24404  -15.304  -79.094  8.068 1.0000000000
24403  -15.692  -78.574  9.229 1.0000000000
22663  -12.140  -78.353  5.171 1.0000000000
15709  -16.049  -78.370  7.775 1.0000000000
3317  -16.564  -77.749  8.723 1.0000000000
7122  -18.567  -75.939  7.696 1.0000000000
40509  -14.341  -78.371  5.663 1.0000000000
1398  -15.371  -78.578  6.674 1.0000000000
31977  -17.573  -76.824  8.141 1.0000000000
31978  -18.272  -76.677  6.877 1.0000000000
22644  -20.505  -74.734  6.214 1.0000000000
7121  -20.624  -73.990  6.925 1.0000000000
15713  -15.475  -77.833  5.320 1.0000000000
15711  -16.378  -77.908  6.252 1.0000000000
15710  -17.089  -77.603  7.270 1.0000000000
31976  -19.374  -75.703  6.495 1.0000000000
22645  -21.678  -73.633  6.005 1.0000000000
7123  -17.681  -77.116  5.938 1.0000000000
31979  -18.929  -76.182  5.596 1.0000000000
1397  -20.038  -75.240  5.368 1.0000000000
22646  -21.324  -74.220  5.189 1.0000000000
21462  -9.494  -75.016  13.441 0.8999999762
21463  -10.815  -76.051  13.462 0.8999999762
39045  -13.509  -77.855  12.531 1.0000000000
31986  -3.739  -78.831  3.899 0.8999999762
7126  -4.742  -78.912  4.275 0.8999999762
3316  -15.074  -77.354  11.271 1.0000000000
31988  -3.092  -78.288  2.140 0.6999999881
22668  -5.524  -77.503  4.806 1.0000000000
40514  -7.133  -77.592  4.717 1.0000000000
24400  -15.891  -76.421  10.561 1.0000000000
24402  -15.894  -77.627  10.035 1.0000000000
24401  -16.768  -76.756  9.383 1.0000000000
1396  -16.664  -75.624  9.857 1.0000000000
15708  -17.692  -75.849  8.802 1.0000000000
10091  -13.107  -77.752  4.980 1.0000000000
15707  -18.616  -75.014  8.290 1.0000000000
31974  -19.551  -74.087  7.859 0.8999999762
40510  -14.210  -77.333  4.636 1.0000000000
7124  -15.584  -76.914  4.262 1.0000000000
15712  -16.800  -77.187  4.977 1.0000000000
31980  -18.130  -76.376  4.689 1.0000000000
28563  -19.423  -75.506  4.433 1.0000000000
12910  -4.298  -70.746  11.761 0.8000000119
12912  -5.117  -71.319  11.309 0.6999999881
12913  -6.185  -72.097  11.525 0.8999999762
27853  -7.232  -72.974  12.094 0.8999999762
21460  -8.301  -74.002  12.778 0.8999999762
9611  -10.662  -73.933  12.700 0.8999999762
39071  -12.247  -77.109  13.140 1.0000000000
9603  -13.070  -75.922  12.565 1.0000000000
7127  -3.139  -78.569  3.193 0.8999999762
39070  -11.807  -74.953  12.870 1.0000000000
39044  -14.204  -76.684  12.045 1.0000000000
22667  -4.211  -77.420  4.661 0.8999999762
39043  -15.051  -75.675  11.276 1.0000000000
31987  -3.379  -77.254  4.173 0.8999999762
9602  -14.811  -74.054  11.001 1.0000000000
39042  -15.803  -74.850  10.515 1.0000000000
39039  -16.657  -74.038  9.758 1.0000000000
15706  -17.580  -74.741  9.200 1.0000000000
2512  -9.954  -76.766  4.705 1.0000000000
22664  -11.621  -77.138  4.718 1.0000000000
7120  -18.413  -73.872  8.694 0.8999999762
31972  -19.391  -72.918  8.241 0.8999999762
40486  -21.729  -72.786  6.816 0.8999999762
22666  -11.134  -75.954  4.180 1.0000000000
22665  -12.776  -76.578  4.260 1.0000000000
40511  -14.124  -76.236  3.803 1.0000000000
31981  -17.073  -76.207  3.947 1.0000000000
10084  -22.495  -73.064  5.162 1.0000000000
31982  -15.727  -75.782  3.437 1.0000000000
5629  -18.423  -75.456  3.668 1.0000000000
28564  -20.693  -74.497  4.269 1.0000000000
28565  -19.749  -74.570  3.436 1.0000000000
40489  -22.009  -73.383  4.206 1.0000000000
5233  -8.505  -72.012  11.490 0.8999999762
21461  -9.551  -72.988  12.126 0.8999999762
39067  -9.715  -71.231  10.381 0.8999999762
7128  -3.186  -75.262  3.171 0.4000000060
31989  -3.079  -76.998  3.263 0.5000000000
39068  -10.752  -72.197  11.105 1.0000000000
39069  -11.783  -73.090  11.744 1.0000000000
21441  -12.859  -73.976  12.029 1.0000000000
15718  -3.374  -76.732  2.158 0.5000000000
2349  -12.861  -72.203  10.639 1.0000000000
21440  -13.975  -74.863  11.851 1.0000000000
10093  -6.467  -76.288  4.975 1.0000000000
21439  -13.798  -73.079  11.057 1.0000000000
39041  -15.721  -73.211  10.184 1.0000000000
40515  -8.180  -76.528  4.643 1.0000000000
9601  -16.675  -72.364  9.510 1.0000000000
39038  -17.588  -73.190  9.195 0.6999999881
39037  -18.569  -72.250  8.674 0.8999999762
31973  -20.572  -73.020  7.531 1.0000000000
13308  -21.534  -71.799  7.343 0.8000000119
10092  -12.404  -75.308  3.583 1.0000000000
40512  -13.973  -74.952  3.220 1.0000000000
625  -15.674  -74.497  2.822 1.0000000000
40488  -23.549  -71.666  5.328 0.8999999762
13309  -17.176  -75.167  3.134 1.0000000000
13311  -17.129  -73.892  2.535 1.0000000000
13310  -18.657  -74.402  2.890 1.0000000000
5630  -21.159  -73.558  3.365 1.0000000000
40490  -23.208  -72.160  4.337 0.8999999762
22647  -21.625  -72.372  2.709 1.0000000000
12911  -5.664  -69.369  11.118 0.5000000000
27852  -7.390  -71.032  10.936 0.8999999762
27851  -8.619  -70.233  9.779 0.8999999762
9610  -10.876  -70.564  9.227 0.8999999762
39066  -11.907  -71.485  10.037 0.8999999762
1400  -3.764  -75.771  4.980 0.8999999762
21437  -13.848  -71.475  9.595 0.8999999762
39040  -15.766  -71.499  9.329 0.8999999762
21436  -16.729  -70.815  8.566 0.6999999881
40517  -7.589  -75.088  4.743 1.0000000000
40518  -9.275  -75.490  4.320 1.0000000000
21435  -17.636  -71.567  8.807 0.6999999881
39036  -19.483  -71.309  8.220 0.6999999881
40519  -10.540  -74.610  3.734 1.0000000000
570  -20.350  -71.809  7.875 0.6999999881
5628  -22.598  -71.473  6.879 0.6999999881
40487  -22.717  -72.341  6.105 0.8000000119
40520  -12.122  -74.023  3.180 1.0000000000
40521  -13.709  -73.597  2.821 1.0000000000
13313  -15.448  -73.144  2.355 1.0000000000
22648  -22.554  -72.426  3.490 1.0000000000
28566  -20.163  -73.481  2.693 1.0000000000
5232  -6.396  -70.068  10.608 0.6999999881
27850  -7.681  -69.186  9.677 0.8000000119
27840  -12.960  -70.786  8.842 1.0000000000
31990  -3.167  -75.509  4.271 0.8000000119
22669  -4.929  -76.031  5.212 0.8999999762
5225  -14.899  -70.812  8.729 0.6999999881
27837  -15.985  -70.287  7.980 0.6999999881
21434  -17.785  -70.228  8.119 0.6999999881
9600  -18.585  -70.809  8.407 0.6999999881
13306  -21.188  -70.782  7.729 0.6000000238
13307  -22.324  -70.537  7.383 0.6000000238
39027  -20.356  -70.388  8.073 0.6000000238
5626  -21.910  -69.621  7.843 0.6000000238
22673  -10.095  -73.176  3.490 0.8999999762
28561  -23.362  -70.125  6.944 0.6999999881
28562  -23.678  -70.915  6.213 0.8000000119
10095  -11.686  -72.673  3.018 1.0000000000
22639  -24.260  -69.428  6.478 0.8000000119
40522  -13.419  -72.227  2.439 1.0000000000
5633  -15.301  -71.723  1.968 1.0000000000
13312  -17.216  -72.549  1.973 1.0000000000
28569  -18.987  -71.786  1.701 1.0000000000
28567  -20.461  -72.173  2.083 1.0000000000
22649  -23.034  -71.114  2.777 1.0000000000
10085  -23.808  -70.994  3.562 0.8999999762
40491  -24.252  -70.663  4.516 0.8999999762
2509  -24.420  -70.112  5.584 0.8000000119
5631  -18.877  -73.129  2.234 1.0000000000
27849  -7.092  -68.420  10.558 0.5000000000
21457  -10.379  -67.871  8.542 0.1000000015
9609  -11.856  -67.760  8.645 0.2000000030
2351  -8.993  -68.391  8.914 0.6000000238
21459  -9.863  -69.507  8.650 0.6000000238
21458  -11.052  -68.859  7.742 0.6999999881
39065  -11.992  -69.949  8.148 0.6999999881
31991  -3.089  -73.763  4.002 0.5000000000
28577  -3.427  -73.981  4.984 0.6999999881
40516  -6.015  -74.707  5.327 0.6999999881
27839  -14.095  -70.233  7.977 0.8000000119
27836  -16.553  -69.232  6.993 0.6000000238
2348  -17.132  -69.721  7.570 0.6000000238
21432  -18.222  -69.193  7.479 0.6999999881
22671  -7.106  -73.526  4.885 1.0000000000
10094  -8.723  -74.034  4.191 1.0000000000
22672  -8.303  -72.522  4.217 0.8999999762
21433  -18.768  -69.574  7.952 0.6999999881
39035  -19.489  -69.980  8.134 0.6000000238
22674  -9.660  -71.751  3.558 1.0000000000
9597  -20.334  -69.166  8.179 0.5000000000
39026  -21.074  -69.409  8.192 0.5000000000
22675  -11.197  -71.241  2.924 1.0000000000
28558  -22.389  -68.290  8.054 0.5000000000
28560  -22.941  -69.199  7.546 0.5000000000
40523  -13.015  -70.774  2.245 1.0000000000
28570  -17.189  -71.164  1.534 1.0000000000
28568  -20.699  -70.776  1.556 1.0000000000
2510  -22.028  -71.044  2.108 1.0000000000
40492  -24.860  -69.474  3.749 0.8999999762
28571  -15.027  -70.321  1.687 1.0000000000
5632  -19.052  -70.371  1.226 1.0000000000
22653  -22.215  -69.574  1.465 1.0000000000
22651  -23.484  -69.738  2.084 0.8999999762
22643  -25.146  -69.084  4.907 0.8999999762
22641  -25.043  -68.581  5.879 0.6999999881
10086  -24.660  -68.315  2.150 0.8999999762
21453  -8.571  -67.872  10.233 0.1000000015
21455  -10.109  -67.769  10.199 0.1000000015
5226  -13.207  -69.366  7.222 0.5000000000
12905  -14.514  -68.764  6.766 0.4000000060
28578  -4.426  -74.421  5.454 0.6999999881
5638  -5.463  -73.026  5.441 0.8000000119
22676  -9.112  -70.306  3.807 1.0000000000
10096  -10.756  -69.834  2.974 1.0000000000
28559  -23.306  -67.834  7.881 0.5000000000
22640  -24.696  -67.925  6.820 0.6999999881
40524  -12.601  -69.342  2.107 1.0000000000
22654  -17.011  -69.727  1.159 1.0000000000
22642  -25.684  -67.496  5.290 0.8000000119
2511  -14.827  -68.908  1.480 1.0000000000
22656  -17.008  -68.396  0.874 1.0000000000
22655  -19.086  -68.977  0.826 1.0000000000
40498  -20.833  -69.320  1.091 1.0000000000
40493  -25.276  -68.249  3.053 0.8999999762
10083  -25.701  -67.901  4.131 0.8000000119
39064  -12.253  -68.288  7.201 0.2000000030
5637  -3.234  -72.234  4.760 0.4000000060
28579  -3.986  -72.563  5.424 0.6999999881
12904  -15.078  -67.851  7.722 0.4000000060
28580  -4.876  -71.289  5.437 0.8000000119
22670  -6.590  -71.839  5.073 0.8999999762
2513  -7.849  -70.964  4.453 0.8999999762
40527  -12.548  -67.989  2.104 1.0000000000
40499  -20.822  -67.920  0.655 1.0000000000
10087  -22.315  -68.090  0.964 1.0000000000
22652  -23.650  -68.258  1.457 1.0000000000
40495  -24.776  -66.926  1.614 1.0000000000
40494  -25.541  -66.888  2.476 0.8000000119
40484  -26.109  -66.368  4.643 0.8000000119
31992  -3.287  -72.156  3.617 0.5000000000
13318  -3.691  -70.837  5.048 0.6000000238
40526  -10.410  -68.429  3.086 1.0000000000
40528  -12.629  -66.779  2.059 1.0000000000
22658  -14.814  -67.611  1.330 1.0000000000
10088  -19.031  -67.579  0.516 1.0000000000
40496  -23.639  -66.871  0.923 1.0000000000
22657  -17.003  -67.059  0.712 0.8999999762
40501  -19.011  -66.105  0.326 1.0000000000
40500  -20.892  -66.528  0.353 1.0000000000
40497  -22.393  -66.763  0.578 1.0000000000
3511  -24.744  -65.512  1.225 0.8999999762
11191  -25.588  -65.443  2.028 0.8999999762
28581  -5.971  -70.210  5.172 1.0000000000
15720  -3.422  -73.688  2.766 0.3000000119
28582  -7.173  -69.408  4.644 1.0000000000
10097  -10.337  -67.096  3.091 1.0000000000
10089  -14.953  -66.389  1.260 0.8999999762
24751  -23.659  -65.400  0.571 0.8999999762
40502  -17.091  -65.709  0.647 0.8999999762
16291  -20.824  -64.955  0.148 1.0000000000
1531  -22.318  -65.271  0.274 0.8999999762
13317  -3.350  -70.624  4.238 0.5000000000
5639  -4.342  -69.608  5.149 0.6000000238
28583  -5.352  -68.618  4.939 0.8000000119
31993  -3.697  -70.690  3.082 0.3000000119
40525  -8.627  -68.913  4.026 1.0000000000
22678  -8.364  -67.514  4.032 0.8000000119
22679  -8.464  -66.213  3.776 0.6999999881
22680  -10.639  -65.884  2.888 0.8000000119
40529  -12.816  -65.606  1.864 0.8000000119
16287  -23.857  -64.024  0.479 0.8999999762
40503  -15.007  -65.146  1.117 0.8999999762
7411  -18.999  -64.707  0.238 1.0000000000
16289  -22.600  -63.869  0.111 0.8999999762
16290  -21.144  -63.598  0.055 0.8999999762
5640  -6.686  -67.958  4.634 0.6999999881
22677  -6.662  -66.637  4.379 0.6999999881
32731  -17.022  -64.358  0.552 0.8999999762
32730  -19.473  -63.376  0.057 0.8999999762
2907  -19.967  -62.050  -0.183 0.8000000119
13319  -3.723  -69.349  4.505 0.3000000119
13320  -4.353  -68.206  4.539 0.6999999881
626  -3.751  -69.290  3.549 0.3000000119
28584  -5.311  -67.245  4.584 0.6999999881
2514  -7.110  -65.622  3.918 0.6999999881
22681  -8.957  -65.220  3.367 0.6999999881
10098  -11.022  -64.832  2.375 0.6999999881
40530  -13.053  -64.518  1.443 0.6999999881
91  -15.126  -63.902  0.706 0.6999999881
10589  -15.766  -62.707  0.177 0.6999999881
10587  -17.652  -63.117  0.111 0.8000000119
10588  -18.296  -61.755  -0.209 0.6999999881
13321  -4.125  -68.041  3.745 0.3000000119
5641  -4.754  -66.965  3.997 0.6999999881
28585  -5.687  -66.166  4.107 0.6999999881
22683  -7.783  -64.646  3.345 0.5000000000
22682  -9.542  -64.209  2.733 0.6000000238
40531  -11.389  -63.912  1.712 0.6000000238
10591  -13.217  -63.351  0.914 0.6999999881
10590  -14.029  -62.154  0.314 0.5000000000
2909  -16.553  -61.330  -0.215 0.5000000000
23666  -18.997  -60.270  -0.479 0.5000000000
13323  -4.291  -68.027  2.770 0.1000000015
13322  -4.712  -66.785  3.129 0.3000000119
28588  -5.494  -65.669  2.574 0.2000000030
28586  -6.395  -65.190  3.561 0.3000000119
5642  -6.162  -64.779  2.834 0.1000000015
22685  -6.862  -63.668  2.297 0.1000000015
10099  -8.359  -63.441  2.716 0.3000000119
40532  -9.967  -63.003  1.947 0.5000000000
2911  -11.676  -62.618  1.077 0.5000000000
23670  -12.576  -61.404  0.462 0.5000000000
23669  -15.007  -60.835  -0.112 0.5000000000
23667  -17.538  -59.917  -0.492 0.4000000060
23668  -16.120  -59.464  -0.457 0.3000000119
10100  -7.718  -62.450  1.481 0.1000000015
40535  -7.857  -62.815  2.259 0.2000000030
23671  -10.473  -61.637  1.196 0.4000000060
2910  -13.722  -60.109  0.019 0.3000000119
14486  -17.050  -58.061  -1.081 0.2000000030
40533  -9.019  -62.092  1.838 0.2000000030
991  -9.706  -60.760  1.099 0.3000000119
14487  -11.480  -60.393  0.624 0.3000000119
14488  -12.622  -59.172  0.166 0.3000000119
30266  -14.903  -58.810  -0.459 0.3000000119
30267  -13.640  -58.016  -0.430 0.2000000030
30265  -14.567  -56.845  -1.355 0.2000000030
30268  -12.629  -57.069  -0.643 0.2000000030
18977  -15.310  -55.635  -2.442 0.2000000030
990  -13.448  -55.938  -1.552 0.2000000030
26364  -12.699  -55.078  -2.028 0.2000000030
18979  -14.308  -54.700  -2.667 0.1000000015
27920  -12.749  -102.695  -0.942 0.3000000119
22686  -7.103  -63.587  1.357 0.1000000015
14453  -18.204  -98.379  -16.662 0.6000000238
40505  -14.704  -79.991  8.084 1.0000000000
31975  -19.573  -75.013  7.274 0.8999999762
21438  -14.774  -72.325  10.138 1.0000000000
27838  -15.294  -69.719  7.256 0.6999999881
22650  -24.290  -69.696  2.840 0.8999999762
21430  -17.718  -68.714  6.974 0.5000000000
5627  -23.877  -68.631  7.249 0.5000000000
39034  -19.716  -68.876  7.807 0.5000000000
9599  -19.124  -68.587  7.401 0.6000000238
10082  -25.407  -67.030  6.343 0.6999999881
40485  -25.992  -66.696  3.510 0.8000000119
12906  -13.740  -67.957  7.339 0.4000000060
23665  -20.386  -60.525  -0.420 0.6000000238
28587  -5.376  -65.851  3.380 0.5000000000
40534  -7.128  -64.103  3.019 0.4000000060
22684  -6.289  -64.609  1.908 0.1000000015
6389  -15.775  -57.622  -1.244 0.2000000030
4408  -12.260  -54.254  -2.662 0.1000000015
36077  -13.585  -53.800  -2.956 0.1000000015
39232  -18.106  -101.418  -3.434 0.3000000119
21576  -16.631  -102.106  -3.795 0.4000000060
9657  -18.043  -101.631  -4.750 0.5000000000
39233  -19.333  -100.990  -4.465 0.4000000060
21563  -6.421  -100.677  6.300 0.6999999881
9652  -7.093  -100.944  4.726 0.8000000119
39207  -19.226  -100.950  -5.959 0.5000000000
39190  -5.818  -99.975  7.049 0.6999999881
39234  -20.494  -100.337  -5.989 0.6000000238
12946  -5.499  -99.151  7.442 0.6999999881
12944  -5.330  -98.366  7.865 0.8999999762
12942  -4.783  -97.644  9.136 0.6999999881
12943  -5.109  -97.181  8.356 0.8999999762
18871  -11.154  -97.128  -12.721 0.6000000238
1993  -12.113  -97.165  -13.556 0.5000000000
24406  -3.246  -79.456  0.986 0.4000000060
3320  -3.550  -77.985  0.986 0.4000000060
12903  -16.259  -67.868  8.098 0.1000000015
5224  -15.758  -68.393  6.806 0.3000000119
27835  -16.954  -68.138  7.056 0.2000000030
39063  -13.261  -67.764  8.870 0.2000000030
5223  -17.922  -67.880  7.379 0.1000000015
21425  -20.981  -68.123  8.102 0.4000000060
39025  -21.631  -68.236  8.213 0.3000000119
21431  -18.601  -68.171  7.041 0.1000000015
39033  -20.006  -67.796  7.360 0.1000000015
21426  -20.490  -67.996  7.789 0.1000000015
21424  -20.995  -66.922  7.828 0.2000000030
9596  -21.512  -66.999  8.065 0.2000000030
39024  -22.010  -66.947  8.210 0.3000000119
39023  -21.557  -65.759  8.104 0.1000000015
2346  -22.657  -66.951  8.199 0.2000000030
22638  -23.444  -66.421  8.107 0.3000000119
40480  -24.233  -67.188  7.601 0.4000000060
39021  -22.106  -65.716  8.179 0.2000000030
22636  -22.718  -65.607  8.254 0.2000000030
10081  -24.150  -65.750  7.883 0.2000000030
40481  -24.956  -66.480  7.252 0.4000000060
22637  -23.304  -64.965  8.176 0.2000000030
40477  -22.819  -63.642  8.040 0.2000000030
2611  -23.095  -62.940  7.775 0.1000000015
40479  -24.780  -64.884  7.555 0.2000000030
691  -25.126  -63.808  7.093 0.1000000015
40482  -25.579  -65.395  6.799 0.4000000060
40483  -25.965  -65.935  5.777 0.4000000060
211  -26.141  -65.349  2.989 0.6999999881
24750  -24.852  -64.055  1.131 0.8000000119
23131  -24.131  -63.317  7.562 0.2000000030
13591  -25.874  -64.255  6.331 0.1000000015
13589  -25.002  -62.593  6.848 0.1000000015
13590  -25.755  -62.994  6.112 0.2000000030
29011  -26.362  -65.039  4.143 0.4000000060
11190  -25.623  -63.980  1.947 0.6999999881
29010  -26.150  -63.309  5.170 0.3000000119
11189  -26.206  -63.774  3.014 0.4000000060
3507  -25.927  -61.897  5.130 0.3000000119
11187  -26.331  -63.597  4.102 0.2000000030
3509  -26.074  -62.454  3.031 0.4000000060
24748  -25.323  -61.031  1.920 0.3000000119
24747  -25.662  -60.989  2.917 0.3000000119
32726  -24.740  -61.154  1.002 0.5000000000
24749  -25.487  -62.549  1.999 0.5000000000
32729  -21.398  -62.193  -0.133 0.6000000238
16288  -23.945  -62.557  0.505 0.4000000060
3510  -24.810  -62.604  1.126 0.5000000000
32728  -22.873  -60.934  -0.020 0.5000000000
23663  -21.731  -60.748  -0.278 0.6000000238
39020  -21.821  -64.452  8.162 0.2000000030
40478  -23.789  -64.299  7.934 0.2000000030
5851  -26.265  -64.694  5.226 0.4000000060
13587  -23.901  -62.248  7.273 0.1000000015
11188  -26.155  -62.199  4.079 0.3000000119
7410  -22.760  -62.406  0.069 0.6000000238
24746  -25.695  -60.787  4.022 0.4000000060
32727  -23.881  -61.083  0.407 0.4000000060
21564  -7.123  -101.373  5.347 0.5000000000
6903  -6.095  -100.193  7.602 0.3000000119
12940  -5.001  -97.749  9.810 0.4000000060
5260  -4.858  -96.461  11.040 0.3000000119
27902  -4.214  -95.181  11.955 0.2000000030
12941  -4.315  -96.587  10.452 0.4000000060
27901  -4.361  -93.581  13.662 0.1000000015
18872  -10.783  -96.217  -12.313 0.4000000060
35947  -10.915  -95.335  -12.000 0.5000000000
18873  -11.749  -96.298  -12.912 0.4000000060
8562  -11.825  -95.324  -12.302 0.4000000060
15729  -10.973  -94.644  -11.115 0.2000000030
34297  -4.256  -81.340  -2.124 0.3000000119
35948  -11.934  -94.566  -11.267 0.4000000060
31468  -6.112  -99.305  8.350 0.2000000030
12050  -14.894  -97.267  -15.508 0.5000000000
31467  -5.531  -99.530  7.998 0.3000000119
4371  -14.475  -96.749  -15.057 0.6000000238
6902  -6.380  -98.155  9.029 0.1000000015
31466  -5.605  -98.658  8.893 0.1000000015
576  -5.191  -98.694  8.479 0.3000000119
7390  -22.138  -99.397  -7.864 0.3000000119
35949  -12.831  -95.467  -12.535 0.3000000119
26301  -14.444  -96.165  -14.098 0.3000000119
31465  -5.604  -97.376  10.029 0.1000000015
32676  -21.770  -99.178  -9.789 0.3000000119
7391  -21.353  -98.744  -11.773 0.5000000000
1405  -8.124  -91.463  -12.316 0.2000000030
39161  -4.039  -85.149  13.924 0.2000000030
21539  -4.120  -87.246  14.851 0.1000000015
39160  -4.572  -83.838  15.708 0.1000000015
6888  -4.246  -83.375  14.390 0.3000000119
15321  -4.757  -81.961  15.974 0.1000000015
15320  -4.242  -81.688  14.696 0.1000000015
15319  -4.505  -80.063  16.007 0.1000000015
6887  -3.854  -80.081  14.728 0.2000000030
3319  -3.980  -80.176  -1.117 0.1000000015
7988  -4.495  -82.363  -3.200 0.1000000015
24407  -3.714  -79.172  -0.167 0.2000000030
7129  -3.882  -72.151  2.399 0.2000000030
24745  -25.441  -60.580  5.018 0.2000000030
16280  -25.138  -59.340  3.969 0.1000000015
1530  -25.159  -59.456  3.007 0.1000000015
32724  -24.075  -57.989  1.115 0.1000000015
7409  -24.502  -59.540  1.072 0.1000000015
16286  -24.992  -59.512  1.997 0.1000000015
32725  -23.745  -59.463  0.373 0.1000000015
16284  -24.556  -57.964  3.134 0.1000000015
14477  -23.518  -57.901  0.372 0.1000000015
987  -22.862  -59.354  -0.080 0.2000000030
23664  -21.848  -59.236  -0.389 0.2000000030
11000  -4.752  -78.920  -0.831 0.2000000030
26300  -12.955  -96.333  -13.486 0.3000000119
16285  -24.456  -57.954  2.094 0.1000000015
14479  -22.747  -57.778  -0.252 0.1000000015
7392  -22.780  -97.321  -10.521 0.3000000119
32678  -22.786  -97.207  -12.719 0.3000000119
32677  -22.050  -98.144  -11.224 0.3000000119
18879  -22.062  -97.973  -13.401 0.3000000119
35959  -20.921  -97.971  -16.737 0.4000000060
35958  -22.249  -97.649  -16.571 0.3000000119
18885  -20.200  -96.609  -17.189 0.3000000119
8566  -20.607  -97.349  -17.280 0.3000000119
35972  -18.641  -96.003  -15.171 0.2000000030
35963  -18.588  -96.441  -16.284 0.3000000119
14489  -10.680  -59.488  0.568 0.2000000030
14490  -10.200  -58.808  0.189 0.2000000030
12051  -15.856  -96.577  -15.540 0.4000000060
6390  -11.706  -58.302  0.096 0.2000000030
1275  -7.577  -101.593  6.106 0.2000000030
27913  -8.425  -102.039  5.298 0.2000000030
27914  -7.797  -101.898  4.416 0.2000000030
31475  -10.163  -102.032  5.319 0.2000000030
27915  -8.755  -102.229  3.433 0.2000000030
5267  -9.421  -102.211  4.478 0.2000000030
12948  -9.915  -102.424  2.619 0.2000000030
12947  -10.701  -102.196  3.704 0.2000000030
12949  -11.354  -102.528  2.006 0.2000000030
12951  -12.774  -102.523  1.738 0.2000000030
39226  -14.232  -102.344  1.538 0.1000000015
9663  -14.984  -101.780  2.416 0.1000000015
21591  -15.612  -100.941  3.344 0.1000000015
21593  -15.643  -101.827  1.315 0.1000000015
21590  -16.878  -100.484  3.231 0.1000000015
21592  -16.366  -101.353  2.228 0.1000000015
9664  -16.510  -101.443  -0.014 0.1000000015
21588  -18.109  -99.839  3.129 0.1000000015
21594  -17.291  -101.315  1.115 0.1000000015
39230  -17.437  -100.952  -1.113 0.2000000030
2369  -17.785  -100.839  2.150 0.1000000015
39231  -16.744  -101.519  -2.605 0.3000000119
39229  -18.236  -100.942  0.058 0.1000000015
21596  -19.028  -100.454  -0.850 0.2000000030
27932  -18.894  -100.866  1.155 0.1000000015
9594  -22.423  -64.347  8.201 0.1000000015
39019  -21.323  -63.272  8.296 0.1000000015
10291  -22.050  -62.424  7.938 0.1000000015
39018  -21.852  -63.099  8.168 0.1000000015
21562  -6.831  -100.888  6.815 0.2000000030
31469  -6.647  -100.059  7.866 0.2000000030
12052  -15.854  -96.138  -14.464 0.2000000030
24414  -13.007  -93.109  -9.130 0.1000000015
1404  -11.828  -93.994  -10.195 0.2000000030
35951  -13.020  -93.872  -10.253 0.2000000030
18875  -14.227  -94.621  -11.845 0.2000000030
4372  -14.261  -95.561  -12.845 0.2000000030
26302  -15.755  -95.724  -13.055 0.2000000030
12053  -17.236  -96.196  -14.821 0.1000000015
8563  -14.290  -93.676  -10.479 0.2000000030
5655  -6.689  -87.800  -8.722 0.1000000015
28610  -7.158  -88.126  -10.314 0.1000000015
28611  -8.497  -86.985  -9.507 0.1000000015
5654  -7.478  -88.249  -11.840 0.1000000015
15719  -3.799  -75.038  2.011 0.1000000015
15721  -4.314  -73.668  1.668 0.1000000015
15723  -5.411  -73.758  0.566 0.1000000015
1401  -4.709  -74.986  1.061 0.1000000015
15722  -4.879  -72.496  1.255 0.1000000015
31998  -6.638  -73.783  -0.482 0.1000000015
24410  -5.853  -75.037  0.149 0.1000000015
31422  -5.425  -70.077  13.847 0.1000000015
5230  -5.370  -69.388  12.505 0.1000000015
27848  -6.920  -68.572  12.044 0.1000000015
2908  -20.758  -58.925  -0.684 0.1000000015
14491  -9.360  -60.086  0.578 0.1000000015
14480  -19.570  -58.653  -0.869 0.1000000015
14481  -20.945  -57.341  -1.244 0.1000000015
14482  -19.964  -57.126  -1.561 0.1000000015
989  -18.366  -58.374  -0.953 0.1000000015
6386  -21.159  -55.789  -1.841 0.1000000015
14484  -18.849  -56.874  -1.776 0.1000000015
14483  -20.274  -55.647  -2.254 0.1000000015
14485  -17.672  -56.632  -2.047 0.1000000015
6387  -19.212  -55.388  -2.657 0.1000000015
26363  -11.864  -56.232  -1.051 0.1000000015
30264  -16.520  -56.212  -2.285 0.1000000015
6388  -17.243  -54.687  -3.300 0.1000000015
24409  -5.136  -76.302  0.244 0.1000000015
35950  -13.003  -94.477  -11.532 0.2000000030
4373  -17.349  -95.798  -13.321 0.1000000015
35973  -18.762  -95.463  -13.739 0.1000000015
30269  -11.059  -57.405  -0.439 0.1000000015
5279  -22.651  -99.628  0.124 0.1000000015
27937  -23.202  -99.132  -0.868 0.1000000015
27934  -21.350  -100.236  0.087 0.1000000015
18884  -21.856  -96.191  -17.356 0.1000000015
27935  -22.132  -99.732  -0.924 0.2000000030
18883  -22.148  -97.011  -17.318 0.1000000015
4375  -23.623  -96.738  -16.890 0.1000000015
18882  -23.460  -95.965  -17.311 0.1000000015
27936  -22.841  -98.967  -1.936 0.2000000030
21601  -22.266  -98.850  -3.128 0.2000000030
18881  -22.210  -98.030  -15.218 0.2000000030
26305  -23.522  -97.260  -16.004 0.1000000015
26307  -25.086  -95.801  -16.902 0.1000000015
39238  -23.608  -98.374  -3.051 0.2000000030
5278  -19.830  -100.526  0.138 0.2000000030
39239  -24.639  -98.446  -4.085 0.1000000015
9665  -18.398  -100.791  -2.189 0.2000000030
21597  -19.894  -100.111  -2.003 0.2000000030
21595  -20.554  -100.062  -0.807 0.2000000030
9667  -23.194  -98.647  -4.341 0.2000000030
39237  -24.045  -98.791  -5.596 0.1000000015
39240  -25.500  -98.410  -5.090 0.1000000015
24724  -25.734  -98.003  -6.470 0.1000000015
1523  -23.184  -97.370  -14.598 0.2000000030
2370  -21.488  -99.444  -1.920 0.2000000030
1522  -24.516  -98.394  -6.887 0.1000000015
24725  -24.744  -97.492  -7.918 0.1000000015
21599  -20.965  -99.665  -3.186 0.2000000030
21598  -19.579  -100.611  -3.226 0.2000000030
24726  -25.881  -97.189  -7.526 0.1000000015
9666  -20.709  -100.204  -4.468 0.2000000030
39235  -21.625  -99.742  -6.118 0.2000000030
16247  -22.576  -98.548  -9.270 0.2000000030
32679  -23.754  -96.769  -9.682 0.1000000015
26304  -24.709  -96.905  -15.039 0.1000000015
21600  -21.889  -99.351  -4.413 0.2000000030
39236  -22.738  -99.160  -5.917 0.2000000030
16246  -23.232  -98.861  -7.482 0.2000000030
16250  -24.696  -96.361  -10.919 0.1000000015
16248  -23.604  -97.873  -8.548 0.2000000030
32680  -23.639  -96.545  -11.881 0.1000000015
3497  -24.894  -96.606  -8.915 0.1000000015
16249  -25.708  -96.156  -9.944 0.1000000015
29009  -25.437  -61.655  6.040 0.1000000015
15731  -10.723  -93.674  -10.244 0.1000000015
7136  -9.801  -92.989  -10.755 0.1000000015
15717  -4.109  -76.422  1.074 0.1000000015
24408  -4.403  -77.763  0.090 0.1000000015
31471  -8.548  -99.784  8.557 0.1000000015
6904  -7.418  -99.838  8.100 0.1000000015
1276  -11.179  -101.086  9.220 0.1000000015
15349  -10.201  -101.234  8.229 0.1000000015
15351  -11.188  -101.380  7.705 0.1000000015
15350  -10.173  -101.650  6.756 0.1000000015
15347  -10.310  -100.635  9.504 0.1000000015
6905  -9.131  -101.442  7.454 0.1000000015
31470  -7.404  -100.924  7.315 0.1000000015
6906  -11.152  -101.613  6.142 0.1000000015
31476  -11.488  -101.837  4.507 0.1000000015
31474  -9.187  -101.998  6.091 0.1000000015
31473  -8.249  -101.633  6.731 0.1000000015
15345  -6.851  -98.916  8.400 0.1000000015
5280  -23.700  -98.367  -1.783 0.1000000015
15348  -9.233  -100.705  8.594 0.1000000015
39167  -3.425  -90.398  14.965 0.1000000015
39166  -3.697  -92.082  14.593 0.1000000015
39168  -3.675  -88.865  14.899 0.1000000015
15318  -3.825  -78.226  15.768 0.1000000015
31472  -8.210  -100.880  7.952 0.1000000015
31429  -3.112  -76.348  15.281 0.1000000015
577  -12.110  -102.125  3.025 0.1000000015
