#!ascii label  , from subject fsaverage6 vox2ras=TkReg 
1210
1832  4.872  -30.901  70.764 0.6250000000
25679  4.905  -29.605  71.469 0.6250000000
25681  4.289  -29.253  71.456 0.5000000000
25680  4.289  -30.452  70.930 0.6250000000
17835  5.516  -31.363  70.348 0.6250000000
17839  4.284  -31.792  70.391 0.5000000000
34684  3.722  -31.424  70.381 0.2500000000
17837  4.867  -32.300  70.128 0.5000000000
17841  3.213  -31.058  70.039 0.2500000000
8125  3.695  -32.789  70.014 0.3750000000
17838  4.242  -33.169  69.955 0.5000000000
34685  3.229  -32.351  69.808 0.2500000000
8126  2.802  -32.027  69.155 0.2500000000
17832  7.609  -28.646  71.111 0.6250000000
34675  6.841  -29.480  70.829 0.6250000000
4026  6.265  -29.132  71.584 0.6250000000
8122  7.413  -29.797  69.773 0.6250000000
34676  6.721  -30.825  69.565 0.6250000000
17834  6.131  -30.399  70.579 0.6250000000
17833  5.500  -29.996  71.183 0.6250000000
8123  6.038  -31.931  69.474 0.6250000000
17842  2.951  -30.698  69.269 0.2500000000
4028  3.722  -30.127  70.783 0.2500000000
34677  6.519  -32.512  68.331 0.6250000000
17836  5.440  -32.864  69.557 0.6250000000
17843  2.653  -31.651  68.251 0.2500000000
34683  3.221  -33.779  69.692 0.2500000000
34686  2.803  -33.462  69.191 0.3750000000
34680  4.736  -35.433  69.438 0.2500000000
5884  3.700  -35.704  70.009 0.3750000000
34671  5.526  -36.110  69.066 0.2500000000
13647  2.859  -36.683  69.619 0.3750000000
6159  8.955  -27.979  70.057 0.6250000000
17831  8.173  -28.849  69.930 0.6250000000
34674  7.146  -31.406  68.245 0.7500000000
17710  2.895  -30.364  68.357 0.2500000000
34673  7.800  -30.286  68.312 1.0000000000
34678  5.925  -33.598  68.592 0.7500000000
8124  4.823  -33.748  69.600 0.5000000000
1831  6.933  -33.062  67.178 0.8750000000
17829  6.406  -34.158  67.584 0.5000000000
34681  4.196  -34.727  69.795 0.5000000000
34687  2.542  -33.093  68.329 0.2500000000
8121  5.954  -35.235  68.205 0.3750000000
8071  2.770  -31.326  67.215 0.2500000000
25674  7.550  -31.910  66.948 1.0000000000
34525  2.824  -32.388  66.209 0.2500000000
34688  2.569  -32.757  67.268 0.2500000000
17825  7.400  -33.518  66.127 0.8750000000
17827  6.960  -34.644  66.746 0.5000000000
17818  9.718  -33.095  62.907 0.3750000000
1830  9.436  -34.131  63.730 0.1250000000
25671  8.636  -33.993  64.412 0.3750000000
4023  7.942  -33.777  65.206 0.3750000000
25670  8.995  -32.938  63.775 0.5000000000
17819  10.629  -33.261  62.170 0.5000000000
29726  10.216  -27.550  68.457 0.5000000000
29727  9.364  -28.351  68.502 0.6250000000
34672  8.548  -29.229  68.408 0.7500000000
11704  8.878  -29.764  66.860 0.8750000000
4024  8.195  -30.812  66.885 1.0000000000
25673  7.936  -32.365  65.797 1.0000000000
25672  8.406  -32.746  64.693 0.7500000000
4022  9.001  -31.545  64.404 0.7500000000
17817  11.449  -31.134  60.792 0.3750000000
34657  11.000  -32.181  61.391 0.5000000000
25669  9.569  -31.787  63.313 0.7500000000
8116  11.857  -32.326  60.642 0.2500000000
4021  10.195  -32.024  62.270 0.5000000000
29725  11.123  -26.716  68.478 0.5000000000
4018  11.538  -26.986  66.856 0.5000000000
374  9.706  -28.807  66.863 0.7500000000
11702  9.238  -30.187  65.483 0.8750000000
11703  8.558  -31.215  65.577 1.0000000000
11701  9.706  -30.554  64.125 0.7500000000
25668  10.183  -30.785  62.914 0.8750000000
25667  10.761  -30.997  61.791 0.6250000000
25663  12.812  -26.256  65.275 0.6250000000
25664  11.911  -27.147  65.356 0.7500000000
11698  10.594  -27.852  66.879 0.7500000000
11699  10.967  -28.150  65.353 0.8750000000
4020  10.461  -29.480  63.987 0.8750000000
25666  10.908  -29.706  62.736 0.8750000000
8115  12.854  -30.202  59.363 0.3750000000
17815  12.115  -30.052  60.367 0.7500000000
34644  14.317  -29.353  58.021 0.1250000000
34652  13.562  -29.130  59.019 0.5000000000
861  13.260  -25.300  66.627 0.5000000000
4019  12.279  -27.417  63.892 0.7500000000
34648  13.240  -26.373  63.900 0.7500000000
25665  11.295  -28.460  63.938 0.8750000000
17812  12.763  -27.396  62.617 0.8750000000
17811  11.741  -28.611  62.541 0.8750000000
17814  12.816  -29.004  60.036 0.7500000000
1829  11.422  -29.907  61.488 0.8750000000
29715  15.134  -29.764  57.177 0.2500000000
17810  13.701  -25.432  65.118 0.5000000000
34649  13.762  -26.510  62.542 0.8750000000
8113  14.294  -25.571  63.756 0.5000000000
8114  13.220  -27.538  61.302 1.0000000000
34651  13.784  -27.726  60.008 0.7500000000
34643  15.034  -28.566  57.667 0.7500000000
8112  14.363  -28.220  58.764 0.7500000000
34646  15.457  -24.808  63.713 0.6250000000
34647  14.918  -25.661  62.540 0.7500000000
34650  14.294  -26.671  61.257 0.8750000000
17805  15.879  -26.206  59.803 0.8750000000
17807  14.765  -26.983  59.831 0.8750000000
34642  15.994  -27.681  57.456 0.8750000000
17806  15.327  -27.247  58.653 1.0000000000
29765  22.744  -28.595  51.501 0.1250000000
14130  21.885  -28.840  52.023 0.5000000000
14129  21.500  -27.774  51.996 0.7500000000
1828  15.372  -25.899  61.158 0.7500000000
17803  16.589  -25.256  61.178 0.8750000000
8111  16.349  -26.598  58.506 0.8750000000
17804  16.980  -25.546  59.839 0.8750000000
34641  17.007  -26.890  57.401 0.8750000000
14092  17.547  -28.398  55.522 0.7500000000
14094  16.671  -28.173  56.355 0.8750000000
870  23.965  -27.142  50.295 0.2500000000
25715  23.567  -28.299  51.077 0.2500000000
29764  23.104  -27.271  50.746 0.5000000000
6174  22.309  -27.444  51.358 0.6250000000
857  20.741  -27.961  52.728 0.7500000000
34640  17.543  -25.872  58.572 0.8750000000
23433  18.687  -26.443  56.169 0.8750000000
34638  18.130  -26.070  57.366 0.8750000000
859  17.689  -27.270  56.220 0.7500000000
23432  19.312  -26.597  55.156 0.7500000000
14090  18.391  -27.489  55.265 0.7500000000
2778  19.151  -27.684  54.423 0.7500000000
14127  21.369  -26.570  52.496 0.7500000000
23429  20.690  -26.749  53.280 0.7500000000
29761  23.650  -25.879  50.386 0.7500000000
29763  22.855  -26.021  50.996 0.8750000000
14128  22.105  -26.272  51.722 0.8750000000
8110  18.745  -25.172  58.697 0.8750000000
23431  19.989  -26.695  54.238 0.7500000000
2777  20.854  -25.677  54.140 0.7500000000
6173  23.638  -24.659  50.928 0.8750000000
29762  22.909  -24.860  51.707 0.8750000000
6167  32.517  -21.576  62.711 0.3750000000
14117  30.993  -21.805  61.984 0.6250000000
867  29.198  -21.677  61.063 0.6250000000
6168  33.782  -21.702  60.800 0.5000000000
29750  32.298  -22.086  60.221 0.6250000000
14118  31.680  -21.965  61.015 0.7500000000
32272  28.273  -21.615  61.669 0.6250000000
2787  25.187  -21.806  58.619 0.8750000000
32274  24.396  -22.003  59.374 0.8750000000
32219  22.653  -22.721  58.419 0.8750000000
17876  34.354  -21.784  59.727 0.7500000000
17875  32.846  -22.284  59.134 0.7500000000
6169  30.635  -22.126  59.272 1.0000000000
14119  30.008  -21.860  60.322 1.0000000000
23448  27.984  -21.630  59.125 1.0000000000
23447  27.160  -21.627  59.845 0.8750000000
34637  19.196  -25.386  57.453 0.8750000000
17877  33.429  -22.388  58.191 0.7500000000
29751  31.250  -22.391  58.459 0.8750000000
29752  28.792  -21.776  58.348 1.0000000000
23449  25.916  -21.677  57.933 0.8750000000
10467  23.287  -22.525  57.559 0.8750000000
47  21.883  -23.629  56.796 0.8750000000
32220  21.450  -23.627  58.051 0.8750000000
10459  20.804  -24.582  56.571 0.8750000000
34636  20.316  -24.543  57.721 0.8750000000
25703  32.459  -22.799  56.726 0.8750000000
25702  30.763  -22.697  55.999 0.8750000000
29754  30.080  -22.482  56.692 0.8750000000
29753  29.451  -22.123  57.503 1.0000000000
2788  26.789  -21.615  57.345 1.0000000000
23450  24.786  -21.981  56.089 1.0000000000
10468  24.092  -22.204  56.920 0.8750000000
4041  33.027  -22.880  55.841 1.0000000000
6170  28.170  -22.051  55.564 1.0000000000
14121  27.491  -21.808  56.378 1.0000000000
14120  25.565  -21.908  55.411 1.0000000000
23451  23.858  -22.713  54.343 1.0000000000
2789  23.162  -22.998  55.098 0.8750000000
10470  21.924  -24.296  54.542 0.7500000000
10457  21.278  -24.577  55.385 0.7500000000
10458  20.266  -25.653  55.194 0.8750000000
25705  32.039  -23.024  54.311 1.0000000000
25704  31.342  -22.863  55.073 1.0000000000
4040  29.595  -22.620  54.191 0.8750000000
29755  28.827  -22.350  54.802 1.0000000000
4043  31.889  -23.885  50.612 1.0000000000
25708  31.380  -23.570  51.587 1.0000000000
4042  30.805  -23.244  52.490 1.0000000000
29756  27.828  -22.478  52.896 1.0000000000
14123  27.082  -22.176  53.697 1.0000000000
14124  25.329  -22.583  52.648 1.0000000000
869  24.554  -22.602  53.471 0.8750000000
23452  23.230  -23.712  52.832 0.8750000000
23453  22.566  -23.989  53.645 0.7500000000
11723  29.753  -23.577  50.589 0.8750000000
11720  28.484  -22.841  52.136 0.8750000000
14126  23.965  -23.582  51.995 0.8750000000
2790  22.229  -25.080  52.528 0.8750000000
23454  21.523  -25.419  53.323 0.7500000000
25709  30.406  -23.957  49.923 1.0000000000
11722  29.155  -23.155  51.418 0.8750000000
29757  26.910  -23.030  51.001 0.8750000000
29759  25.523  -23.649  50.439 0.8750000000
14125  24.717  -23.523  51.191 0.8750000000
8141  34.854  -21.788  58.921 0.7500000000
34731  35.315  -21.844  57.646 0.7500000000
34730  33.965  -22.487  57.256 0.7500000000
17879  34.485  -22.586  56.143 1.0000000000
17878  33.567  -22.975  54.770 1.0000000000
1839  34.004  -23.234  53.565 1.0000000000
25706  32.478  -23.280  53.238 1.0000000000
17884  34.440  -23.372  52.375 1.0000000000
34740  33.814  -23.914  50.004 1.0000000000
17880  35.030  -22.725  54.928 1.0000000000
34741  34.176  -23.821  49.034 1.0000000000
17866  34.405  -23.539  48.157 0.8750000000
17865  34.403  -23.299  47.318 0.8750000000
34715  34.305  -23.131  46.500 0.7500000000
2987  34.419  -24.311  45.489 0.7500000000
8142  35.832  -21.885  56.367 0.8750000000
17882  35.450  -22.746  53.654 1.0000000000
8144  34.869  -23.316  51.176 1.0000000000
34738  35.082  -23.030  50.103 1.0000000000
1837  35.041  -22.537  49.251 1.0000000000
17864  34.722  -22.204  48.408 1.0000000000
23807  34.217  -23.090  45.653 0.6250000000
23808  34.258  -23.084  44.708 0.6250000000
23809  34.863  -24.231  44.759 0.6250000000
34733  36.793  -20.728  56.612 0.6250000000
8143  36.410  -21.388  53.898 0.8750000000
17881  36.307  -21.767  55.104 0.7500000000
34736  36.224  -20.937  52.910 1.0000000000
34737  35.747  -21.955  51.462 1.0000000000
25696  35.446  -21.486  50.547 1.0000000000
17883  35.719  -22.430  52.451 1.0000000000
17862  35.049  -21.111  49.727 1.0000000000
8136  34.407  -21.981  47.640 1.0000000000
34714  34.020  -21.891  46.826 1.0000000000
1067  33.681  -21.915  45.907 0.7500000000
14719  33.420  -21.913  44.926 0.6250000000
34735  36.723  -20.043  54.370 0.8750000000
4036  35.860  -20.506  51.927 0.8750000000
25695  35.390  -20.179  51.031 1.0000000000
17863  34.581  -20.881  48.869 1.0000000000
14717  33.009  -20.612  46.213 0.6250000000
14718  32.642  -20.658  45.060 0.6250000000
11716  36.305  -19.651  53.401 0.8750000000
4035  34.860  -19.886  50.186 1.0000000000
25693  34.422  -18.587  50.454 1.0000000000
34712  34.158  -19.648  49.233 1.0000000000
34713  34.026  -20.710  48.110 1.0000000000
34711  33.491  -20.628  47.176 1.0000000000
30589  32.109  -19.400  44.847 0.6250000000
17861  33.702  -18.342  49.305 1.0000000000
8135  33.505  -19.482  48.266 1.0000000000
6527  32.472  -19.344  46.166 0.8750000000
17860  33.162  -18.186  48.219 1.0000000000
34710  32.930  -19.395  47.208 1.0000000000
17859  33.582  -17.137  49.203 1.0000000000
34709  32.700  -18.132  47.052 1.0000000000
30587  32.283  -18.179  45.862 1.0000000000
30588  31.960  -18.285  44.475 0.7500000000
12319  32.147  -17.220  44.003 0.8750000000
4639  32.103  -17.265  42.542 0.8750000000
2108  32.910  -17.521  39.665 0.6250000000
17857  34.219  -16.072  50.328 0.8750000000
8134  33.143  -16.990  48.016 1.0000000000
34707  33.396  -15.971  47.578 1.0000000000
34708  32.758  -17.014  46.729 1.0000000000
376  32.386  -17.125  45.469 1.0000000000
12317  32.787  -16.081  44.995 1.0000000000
12318  32.560  -16.157  43.367 0.8750000000
26780  32.544  -16.218  41.828 1.0000000000
19670  32.832  -16.368  40.308 0.7500000000
17858  33.780  -15.990  48.917 0.7500000000
34706  34.176  -14.952  48.657 0.8750000000
8131  33.870  -14.997  47.238 0.8750000000
34699  33.037  -16.045  46.273 1.0000000000
17856  34.914  -15.057  51.608 0.7500000000
8133  34.500  -14.980  50.029 0.7500000000
34705  35.039  -14.021  49.701 0.8750000000
34697  34.332  -14.042  45.383 0.8750000000
34698  33.594  -15.064  45.855 1.0000000000
26779  33.214  -15.053  42.871 1.0000000000
4638  33.230  -15.124  41.326 1.0000000000
26778  34.047  -14.023  42.424 1.0000000000
19671  33.500  -15.373  39.820 0.8750000000
34704  35.371  -14.015  51.224 0.6250000000
1835  35.829  -13.121  49.299 0.8750000000
17849  35.576  -13.145  47.778 0.8750000000
17851  34.761  -14.021  48.198 0.8750000000
17848  36.564  -12.253  47.425 0.5000000000
8130  35.392  -13.100  46.335 0.8750000000
17850  34.517  -14.085  46.772 0.8750000000
34695  36.390  -12.144  46.101 0.7500000000
34693  36.325  -12.101  44.732 0.5000000000
34696  35.208  -13.023  44.968 0.8750000000
26777  34.157  -14.018  44.000 1.0000000000
1834  35.122  -13.000  43.696 1.0000000000
19669  35.133  -13.090  42.096 1.0000000000
36912  34.434  -14.468  39.401 1.0000000000
8889  34.050  -15.764  38.384 1.0000000000
36914  34.767  -16.271  37.172 0.7500000000
34703  35.764  -14.084  52.837 0.5000000000
8132  36.449  -13.081  52.366 0.5000000000
17847  36.797  -12.318  48.793 0.7500000000
34694  37.635  -11.405  47.175 0.5000000000
8129  37.607  -11.368  45.804 0.5000000000
34692  37.646  -11.415  44.448 0.5000000000
19667  36.325  -12.132  43.359 1.0000000000
36911  34.136  -14.153  40.911 1.0000000000
36913  34.911  -14.850  38.080 1.0000000000
11264  38.181  -19.437  35.587 0.1250000000
11262  37.087  -18.330  35.215 0.2500000000
29116  36.074  -18.004  35.839 0.5000000000
29115  36.432  -17.099  35.306 0.5000000000
34702  36.125  -13.107  50.810 0.5000000000
25686  37.971  -11.518  49.958 0.3750000000
25687  37.006  -12.338  50.333 0.3750000000
25685  38.995  -10.699  49.706 0.2500000000
4030  37.765  -11.469  48.598 0.3750000000
25684  38.923  -10.731  48.321 0.2500000000
17846  38.927  -10.749  46.886 0.3750000000
8888  35.299  -13.297  40.558 1.0000000000
36910  35.602  -13.694  39.099 1.0000000000
5896  35.592  -16.717  36.137 0.7500000000
11263  38.152  -18.511  34.728 0.1250000000
3584  39.349  -19.512  35.308 0.1250000000
11750  41.785  -9.094  53.129 0.2500000000
34701  37.289  -12.232  51.858 0.1250000000
11751  41.730  -9.237  51.958 0.2500000000
11709  40.455  -9.864  52.009 0.2500000000
11711  39.448  -10.680  52.382 0.2500000000
4031  38.187  -11.514  51.322 0.2500000000
11710  39.172  -10.735  51.042 0.2500000000
4029  40.362  -9.971  50.702 0.2500000000
25683  40.278  -10.100  49.413 0.2500000000
17845  38.970  -10.869  45.532 0.5000000000
19668  36.408  -12.371  41.796 1.0000000000
36909  36.645  -12.699  40.273 1.0000000000
13666  35.558  -15.417  36.789 0.8750000000
13665  36.184  -15.764  35.831 0.8750000000
24881  39.248  -18.577  34.354 0.1250000000
3582  37.283  -17.275  34.638 0.5000000000
24880  38.246  -17.366  34.034 0.1250000000
375  40.664  -9.810  53.319 0.2500000000
34700  38.489  -11.415  52.748 0.2500000000
25761  41.664  -9.436  50.713 0.2500000000
1833  40.256  -10.237  47.986 0.2500000000
17844  40.316  -10.372  46.717 0.5000000000
8128  37.728  -11.589  43.094 0.8750000000
23176  36.867  -13.142  38.918 1.0000000000
716  35.973  -14.148  37.804 1.0000000000
13664  36.373  -14.482  36.735 0.8750000000
29114  36.853  -16.040  34.954 0.6250000000
34691  39.061  -11.040  44.214 0.5000000000
5895  36.850  -14.742  35.700 0.8750000000
24878  37.591  -16.129  34.178 0.7500000000
17973  41.677  -9.656  49.425 0.2500000000
34690  39.200  -11.281  42.890 1.0000000000
36908  37.879  -11.926  41.576 1.0000000000
2636  38.040  -12.358  40.153 1.0000000000
13662  37.087  -13.448  37.830 1.0000000000
13663  37.362  -13.639  36.781 1.0000000000
29113  37.375  -14.844  34.761 1.0000000000
715  37.914  -14.821  33.963 0.8750000000
17975  41.697  -9.832  48.126 0.2500000000
8127  40.381  -10.540  45.378 0.5000000000
23175  38.212  -12.746  39.009 1.0000000000
29112  37.669  -13.712  35.769 1.0000000000
29110  37.994  -13.604  34.865 1.0000000000
16502  38.377  -13.455  33.980 0.6250000000
16504  38.552  -14.693  33.218 0.3750000000
33001  40.027  -14.468  31.981 0.1250000000
7511  39.236  -14.583  32.573 0.3750000000
17976  41.721  -9.972  46.834 0.2500000000
34689  40.526  -10.781  44.017 0.5000000000
10315  39.411  -12.164  40.171 1.0000000000
10316  39.291  -11.749  41.359 1.0000000000
2634  40.725  -11.932  40.295 1.0000000000
23172  40.795  -12.111  39.211 1.0000000000
23174  39.525  -12.440  39.082 1.0000000000
714  40.951  -11.922  38.228 1.0000000000
23173  39.625  -12.494  38.096 1.0000000000
2635  38.348  -12.949  37.968 1.0000000000
13661  39.757  -12.289  37.188 1.0000000000
29111  38.514  -12.935  36.928 1.0000000000
5894  38.676  -12.766  35.982 1.0000000000
5893  39.087  -12.217  34.081 0.8750000000
33000  39.458  -13.185  32.325 0.3750000000
16503  38.870  -13.296  33.133 0.5000000000
24877  40.166  -13.091  31.601 0.1250000000
10314  40.659  -11.525  41.468 1.0000000000
23196  42.150  -11.508  40.178 1.0000000000
13659  41.114  -11.579  37.379 1.0000000000
13660  39.852  -11.973  36.320 1.0000000000
29108  39.937  -11.547  35.374 1.0000000000
29109  38.832  -12.499  35.059 1.0000000000
24876  40.508  -11.803  31.433 0.3750000000
2646  43.666  -10.701  40.209 0.7500000000
23195  43.566  -10.652  41.342 0.8750000000
13699  43.756  -10.528  39.266 0.8750000000
13698  42.266  -11.459  39.152 1.0000000000
10326  42.125  -11.250  41.332 0.8750000000
5916  43.812  -10.194  38.347 0.8750000000
13700  42.363  -11.163  38.247 1.0000000000
5892  41.105  -11.175  36.508 1.0000000000
29106  41.214  -10.670  35.699 1.0000000000
29107  40.032  -11.191  34.368 1.0000000000
11261  40.244  -10.877  33.356 0.7500000000
3581  39.899  -11.873  32.225 0.6250000000
32999  39.406  -12.019  33.115 0.6250000000
3580  41.249  -11.810  30.676 0.3750000000
24875  41.151  -10.605  31.401 0.3750000000
11260  40.622  -10.661  32.338 0.6250000000
24874  41.790  -10.625  30.553 0.1250000000
13701  42.452  -10.705  37.401 1.0000000000
29166  42.494  -10.267  36.577 1.0000000000
11259  41.400  -9.893  33.598 1.0000000000
234  41.235  -10.273  34.684 1.0000000000
3579  41.686  -9.665  32.561 0.6250000000
16626  44.130  -8.783  29.331 0.8750000000
16494  43.179  -9.685  29.577 0.7500000000
1572  42.586  -9.555  30.489 0.3750000000
24873  42.068  -9.577  31.501 0.6250000000
33156  44.667  -9.008  28.399 0.3750000000
10698  45.322  -9.233  27.590 0.2500000000
10699  46.058  -8.298  27.146 0.2500000000
3020  46.712  -8.624  26.368 0.2500000000
29164  45.152  -9.123  38.496 0.7500000000
29165  43.872  -9.768  37.445 0.8750000000
11298  42.570  -9.830  35.683 1.0000000000
11300  42.657  -9.469  34.709 1.0000000000
16623  43.296  -8.725  31.447 0.8750000000
7566  44.933  -7.935  30.207 1.0000000000
16625  43.655  -8.723  30.372 0.8750000000
33155  45.207  -7.956  29.067 0.8750000000
3018  45.570  -8.062  28.118 0.6250000000
23866  46.534  -7.177  27.797 0.8750000000
23867  46.926  -7.424  26.717 0.8750000000
23868  47.497  -7.783  25.763 0.3750000000
726  46.513  -8.051  38.548 0.7500000000
24944  45.218  -8.775  37.531 0.8750000000
3618  43.937  -9.428  36.545 0.8750000000
24946  45.318  -8.522  36.554 0.8750000000
11299  44.017  -9.066  35.604 1.0000000000
3620  44.145  -8.737  34.565 1.0000000000
24950  44.280  -8.466  33.498 1.0000000000
11301  42.833  -9.107  33.663 1.0000000000
16622  47.313  -7.261  33.296 1.0000000000
33152  45.987  -7.613  32.309 1.0000000000
24951  43.008  -8.877  32.543 1.0000000000
16621  48.756  -6.556  33.265 1.0000000000
7565  47.405  -7.010  32.265 1.0000000000
33153  46.084  -7.357  31.259 1.0000000000
33151  47.421  -6.726  31.210 1.0000000000
16624  44.692  -8.019  31.366 1.0000000000
33154  46.165  -7.192  30.120 0.8750000000
23864  46.316  -7.114  28.993 0.8750000000
24945  46.640  -7.838  37.503 0.6250000000
33143  48.018  -6.932  37.560 0.6250000000
3619  46.781  -7.676  36.492 1.0000000000
24947  45.453  -8.276  35.552 1.0000000000
16619  50.033  -6.005  35.440 0.5000000000
24948  45.629  -8.021  34.483 1.0000000000
16620  48.670  -6.732  34.302 0.6250000000
1596  47.131  -7.412  34.345 1.0000000000
7564  50.151  -5.971  34.362 0.6250000000
24949  45.764  -7.840  33.414 1.0000000000
3621  44.448  -8.190  32.452 1.0000000000
33150  48.828  -6.334  32.252 0.8750000000
1098  47.419  -6.512  30.043 0.7500000000
23865  47.468  -6.370  28.794 0.8750000000
1100  48.350  -6.959  25.221 0.6250000000
14816  47.909  -6.609  26.315 0.7500000000
33146  51.381  -5.275  36.637 0.5000000000
16617  48.229  -6.826  36.516 0.5000000000
16616  46.992  -7.519  35.431 0.8750000000
7563  49.764  -6.036  36.516 0.5000000000
16618  48.443  -6.774  35.404 0.6250000000
33149  50.293  -5.921  33.344 0.5000000000
6584  50.321  -5.689  32.311 0.6250000000
14813  48.776  -6.081  31.156 0.7500000000
14815  48.753  -5.797  29.920 0.7500000000
30727  48.800  -5.634  28.591 0.7500000000
30728  50.088  -4.930  28.430 0.8750000000
3019  47.610  -6.408  27.558 1.0000000000
14817  48.801  -5.653  27.253 0.8750000000
14819  50.082  -4.918  25.760 0.8750000000
14818  48.989  -5.780  25.968 1.0000000000
14820  49.276  -6.074  24.804 0.3750000000
33147  51.527  -5.283  35.591 0.3750000000
33148  51.608  -5.234  34.526 0.3750000000
30724  51.768  -4.880  32.301 0.6250000000
14814  50.283  -5.431  31.111 0.6250000000
6586  50.147  -5.131  29.814 0.6250000000
30729  51.466  -4.129  28.474 0.7500000000
30730  51.307  -4.015  27.087 0.8750000000
6587  50.049  -4.847  27.114 0.8750000000
30731  51.281  -4.080  25.672 0.8750000000
33139  52.892  -4.404  35.834 0.3750000000
246  53.039  -4.264  34.726 0.3750000000
30722  51.737  -5.074  33.492 0.3750000000
30725  51.795  -4.678  31.055 0.6250000000
30726  51.637  -4.389  29.775 0.6250000000
12416  52.597  -3.312  25.687 0.8750000000
30723  53.137  -4.064  33.492 0.3750000000
19966  53.234  -3.742  31.093 0.3750000000
6585  53.249  -3.929  32.305 0.6250000000
26957  54.725  -2.615  30.000 0.3750000000
1099  53.172  -3.501  29.890 0.6250000000
26958  54.512  -2.451  28.655 0.3750000000
26956  52.927  -3.308  28.536 0.7500000000
4736  52.790  -3.191  27.131 0.7500000000
12417  54.288  -2.403  27.224 0.7500000000
12418  54.143  -2.537  25.839 0.6250000000
37270  56.311  -1.781  31.306 0.1250000000
4737  56.255  -1.608  30.107 0.1250000000
26959  56.131  -1.498  28.832 0.2500000000
19968  54.787  -2.803  31.192 0.1250000000
19970  57.365  -0.645  31.268 0.1250000000
19969  57.479  -0.554  30.206 0.1250000000
25678  5.597  -28.781  71.942 0.6250000000
34682  3.659  -34.196  69.812 0.5000000000
29086  4.266  -36.307  70.092 0.2500000000
34679  5.308  -34.569  68.982 0.6250000000
34527  3.086  -30.735  66.454 0.2500000000
15  3.024  -33.549  65.386 0.2500000000
34526  3.181  -31.798  65.418 0.2500000000
10310  2.704  -33.924  66.436 0.2500000000
17820  10.310  -34.138  63.003 0.1250000000
17822  10.186  -34.949  64.140 0.1250000000
34666  8.398  -35.002  65.249 0.2500000000
17826  7.628  -34.918  65.952 0.3750000000
11700  10.028  -29.219  65.350 0.7500000000
17816  12.291  -31.194  59.927 0.5000000000
34654  13.217  -31.389  59.187 0.3750000000
17813  12.211  -28.738  61.317 1.0000000000
25661  16.019  -25.029  62.418 0.7500000000
4047  23.379  -29.477  52.214 0.1250000000
29766  22.564  -29.872  52.622 0.1250000000
14091  18.376  -28.607  54.713 0.7500000000
29760  24.439  -24.674  50.183 0.7500000000
29749  33.165  -21.643  61.778 0.6250000000
32273  26.339  -21.660  60.484 0.8750000000
7223  23.544  -22.253  59.907 0.7500000000
868  31.877  -22.613  57.687 0.7500000000
10469  22.552  -23.267  56.039 0.8750000000
2779  19.708  -25.527  56.291 0.7500000000
14122  26.308  -21.987  54.471 1.0000000000
11721  30.183  -22.914  53.293 1.0000000000
25707  32.941  -23.544  52.213 1.0000000000
34739  33.358  -23.807  51.070 1.0000000000
17886  32.365  -24.149  49.694 1.0000000000
6171  26.123  -22.750  51.769 0.8750000000
17885  30.974  -24.432  48.964 1.0000000000
11724  28.326  -23.839  49.680 0.8750000000
8145  32.867  -24.363  48.715 0.8750000000
8137  33.768  -24.456  47.044 0.8750000000
34716  34.101  -24.323  46.311 0.8750000000
19672  33.343  -16.622  38.975 0.7500000000
4637  33.379  -15.087  44.488 1.0000000000
23194  45.009  -9.774  41.483 0.6250000000
32988  44.595  -10.079  28.065 0.3750000000
7506  43.843  -9.864  28.802 0.6250000000
16615  47.886  -7.075  38.673 0.5000000000
14093  16.738  -29.280  55.912 0.6250000000
29706  22.130  -31.312  55.332 0.1250000000
29705  22.391  -30.747  53.998 0.1250000000
29707  21.269  -30.887  54.157 0.1250000000
29709  19.158  -30.861  54.861 0.1250000000
6153  15.824  -28.947  56.710 0.6250000000
6149  21.650  -30.160  53.031 0.2500000000
14088  20.590  -30.109  53.452 0.2500000000
6152  17.656  -29.586  55.209 0.6250000000
14087  21.042  -29.096  52.611 0.2500000000
29758  26.363  -23.915  49.696 0.7500000000
6172  25.235  -24.794  49.570 0.7500000000
34754  26.140  -25.079  48.990 0.6250000000
17786  20.765  -31.941  56.918 0.1250000000
34618  21.932  -31.659  57.009 0.1250000000
17787  19.594  -31.998  56.971 0.1250000000
6150  21.002  -31.498  55.469 0.1250000000
17785  19.885  -31.552  55.681 0.1250000000
29708  20.220  -30.923  54.440 0.1250000000
6151  19.576  -29.966  53.978 0.2500000000
29711  18.634  -29.733  54.548 0.2500000000
14089  20.105  -28.978  53.257 0.3750000000
29710  19.217  -28.963  53.927 0.5000000000
23430  19.929  -27.842  53.550 0.6250000000
4046  26.981  -25.473  48.535 0.6250000000
11726  27.177  -24.351  49.092 0.6250000000
11725  27.926  -24.895  48.531 0.7500000000
25711  29.543  -25.975  47.601 0.5000000000
25713  27.853  -26.071  48.091 0.3750000000
25712  28.733  -25.395  48.065 0.7500000000
4045  28.740  -26.527  47.784 0.5000000000
34742  33.359  -24.478  47.861 0.7500000000
17888  32.194  -25.066  47.477 0.6250000000
34743  32.881  -25.255  46.844 0.7500000000
8146  32.026  -26.026  46.772 0.6250000000
17890  31.324  -26.694  46.993 0.5000000000
17891  30.428  -26.361  47.292 0.5000000000
17889  31.220  -25.689  47.259 0.6250000000
1840  30.441  -25.360  47.787 0.6250000000
34744  32.848  -26.160  46.403 0.5000000000
17887  31.564  -24.783  48.225 0.6250000000
25710  29.709  -24.792  48.398 0.6250000000
25660  17.229  -24.541  62.339 0.6250000000
34639  18.242  -24.985  59.932 0.7500000000
4044  29.001  -24.287  48.970 0.6250000000
4016  17.705  -24.791  61.124 0.6250000000
15888  23.129  -22.466  61.006 0.5000000000
17800  20.530  -23.764  60.214 0.5000000000
15887  24.656  -21.968  61.577 0.6250000000
32222  21.819  -23.059  60.649 0.5000000000
17802  19.358  -24.426  59.944 0.6250000000
32221  22.228  -22.878  59.567 0.6250000000
7224  20.969  -23.733  59.094 0.6250000000
17801  19.869  -24.466  58.846 0.6250000000
34734  36.910  -20.410  55.427 0.7500000000
34726  37.174  -19.078  55.980 0.6250000000
377  36.756  -18.794  54.797 0.6250000000
25694  35.131  -18.962  51.445 0.8750000000
11714  36.210  -18.359  53.855 0.7500000000
11715  35.744  -19.286  52.410 0.7500000000
25692  34.792  -17.626  51.700 0.6250000000
1836  34.145  -17.322  50.536 0.7500000000
29746  37.315  -17.720  56.379 0.5000000000
4034  35.515  -17.956  52.861 0.6250000000
26781  32.377  -17.359  41.061 0.6250000000
19673  34.074  -17.024  37.792 0.5000000000
11712  36.737  -17.334  55.331 0.3750000000
11713  36.079  -16.951  54.188 0.6250000000
25691  35.366  -16.590  53.024 0.6250000000
4032  36.728  -15.882  55.601 0.2500000000
25690  36.034  -15.568  54.465 0.1250000000
25688  36.936  -14.444  55.690 0.1250000000
4033  35.446  -15.253  53.106 0.5000000000
11297  52.086  -4.777  42.498 0.2500000000
29158  50.610  -5.718  42.471 0.2500000000
29159  49.252  -6.536  42.330 0.2500000000
29160  47.780  -7.378  40.906 0.3750000000
13696  47.781  -7.524  42.065 0.3750000000
33140  50.717  -5.616  41.251 0.2500000000
5914  49.230  -6.446  41.153 0.3750000000
29161  46.425  -8.316  39.591 0.6250000000
33141  50.877  -5.448  40.030 0.2500000000
16614  49.310  -6.272  39.918 0.2500000000
25689  36.252  -14.237  54.258 0.2500000000
245  51.852  -4.843  43.582 0.2500000000
29157  50.557  -5.729  43.642 0.2500000000
29162  45.124  -9.632  40.395 0.6250000000
3617  52.180  -4.755  41.289 0.2500000000
5915  46.419  -8.572  40.649 0.3750000000
29163  45.172  -9.420  39.383 0.7500000000
33144  49.547  -6.090  37.613 0.3750000000
13697  46.387  -8.690  41.752 0.3750000000
24943  52.340  -4.703  40.212 0.2500000000
1595  52.495  -4.638  39.041 0.3750000000
33142  51.031  -5.345  38.865 0.3750000000
33145  51.152  -5.331  37.726 0.3750000000
19  40.651  -11.103  42.755 0.7500000000
10325  42.037  -10.875  42.602 0.7500000000
378  27.631  -23.418  50.303 0.7500000000
16497  40.963  -13.018  31.030 0.1250000000
34717  33.570  -25.312  46.293 0.7500000000
858  18.747  -31.508  55.903 0.1250000000
17855  34.728  -16.294  51.761 0.6250000000
16613  47.799  -7.234  39.743 0.3750000000
7562  49.439  -6.127  38.807 0.2500000000
13656  4.660  -39.651  64.046 0.1250000000
13657  4.597  -39.233  62.860 0.1250000000
13655  4.188  -38.562  63.586 0.1250000000
13615  4.524  -38.810  61.774 0.1250000000
23169  4.027  -39.476  65.822 0.1250000000
2633  4.143  -39.056  64.663 0.1250000000
700  4.252  -38.100  62.479 0.1250000000
13650  3.856  -40.061  68.393 0.1250000000
13648  3.290  -39.020  67.658 0.1250000000
23167  2.911  -37.573  67.061 0.1250000000
23168  3.521  -38.721  66.451 0.1250000000
2632  3.239  -37.151  65.924 0.1250000000
23170  3.668  -38.168  65.375 0.1250000000
23171  3.906  -37.656  64.315 0.1250000000
23146  4.117  -37.106  63.320 0.1250000000
23148  4.266  -35.651  63.066 0.1250000000
13617  4.386  -37.717  61.299 0.1250000000
13616  4.603  -38.415  60.540 0.1250000000
13649  3.229  -39.220  68.960 0.1250000000
29091  2.838  -38.042  69.389 0.1250000000
2631  2.801  -37.830  68.237 0.1250000000
23165  2.599  -36.415  68.732 0.1250000000
710  2.798  -34.980  69.249 0.1250000000
10311  2.747  -35.767  66.664 0.1250000000
10313  3.498  -36.555  64.971 0.1250000000
2620  3.801  -35.925  64.107 0.1250000000
23147  4.399  -36.821  62.159 0.1250000000
2621  4.687  -35.269  62.010 0.1250000000
29049  4.659  -36.361  61.070 0.1250000000
5868  4.481  -37.223  60.133 0.1250000000
29089  3.610  -38.106  71.336 0.2500000000
29090  3.630  -39.156  71.401 0.1250000000
5886  3.118  -38.173  70.488 0.1250000000
13646  3.308  -36.900  70.359 0.2500000000
13645  3.204  -35.327  69.723 0.2500000000
23166  2.590  -36.113  67.759 0.1250000000
23164  2.550  -34.631  68.502 0.1250000000
2630  2.516  -34.280  67.516 0.1250000000
10300  3.390  -34.738  64.731 0.1250000000
10312  3.056  -35.371  65.581 0.1250000000
10301  3.860  -34.389  63.755 0.1250000000
13618  4.950  -33.641  61.859 0.1250000000
23149  4.388  -34.008  62.790 0.1250000000
13619  5.087  -34.851  60.928 0.1250000000
29050  4.830  -35.876  59.915 0.1250000000
29088  3.827  -37.266  70.902 0.2500000000
10302  3.486  -33.232  64.408 0.1250000000
2622  3.987  -32.779  63.509 0.1250000000
23150  4.612  -32.393  62.588 0.1250000000
702  5.317  -32.088  61.590 0.1250000000
13620  5.507  -33.245  60.750 0.1250000000
5869  5.434  -34.387  59.754 0.1250000000
29048  4.586  -36.579  58.981 0.1250000000
29052  5.727  -33.807  58.635 0.1250000000
29051  5.050  -35.245  58.755 0.1250000000
13621  6.043  -32.806  59.638 0.1250000000
24798  5.133  -34.586  57.657 0.1250000000
11219  5.763  -32.616  56.246 0.1250000000
36420  3.712  -31.513  64.356 0.1250000000
8072  3.538  -30.231  65.606 0.1250000000
17711  3.119  -29.788  67.577 0.1250000000
36421  4.299  -31.151  63.469 0.1250000000
19264  4.072  -29.938  64.671 0.1250000000
36426  6.460  -30.109  60.676 0.1250000000
36422  4.994  -30.768  62.610 0.1250000000
13622  6.004  -31.676  60.585 0.1250000000
5870  6.617  -31.336  59.473 0.1250000000
29053  6.437  -32.358  58.379 0.1250000000
11218  6.594  -31.831  57.193 0.1250000000
3538  5.853  -33.205  57.380 0.1250000000
11220  6.381  -31.271  56.015 0.1250000000
17712  3.225  -28.843  68.664 0.1250000000
34528  3.491  -29.290  66.669 0.1250000000
8724  4.719  -29.553  63.807 0.1250000000
19265  4.499  -28.377  65.085 0.1250000000
36425  5.743  -30.452  61.649 0.1250000000
29054  7.054  -30.889  58.297 0.1250000000
222  7.083  -30.401  56.993 0.1250000000
11222  6.799  -29.982  55.873 0.1250000000
25603  3.497  -28.517  70.391 0.3750000000
25604  3.536  -27.943  69.706 0.2500000000
19263  3.972  -28.783  65.958 0.1250000000
8073  3.552  -28.289  67.889 0.1250000000
34529  3.967  -27.768  67.112 0.1250000000
36424  5.408  -29.219  62.888 0.1250000000
36427  7.006  -29.647  59.630 0.1250000000
36428  7.365  -29.308  58.381 0.1250000000
36437  7.336  -28.847  57.120 0.1250000000
4027  4.978  -28.362  72.070 0.3750000000
11708  4.436  -27.975  71.883 0.3750000000
3985  4.041  -27.568  71.348 0.3750000000
25605  3.943  -26.993  70.745 0.2500000000
34530  3.743  -27.327  68.997 0.1250000000
34531  4.035  -26.882  68.182 0.1250000000
36423  5.055  -27.996  64.129 0.1250000000
1814  4.410  -27.239  66.339 0.1250000000
34532  4.402  -26.314  67.418 0.1250000000
25658  18.858  -24.315  61.158 0.5000000000
26536  4.821  -26.922  65.302 0.1250000000
19267  5.530  -27.651  63.084 0.1250000000
4504  5.168  -26.554  64.283 0.1250000000
26537  5.079  -25.512  65.602 0.1250000000
8725  6.044  -28.853  61.920 0.1250000000
8726  7.030  -28.141  59.674 0.1250000000
25676  7.088  -28.271  71.952 0.5000000000
25677  6.442  -27.917  72.417 0.5000000000
11706  5.814  -27.582  72.570 0.5000000000
11665  4.711  -26.733  72.091 0.3750000000
11666  4.519  -26.114  71.619 0.3750000000
25606  4.507  -25.520  70.965 0.1250000000
4015  19.301  -23.434  63.754 0.2500000000
11696  18.007  -23.825  63.612 0.2500000000
17714  4.282  -25.889  69.244 0.1250000000
17713  4.590  -24.965  70.211 0.1250000000
25657  19.576  -23.752  62.373 0.5000000000
25659  18.360  -24.095  62.373 0.3750000000
8074  4.522  -25.404  68.496 0.1250000000
26535  4.753  -25.836  66.598 0.1250000000
19268  5.968  -27.314  61.992 0.1250000000
19269  6.575  -28.467  60.818 0.1250000000
17896  28.381  -28.738  50.253 0.1250000000
25675  7.394  -27.045  72.833 0.5000000000
863  7.952  -27.369  72.281 0.5000000000
11707  5.190  -27.154  72.488 0.3750000000
367  5.442  -25.950  72.709 0.3750000000
11667  5.207  -25.307  72.289 0.2500000000
11697  17.417  -23.566  64.952 0.3750000000
4017  16.732  -24.231  63.627 0.3750000000
1452  20.155  -23.771  61.402 0.3750000000
17899  24.795  -27.025  49.916 0.1250000000
34759  27.303  -28.432  50.251 0.1250000000
34756  26.639  -27.444  49.331 0.1250000000
34758  26.366  -28.189  50.427 0.1250000000
17894  28.655  -28.220  49.014 0.1250000000
1841  27.615  -27.829  49.113 0.1250000000
8148  29.718  -28.489  48.956 0.2500000000
34747  31.292  -28.177  48.131 0.1250000000
34750  30.887  -28.696  49.068 0.2500000000
34749  30.156  -27.984  48.045 0.2500000000
34746  31.761  -27.570  47.364 0.1250000000
7517  32.831  -27.616  47.311 0.1250000000
29729  9.375  -26.868  71.465 0.5000000000
17830  8.507  -27.674  71.343 0.5000000000
7227  20.887  -22.483  66.560 0.2500000000
11695  18.829  -23.237  65.006 0.2500000000
29717  16.824  -23.411  66.202 0.2500000000
32228  20.129  -22.945  65.111 0.2500000000
34645  16.049  -24.028  64.902 0.5000000000
15893  21.418  -22.646  65.389 0.3750000000
32227  20.453  -23.135  63.893 0.2500000000
32226  20.884  -23.182  62.807 0.3750000000
34755  26.187  -26.174  48.830 0.1250000000
17892  28.110  -27.179  48.234 0.1250000000
17893  29.143  -27.677  48.110 0.1250000000
33017  33.288  -26.941  46.616 0.2500000000
10669  34.828  -26.124  45.765 0.2500000000
33018  34.512  -26.924  46.604 0.2500000000
50  33.792  -26.191  46.068 0.2500000000
2989  35.892  -25.875  45.601 0.2500000000
10668  35.065  -25.268  45.146 0.2500000000
29728  9.855  -27.166  70.134 0.5000000000
15901  20.783  -21.604  68.668 0.2500000000
7230  19.530  -21.999  68.607 0.2500000000
32236  21.469  -21.956  67.704 0.2500000000
32237  20.244  -22.254  67.525 0.2500000000
32238  18.867  -22.597  67.405 0.2500000000
29716  17.631  -22.851  67.542 0.2500000000
32235  22.764  -21.588  68.003 0.2500000000
29718  16.327  -23.235  67.647 0.2500000000
15894  22.177  -22.192  66.769 0.2500000000
32229  19.504  -22.811  66.308 0.2500000000
6155  15.510  -23.830  66.334 0.5000000000
15892  22.564  -22.320  65.677 0.2500000000
17809  14.817  -24.678  65.012 0.5000000000
7226  21.837  -22.715  64.323 0.3750000000
32223  21.421  -23.166  61.789 0.3750000000
17898  25.331  -26.023  49.280 0.3750000000
17897  24.434  -25.833  49.807 0.2500000000
8150  25.701  -27.140  49.601 0.1250000000
25714  27.158  -26.756  48.528 0.1250000000
34748  29.702  -26.994  47.543 0.2500000000
8147  30.712  -27.341  47.397 0.2500000000
34745  32.293  -26.878  46.782 0.1250000000
10667  34.204  -25.302  45.723 0.3750000000
14720  36.727  -24.627  44.582 0.3750000000
2988  35.386  -24.070  44.136 0.3750000000
15902  20.083  -21.213  69.650 0.2500000000
15904  19.357  -20.901  70.457 0.2500000000
15903  18.917  -21.672  69.637 0.2500000000
15900  21.179  -20.901  69.573 0.2500000000
32239  18.292  -22.347  68.633 0.2500000000
32240  17.679  -22.105  69.737 0.2500000000
14095  16.427  -22.488  69.862 0.2500000000
6154  17.034  -22.666  68.787 0.2500000000
29719  14.951  -23.731  67.756 0.5000000000
17808  14.246  -24.476  66.462 0.5000000000
32225  22.257  -22.740  63.221 0.3750000000
7225  22.753  -22.559  62.241 0.3750000000
29748  34.652  -21.026  62.311 0.3750000000
14721  36.078  -23.672  43.802 0.2500000000
7231  18.261  -21.328  70.544 0.2500000000
15889  24.125  -22.089  62.607 0.3750000000
11719  35.960  -20.187  62.778 0.3750000000
34727  35.219  -21.096  61.285 0.3750000000
4039  36.463  -20.196  61.689 0.3750000000
34728  35.663  -21.068  60.232 0.3750000000
34729  36.073  -20.992  59.112 0.3750000000
34732  36.475  -20.888  57.929 0.5000000000
25700  37.591  -18.949  61.963 0.2500000000
25701  36.839  -20.065  60.574 0.2500000000
17870  37.843  -18.809  60.869 0.2500000000
1838  37.081  -19.868  59.558 0.3750000000
30592  34.506  -22.993  43.950 0.5000000000
15930  25.436  -21.770  61.041 0.5000000000
36917  31.915  -18.350  43.126 0.6250000000
17854  36.883  -13.084  53.908 0.2500000000
14824  49.533  -9.889  25.007 0.1250000000
3021  48.464  -9.444  25.285 0.1250000000
30738  49.973  -9.084  24.093 0.1250000000
30739  51.049  -9.579  23.860 0.1250000000
30737  49.015  -8.643  24.482 0.2500000000
23869  48.174  -8.163  24.992 0.2500000000
1101  51.488  -8.784  22.868 0.1250000000
30736  50.519  -8.317  23.189 0.1250000000
37297  53.096  -8.609  21.751 0.1250000000
6588  50.245  -5.165  24.483 0.7500000000
14821  49.767  -6.413  23.832 0.2500000000
14822  48.912  -7.332  24.393 0.2500000000
6590  49.675  -7.787  23.690 0.2500000000
30735  50.388  -6.853  23.040 0.1250000000
19988  51.160  -7.435  22.453 0.1250000000
19990  52.041  -8.009  22.044 0.1250000000
9016  52.646  -7.139  21.245 0.1250000000
30734  50.606  -5.545  23.414 0.3750000000
6589  51.167  -5.997  22.549 0.3750000000
37298  53.588  -7.831  20.845 0.1250000000
30732  51.353  -4.310  24.371 0.7500000000
30733  51.588  -4.667  23.243 0.6250000000
37295  52.607  -5.564  21.359 0.1250000000
19989  51.849  -6.494  21.833 0.3750000000
37296  53.315  -6.239  20.611 0.1250000000
11221  5.996  -30.752  54.963 0.1250000000
17840  3.322  -29.803  70.231 0.1250000000
1813  3.174  -29.397  69.457 0.1250000000
17853  37.614  -12.212  53.333 0.1250000000
29712  18.113  -30.624  55.332 0.1250000000
29092  3.302  -39.291  70.239 0.2500000000
24800  5.138  -33.916  56.534 0.1250000000
25682  3.824  -28.865  71.145 0.3750000000
3986  4.036  -26.392  70.071 0.1250000000
17715  4.700  -24.412  69.432 0.1250000000
1815  4.967  -23.404  70.261 0.1250000000
29730  8.886  -26.530  72.488 0.5000000000
29733  8.219  -26.304  73.108 0.3750000000
168  18.182  -23.057  66.283 0.2500000000
1454  20.414  -20.427  70.427 0.2500000000
14096  15.701  -23.118  68.959 0.2500000000
23870  47.504  -9.015  25.725 0.1250000000
26970  52.546  -9.320  22.791 0.1250000000
500  52.613  -3.523  24.392 0.7500000000
37294  52.053  -5.096  22.248 0.2500000000
29735  6.937  -25.539  73.469 0.2500000000
11705  6.051  -26.317  73.039 0.2500000000
4025  6.703  -26.722  73.073 0.2500000000
14108  7.833  -24.716  73.795 0.2500000000
29734  7.615  -25.913  73.469 0.2500000000
6160  9.813  -25.797  72.602 0.2500000000
32243  17.517  -20.839  71.157 0.1250000000
23434  15.362  -21.808  71.783 0.1250000000
10461  13.608  -21.822  72.878 0.1250000000
23440  11.501  -22.963  73.561 0.1250000000
24519  19.609  -19.841  70.909 0.1250000000
32242  18.611  -20.355  71.139 0.1250000000
23436  14.295  -22.343  72.180 0.1250000000
23437  13.240  -22.800  72.595 0.1250000000
23438  12.069  -23.430  72.961 0.1250000000
23439  11.136  -24.002  73.254 0.1250000000
14106  9.522  -24.379  73.844 0.2500000000
14107  8.805  -23.998  73.973 0.2500000000
6136  7.252  -24.340  73.603 0.2500000000
15898  21.462  -19.877  70.342 0.1250000000
32241  17.061  -21.734  70.664 0.1250000000
860  15.926  -22.230  70.911 0.1250000000
23435  14.798  -22.744  71.294 0.1250000000
14098  12.593  -23.743  72.066 0.1250000000
29731  10.158  -24.738  73.361 0.2500000000
29732  9.176  -25.493  73.316 0.2500000000
6161  8.523  -25.146  73.722 0.2500000000
862  11.603  -24.439  72.379 0.1250000000
14103  10.338  -26.131  71.514 0.3750000000
170  35.323  -20.230  63.681 0.2500000000
2781  13.767  -23.208  71.667 0.1250000000
14102  11.209  -25.443  71.397 0.3750000000
14104  10.701  -25.135  72.564 0.2500000000
14097  15.246  -22.969  70.224 0.1250000000
29721  14.208  -23.459  70.553 0.1250000000
14099  13.012  -24.079  70.882 0.2500000000
14100  12.102  -24.652  71.195 0.2500000000
15899  22.488  -20.147  69.713 0.1250000000
6156  14.496  -23.662  69.238 0.1250000000
29722  13.520  -24.237  69.496 0.3750000000
6157  12.547  -24.863  69.789 0.3750000000
14101  11.598  -25.626  69.997 0.3750000000
6158  10.759  -26.411  70.128 0.3750000000
3381  22.618  -19.293  70.143 0.1250000000
29724  12.016  -25.846  68.417 0.3750000000
32255  37.637  -16.411  64.384 0.1250000000
32256  36.885  -17.913  64.548 0.1250000000
7229  22.015  -21.221  68.777 0.1250000000
29720  13.834  -24.348  68.018 0.3750000000
25697  38.391  -16.251  63.739 0.1250000000
4037  37.607  -17.799  63.784 0.1250000000
32233  23.606  -19.721  69.685 0.1250000000
32234  23.203  -20.726  68.998 0.1250000000
32257  35.793  -19.230  64.676 0.1250000000
25699  38.170  -17.670  62.893 0.1250000000
11718  37.127  -19.091  62.947 0.1250000000
11717  36.509  -19.136  63.929 0.2500000000
32232  23.978  -21.081  68.310 0.1250000000
32266  34.629  -20.307  64.563 0.1250000000
1453  23.269  -21.789  67.028 0.1250000000
7240  33.819  -20.249  65.452 0.1250000000
15925  32.431  -21.040  65.002 0.1250000000
32267  33.147  -21.044  64.151 0.2500000000
29723  12.971  -25.010  68.248 0.3750000000
24515  23.754  -18.497  69.964 0.1250000000
25698  38.906  -16.075  62.893 0.1250000000
15915  36.809  -16.526  64.993 0.1250000000
25662  12.430  -26.070  66.819 0.3750000000
34721  39.248  -15.898  62.018 0.1250000000
7237  36.100  -18.052  65.236 0.1250000000
7228  24.450  -20.101  69.174 0.1250000000
17871  38.699  -17.270  61.068 0.1250000000
32264  35.236  -18.063  65.900 0.1250000000
4038  38.530  -17.484  62.001 0.1250000000
15923  34.260  -19.353  66.097 0.1250000000
24513  24.704  -21.257  67.478 0.1250000000
15924  32.971  -20.328  66.087 0.1250000000
32268  31.768  -21.528  63.546 0.2500000000
15926  31.606  -21.033  65.678 0.2500000000
7241  30.961  -21.491  64.279 0.2500000000
17874  37.259  -19.664  58.302 0.3750000000
32269  30.162  -21.641  62.820 0.2500000000
15897  24.720  -18.954  69.687 0.1250000000
32231  25.380  -20.387  68.640 0.1250000000
17872  37.949  -18.521  59.737 0.1250000000
7239  34.313  -18.002  66.494 0.1250000000
15921  33.417  -18.062  66.972 0.1250000000
15890  23.911  -21.781  66.212 0.1250000000
8140  37.330  -19.384  57.109 0.1250000000
15920  32.386  -19.238  67.464 0.1250000000
15891  23.167  -22.223  64.836 0.2500000000
24532  30.737  -20.952  66.287 0.1250000000
32271  29.271  -21.522  63.428 0.1250000000
7242  27.285  -21.625  62.151 0.2500000000
15896  25.769  -19.221  69.395 0.1250000000
8139  38.643  -17.078  59.975 0.1250000000
17873  37.946  -18.312  58.616 0.1250000000
32230  26.484  -20.016  68.713 0.1250000000
3379  25.991  -20.723  67.724 0.1250000000
24512  25.256  -21.401  66.556 0.1250000000
28824  27.706  -19.207  69.105 0.1250000000
24529  31.508  -17.747  68.063 0.1250000000
11058  26.677  -20.960  66.982 0.1250000000
24511  25.852  -21.443  65.619 0.1250000000
11068  30.534  -18.978  68.449 0.1250000000
3378  24.370  -21.861  65.091 0.2500000000
32224  23.524  -22.237  63.617 0.2500000000
24531  31.232  -20.286  67.231 0.1250000000
1451  25.595  -21.739  63.074 0.2500000000
24510  24.966  -21.791  64.106 0.2500000000
3390  29.048  -21.359  65.374 0.1250000000
15928  28.298  -21.573  63.749 0.1250000000
15929  26.471  -21.662  62.617 0.2500000000
34724  38.448  -16.839  58.838 0.1250000000
34725  37.719  -18.062  57.450 0.1250000000
6166  38.000  -16.513  57.733 0.1250000000
167  28.466  -19.853  68.451 0.1250000000
11069  29.375  -19.961  68.258 0.1250000000
3377  27.304  -21.246  66.137 0.1250000000
3389  30.253  -20.057  67.918 0.1250000000
11070  28.826  -20.866  67.075 0.1250000000
24534  28.108  -21.337  65.656 0.1250000000
24509  26.426  -21.561  64.527 0.2500000000
15927  27.363  -21.566  64.175 0.2500000000
8892  34.460  -19.514  39.280 0.1250000000
36922  33.451  -18.605  39.244 0.1250000000
36918  32.148  -18.407  41.741 0.5000000000
36921  33.459  -19.358  40.104 0.1250000000
36919  32.679  -18.438  40.419 0.2500000000
19674  33.653  -17.834  38.464 0.2500000000
36915  35.048  -17.548  36.706 0.2500000000
33002  39.203  -15.981  32.977 0.2500000000
24879  38.346  -16.048  33.544 0.3750000000
725  46.311  -8.724  42.907 0.3750000000
24942  53.422  -3.933  41.278 0.1250000000
11295  52.856  -3.886  43.430 0.1250000000
29156  50.462  -5.742  45.011 0.1250000000
13694  49.192  -6.641  44.785 0.1250000000
5913  49.264  -6.614  43.448 0.1250000000
13695  47.783  -7.606  43.235 0.2500000000
11296  53.101  -3.976  42.402 0.1250000000
16608  53.642  -3.909  40.203 0.1250000000
23193  44.906  -9.652  42.686 0.5000000000
7561  52.793  -4.487  36.924 0.2500000000
16610  53.932  -3.798  39.173 0.2500000000
16612  52.691  -4.573  37.938 0.2500000000
11291  51.599  -4.788  44.948 0.1250000000
13693  47.719  -7.647  44.640 0.1250000000
13691  46.257  -8.641  44.448 0.3750000000
2645  43.467  -10.445  42.574 0.5000000000
33138  54.213  -3.612  37.049 0.2500000000
23192  44.793  -9.466  44.258 0.1250000000
10324  43.358  -10.097  44.174 0.5000000000
10323  41.947  -10.496  44.204 0.6250000000
24931  50.732  -4.700  47.671 0.1250000000
34851  41.801  -10.210  45.516 0.3750000000
2643  43.227  -9.819  45.779 0.3750000000
12420  54.023  -2.745  24.530 0.5000000000
12422  52.775  -3.765  23.222 0.5000000000
15895  25.993  -18.058  69.487 0.1250000000
29747  33.965  -20.991  63.397 0.2500000000
29674  6.303  -25.133  73.209 0.2500000000
32244  16.538  -21.306  71.402 0.1250000000
2780  14.697  -21.305  72.386 0.1250000000
2782  12.524  -22.408  73.270 0.1250000000
2783  10.460  -23.662  73.767 0.2500000000
14065  8.162  -23.555  73.839 0.2500000000
32265  35.066  -19.287  65.414 0.1250000000
1458  32.073  -20.255  66.749 0.1250000000
15922  33.326  -19.280  66.760 0.1250000000
32270  30.080  -21.323  64.995 0.2500000000
24533  29.696  -20.926  66.645 0.1250000000
5772  26.846  -18.644  69.421 0.1250000000
11059  27.383  -20.164  68.212 0.1250000000
24528  32.121  -16.439  67.188 0.1250000000
24530  31.495  -19.188  68.066 0.1250000000
3388  32.409  -17.796  67.596 0.1250000000
11057  27.944  -20.708  67.379 0.1250000000
16611  54.098  -3.758  38.124 0.2500000000
648  24.781  -17.578  69.681 0.1250000000
23810  35.818  -25.019  44.771 0.2500000000
4738  55.914  -1.543  27.408 0.5000000000
12421  54.106  -2.960  23.242 0.3750000000
29676  6.819  -23.656  73.260 0.1250000000
29675  5.993  -24.453  72.856 0.1250000000
34536  5.759  -23.750  72.327 0.1250000000
29714  16.077  -30.079  56.485 0.2500000000
7518  35.266  -27.238  47.748 0.1250000000
33019  34.073  -27.493  47.506 0.1250000000
36935  35.673  -26.636  46.645 0.1250000000
23811  36.894  -25.432  45.608 0.1250000000
6529  33.441  -21.848  44.018 0.3750000000
30590  32.527  -20.640  43.928 0.3750000000
19675  32.708  -20.488  42.855 0.3750000000
30591  33.689  -21.627  43.183 0.1250000000
6528  32.015  -19.467  43.578 0.3750000000
19676  32.208  -19.408  42.304 0.3750000000
19677  33.133  -20.260  41.888 0.1250000000
8891  32.699  -19.347  41.171 0.1250000000
8890  34.617  -18.245  37.488 0.1250000000
4070  42.928  -8.572  53.073 0.1250000000
25760  42.951  -8.836  51.980 0.1250000000
105  45.483  -10.376  27.479 0.1250000000
37292  56.001  -5.773  18.000 0.1250000000
37291  56.076  -3.869  18.493 0.1250000000
30835  57.339  -6.384  16.426 0.1250000000
26967  54.382  -3.220  22.023 0.1250000000
19984  55.714  -2.679  20.874 0.1250000000
4742  53.084  -4.147  22.027 0.1250000000
9014  55.873  -3.189  19.684 0.1250000000
14894  56.924  -2.815  18.265 0.1250000000
6632  56.464  -4.737  17.366 0.1250000000
14893  57.086  -4.428  16.516 0.1250000000
26964  57.016  -0.987  24.882 0.2500000000
26966  55.603  -2.087  23.425 0.2500000000
4740  55.589  -1.903  24.661 0.2500000000
37288  56.858  -1.269  22.444 0.1250000000
26965  56.948  -1.102  23.703 0.1250000000
19983  54.738  -3.646  20.868 0.1250000000
37289  56.801  -1.566  21.037 0.1250000000
6631  57.833  -4.150  15.749 0.1250000000
12419  55.701  -1.673  26.061 0.1250000000
19982  58.167  -0.007  23.913 0.1250000000
9013  58.111  -0.288  22.601 0.1250000000
37290  56.807  -2.130  19.662 0.1250000000
1124  57.991  -1.301  19.612 0.1250000000
14892  57.655  -2.505  17.554 0.1250000000
26963  57.064  -0.804  26.170 0.1250000000
2148  58.164  0.184  25.207 0.1250000000
23912  59.062  0.046  20.981 0.1250000000
37287  58.052  -0.711  21.121 0.1250000000
23910  59.786  0.715  19.449 0.1250000000
3043  59.145  -0.781  18.289 0.1250000000
14890  58.639  -1.053  18.966 0.1250000000
19981  59.001  1.018  23.621 0.1250000000
3044  59.615  1.455  21.916 0.1250000000
37286  59.078  0.566  22.318 0.1250000000
10723  59.805  1.865  21.094 0.1250000000
23911  59.496  0.321  20.196 0.1250000000
37285  59.531  2.002  23.149 0.1250000000
23908  60.050  0.974  18.609 0.1250000000
16496  42.475  -10.701  29.764 0.2500000000
29713  17.046  -30.399  55.870 0.1250000000
3987  5.077  -24.632  71.702 0.1250000000
29736  40.956  -9.735  54.589 0.1250000000
29737  39.753  -10.611  53.710 0.1250000000
30836  56.845  -6.692  17.330 0.1250000000
4741  55.655  -2.231  22.230 0.1250000000
19976  58.148  0.307  26.321 0.1250000000
34655  12.861  -32.350  59.981 0.1250000000
34653  13.674  -30.445  58.530 0.1250000000
14722  37.579  -24.004  44.593 0.1250000000
3583  39.191  -17.326  33.573 0.1250000000
12413  54.361  -3.461  35.941 0.1250000000
12415  54.516  -3.293  34.766 0.1250000000
30593  34.972  -22.692  43.383 0.2500000000
32943  5.065  -37.736  72.640 0.1250000000
5885  4.234  -38.062  72.083 0.1250000000
11247  5.571  -37.449  71.514 0.1250000000
11245  6.057  -37.095  69.919 0.1250000000
230  5.072  -36.805  70.085 0.1250000000
3565  7.141  -37.139  69.586 0.1250000000
34670  6.410  -36.557  68.572 0.1250000000
34669  7.341  -36.672  68.219 0.1250000000
17828  6.643  -35.717  67.588 0.1250000000
34668  8.262  -36.555  67.755 0.1250000000
34667  8.321  -35.891  66.365 0.1250000000
8120  7.479  -35.907  66.968 0.1250000000
34751  30.616  -29.085  50.389 0.1250000000
7508  42.985  -11.966  29.529 0.1250000000
32993  42.092  -11.883  30.069 0.1250000000
16495  43.296  -10.897  29.083 0.1250000000
29087  4.573  -37.434  71.261 0.1250000000
17824  9.288  -35.044  64.701 0.1250000000
24847  8.153  -36.886  69.357 0.1250000000
