#!ascii label  , from subject fsaverage6 vox2ras=TkReg 
1129
10309  28.846  -32.030  69.411 0.5555559993
23160  28.589  -34.157  65.727 0.4444440007
23161  28.819  -33.603  67.397 0.4444440007
23162  28.023  -33.519  67.805 0.5555559993
10308  28.936  -32.930  68.631 0.4444440007
2629  28.102  -32.858  69.036 0.5555559993
36664  27.979  -31.871  69.805 0.4444440007
10307  29.766  -32.132  69.032 0.5555559993
23159  29.727  -33.738  66.915 0.4444440007
2627  29.848  -33.043  68.290 0.4444440007
13640  27.003  -33.992  66.550 0.4444440007
23163  27.233  -33.446  68.123 0.5555559993
13641  26.656  -34.490  64.725 0.4444440007
29081  26.210  -34.822  62.978 0.2222220004
5882  25.404  -34.880  63.393 0.1111110002
34608  28.557  -31.051  69.534 0.3333329856
17  29.519  -31.262  69.279 0.4444440007
23184  30.806  -33.407  67.498 0.4444440007
10320  30.754  -32.555  68.480 0.4444440007
10319  30.519  -31.574  68.938 0.4444440007
36666  26.467  -33.300  68.762 0.5555559993
709  26.184  -34.005  66.916 0.4444440007
2640  31.681  -33.736  66.827 0.4444440007
23183  31.748  -32.942  67.921 0.4444440007
2639  31.587  -31.981  68.478 0.4444440007
34609  28.057  -30.366  68.959 0.3333329856
34607  29.118  -30.519  68.928 0.3333329856
13678  31.402  -34.287  65.309 0.3333329856
13677  30.540  -34.044  66.060 0.3333329856
10317  30.036  -30.589  68.656 0.3333329856
34770  29.515  -30.064  67.777 0.3333329856
8099  28.541  -30.078  67.878 0.3333329856
13679  30.241  -34.504  64.390 0.2222220004
13642  25.793  -34.485  65.148 0.2222220004
719  33.566  -32.824  67.308 0.4444440007
13670  33.310  -31.737  67.756 0.5555559993
13676  33.602  -33.671  66.503 0.3333329856
23182  32.661  -33.348  67.187 0.4444440007
23181  32.537  -32.413  67.935 0.4444440007
23180  32.248  -31.302  68.139 0.4444440007
29132  32.574  -34.020  66.006 0.3333329856
10318  31.157  -30.950  68.453 0.4444440007
17778  27.382  -30.122  67.574 0.2222220004
13672  34.363  -32.107  67.288 0.4444440007
13675  34.460  -33.971  65.679 0.3333329856
13674  34.515  -33.169  66.661 0.3333329856
13671  33.875  -31.050  67.105 0.5555559993
29131  33.235  -34.730  63.810 0.2222220004
5903  33.465  -34.288  65.315 0.2222220004
29133  32.279  -34.522  64.490 0.2222220004
2638  32.717  -30.738  67.358 0.4444440007
720  32.908  -34.960  62.333 0.1111110002
13673  35.390  -32.395  66.798 0.4444440007
5901  35.470  -33.493  65.929 0.3333329856
29128  36.353  -34.384  64.008 0.3333329856
29127  36.471  -33.726  65.137 0.3333329856
29129  35.376  -34.243  64.863 0.3333329856
29122  33.101  -30.374  66.161 0.4444440007
5902  35.161  -34.746  63.509 0.1111110002
29130  34.293  -34.588  64.313 0.2222220004
16547  34.076  -34.929  62.960 0.1111110002
16548  34.924  -35.040  62.082 0.1111110002
24905  31.619  -35.007  61.457 0.1111110002
24907  31.171  -35.166  60.093 0.1111110002
11278  29.767  -35.252  59.131 0.1111110002
5900  35.026  -31.404  66.830 0.5555559993
29126  36.413  -32.649  66.091 0.4444440007
29123  34.317  -30.576  66.112 0.6666669846
239  37.453  -33.863  64.199 0.4444440007
11270  37.428  -32.817  65.319 0.4444440007
11275  38.190  -34.434  62.159 0.3333329856
11274  38.426  -33.870  63.404 0.3333329856
33056  36.091  -34.832  62.624 0.2222220004
11276  37.337  -34.429  63.090 0.3333329856
16549  33.790  -35.102  61.560 0.1111110002
24906  32.544  -35.115  60.883 0.1111110002
3598  31.973  -35.194  59.391 0.1111110002
29125  36.086  -31.617  66.401 0.6666669846
29124  35.488  -30.778  65.954 0.6666669846
3590  37.165  -31.751  65.840 0.5555559993
11272  38.409  -32.922  64.518 0.3333329856
3594  39.245  -33.905  62.457 0.3333329856
24892  36.649  -30.897  65.641 0.6666669846
11271  38.245  -31.836  65.185 0.5555559993
11273  39.361  -33.028  63.589 0.4444440007
3592  39.328  -31.931  64.462 0.5555559993
24893  37.201  -30.346  64.519 0.6666669846
24900  39.971  -33.833  61.462 0.4444440007
24899  40.277  -32.981  62.702 0.4444440007
24895  38.993  -30.849  64.755 0.6666669846
24894  37.868  -30.874  65.214 0.7777780294
24898  40.298  -31.973  63.731 0.6666669846
16535  41.065  -32.894  61.809 0.5555559993
24896  40.036  -30.867  64.244 0.6666669846
16528  39.491  -29.912  64.083 0.6666669846
3591  38.376  -30.159  64.305 0.7777780294
16536  42.048  -31.745  62.009 0.5555559993
16537  41.812  -32.676  60.829 0.5555559993
24897  41.006  -30.722  63.685 0.6666669846
1580  40.539  -29.656  63.811 0.6666669846
3593  41.196  -31.866  62.887 0.5555559993
16530  39.819  -28.965  63.135 0.5555559993
7526  42.749  -31.531  61.129 0.5555559993
33043  43.445  -31.202  60.146 0.5555559993
16534  41.503  -29.412  63.423 0.7777780294
33040  41.939  -30.606  62.952 0.6666669846
33041  42.810  -30.472  62.193 0.6666669846
16532  40.880  -28.551  63.114 0.6666669846
7525  42.417  -29.194  62.918 0.6666669846
23812  44.320  -29.933  60.471 0.6666669846
33042  43.592  -30.177  61.396 0.6666669846
2990  44.022  -30.921  59.031 0.6666669846
16533  41.839  -28.156  62.964 0.6666669846
7524  41.117  -27.564  62.208 0.6666669846
33039  43.309  -28.918  62.342 0.7777780294
33038  42.742  -27.780  62.701 0.6666669846
2991  45.663  -28.115  59.748 0.7777780294
1070  44.122  -28.685  61.627 0.7777780294
23813  44.930  -28.407  60.714 0.7777780294
6532  42.999  -26.585  62.144 0.8888890147
33037  42.062  -27.035  62.284 0.8888890147
14725  43.667  -27.477  62.197 0.8888890147
14728  46.183  -27.821  58.690 0.7777780294
30600  43.264  -25.456  61.327 0.7777780294
14726  43.925  -26.116  61.799 0.8888890147
6534  44.845  -25.655  61.312 0.8888890147
14730  46.837  -26.206  58.950 0.7777780294
14729  46.229  -26.525  59.880 0.8888890147
30603  45.463  -26.849  60.749 0.7777780294
14727  44.527  -27.173  61.536 0.8888890147
1072  46.573  -27.499  57.664 0.6666669846
23816  45.824  -28.881  57.334 0.6666669846
6535  46.590  -24.896  59.837 0.8888890147
30604  45.776  -25.224  60.648 0.8888890147
19698  44.351  -23.581  60.297 0.8888890147
6533  43.433  -24.373  60.265 0.7777780294
30602  45.072  -24.178  60.783 0.8888890147
14732  47.334  -26.076  57.876 0.7777780294
1071  45.293  -22.956  60.101 0.8888890147
19699  43.664  -23.507  59.029 0.6666669846
14731  47.259  -24.714  58.927 0.8888890147
30605  45.958  -23.758  60.270 0.8888890147
30606  46.848  -23.453  59.618 0.8888890147
19700  44.547  -22.598  59.224 0.5555559993
26796  46.161  -22.464  59.696 0.8888890147
26797  45.476  -21.787  59.232 0.7777780294
36947  44.922  -21.743  58.219 0.5555559993
30607  47.546  -23.268  58.756 0.8888890147
6536  47.807  -24.579  57.875 0.8888890147
4649  45.682  -20.755  58.309 0.5555559993
19702  45.233  -20.882  56.986 0.4444440007
36948  44.463  -22.118  56.637 0.2222220004
30610  48.098  -24.446  56.758 0.6666669846
14733  47.564  -25.851  56.812 0.6666669846
30611  47.618  -25.637  55.584 0.7777780294
4648  46.987  -22.015  59.143 0.7777780294
19703  45.288  -19.990  55.632 0.2222220004
12328  47.795  -21.732  58.381 0.8888890147
30608  48.182  -23.094  57.768 0.8888890147
30609  48.658  -22.950  56.662 0.7777780294
6537  48.288  -24.272  55.555 0.6666669846
36971  48.973  -22.806  55.454 0.7777780294
19720  47.634  -25.415  54.305 0.6666669846
19721  48.346  -24.061  54.280 0.6666669846
8909  48.280  -23.759  53.100 0.5555559993
12329  47.196  -20.611  58.551 0.7777780294
26799  46.524  -20.020  58.155 0.7777780294
19701  45.890  -19.832  57.122 0.6666669846
489  48.501  -21.519  57.507 0.8888890147
12330  48.044  -20.280  58.002 0.8888890147
36972  49.147  -22.568  54.280 0.7777780294
19722  47.449  -25.004  53.063 0.4444440007
36974  47.230  -24.705  51.786 0.2222220004
4656  46.221  -25.519  50.400 0.2222220004
19725  46.965  -24.340  49.027 0.2222220004
19723  46.062  -25.339  49.007 0.2222220004
19727  46.837  -24.223  47.604 0.2222220004
8912  45.640  -24.521  44.761 0.2222220004
2112  45.904  -18.922  55.843 0.2222220004
4650  47.403  -19.332  57.894 0.7777780294
12334  49.105  -21.426  56.481 0.8888890147
36973  49.184  -22.454  53.104 0.6666669846
36976  49.195  -22.454  51.717 0.5555559993
36975  48.174  -23.530  51.825 0.5555559993
8910  48.093  -23.507  50.468 0.3333329856
19726  47.978  -23.506  48.995 0.3333329856
26801  46.630  -18.030  55.844 0.4444440007
26800  46.687  -18.911  57.169 0.4444440007
12333  49.542  -19.968  56.329 0.8888890147
12332  48.842  -20.117  57.184 0.7777780294
12331  48.305  -18.996  57.415 0.7777780294
26806  50.001  -18.615  55.859 0.8888890147
4654  49.606  -21.248  55.459 0.8888890147
26808  49.989  -21.147  54.266 0.7777780294
26807  50.214  -19.884  55.274 0.8888890147
2114  50.193  -21.214  52.981 0.7777780294
4652  49.212  -18.761  56.720 0.7777780294
26802  47.542  -18.223  56.992 0.7777780294
4651  47.539  -17.326  55.791 0.4444440007
36956  46.308  -17.404  54.232 0.5555559993
4653  50.804  -18.562  54.748 0.8888890147
19715  50.747  -19.827  54.079 0.8888890147
19719  50.356  -21.477  51.755 0.6666669846
8908  50.355  -21.728  50.458 0.5555559993
30586  51.374  -21.006  49.448 0.5555559993
26803  48.488  -17.823  56.616 0.7777780294
26804  49.461  -17.578  55.949 0.8888890147
19716  51.391  -18.729  53.678 0.7777780294
19718  51.314  -20.467  51.639 0.7777780294
36969  51.440  -20.785  50.551 0.6666669846
4632  51.959  -20.563  48.274 0.4444440007
19708  48.557  -16.938  55.462 0.5555559993
26805  50.349  -17.507  55.131 0.8888890147
19717  51.099  -20.077  52.883 0.7777780294
36968  52.219  -19.466  51.569 0.7777780294
6526  52.453  -19.854  50.540 0.6666669846
30585  52.318  -20.237  49.454 0.5555559993
30584  53.027  -19.414  49.320 0.6666669846
26768  52.759  -19.641  48.253 0.6666669846
36965  51.148  -17.468  54.206 0.8888890147
8907  51.897  -19.060  52.645 0.7777780294
14715  53.109  -18.894  50.404 0.6666669846
6525  53.611  -17.972  50.102 0.7777780294
30583  53.565  -18.378  49.160 0.8888890147
36966  51.943  -17.706  53.237 0.7777780294
36967  52.641  -18.031  52.275 0.7777780294
14716  53.017  -18.371  51.320 0.8888890147
1066  53.067  -17.000  51.714 0.8888890147
14714  53.459  -17.477  50.947 0.7777780294
19714  50.524  -16.596  54.222 0.8888890147
8906  51.452  -16.641  53.374 0.8888890147
36964  52.368  -16.787  52.536 0.8888890147
19466  27.072  -31.706  70.062 0.4444440007
36665  27.302  -32.613  69.644 0.4444440007
17910  28.726  -30.025  66.000 0.2222220004
34610  27.023  -30.387  68.860 0.2222220004
29082  25.007  -35.277  61.693 0.1111110002
8100  27.570  -30.962  69.693 0.3333329856
707  29.428  -34.278  65.215 0.4444440007
13637  29.146  -34.618  63.567 0.2222220004
5904  31.145  -34.685  63.679 0.2222220004
2637  30.491  -30.138  67.527 0.4444440007
30601  44.175  -24.778  61.167 0.8888890147
14734  46.802  -27.229  56.548 0.6666669846
26798  46.341  -21.126  58.956 0.8888890147
8901  44.694  -21.243  55.191 0.2222220004
26810  46.413  -25.848  51.695 0.3333329856
19724  47.110  -24.514  50.449 0.3333329856
2115  45.891  -25.064  47.517 0.2222220004
19729  45.781  -24.794  46.095 0.2222220004
36977  49.227  -22.657  50.433 0.3333329856
36970  50.287  -21.878  49.323 0.6666669846
487  50.140  -21.898  48.286 0.4444440007
36978  49.157  -22.706  49.098 0.3333329856
12312  51.058  -21.274  48.371 0.5555559993
30582  54.078  -17.079  49.669 0.8888890147
19467  26.131  -31.570  70.238 0.4444440007
8806  26.460  -32.462  69.874 0.4444440007
16460  4.860  -39.026  73.507 0.1111110002
16458  4.166  -38.856  72.449 0.1111110002
24853  5.219  -39.709  73.328 0.1111110002
3569  6.174  -39.571  74.106 0.1111110002
11248  6.569  -40.623  70.865 0.1111110002
718  35.944  -30.448  64.757 0.5555559993
7493  9.991  -38.439  76.199 0.1111110002
32946  5.745  -38.904  74.395 0.1111110002
3570  7.746  -40.016  72.951 0.1111110002
11249  6.625  -40.418  72.257 0.1111110002
24854  5.840  -40.242  72.903 0.1111110002
7491  5.512  -38.151  74.346 0.1111110002
11250  7.628  -40.223  71.626 0.1111110002
11254  8.708  -39.915  69.758 0.1111110002
232  7.631  -40.331  70.269 0.1111110002
29121  34.693  -30.413  64.720 0.5555559993
12258  11.001  -36.270  76.526 0.2222220004
32951  10.863  -38.115  76.393 0.1111110002
16461  7.233  -39.379  74.653 0.1111110002
16462  6.644  -38.784  75.037 0.1111110002
32947  6.307  -38.017  75.146 0.1111110002
24855  6.892  -39.965  73.574 0.1111110002
12259  11.765  -35.438  76.413 0.3333329856
24851  6.554  -36.728  74.293 0.1111110002
32944  5.607  -37.556  73.899 0.1111110002
11253  10.024  -39.519  70.415 0.1111110002
11251  8.818  -39.780  72.239 0.1111110002
3574  9.895  -39.536  69.268 0.1111110002
5899  33.383  -30.339  64.631 0.3333329856
13669  32.144  -30.183  64.480 0.2222220004
717  30.977  -30.106  64.190 0.2222220004
32942  10.246  -36.870  76.542 0.2222220004
16466  10.744  -39.281  75.925 0.1111110002
16463  7.870  -38.736  75.473 0.1111110002
32945  6.222  -37.243  74.920 0.1111110002
4578  10.785  -34.936  76.537 0.3333329856
1567  8.519  -39.225  75.062 0.1111110002
26672  11.784  -34.188  76.394 0.3333329856
24856  8.027  -39.635  74.123 0.1111110002
24857  9.370  -39.497  74.493 0.1111110002
24858  8.943  -39.667  73.449 0.1111110002
24859  10.169  -39.569  72.755 0.1111110002
3572  10.080  -39.499  71.571 0.1111110002
24863  11.326  -39.509  69.857 0.1111110002
30494  21.002  -30.609  70.613 0.2222220004
372  21.196  -30.841  68.735 0.2222220004
13668  32.300  -30.389  62.511 0.2222220004
16464  8.594  -38.064  76.064 0.1111110002
32949  8.157  -37.146  76.224 0.1111110002
32948  7.042  -37.121  75.721 0.1111110002
7492  7.334  -37.944  75.706 0.1111110002
26671  11.984  -33.166  76.057 0.3333329856
30495  19.924  -30.671  70.499 0.2222220004
14651  18.730  -30.802  70.384 0.2222220004
30493  20.055  -30.947  68.650 0.2222220004
34617  21.540  -31.069  67.221 0.2222220004
13667  31.107  -30.255  62.080 0.1111110002
34765  30.010  -30.187  61.820 0.1111110002
7490  8.994  -36.360  76.480 0.2222220004
16457  7.971  -36.266  76.083 0.1111110002
16455  8.144  -35.617  75.562 0.1111110002
1566  7.138  -36.401  75.327 0.1111110002
26670  10.889  -33.931  76.234 0.3333329856
19490  12.341  -32.492  75.308 0.3333329856
19489  12.803  -32.259  74.134 0.1111110002
36691  13.203  -32.635  72.379 0.1111110002
16525  34.988  -30.456  62.987 0.4444440007
10646  14.386  -32.520  70.135 0.1111110002
23769  15.409  -31.912  70.131 0.1111110002
14650  17.720  -31.436  68.285 0.1111110002
34626  20.309  -31.222  67.006 0.2222220004
34767  28.947  -30.197  61.722 0.1111110002
8103  21.788  -31.285  65.690 0.1111110002
34766  27.937  -30.123  59.460 0.1111110002
4050  26.931  -30.222  59.389 0.1111110002
25722  25.994  -30.375  59.361 0.1111110002
17784  21.999  -31.384  63.871 0.1111110002
17782  23.191  -31.014  64.322 0.1111110002
16456  8.946  -35.483  76.208 0.2222220004
7489  9.176  -34.823  75.648 0.1111110002
32940  9.905  -34.674  76.277 0.2222220004
32939  10.199  -34.049  75.623 0.2222220004
1565  11.239  -33.284  75.487 0.1111110002
32936  10.724  -33.886  74.477 0.1111110002
19488  11.742  -33.105  74.302 0.1111110002
7487  12.246  -33.447  72.556 0.1111110002
10647  13.489  -33.257  70.153 0.1111110002
23767  15.464  -32.424  67.869 0.1111110002
17908  27.886  -30.275  61.632 0.1111110002
1045  16.584  -31.836  68.114 0.1111110002
17907  26.909  -30.404  61.599 0.1111110002
25643  26.008  -30.566  61.622 0.1111110002
25644  25.758  -30.573  63.454 0.1111110002
34627  19.111  -31.487  66.707 0.1111110002
34628  17.907  -31.774  66.383 0.1111110002
4008  24.652  -30.835  62.903 0.1111110002
25645  24.858  -30.767  61.093 0.1111110002
34625  20.554  -31.500  65.303 0.1111110002
4007  25.090  -30.632  59.426 0.1111110002
11688  23.955  -31.033  59.013 0.1111110002
17780  23.462  -31.098  62.517 0.1111110002
32938  9.654  -34.660  74.491 0.1111110002
32933  12.559  -34.035  70.371 0.1111110002
29120  33.662  -30.489  62.754 0.2222220004
23768  16.563  -31.431  70.237 0.1111110002
16529  38.748  -29.418  63.091 0.4444440007
25646  23.721  -31.118  60.738 0.1111110002
32935  11.340  -34.240  72.730 0.1111110002
2967  14.270  -31.965  72.201 0.1111110002
34629  16.774  -32.231  66.124 0.1111110002
7523  39.076  -28.838  61.715 0.4444440007
33032  37.941  -29.520  61.428 0.3333329856
16527  36.334  -30.293  63.013 0.4444440007
29119  32.593  -30.495  60.441 0.2222220004
5898  33.937  -30.532  60.705 0.3333329856
6487  18.874  -31.086  68.491 0.1111110002
16526  35.416  -30.403  60.971 0.2222220004
5897  31.239  -30.364  59.904 0.1111110002
29118  32.731  -30.343  58.302 0.2222220004
29117  31.355  -30.239  57.868 0.1111110002
8106  19.371  -31.757  65.012 0.1111110002
33028  34.209  -30.284  58.736 0.2222220004
34763  30.215  -30.092  57.700 0.1111110002
11269  32.907  -30.005  56.483 0.1111110002
237  31.529  -29.985  56.011 0.1111110002
34762  30.289  -29.874  55.758 0.1111110002
11268  32.984  -29.616  54.714 0.1111110002
34632  15.766  -32.704  66.126 0.1111110002
33031  37.589  -29.962  63.052 0.5555559993
17793  18.166  -32.159  64.550 0.1111110002
16531  40.142  -28.159  62.061 0.4444440007
33035  40.378  -27.619  60.722 0.3333329856
7522  36.684  -30.092  61.146 0.4444440007
34764  30.125  -30.238  59.788 0.1111110002
33029  35.628  -30.090  59.033 0.2222220004
34624  20.800  -31.699  63.504 0.1111110002
3589  34.307  -29.888  56.861 0.1111110002
24891  35.751  -29.683  57.285 0.1111110002
24890  34.410  -29.514  55.180 0.1111110002
24889  33.056  -29.308  52.959 0.1111110002
8153  29.019  -30.119  59.528 0.1111110002
17791  19.624  -32.017  63.209 0.1111110002
33027  40.673  -27.109  59.400 0.2222220004
7521  39.681  -28.031  58.825 0.1111110002
1825  22.297  -31.458  62.147 0.1111110002
33030  37.082  -29.767  59.388 0.2222220004
12325  40.997  -26.675  57.917 0.2222220004
34623  21.099  -31.818  61.846 0.1111110002
12327  41.985  -25.624  58.404 0.3333329856
33033  38.372  -29.164  59.906 0.2222220004
1579  37.203  -29.375  57.753 0.1111110002
16520  35.877  -29.225  55.706 0.1111110002
33034  39.394  -28.433  60.274 0.2222220004
16524  38.550  -28.867  58.244 0.2222220004
4647  42.231  -25.005  56.901 0.2222220004
12326  41.139  -26.032  56.448 0.2222220004
36946  43.568  -23.343  56.119 0.1111110002
36949  43.798  -22.518  54.705 0.1111110002
2111  42.730  -23.680  54.068 0.1111110002
36945  43.181  -23.974  57.401 0.1111110002
26795  42.414  -24.418  55.521 0.1111110002
26794  41.268  -25.331  55.018 0.1111110002
36950  43.950  -21.743  53.056 0.1111110002
19693  41.421  -24.714  53.445 0.1111110002
19704  44.653  -20.440  53.608 0.1111110002
19705  45.086  -19.278  53.894 0.1111110002
19697  42.846  -23.048  52.459 0.1111110002
8902  43.958  -19.913  51.537 0.1111110002
19706  44.402  -18.804  51.968 0.1111110002
8903  44.976  -17.914  52.230 0.1111110002
36957  45.835  -17.183  52.538 0.3333329856
19713  50.675  -16.018  53.138 0.5555559993
8905  49.502  -15.906  52.430 0.5555559993
8904  46.980  -16.620  52.820 0.4444440007
19709  47.252  -16.779  54.273 0.4444440007
19712  49.556  -16.157  53.705 0.5555559993
19711  48.271  -16.183  52.797 0.4444440007
36951  43.555  -21.064  51.205 0.1111110002
36963  51.719  -15.963  52.415 0.5555559993
23806  52.614  -15.994  51.629 0.7777780294
1065  53.310  -18.779  48.151 0.7777780294
19654  53.006  -19.033  47.064 0.6666669846
8882  52.579  -19.327  45.852 0.6666669846
36954  43.522  -18.532  50.196 0.1111110002
14712  53.286  -16.262  51.065 0.7777780294
4627  55.671  -14.863  44.429 0.6666669846
12307  55.582  -15.364  45.336 0.6666669846
12309  55.379  -16.401  45.243 0.6666669846
12311  54.926  -17.007  45.802 0.6666669846
36891  53.294  -18.635  45.613 0.5555559993
36892  52.149  -19.596  44.531 0.5555559993
26759  55.779  -14.293  43.529 0.6666669846
2103  55.828  -13.686  42.698 0.6666669846
19634  53.865  -13.899  41.776 0.3333329856
36872  56.740  -12.699  41.107 0.4444440007
19637  55.832  -13.133  41.950 0.3333329856
19635  54.841  -13.374  41.912 0.3333329856
19636  54.716  -13.022  40.938 0.5555559993
36867  52.552  -14.354  40.293 0.3333329856
36955  44.354  -17.763  50.523 0.1111110002
36953  42.994  -19.458  49.803 0.1111110002
14713  53.822  -16.612  50.394 0.7777780294
30580  54.061  -17.522  48.853 0.7777780294
12306  55.081  -14.672  44.951 0.6666669846
486  55.408  -15.892  46.109 0.6666669846
36890  54.328  -17.612  46.364 0.6666669846
19652  53.894  -17.974  47.892 0.7777780294
26758  55.020  -14.252  43.877 0.6666669846
6523  54.574  -17.209  47.411 0.7777780294
19653  53.648  -18.312  46.823 0.6666669846
19633  54.947  -13.800  42.842 0.5555559993
4626  54.011  -14.218  42.914 0.3333329856
8875  55.861  -12.704  41.222 0.2222220004
36866  52.809  -14.650  41.603 0.2222220004
19632  51.698  -15.419  41.440 0.2222220004
4619  57.751  -11.628  39.280 0.3333329856
36871  55.828  -12.200  40.160 0.2222220004
19630  50.693  -16.169  41.360 0.1111110002
36865  51.166  -14.886  38.602 0.1111110002
8873  51.478  -15.184  40.046 0.1111110002
2986  51.742  -15.515  51.257 0.5555559993
12305  55.181  -14.982  45.966 0.7777780294
30577  55.045  -16.512  46.827 0.7777780294
4625  54.424  -14.649  45.373 0.5555559993
26757  54.204  -14.477  44.135 0.4444440007
26755  53.216  -14.917  44.282 0.3333329856
12301  56.862  -12.030  40.242 0.3333329856
26756  53.055  -14.842  42.957 0.1111110002
1063  52.074  -15.549  42.969 0.1111110002
30570  51.008  -16.154  42.928 0.1111110002
12300  57.572  -12.199  40.083 0.3333329856
36870  54.600  -12.668  39.755 0.4444440007
36869  53.458  -13.358  39.420 0.2222220004
8874  53.656  -13.603  40.622 0.2222220004
36868  52.315  -14.128  38.980 0.1111110002
30569  49.615  -16.834  41.242 0.1111110002
6520  49.946  -16.748  42.850 0.1111110002
485  55.862  -11.768  39.082 0.4444440007
26746  58.320  -12.967  38.905 0.3333329856
36861  53.390  -12.960  36.780 0.1111110002
19628  52.160  -13.649  36.283 0.1111110002
19629  52.124  -13.824  37.609 0.1111110002
2102  51.003  -14.540  37.296 0.1111110002
36962  50.733  -15.645  51.879 0.4444440007
6522  54.619  -15.172  47.528 0.7777780294
30575  54.483  -14.774  46.493 0.7777780294
30578  54.949  -16.039  47.687 0.7777780294
30576  55.133  -15.434  46.918 0.7777780294
30579  54.551  -16.748  48.294 0.7777780294
30574  53.485  -14.836  45.668 0.3333329856
30573  52.297  -15.388  44.448 0.2222220004
23800  49.569  -16.453  46.361 0.2222220004
30572  51.291  -15.912  44.602 0.1111110002
2983  50.615  -16.000  46.301 0.2222220004
12299  56.940  -11.546  39.365 0.2222220004
30571  50.270  -16.461  44.583 0.1111110002
36862  54.580  -12.371  38.552 0.3333329856
8872  53.357  -13.072  38.027 0.1111110002
26745  58.364  -11.940  38.953 0.3333329856
30565  54.714  -12.158  37.366 0.3333329856
2100  58.679  -12.314  38.332 0.3333329856
36958  45.438  -17.187  50.888 0.4444440007
36959  46.811  -16.711  51.316 0.3333329856
14708  53.676  -14.801  46.937 0.7777780294
14709  53.924  -14.960  48.084 0.7777780294
14710  54.520  -15.639  48.426 0.7777780294
6524  54.338  -16.321  49.097 0.7777780294
30581  53.974  -15.898  49.747 0.7777780294
6521  52.549  -15.129  46.008 0.4444440007
26744  57.894  -11.127  38.335 0.3333329856
12297  55.918  -11.543  37.970 0.3333329856
30564  54.807  -12.175  36.046 0.1111110002
19614  58.820  -12.791  37.552 0.3333329856
8866  58.657  -13.375  36.628 0.3333329856
6517  53.598  -12.890  35.475 0.1111110002
36843  59.259  -12.564  36.087 0.3333329856
36842  59.762  -11.309  36.128 0.3333329856
23803  53.300  -15.155  49.492 0.7777780294
14711  53.954  -15.279  49.000 0.7777780294
14707  52.820  -14.929  47.320 0.6666669846
10663  49.987  -15.960  47.958 0.4444440007
14706  51.566  -15.553  46.169 0.2222220004
12298  57.018  -11.158  38.285 0.3333329856
26743  57.169  -10.927  37.111 0.1111110002
19610  58.555  -11.293  38.053 0.3333329856
4617  55.986  -11.482  36.626 0.2222220004
19612  59.061  -11.632  37.590 0.3333329856
23805  52.635  -15.430  50.816 0.5555559993
2985  53.368  -15.593  50.327 0.7777780294
1064  53.147  -14.933  48.546 0.7777780294
23802  52.296  -15.023  48.917 0.6666669846
2984  51.414  -15.241  49.213 0.5555559993
10664  50.399  -15.631  49.364 0.5555559993
14705  51.892  -15.230  47.623 0.6666669846
23801  50.973  -15.574  47.908 0.4444440007
4618  58.130  -10.705  37.169 0.3333329856
26742  57.230  -10.813  35.675 0.3333329856
36960  48.181  -16.320  51.232 0.5555559993
36961  49.476  -15.925  51.001 0.5555559993
23804  52.509  -15.103  49.901 0.5555559993
10665  51.675  -15.252  50.284 0.5555559993
4615  60.268  -8.757  31.992 0.2222220004
10666  50.657  -15.545  50.585 0.4444440007
26739  59.245  -9.123  31.824 0.2222220004
32950  9.390  -37.449  76.380 0.1111110002
32941  9.912  -35.648  76.529 0.3333329856
16467  10.074  -39.390  75.320 0.1111110002
32955  10.833  -39.874  74.752 0.1111110002
16465  9.288  -38.815  75.727 0.1111110002
3571  10.387  -39.692  73.818 0.1111110002
36694  13.089  -32.466  75.777 0.3333329856
2965  14.454  -33.101  67.796 0.1111110002
8865  59.391  -10.946  36.654 0.3333329856
19613  59.310  -12.015  36.898 0.3333329856
36841  59.737  -10.279  35.668 0.3333329856
19611  58.850  -10.690  37.003 0.3333329856
36839  58.262  -10.326  35.984 0.1111110002
16459  4.821  -38.328  73.329 0.1111110002
11252  8.831  -39.816  70.946 0.1111110002
231  11.556  -37.618  76.434 0.2222220004
24860  11.556  -39.813  71.952 0.1111110002
4579  12.750  -33.583  76.106 0.3333329856
4631  54.019  -17.993  45.210 0.5555559993
12310  54.678  -17.406  44.712 0.5555559993
19638  56.668  -13.209  41.786 0.4444440007
19631  50.362  -15.939  39.799 0.1111110002
8863  59.934  -11.766  35.437 0.3333329856
36844  58.260  -13.942  35.598 0.2222220004
3596  37.010  -34.810  61.723 0.2222220004
33057  35.748  -35.116  61.159 0.1111110002
33058  35.319  -35.251  59.787 0.1111110002
33061  34.820  -35.332  58.448 0.1111110002
24902  38.933  -34.404  61.151 0.2222220004
24903  37.734  -34.783  60.730 0.2222220004
24904  36.565  -35.106  60.303 0.2222220004
16542  37.231  -34.992  59.323 0.2222220004
1583  36.015  -35.220  58.908 0.1111110002
3595  38.328  -34.652  59.748 0.2222220004
16543  37.686  -34.806  58.249 0.2222220004
16544  36.545  -35.131  57.867 0.1111110002
24901  39.521  -34.211  60.125 0.3333329856
33050  38.896  -34.427  58.647 0.2222220004
16541  40.048  -33.915  59.034 0.3333329856
1581  40.644  -33.587  60.413 0.3333329856
16540  40.383  -33.516  57.903 0.2222220004
7529  39.258  -34.121  57.617 0.2222220004
33048  39.518  -33.664  56.513 0.2222220004
16539  41.125  -33.200  59.266 0.3333329856
16538  42.331  -32.263  59.789 0.4444440007
33044  42.801  -31.880  58.609 0.4444440007
23815  45.518  -29.267  58.401 0.6666669846
33045  41.845  -32.395  57.015 0.3333329856
33047  40.681  -33.112  56.704 0.2222220004
2992  44.802  -30.128  56.857 0.4444440007
33046  40.843  -32.531  55.525 0.2222220004
23814  44.974  -29.618  59.435 0.6666669846
10670  43.221  -31.542  57.422 0.5555559993
10671  44.540  -30.558  57.901 0.5555559993
10672  43.511  -31.121  56.275 0.3333329856
8900  44.093  -22.846  57.906 0.4444440007
2113  49.566  -16.704  54.944 0.5555559993
19710  48.405  -16.379  54.126 0.3333329856
107  49.344  -16.087  49.501 0.4444440007
26769  52.316  -19.862  47.117 0.6666669846
36893  51.871  -20.038  45.960 0.5555559993
19609  57.220  -10.760  34.225 0.1111110002
8864  58.355  -10.075  34.625 0.1111110002
36838  59.265  -9.767  34.690 0.1111110002
26740  59.347  -9.440  33.332 0.1111110002
19602  60.189  -9.280  33.262 0.2222220004
30831  59.157  -2.175  16.366 0.1111110002
14891  58.451  -2.300  16.948 0.1111110002
108  42.049  -31.896  55.792 0.2222220004
10673  43.649  -30.599  55.106 0.3333329856
7527  41.516  -32.777  58.153 0.2222220004
30501  18.560  -32.932  73.098 0.2222220004
30502  17.736  -33.620  72.399 0.3333329856
1046  20.114  -32.373  72.618 0.2222220004
26661  19.468  -33.313  72.193 0.2222220004
12253  17.464  -34.812  70.425 0.2222220004
36699  15.823  -35.528  70.648 0.2222220004
19475  20.902  -32.654  72.028 0.2222220004
4573  18.561  -34.130  71.437 0.2222220004
26662  20.253  -33.587  71.338 0.2222220004
26663  19.363  -34.367  70.436 0.1111110002
12254  18.292  -35.194  69.463 0.2222220004
36676  20.840  -33.735  70.483 0.2222220004
4574  19.980  -34.562  69.463 0.1111110002
14656  17.601  -32.480  73.749 0.3333329856
30500  19.255  -32.206  73.246 0.3333329856
8809  21.575  -32.839  71.240 0.2222220004
36677  21.441  -33.853  69.714 0.2222220004
36678  22.111  -33.933  68.807 0.2222220004
36675  22.294  -33.048  70.497 0.2222220004
6490  18.225  -31.880  73.763 0.3333329856
6491  16.854  -33.243  73.301 0.3333329856
19473  20.562  -31.593  72.517 0.1111110002
19474  21.344  -31.761  72.120 0.2222220004
36674  22.135  -31.984  71.571 0.2222220004
26660  23.005  -32.241  71.040 0.1111110002
19470  23.788  -33.476  69.041 0.2222220004
2080  23.018  -33.227  69.834 0.2222220004
30499  18.596  -31.293  73.175 0.2222220004
30497  19.636  -31.389  72.883 0.2222220004
30496  19.797  -30.835  71.982 0.2222220004
6488  20.782  -30.878  71.901 0.2222220004
36673  21.699  -31.082  71.612 0.1111110002
8807  24.653  -33.676  68.320 0.2222220004
29080  27.468  -34.502  64.325 0.3333329856
14655  17.145  -31.588  74.149 0.3333329856
14657  16.621  -32.195  74.439 0.3333329856
14654  17.424  -31.154  73.405 0.2222220004
26659  23.647  -31.626  70.975 0.1111110002
4572  22.672  -31.362  71.330 0.1111110002
19468  23.874  -32.564  70.467 0.1111110002
19469  24.762  -32.898  69.895 0.2222220004
36669  25.445  -33.892  67.674 0.4444440007
2628  27.802  -34.066  66.147 0.3333329856
13644  24.995  -34.478  65.547 0.3333329856
4571  24.583  -31.879  70.667 0.2222220004
26658  24.124  -31.130  70.432 0.3333329856
36667  25.518  -32.230  70.294 0.3333329856
36668  25.625  -33.162  69.289 0.3333329856
23178  31.896  -30.173  66.152 0.2222220004
26657  25.111  -31.299  70.447 0.3333329856
26656  24.446  -30.782  69.430 0.2222220004
34614  24.742  -30.581  68.230 0.2222220004
23179  31.626  -30.422  67.488 0.3333329856
1824  25.545  -30.833  69.690 0.2222220004
23177  30.737  -30.028  65.965 0.2222220004
34769  29.796  -29.971  66.238 0.2222220004
23819  43.612  -30.066  54.043 0.1111110002
19465  26.600  -30.908  69.757 0.3333329856
23818  44.915  -29.645  55.715 0.2222220004
33036  41.286  -26.789  61.137 0.3333329856
238  41.661  -26.246  59.871 0.2222220004
30599  42.570  -25.311  60.184 0.3333329856
23817  45.926  -28.560  56.166 0.4444440007
30598  42.272  -26.138  61.339 0.5555559993
36944  42.864  -24.508  58.768 0.4444440007
15369  54.552  -17.523  34.179 0.1111110002
6917  55.959  -16.417  32.853 0.1111110002
36878  55.204  -16.785  39.440 0.2222220004
19643  54.417  -17.364  39.977 0.2222220004
8869  54.603  -17.188  38.112 0.2222220004
36850  55.268  -16.606  36.280 0.1111110002
19620  55.289  -16.623  37.760 0.2222220004
36852  54.020  -17.630  36.878 0.2222220004
36847  55.929  -16.069  36.091 0.1111110002
24196  54.184  -17.621  35.380 0.1111110002
31500  56.024  -16.206  33.888 0.1111110002
15368  55.213  -16.970  33.969 0.1111110002
24197  54.021  -18.003  34.321 0.1111110002
21631  55.945  -16.686  31.861 0.1111110002
4629  55.153  -16.904  44.257 0.4444440007
26762  55.726  -16.212  43.543 0.4444440007
26765  54.212  -17.865  43.516 0.4444440007
19641  56.158  -16.040  41.920 0.4444440007
19640  55.466  -16.657  42.559 0.4444440007
26763  54.802  -17.309  43.077 0.4444440007
19647  52.499  -19.338  42.943 0.4444440007
36876  56.778  -15.295  41.451 0.4444440007
8877  55.729  -16.413  40.701 0.3333329856
36877  56.491  -15.792  40.222 0.3333329856
19642  54.980  -17.022  41.295 0.3333329856
2101  57.109  -15.069  39.932 0.2222220004
36848  57.614  -14.415  38.241 0.1111110002
19618  57.090  -15.077  38.480 0.2222220004
19619  56.536  -15.620  38.689 0.2222220004
8867  57.145  -14.901  37.017 0.1111110002
31498  57.024  -15.270  34.789 0.1111110002
36846  56.683  -15.404  35.878 0.1111110002
31499  56.793  -15.367  33.781 0.2222220004
19707  45.596  -18.239  54.081 0.1111110002
26761  56.084  -15.166  43.763 0.4444440007
12308  55.787  -15.817  44.491 0.4444440007
26767  52.956  -18.984  44.321 0.4444440007
26766  53.679  -18.444  43.947 0.4444440007
36894  51.358  -20.198  44.675 0.3333329856
2105  51.722  -19.852  43.220 0.3333329856
36874  57.310  -14.499  41.039 0.4444440007
19617  57.507  -14.417  39.720 0.2222220004
36845  57.564  -14.626  35.813 0.2222220004
19615  57.964  -14.109  36.858 0.2222220004
4633  51.119  -20.730  45.930 0.3333329856
12313  50.672  -21.450  47.161 0.3333329856
4628  56.251  -15.576  42.895 0.4444440007
36875  56.740  -14.902  42.341 0.4444440007
8876  57.040  -14.128  41.839 0.4444440007
26749  57.572  -13.809  40.664 0.3333329856
26770  51.558  -20.713  47.135 0.3333329856
26760  56.367  -14.517  43.014 0.4444440007
36873  57.216  -13.453  41.379 0.4444440007
4620  57.855  -13.756  39.317 0.3333329856
20200  62.296  -7.910  22.921 0.1111110002
27097  61.535  -8.689  21.490 0.1111110002
30503  16.781  -34.396  71.529 0.2222220004
36698  15.875  -34.128  72.604 0.3333329856
478  16.637  -35.865  69.430 0.2222220004
12251  23.080  -30.899  70.484 0.3333329856
2994  42.280  -30.854  53.471 0.1111110002
6918  54.538  -17.911  33.203 0.1111110002
31503  54.004  -18.405  33.419 0.1111110002
21630  55.205  -17.449  32.067 0.1111110002
31501  55.151  -17.204  32.990 0.1111110002
19621  55.978  -16.175  39.037 0.2222220004
36853  53.331  -18.133  37.222 0.2222220004
36849  56.502  -15.621  37.236 0.1111110002
1282  54.784  -17.096  35.213 0.1111110002
8868  55.893  -16.124  37.471 0.2222220004
36851  54.687  -17.103  36.508 0.1111110002
6916  56.162  -15.953  34.870 0.1111110002
26764  53.758  -18.291  42.279 0.4444440007
4630  53.226  -18.832  42.626 0.4444440007
15367  55.389  -16.601  35.004 0.1111110002
484  57.784  -14.428  34.635 0.2222220004
19639  56.575  -13.784  42.401 0.4444440007
30613  45.945  -28.171  55.019 0.4444440007
6538  46.849  -27.057  55.339 0.3333329856
30614  45.836  -27.832  53.940 0.3333329856
31510  55.374  -26.342  39.014 0.1111110002
31511  56.100  -26.908  40.040 0.1111110002
5295  52.689  -25.448  36.649 0.1111110002
33849  51.711  -25.179  36.250 0.1111110002
12977  54.602  -25.887  38.002 0.1111110002
12975  53.496  -26.042  37.743 0.1111110002
33850  52.497  -25.974  37.354 0.1111110002
39297  55.681  -25.705  38.105 0.1111110002
17173  51.439  -25.646  36.802 0.1111110002
27963  51.887  -24.711  35.565 0.1111110002
33848  50.973  -24.122  35.348 0.1111110002
33847  50.192  -23.332  35.389 0.1111110002
1073  46.704  -26.283  52.992 0.3333329856
33845  50.516  -22.766  34.962 0.1111110002
17168  50.390  -20.810  36.249 0.1111110002
12976  53.795  -25.549  36.861 0.1111110002
33846  49.644  -22.578  35.888 0.1111110002
17169  49.936  -21.372  36.527 0.1111110002
25276  49.473  -21.573  38.036 0.1111110002
1706  51.220  -23.546  34.801 0.1111110002
25277  49.421  -21.968  36.834 0.1111110002
5297  54.860  -25.423  37.046 0.1111110002
33844  50.503  -21.353  35.200 0.1111110002
17167  50.633  -20.460  37.514 0.1111110002
36883  51.064  -20.165  38.880 0.1111110002
21645  50.919  -22.177  34.519 0.1111110002
36886  50.408  -20.745  39.147 0.1111110002
7821  50.077  -21.937  35.493 0.1111110002
1705  50.034  -21.011  37.791 0.1111110002
21647  51.637  -23.024  34.278 0.1111110002
36887  49.799  -21.244  39.350 0.1111110002
19646  53.257  -18.596  40.911 0.1111110002
36884  52.680  -19.175  41.216 0.1111110002
33843  50.944  -20.251  35.917 0.1111110002
36882  51.608  -19.670  38.471 0.1111110002
8879  52.173  -19.412  39.874 0.1111110002
33841  51.730  -19.434  36.756 0.1111110002
19648  52.032  -19.650  41.592 0.1111110002
8880  50.835  -20.473  40.539 0.1111110002
7820  51.040  -20.867  34.819 0.1111110002
33842  51.577  -19.807  35.492 0.1111110002
19650  50.126  -21.004  40.751 0.1111110002
19645  52.716  -18.866  39.449 0.1111110002
19649  51.257  -20.205  41.875 0.2222220004
36881  52.171  -19.151  38.010 0.1111110002
36880  52.776  -18.629  37.636 0.1111110002
10884  52.245  -19.329  35.145 0.1111110002
10882  52.897  -18.533  35.995 0.1111110002
2104  54.286  -17.661  41.849 0.2222220004
19644  53.764  -17.989  40.491 0.1111110002
8883  50.210  -20.892  43.381 0.2222220004
8878  53.278  -18.363  39.076 0.1111110002
36879  53.818  -17.804  38.562 0.1111110002
19656  50.607  -20.792  44.701 0.2222220004
19655  49.827  -21.439  44.653 0.1111110002
19657  49.431  -21.443  43.319 0.1111110002
26772  49.103  -22.091  44.572 0.1111110002
4635  47.062  -23.227  42.840 0.1111110002
19662  46.152  -23.677  42.533 0.1111110002
2107  45.382  -24.163  42.249 0.1111110002
8911  47.941  -23.452  47.771 0.2222220004
19728  46.761  -24.043  46.288 0.2222220004
36980  47.823  -23.347  46.537 0.2222220004
26774  48.237  -22.747  44.328 0.1111110002
26775  47.300  -23.280  44.130 0.1111110002
4636  47.626  -23.270  45.298 0.1111110002
26776  46.424  -23.723  43.788 0.1111110002
12314  49.818  -22.007  47.164 0.1111110002
12316  48.918  -22.629  46.898 0.1111110002
26771  50.318  -21.449  45.955 0.2222220004
4634  49.464  -22.136  45.859 0.1111110002
12315  48.605  -22.745  45.729 0.1111110002
4621  57.392  -12.810  40.782 0.3333329856
36979  49.003  -22.705  47.939 0.2222220004
26748  57.770  -13.186  40.168 0.2222220004
26747  58.069  -12.500  39.605 0.2222220004
19616  58.251  -13.571  37.913 0.2222220004
21622  61.526  -10.851  31.386 0.2222220004
2  62.937  -9.121  28.103 0.2222220004
21624  60.738  -11.979  31.092 0.1111110002
37311  63.142  -8.269  27.232 0.2222220004
37555  63.484  -8.530  26.191 0.2222220004
20203  63.262  -7.826  25.229 0.2222220004
36828  62.017  -9.579  30.970 0.2222220004
27950  60.097  -12.701  31.790 0.1111110002
12968  58.593  -13.878  33.055 0.1111110002
12969  57.605  -14.589  33.497 0.1111110002
8860  62.003  -10.216  30.362 0.2222220004
36826  62.463  -9.679  29.226 0.2222220004
36825  62.710  -8.489  28.607 0.2222220004
37310  62.502  -7.785  27.611 0.2222220004
9021  62.831  -7.646  26.249 0.2222220004
20204  62.300  -7.447  25.082 0.2222220004
37305  60.396  -8.606  23.853 0.1111110002
20202  62.900  -7.542  24.120 0.1111110002
12967  58.706  -13.680  34.210 0.1111110002
36829  61.553  -10.209  32.057 0.2222220004
2098  60.866  -11.615  32.224 0.2222220004
27949  60.221  -12.349  32.997 0.1111110002
5287  59.566  -13.037  33.706 0.1111110002
27951  59.380  -13.296  32.459 0.1111110002
36827  62.328  -8.990  29.850 0.2222220004
37309  61.980  -7.457  26.517 0.1111110002
9020  60.817  -7.667  26.575 0.1111110002
37308  61.180  -7.731  25.158 0.1111110002
2151  61.619  -7.918  23.801 0.1111110002
36835  59.103  -13.146  35.119 0.1111110002
36832  61.089  -11.001  33.038 0.1111110002
8861  61.646  -9.089  31.471 0.2222220004
8859  62.130  -8.067  28.979 0.2222220004
19600  61.921  -8.514  30.275 0.2222220004
4746  58.137  -9.136  26.314 0.1111110002
20001  61.668  -7.622  27.882 0.1111110002
19999  59.515  -8.357  26.486 0.1111110002
19605  60.472  -11.021  34.585 0.2222220004
8862  60.968  -10.351  33.669 0.2222220004
36834  59.830  -12.397  34.625 0.1111110002
36833  60.457  -11.662  33.866 0.2222220004
19599  61.371  -7.868  29.328 0.2222220004
19601  61.261  -8.285  30.562 0.2222220004
26736  58.929  -8.614  29.275 0.1111110002
2097  60.249  -8.079  29.422 0.1111110002
20000  60.538  -7.836  27.990 0.1111110002
19998  59.227  -8.397  27.921 0.1111110002
36840  59.137  -10.184  35.897 0.2222220004
19606  60.217  -10.584  35.204 0.2222220004
19604  60.586  -9.953  34.138 0.2222220004
2099  60.046  -9.748  34.507 0.2222220004
36831  61.323  -9.673  32.616 0.2222220004
19603  60.857  -9.354  32.992 0.2222220004
36830  61.064  -8.796  31.813 0.2222220004
26737  60.297  -8.358  30.697 0.2222220004
30612  46.841  -26.749  54.166 0.3333329856
36895  50.939  -20.395  43.356 0.2222220004
19651  50.480  -20.713  42.018 0.1111110002
7822  50.746  -24.614  35.894 0.1111110002
27965  53.025  -24.996  35.836 0.1111110002
17171  49.876  -23.979  35.820 0.1111110002
7819  51.153  -19.933  37.197 0.1111110002
36885  51.508  -19.953  40.235 0.1111110002
106  52.344  -18.950  36.371 0.1111110002
3202  53.566  -18.065  35.664 0.1111110002
26773  47.926  -22.665  43.033 0.1111110002
36981  46.590  -23.864  45.043 0.2222220004
26976  57.851  -9.169  27.662 0.1111110002
30506  13.537  -40.008  75.876 0.1111110002
19498  15.392  -40.740  73.217 0.2222220004
19497  14.640  -39.500  74.570 0.2222220004
6492  12.740  -40.101  76.017 0.1111110002
6493  14.209  -39.776  75.386 0.1111110002
14658  13.060  -41.277  75.529 0.1111110002
32956  11.905  -40.863  74.740 0.1111110002
32954  12.355  -41.183  75.320 0.1111110002
32953  12.015  -40.184  75.877 0.1111110002
8818  14.904  -39.257  73.462 0.2222220004
36700  13.502  -38.255  75.617 0.1111110002
30505  12.901  -38.591  76.114 0.1111110002
30504  12.217  -38.933  76.298 0.1111110002
12260  12.244  -37.126  76.206 0.1111110002
36702  14.171  -37.623  73.802 0.2222220004
36701  13.960  -37.943  74.822 0.2222220004
4580  12.837  -36.539  75.815 0.2222220004
2083  13.835  -35.714  74.316 0.2222220004
19493  14.205  -34.147  74.787 0.2222220004
26674  13.363  -36.135  75.151 0.2222220004
19495  14.335  -35.367  73.281 0.2222220004
19491  13.370  -34.397  75.568 0.2222220004
26673  12.567  -34.861  76.079 0.2222220004
19494  15.048  -33.995  73.804 0.2222220004
19492  13.772  -33.118  75.675 0.2222220004
8816  14.846  -32.967  75.040 0.2222220004
36697  15.890  -33.034  74.203 0.2222220004
8815  13.535  -31.888  75.170 0.2222220004
36695  14.231  -32.119  75.547 0.2222220004
36696  15.513  -32.021  75.011 0.2222220004
12252  22.002  -30.761  70.502 0.1111110002
6489  18.749  -30.909  71.985 0.1111110002
36693  14.731  -31.515  74.928 0.2222220004
36692  13.913  -31.665  74.020 0.2222220004
1047  16.010  -31.435  74.595 0.2222220004
23771  15.146  -31.220  73.878 0.2222220004
12250  22.356  -30.764  68.990 0.1111110002
14653  16.324  -31.117  73.694 0.2222220004
30498  17.590  -30.982  72.037 0.1111110002
2966  16.490  -31.123  72.127 0.1111110002
4570  23.398  -30.750  69.206 0.1111110002
34615  23.762  -30.612  68.000 0.1111110002
29134  31.978  -34.838  62.925 0.1111110002
29135  30.825  -34.933  62.103 0.1111110002
5881  27.090  -34.819  62.583 0.1111110002
29079  25.823  -35.153  61.264 0.1111110002
3597  30.401  -35.056  60.671 0.1111110002
11277  29.005  -35.246  59.539 0.1111110002
29078  26.660  -35.071  60.929 0.1111110002
13680  29.951  -34.740  62.869 0.1111110002
5879  28.757  -34.850  61.867 0.1111110002
13638  27.919  -34.818  62.167 0.1111110002
29136  29.557  -34.971  61.222 0.1111110002
29075  28.314  -35.143  60.215 0.1111110002
29077  27.481  -35.098  60.538 0.1111110002
13639  28.248  -34.563  63.938 0.1111110002
227  27.770  -35.360  58.648 0.1111110002
29076  26.969  -35.380  58.873 0.1111110002
2993  44.867  -29.221  54.586 0.2222220004
14736  44.749  -28.801  53.511 0.1111110002
6539  44.582  -28.494  52.411 0.1111110002
14738  43.424  -29.088  50.934 0.1111110002
30615  45.700  -27.434  52.742 0.1111110002
30616  44.488  -28.082  51.230 0.1111110002
4655  44.419  -27.695  50.029 0.1111110002
12335  43.288  -28.213  48.451 0.1111110002
26809  45.564  -27.015  51.558 0.1111110002
12336  44.255  -27.313  48.677 0.1111110002
12337  43.238  -27.685  47.054 0.1111110002
26811  45.430  -26.660  50.368 0.1111110002
12338  43.131  -27.201  45.787 0.1111110002
4658  43.830  -25.983  44.620 0.1111110002
36982  45.526  -24.337  43.561 0.1111110002
36984  44.600  -24.901  43.330 0.1111110002
4657  44.131  -26.924  47.338 0.1111110002
26815  43.973  -26.461  45.991 0.1111110002
26814  44.781  -25.607  46.050 0.1111110002
26816  43.101  -26.730  44.540 0.1111110002
36983  44.687  -25.222  44.674 0.1111110002
26812  45.199  -26.362  48.963 0.1111110002
26813  44.956  -26.061  47.501 0.1111110002
7494  11.362  -40.087  75.453 0.1111110002
14737  43.411  -29.389  52.008 0.1111110002
17777  27.721  -30.141  66.022 0.1111110002
34611  25.876  -30.433  68.567 0.1111110002
8101  26.216  -30.301  67.202 0.1111110002
8896  46.781  -16.983  49.713 0.1111110002
36934  48.124  -16.562  49.695 0.1111110002
33016  48.014  -16.827  48.122 0.1111110002
10662  48.905  -16.404  47.952 0.1111110002
2982  48.554  -16.819  46.366 0.1111110002
23799  49.321  -16.931  44.642 0.1111110002
36670  24.315  -34.244  66.383 0.2222220004
19689  45.357  -17.315  49.371 0.1111110002
21623  61.351  -11.370  30.232 0.1111110002
39262  61.082  -11.856  29.010 0.1111110002
2596  61.609  -11.438  27.987 0.1111110002
23105  61.687  -11.710  26.959 0.1111110002
23103  62.793  -11.478  25.001 0.1111110002
2595  61.872  -12.191  25.915 0.1111110002
39261  61.896  -10.749  29.201 0.1111110002
23104  62.685  -10.941  25.981 0.1111110002
37538  64.524  -11.804  19.453 0.1111110002
10274  63.227  -9.343  27.088 0.1111110002
2594  63.373  -9.784  26.045 0.1111110002
674  63.549  -10.673  24.039 0.1111110002
37550  64.091  -9.790  23.255 0.1111110002
37549  64.202  -10.368  22.258 0.1111110002
37548  64.306  -10.964  21.248 0.1111110002
37547  64.436  -11.487  20.363 0.1111110002
37537  64.455  -12.075  18.679 0.1111110002
23102  63.488  -10.205  25.023 0.1111110002
9101  64.653  -10.036  20.225 0.1111110002
37546  64.733  -10.497  19.221 0.1111110002
9098  64.733  -10.837  18.227 0.1111110002
20188  64.580  -11.047  17.303 0.1111110002
20187  64.563  -10.175  15.808 0.1111110002
9097  64.309  -11.226  16.409 0.1111110002
37554  63.719  -8.901  25.208 0.1111110002
37553  63.936  -9.265  24.191 0.1111110002
37552  64.080  -8.486  23.186 0.1111110002
9102  64.353  -9.018  22.214 0.1111110002
20198  64.543  -9.538  21.197 0.1111110002
37534  63.891  -11.283  15.611 0.1111110002
20186  64.259  -10.413  14.870 0.1111110002
37533  63.812  -10.591  14.140 0.1111110002
20183  62.504  -11.319  14.629 0.1111110002
20182  62.390  -10.862  13.200 0.1111110002
9103  63.703  -8.094  24.244 0.1111110002
20197  64.582  -8.773  20.058 0.1111110002
20199  64.263  -8.456  21.073 0.1111110002
20196  64.720  -9.207  18.961 0.1111110002
37545  64.751  -9.543  17.885 0.1111110002
20189  64.725  -9.910  16.823 0.1111110002
27086  63.554  -9.864  12.712 0.1111110002
2177  62.901  -10.092  12.277 0.1111110002
9095  61.639  -11.311  14.445 0.1111110002
37527  60.402  -11.146  13.152 0.1111110002
4808  64.050  -9.646  13.462 0.1111110002
20181  61.479  -10.962  13.062 0.1111110002
37544  64.516  -8.882  16.581 0.1111110002
2178  64.576  -9.144  15.480 0.1111110002
20185  64.387  -9.432  14.476 0.1111110002
20159  59.237  -11.248  13.256 0.1111110002
2174  58.922  -10.661  12.172 0.1111110002
37526  60.055  -10.517  12.060 0.1111110002
27088  64.031  -8.777  13.176 0.1111110002
20180  62.152  -10.217  11.980 0.1111110002
27087  63.749  -8.908  12.252 0.1111110002
37541  64.106  -8.450  15.234 0.1111110002
27089  64.146  -8.634  14.139 0.1111110002
9094  61.121  -10.377  11.958 0.1111110002
20179  61.746  -9.291  11.016 0.1111110002
27085  63.242  -9.008  11.605 0.1111110002
20178  62.565  -9.118  11.184 0.1111110002
4807  63.247  -7.915  11.306 0.1111110002
4809  63.627  -7.977  12.936 0.1111110002
37539  62.856  -7.301  12.757 0.1111110002
12488  63.512  -7.907  12.035 0.1111110002
12489  62.942  -6.996  11.932 0.1111110002
12487  62.840  -6.744  11.202 0.1111110002
12486  62.558  -6.716  10.624 0.1111110002
4806  62.086  -8.086  10.446 0.1111110002
27083  62.113  -6.794  10.252 0.1111110002
4805  61.896  -5.382  10.408 0.1111110002
12485  62.185  -5.401  10.847 0.1111110002
10275  62.574  -10.553  27.053 0.1111110002
10276  62.424  -10.276  28.147 0.1111110002
13544  63.600  -11.270  23.071 0.1111110002
28946  63.998  -12.477  21.291 0.1111110002
194  64.175  -12.927  20.517 0.1111110002
37536  64.219  -12.149  17.891 0.1111110002
20184  63.152  -10.738  13.542 0.1111110002
37551  63.870  -8.058  22.141 0.1111110002
37528  60.495  -11.379  14.493 0.1111110002
20157  58.118  -11.391  13.263 0.1111110002
27084  62.728  -7.950  10.701 0.1111110002
37540  63.595  -8.084  13.931 0.1111110002
30507  14.508  -41.153  75.166 0.1111110002
14659  13.800  -41.294  75.492 0.1111110002
36704  14.942  -38.985  72.256 0.1111110002
36705  14.377  -37.229  72.617 0.1111110002
36707  15.381  -37.030  69.950 0.1111110002
36706  14.695  -36.920  71.421 0.1111110002
8817  15.047  -35.285  71.991 0.1111110002
36708  16.077  -37.068  68.812 0.1111110002
8810  21.141  -34.496  67.870 0.1111110002
36671  23.108  -34.721  65.140 0.1111110002
19471  23.510  -34.140  67.189 0.1111110002
8808  22.391  -34.580  66.020 0.1111110002
36679  21.715  -34.509  66.861 0.1111110002
23770  15.394  -31.459  72.236 0.1111110002
19472  22.758  -34.024  67.981 0.1111110002
33051  38.085  -34.554  57.242 0.1111110002
19757  38.497  -33.662  54.966 0.1111110002
10676  40.984  -31.945  54.296 0.1111110002
37016  39.809  -32.547  53.985 0.1111110002
10674  42.223  -31.366  54.623 0.1111110002
2996  39.998  -32.047  52.726 0.1111110002
33049  38.339  -34.130  56.135 0.1111110002
7528  39.720  -33.158  55.324 0.1111110002
19496  15.085  -40.921  74.329 0.1111110002
8819  15.034  -38.819  70.933 0.1111110002
8820  15.893  -38.715  68.310 0.1111110002
19502  15.282  -38.663  69.561 0.1111110002
12257  16.745  -37.332  67.833 0.1111110002
