#!ascii label  , from subject fsaverage6 vox2ras=TkReg 
1563
4027  4.978  -28.362  72.070 0.6250000000
25681  4.289  -29.253  71.456 0.6250000000
25679  4.905  -29.605  71.469 0.5000000000
11706  5.814  -27.582  72.570 0.5000000000
25676  7.088  -28.271  71.952 0.5000000000
25677  6.442  -27.917  72.417 0.5000000000
17832  7.609  -28.646  71.111 0.5000000000
34675  6.841  -29.480  70.829 0.5000000000
4026  6.265  -29.132  71.584 0.5000000000
25678  5.597  -28.781  71.942 0.5000000000
4028  3.722  -30.127  70.783 0.6250000000
17842  2.951  -30.698  69.269 0.7500000000
6161  8.523  -25.146  73.722 0.7500000000
29734  7.615  -25.913  73.469 0.7500000000
29735  6.937  -25.539  73.469 0.7500000000
11705  6.051  -26.317  73.039 0.7500000000
4025  6.703  -26.722  73.073 0.7500000000
11707  5.190  -27.154  72.488 0.6250000000
29733  8.219  -26.304  73.108 0.7500000000
25675  7.394  -27.045  72.833 0.6250000000
29730  8.886  -26.530  72.488 0.6250000000
863  7.952  -27.369  72.281 0.6250000000
11708  4.436  -27.975  71.883 0.6250000000
17830  8.507  -27.674  71.343 0.5000000000
25682  3.824  -28.865  71.145 0.6250000000
25603  3.497  -28.517  70.391 0.6250000000
17712  3.225  -28.843  68.664 0.6250000000
1813  3.174  -29.397  69.457 0.6250000000
17840  3.322  -29.803  70.231 0.7500000000
17710  2.895  -30.364  68.357 0.6250000000
17841  3.213  -31.058  70.039 0.7500000000
14108  7.833  -24.716  73.795 0.7500000000
29674  6.303  -25.133  73.209 0.8750000000
367  5.442  -25.950  72.709 0.7500000000
14106  9.522  -24.379  73.844 0.7500000000
11666  4.519  -26.114  71.619 0.6250000000
11665  4.711  -26.733  72.091 0.6250000000
6160  9.813  -25.797  72.602 0.7500000000
25606  4.507  -25.520  70.965 0.6250000000
3986  4.036  -26.392  70.071 0.6250000000
3985  4.041  -27.568  71.348 0.6250000000
29729  9.375  -26.868  71.465 0.5000000000
25604  3.536  -27.943  69.706 0.6250000000
34528  3.491  -29.290  66.669 0.6250000000
17711  3.119  -29.788  67.577 0.6250000000
8072  3.538  -30.231  65.606 0.5000000000
34526  3.181  -31.798  65.418 0.5000000000
36420  3.712  -31.513  64.356 0.5000000000
10302  3.486  -33.232  64.408 0.5000000000
23441  10.785  -22.599  73.787 0.7500000000
14105  9.799  -23.257  73.930 0.7500000000
10463  11.798  -21.946  73.514 0.7500000000
850  9.090  -22.830  73.870 0.7500000000
14065  8.162  -23.555  73.839 0.8750000000
6136  7.252  -24.340  73.603 0.8750000000
29676  6.819  -23.656  73.260 0.7500000000
29675  5.993  -24.453  72.856 0.7500000000
23440  11.501  -22.963  73.561 0.7500000000
2783  10.460  -23.662  73.767 0.8750000000
14107  8.805  -23.998  73.973 0.7500000000
23439  11.136  -24.002  73.254 0.8750000000
25607  5.034  -23.962  71.035 0.8750000000
11667  5.207  -25.307  72.289 0.8750000000
14104  10.701  -25.135  72.564 0.7500000000
29731  10.158  -24.738  73.361 0.7500000000
17714  4.282  -25.889  69.244 0.7500000000
14102  11.209  -25.443  71.397 0.6250000000
14103  10.338  -26.131  71.514 0.6250000000
17713  4.590  -24.965  70.211 0.7500000000
34531  4.035  -26.882  68.182 0.7500000000
34530  3.743  -27.327  68.997 0.7500000000
6158  10.759  -26.411  70.128 0.6250000000
29728  9.855  -27.166  70.134 0.5000000000
34529  3.967  -27.768  67.112 0.6250000000
29726  10.216  -27.550  68.457 0.6250000000
6159  8.955  -27.979  70.057 0.5000000000
19263  3.972  -28.783  65.958 0.6250000000
8073  3.552  -28.289  67.889 0.6250000000
29727  9.364  -28.351  68.502 0.3750000000
19265  4.499  -28.377  65.085 0.5000000000
36422  4.994  -30.768  62.610 0.5000000000
19264  4.072  -29.938  64.671 0.5000000000
36421  4.299  -31.151  63.469 0.5000000000
702  5.317  -32.088  61.590 0.5000000000
10450  12.128  -20.886  73.109 0.7500000000
34536  5.759  -23.750  72.327 0.7500000000
3987  5.077  -24.632  71.702 1.0000000000
2782  12.524  -22.408  73.270 0.6250000000
23438  12.069  -23.430  72.961 0.7500000000
17715  4.700  -24.412  69.432 0.8750000000
862  11.603  -24.439  72.379 0.7500000000
8074  4.522  -25.404  68.496 0.8750000000
34532  4.402  -26.314  67.418 0.7500000000
26535  4.753  -25.836  66.598 0.7500000000
14101  11.598  -25.626  69.997 0.6250000000
26536  4.821  -26.922  65.302 0.8750000000
29725  11.123  -26.716  68.478 0.6250000000
36423  5.055  -27.996  64.129 0.5000000000
8724  4.719  -29.553  63.807 0.6250000000
36425  5.743  -30.452  61.649 0.6250000000
13622  6.004  -31.676  60.585 0.5000000000
10462  12.922  -21.326  73.079 0.6250000000
10460  13.901  -20.770  72.674 0.7500000000
23436  14.295  -22.343  72.180 0.6250000000
10461  13.608  -21.822  72.878 0.6250000000
17717  5.065  -22.928  69.431 1.0000000000
1815  4.967  -23.404  70.261 1.0000000000
23437  13.240  -22.800  72.595 0.7500000000
34534  5.160  -23.498  67.821 1.0000000000
2781  13.767  -23.208  71.667 0.7500000000
14098  12.593  -23.743  72.066 0.7500000000
26537  5.079  -25.512  65.602 1.0000000000
4503  5.099  -24.490  66.860 1.0000000000
14100  12.102  -24.652  71.195 0.7500000000
26538  5.369  -25.189  64.646 1.0000000000
4504  5.168  -26.554  64.283 1.0000000000
19266  5.498  -26.218  63.253 1.0000000000
19267  5.530  -27.651  63.084 0.8750000000
29724  12.016  -25.846  68.417 0.6250000000
19268  5.968  -27.314  61.992 0.6250000000
36424  5.408  -29.219  62.888 0.6250000000
8725  6.044  -28.853  61.920 0.6250000000
25662  12.430  -26.070  66.819 0.6250000000
36426  6.460  -30.109  60.676 0.6250000000
5870  6.617  -31.336  59.473 0.5000000000
29053  6.437  -32.358  58.379 0.5000000000
32246  15.070  -20.175  72.150 0.6250000000
32191  14.108  -19.809  72.064 0.6250000000
2780  14.697  -21.305  72.386 0.6250000000
7232  16.751  -20.279  71.573 0.6250000000
32245  15.849  -20.744  71.980 0.6250000000
23434  15.362  -21.808  71.783 0.6250000000
32244  16.538  -21.306  71.402 0.5000000000
860  15.926  -22.230  70.911 0.5000000000
23435  14.798  -22.744  71.294 0.6250000000
29721  14.208  -23.459  70.553 0.7500000000
14099  13.012  -24.079  70.882 0.7500000000
29722  13.520  -24.237  69.496 0.6250000000
6157  12.547  -24.863  69.789 0.6250000000
29723  12.971  -25.010  68.248 0.6250000000
19270  6.421  -26.991  60.969 0.8750000000
19269  6.575  -28.467  60.818 0.7500000000
25663  12.812  -26.256  65.275 0.6250000000
32242  18.611  -20.355  71.139 0.5000000000
15906  17.853  -19.725  71.323 0.6250000000
15908  16.042  -19.718  71.649 0.6250000000
12183  5.465  -22.961  66.991 0.8750000000
32243  17.517  -20.839  71.157 0.5000000000
4505  5.869  -23.779  65.062 1.0000000000
7231  18.261  -21.328  70.544 0.5000000000
36430  6.413  -23.446  64.116 0.8750000000
15904  19.357  -20.901  70.457 0.5000000000
32241  17.061  -21.734  70.664 0.5000000000
14095  16.427  -22.488  69.862 0.5000000000
14097  15.246  -22.969  70.224 0.7500000000
6156  14.496  -23.662  69.238 0.7500000000
36431  6.278  -24.434  62.749 1.0000000000
26539  5.826  -24.836  63.709 1.0000000000
32240  17.679  -22.105  69.737 0.5000000000
14096  15.701  -23.118  68.959 0.5000000000
2052  5.901  -25.845  62.300 1.0000000000
29720  13.834  -24.348  68.018 0.6250000000
36434  6.361  -25.517  61.282 1.0000000000
861  13.260  -25.300  66.627 0.6250000000
17810  13.701  -25.432  65.118 0.6250000000
8726  7.030  -28.141  59.674 0.6250000000
36427  7.006  -29.647  59.630 0.5000000000
29054  7.054  -30.889  58.297 0.5000000000
36428  7.365  -29.308  58.381 0.5000000000
11218  6.594  -31.831  57.193 0.5000000000
222  7.083  -30.401  56.993 0.3750000000
11219  5.763  -32.616  56.246 0.3750000000
11220  6.381  -31.271  56.015 0.3750000000
3540  5.532  -32.024  55.195 0.3750000000
368  5.657  -21.254  66.931 0.8750000000
36429  6.278  -22.165  65.273 0.8750000000
3381  22.618  -19.293  70.143 0.3750000000
24517  21.495  -18.759  70.504 0.3750000000
24520  19.628  -18.699  70.859 0.3750000000
24519  19.609  -19.841  70.909 0.3750000000
32233  23.606  -19.721  69.685 0.2500000000
15898  21.462  -19.877  70.342 0.2500000000
1454  20.414  -20.427  70.427 0.2500000000
15899  22.488  -20.147  69.713 0.2500000000
32234  23.203  -20.726  68.998 0.2500000000
7229  22.015  -21.221  68.777 0.2500000000
15900  21.179  -20.901  69.573 0.2500000000
15902  20.083  -21.213  69.650 0.3750000000
7230  19.530  -21.999  68.607 0.5000000000
32239  18.292  -22.347  68.633 0.5000000000
6154  17.034  -22.666  68.787 0.5000000000
29719  14.951  -23.731  67.756 0.5000000000
32237  20.244  -22.254  67.525 0.5000000000
32238  18.867  -22.597  67.405 0.5000000000
29716  17.631  -22.851  67.542 0.5000000000
29718  16.327  -23.235  67.647 0.5000000000
168  18.182  -23.057  66.283 0.5000000000
29717  16.824  -23.411  66.202 0.3750000000
17808  14.246  -24.476  66.462 0.5000000000
36436  7.338  -27.729  58.491 0.7500000000
36437  7.336  -28.847  57.120 0.6250000000
11222  6.799  -29.982  55.873 0.5000000000
11221  5.996  -30.752  54.963 0.3750000000
3542  6.313  -29.502  54.795 0.5000000000
24805  5.644  -30.301  53.971 0.3750000000
15896  25.769  -19.221  69.395 0.2500000000
15895  25.993  -18.058  69.487 0.2500000000
24515  23.754  -18.497  69.964 0.3750000000
12185  5.872  -22.604  66.102 0.8750000000
15897  24.720  -18.954  69.687 0.2500000000
32231  25.380  -20.387  68.640 0.2500000000
19272  6.689  -21.657  64.372 0.8750000000
32230  26.484  -20.016  68.713 0.2500000000
7228  24.450  -20.101  69.174 0.2500000000
3379  25.991  -20.723  67.724 0.3750000000
32236  21.469  -21.956  67.704 0.3750000000
15901  20.783  -21.604  68.668 0.3750000000
8727  6.874  -22.973  63.155 1.0000000000
11059  27.383  -20.164  68.212 0.3750000000
32232  23.978  -21.081  68.310 0.5000000000
1453  23.269  -21.789  67.028 0.5000000000
36433  6.831  -24.034  61.739 1.0000000000
24512  25.256  -21.401  66.556 0.7500000000
24513  24.704  -21.257  67.478 0.3750000000
15894  22.177  -22.192  66.769 0.6250000000
7227  20.887  -22.483  66.560 0.6250000000
32229  19.504  -22.811  66.308 0.6250000000
34645  16.049  -24.028  64.902 0.3750000000
6155  15.510  -23.830  66.334 0.5000000000
8728  6.876  -25.164  60.273 1.0000000000
19275  7.335  -23.703  60.708 1.0000000000
15891  23.167  -22.223  64.836 0.5000000000
15892  22.564  -22.320  65.677 0.6250000000
32228  20.129  -22.945  65.111 0.6250000000
11695  18.829  -23.237  65.006 0.6250000000
11697  17.417  -23.566  64.952 0.6250000000
36435  6.811  -26.596  59.979 1.0000000000
4015  19.301  -23.434  63.754 0.6250000000
11696  18.007  -23.825  63.612 0.5000000000
17809  14.817  -24.678  65.012 0.5000000000
19277  7.076  -26.314  58.746 0.8750000000
19278  7.087  -25.986  57.606 0.8750000000
25660  17.229  -24.541  62.339 0.3750000000
34646  15.457  -24.808  63.713 0.5000000000
8729  7.223  -27.344  57.304 0.7500000000
19280  6.852  -25.662  56.536 0.8750000000
25661  16.019  -25.029  62.418 0.2500000000
19279  6.871  -27.002  56.221 0.7500000000
8730  6.421  -26.649  55.271 0.6250000000
36438  6.991  -28.394  55.965 0.6250000000
36439  6.431  -27.998  54.955 0.6250000000
36442  6.056  -26.301  54.351 0.6250000000
36440  5.984  -27.624  54.072 0.6250000000
24806  5.824  -29.025  53.851 0.5000000000
1550  5.658  -28.593  52.940 0.5000000000
16378  5.515  -29.779  53.032 0.2500000000
5772  26.846  -18.644  69.421 0.2500000000
28824  27.706  -19.207  69.105 0.1250000000
19273  6.985  -21.208  63.333 0.8750000000
36432  7.336  -22.498  62.148 0.8750000000
4507  7.664  -22.062  61.050 0.8750000000
26543  7.893  -21.803  59.889 0.7500000000
26544  7.715  -23.221  58.274 0.7500000000
11058  26.677  -20.960  66.982 0.7500000000
15890  23.911  -21.781  66.212 0.7500000000
19274  7.673  -23.448  59.465 0.7500000000
26546  7.616  -22.865  57.228 0.7500000000
24511  25.852  -21.443  65.619 0.6250000000
3378  24.370  -21.861  65.091 0.6250000000
15893  21.418  -22.646  65.389 0.5000000000
2053  7.294  -24.618  57.943 0.7500000000
26545  7.205  -24.262  56.895 0.7500000000
32224  23.524  -22.237  63.617 0.6250000000
32225  22.257  -22.740  63.221 0.5000000000
32227  20.453  -23.135  63.893 0.5000000000
19276  7.243  -24.852  59.146 0.8750000000
4509  6.976  -23.947  55.942 0.8750000000
25657  19.576  -23.752  62.373 0.3750000000
25659  18.360  -24.095  62.373 0.5000000000
36441  6.573  -25.320  55.609 0.8750000000
4016  17.705  -24.791  61.124 0.6250000000
34639  18.242  -24.985  59.932 0.2500000000
36443  5.794  -27.201  53.189 0.5000000000
16380  5.746  -29.422  52.065 0.1250000000
1024  6.200  -19.565  63.154 0.7500000000
167  28.466  -19.853  68.451 0.3750000000
26541  7.128  -20.760  62.276 0.8750000000
11057  27.944  -20.708  67.379 0.5000000000
3377  27.304  -21.246  66.137 0.7500000000
12187  7.324  -20.179  59.989 0.7500000000
4508  7.853  -21.477  58.687 0.7500000000
26547  7.419  -22.456  56.247 0.7500000000
1451  25.595  -21.739  63.074 0.6250000000
24509  26.426  -21.561  64.527 0.6250000000
24510  24.966  -21.791  64.106 0.6250000000
32226  20.884  -23.182  62.807 0.5000000000
19281  6.868  -23.612  55.025 0.7500000000
15889  24.125  -22.089  62.607 0.6250000000
7225  22.753  -22.559  62.241 0.5000000000
1452  20.155  -23.771  61.402 0.5000000000
25658  18.858  -24.315  61.158 0.5000000000
19282  6.342  -25.010  54.741 0.7500000000
17802  19.358  -24.426  59.944 0.5000000000
19283  6.328  -24.575  53.861 0.7500000000
19284  6.194  -25.518  52.601 0.5000000000
8731  6.013  -25.915  53.502 0.3750000000
36444  5.956  -26.770  52.277 0.1250000000
16382  5.824  -28.146  52.058 0.1250000000
7454  6.317  -27.642  51.252 0.1250000000
11069  29.375  -19.961  68.258 0.5000000000
28823  28.709  -18.554  69.165 0.1250000000
3389  30.253  -20.057  67.918 0.5000000000
26542  7.253  -20.447  61.150 0.8750000000
4506  6.403  -19.121  61.027 0.7500000000
24533  29.696  -20.926  66.645 0.5000000000
11070  28.826  -20.866  67.075 0.5000000000
7241  30.961  -21.491  64.279 0.6250000000
32270  30.080  -21.323  64.995 0.7500000000
3390  29.048  -21.359  65.374 0.7500000000
24534  28.108  -21.337  65.656 0.7500000000
32267  33.147  -21.044  64.151 0.7500000000
32268  31.768  -21.528  63.546 0.7500000000
32271  29.271  -21.522  63.428 0.8750000000
15928  28.298  -21.573  63.749 0.7500000000
15927  27.363  -21.566  64.175 0.6250000000
6167  32.517  -21.576  62.711 0.7500000000
32269  30.162  -21.641  62.820 0.7500000000
15887  24.656  -21.968  61.577 0.6250000000
32223  21.421  -23.166  61.789 0.5000000000
2054  6.769  -23.191  54.182 0.6250000000
29749  33.165  -21.643  61.778 0.7500000000
14117  30.993  -21.805  61.984 0.7500000000
32272  28.273  -21.615  61.669 0.6250000000
7242  27.285  -21.625  62.151 0.8750000000
15929  26.471  -21.662  62.617 0.6250000000
15888  23.129  -22.466  61.006 0.3750000000
32222  21.819  -23.059  60.649 0.5000000000
17800  20.530  -23.764  60.214 0.6250000000
19285  6.489  -24.197  52.959 0.5000000000
6168  33.782  -21.702  60.800 0.6250000000
32273  26.339  -21.660  60.484 0.6250000000
15930  25.436  -21.770  61.041 0.5000000000
8110  18.745  -25.172  58.697 0.2500000000
32221  22.228  -22.878  59.567 0.2500000000
7224  20.969  -23.733  59.094 0.3750000000
17801  19.869  -24.466  58.846 0.3750000000
36472  7.197  -24.642  50.981 0.1250000000
8732  6.595  -25.077  51.784 0.3750000000
32220  21.450  -23.627  58.051 0.2500000000
34636  20.316  -24.543  57.721 0.2500000000
36446  7.073  -25.914  50.613 0.3750000000
36474  9.055  -25.040  49.522 0.1250000000
36473  7.983  -25.462  49.937 0.1250000000
36445  6.386  -26.317  51.413 0.1250000000
32846  7.151  -27.244  50.474 0.1250000000
99  8.119  -26.833  49.849 0.1250000000
15920  32.386  -19.238  67.464 0.6250000000
24531  31.232  -20.286  67.231 0.6250000000
1458  32.073  -20.255  66.749 0.6250000000
15924  32.971  -20.328  66.087 0.5000000000
15926  31.606  -21.033  65.678 0.7500000000
12186  6.406  -18.869  59.904 0.7500000000
15925  32.431  -21.040  65.002 0.6250000000
24532  30.737  -20.952  66.287 0.7500000000
12188  7.238  -19.927  58.737 0.8750000000
4510  7.140  -20.741  56.374 0.7500000000
12189  7.639  -21.161  57.456 0.7500000000
29747  33.965  -20.991  63.397 0.7500000000
36470  6.765  -22.731  53.229 0.7500000000
36467  6.761  -21.552  54.362 0.7500000000
26548  7.140  -22.026  55.284 0.8750000000
19306  7.319  -21.711  51.433 0.2500000000
19307  7.463  -23.266  51.259 0.1250000000
19308  8.161  -22.685  50.612 0.1250000000
36471  6.830  -23.753  52.078 0.1250000000
17876  34.354  -21.784  59.727 0.5000000000
8741  8.091  -24.131  50.301 0.1250000000
19309  9.071  -23.667  49.806 0.1250000000
8742  10.089  -23.165  49.419 0.1250000000
36475  10.173  -24.590  49.110 0.1250000000
1022  12.362  -25.113  47.775 0.1250000000
36476  11.226  -24.133  48.622 0.1250000000
23726  11.403  -25.532  48.409 0.1250000000
2942  10.380  -25.958  48.944 0.1250000000
10622  9.245  -26.403  49.361 0.1250000000
15923  34.260  -19.353  66.097 0.5000000000
7240  33.819  -20.249  65.452 0.5000000000
468  6.228  -18.673  58.735 0.8750000000
36465  6.293  -19.439  56.508 0.8750000000
12190  6.856  -19.691  57.521 0.8750000000
36469  6.471  -21.183  53.311 0.6250000000
8739  6.052  -20.207  54.372 0.7500000000
36466  6.563  -20.448  55.364 0.8750000000
170  35.323  -20.230  63.681 0.7500000000
8740  6.962  -22.217  52.301 0.5000000000
29748  34.652  -21.026  62.311 0.6250000000
36477  9.925  -21.648  49.555 0.1250000000
19310  9.047  -22.206  50.038 0.1250000000
8141  34.854  -21.788  58.921 0.5000000000
36478  11.057  -22.675  48.860 0.1250000000
36479  12.154  -23.682  48.014 0.1250000000
36480  12.945  -23.196  47.321 0.1250000000
36481  13.734  -22.718  46.565 0.1250000000
32265  35.066  -19.287  65.414 0.6250000000
32257  35.793  -19.230  64.676 0.5000000000
32266  34.629  -20.307  64.563 0.6250000000
11719  35.960  -20.187  62.778 0.6250000000
19305  6.463  -20.725  52.277 0.6250000000
4039  36.463  -20.196  61.689 0.5000000000
19304  6.750  -20.315  51.255 0.2500000000
34728  35.663  -21.068  60.232 0.6250000000
34727  35.219  -21.096  61.285 0.5000000000
2057  7.881  -21.232  50.641 0.1250000000
34729  36.073  -20.992  59.112 0.6250000000
19314  12.738  -21.704  47.577 0.1250000000
19313  11.618  -20.740  48.375 0.1250000000
34731  35.315  -21.844  57.646 0.5000000000
8743  11.925  -22.213  48.233 0.1250000000
8744  13.465  -21.257  46.808 0.1250000000
11717  36.509  -19.136  63.929 0.6250000000
26563  8.628  -20.726  50.008 0.1250000000
34733  36.793  -20.728  56.612 0.6250000000
19312  10.801  -21.225  48.959 0.1250000000
34732  36.475  -20.888  57.929 0.5000000000
7237  36.100  -18.052  65.236 0.6250000000
32264  35.236  -18.063  65.900 0.6250000000
32256  36.885  -17.913  64.548 0.6250000000
11718  37.127  -19.091  62.947 0.6250000000
25700  37.591  -18.949  61.963 0.6250000000
25701  36.839  -20.065  60.574 0.6250000000
17874  37.259  -19.664  58.302 0.6250000000
34734  36.910  -20.410  55.427 0.3750000000
8143  36.410  -21.388  53.898 0.2500000000
19315  12.340  -20.220  47.689 0.1250000000
25699  38.170  -17.670  62.893 0.7500000000
17870  37.843  -18.809  60.869 0.6250000000
1838  37.081  -19.868  59.558 0.7500000000
8140  37.330  -19.384  57.109 0.7500000000
34726  37.174  -19.078  55.980 0.3750000000
377  36.756  -18.794  54.797 0.2500000000
34736  36.224  -20.937  52.910 0.2500000000
11716  36.305  -19.651  53.401 0.2500000000
25694  35.131  -18.962  51.445 0.2500000000
25695  35.390  -20.179  51.031 0.1250000000
4038  38.530  -17.484  62.001 0.7500000000
17872  37.949  -18.521  59.737 0.7500000000
11714  36.210  -18.359  53.855 0.2500000000
11715  35.744  -19.286  52.410 0.2500000000
25693  34.422  -18.587  50.454 0.1250000000
25692  34.792  -17.626  51.700 0.3750000000
17873  37.946  -18.312  58.616 0.8750000000
34725  37.719  -18.062  57.450 0.8750000000
4034  35.515  -17.956  52.861 0.3750000000
17861  33.702  -18.342  49.305 0.1250000000
34721  39.248  -15.898  62.018 0.6250000000
17871  38.699  -17.270  61.068 0.6250000000
29746  37.315  -17.720  56.379 0.8750000000
11712  36.737  -17.334  55.331 0.3750000000
11713  36.079  -16.951  54.188 0.3750000000
25691  35.366  -16.590  53.024 0.3750000000
1836  34.145  -17.322  50.536 0.2500000000
8139  38.643  -17.078  59.975 0.8750000000
6166  38.000  -16.513  57.733 1.0000000000
29745  37.389  -16.229  56.688 1.0000000000
17855  34.728  -16.294  51.761 0.3750000000
34724  38.448  -16.839  58.838 0.7500000000
4032  36.728  -15.882  55.601 1.0000000000
25690  36.034  -15.568  54.465 0.5000000000
4033  35.446  -15.253  53.106 0.5000000000
17856  34.914  -15.057  51.608 0.3750000000
17857  34.219  -16.072  50.328 0.2500000000
34723  39.203  -15.506  59.940 0.7500000000
14116  38.856  -15.342  58.822 0.6250000000
29744  37.672  -14.717  56.830 0.8750000000
25688  36.936  -14.444  55.690 0.8750000000
866  39.636  -14.147  59.814 0.5000000000
14115  38.297  -15.056  57.834 0.7500000000
25689  36.252  -14.237  54.258 0.7500000000
14114  39.237  -13.937  58.668 0.6250000000
6165  38.738  -13.686  57.671 0.6250000000
29743  38.045  -13.405  56.580 0.7500000000
17854  36.883  -13.084  53.908 0.7500000000
14112  40.045  -12.726  59.519 0.3750000000
14113  39.735  -12.550  58.522 0.3750000000
865  37.416  -13.192  55.311 0.7500000000
29742  39.211  -12.377  57.332 0.5000000000
29740  38.641  -12.233  56.094 0.7500000000
17852  38.107  -12.208  54.815 0.7500000000
17853  37.614  -12.212  53.333 0.8750000000
29741  40.247  -11.338  58.077 0.3750000000
2785  40.423  -11.378  59.143 0.3750000000
6164  39.810  -11.310  56.877 0.5000000000
11750  41.785  -9.094  53.129 0.1250000000
375  40.664  -9.810  53.319 0.1250000000
34700  38.489  -11.415  52.748 0.5000000000
11711  39.448  -10.680  52.382 0.5000000000
29737  39.753  -10.611  53.710 0.3750000000
34701  37.289  -12.232  51.858 0.8750000000
29739  39.350  -11.293  55.616 0.5000000000
6163  38.887  -11.338  54.267 0.5000000000
29736  40.956  -9.735  54.589 0.2500000000
11751  41.730  -9.237  51.958 0.1250000000
14109  41.456  -9.368  56.994 0.2500000000
14111  40.827  -10.292  57.491 0.3750000000
14110  40.513  -10.361  56.335 0.3750000000
6162  41.286  -9.540  55.823 0.2500000000
29738  40.134  -10.497  55.068 0.3750000000
11748  41.915  -8.935  54.323 0.2500000000
25761  41.664  -9.436  50.713 0.3750000000
29796  42.024  -8.782  55.474 0.2500000000
11749  42.837  -8.334  54.145 0.2500000000
17973  41.677  -9.656  49.425 0.5000000000
4070  42.928  -8.572  53.073 0.2500000000
25760  42.951  -8.836  51.980 0.3750000000
17975  41.697  -9.832  48.126 0.3750000000
17844  40.316  -10.372  46.717 0.6250000000
17976  41.721  -9.972  46.834 0.7500000000
8127  40.381  -10.540  45.378 0.6250000000
34689  40.526  -10.781  44.017 0.6250000000
34690  39.200  -11.281  42.890 0.2500000000
34851  41.801  -10.210  45.516 0.8750000000
19  40.651  -11.103  42.755 0.5000000000
23195  43.566  -10.652  41.342 0.3750000000
23196  42.150  -11.508  40.178 0.1250000000
10326  42.125  -11.250  41.332 0.3750000000
10314  40.659  -11.525  41.468 0.2500000000
34850  43.127  -9.649  47.044 0.8750000000
10323  41.947  -10.496  44.204 0.5000000000
10325  42.037  -10.875  42.602 0.3750000000
23194  45.009  -9.774  41.483 0.3750000000
29163  45.172  -9.420  39.383 0.2500000000
23189  44.522  -9.142  47.357 0.7500000000
8181  43.085  -9.472  48.338 0.6250000000
2643  43.227  -9.819  45.779 0.6250000000
29156  50.462  -5.742  45.011 0.6250000000
13694  49.192  -6.641  44.785 0.6250000000
10324  43.358  -10.097  44.174 0.7500000000
29157  50.557  -5.729  43.642 0.6250000000
5913  49.264  -6.614  43.448 0.7500000000
13695  47.783  -7.606  43.235 0.8750000000
725  46.311  -8.724  42.907 0.6250000000
23193  44.906  -9.652  42.686 0.5000000000
23192  44.793  -9.466  44.258 0.5000000000
2645  43.467  -10.445  42.574 0.3750000000
13696  47.781  -7.524  42.065 0.7500000000
13697  46.387  -8.690  41.752 0.7500000000
29159  49.252  -6.536  42.330 0.8750000000
5915  46.419  -8.572  40.649 0.6250000000
29162  45.124  -9.632  40.395 0.5000000000
29161  46.425  -8.316  39.591 0.6250000000
29164  45.152  -9.123  38.496 0.3750000000
5912  49.025  -6.695  46.227 0.7500000000
29153  48.750  -6.749  47.746 0.6250000000
23191  44.681  -9.252  45.810 0.7500000000
11291  51.599  -4.788  44.948 0.3750000000
13691  46.257  -8.641  44.448 0.7500000000
13693  47.719  -7.647  44.640 0.7500000000
245  51.852  -4.843  43.582 0.5000000000
29160  47.780  -7.378  40.906 0.6250000000
16613  47.799  -7.234  39.743 0.5000000000
726  46.513  -8.051  38.548 0.3750000000
13692  47.588  -7.614  46.071 0.8750000000
2644  46.127  -8.512  45.959 0.8750000000
29158  50.610  -5.718  42.471 0.5000000000
5914  49.230  -6.446  41.153 0.6250000000
16614  49.310  -6.272  39.918 0.6250000000
16615  47.886  -7.075  38.673 0.6250000000
33143  48.018  -6.932  37.560 0.7500000000
11296  53.101  -3.976  42.402 0.5000000000
11295  52.856  -3.886  43.430 0.6250000000
3616  54.450  -3.061  41.125 0.5000000000
24942  53.422  -3.933  41.278 0.5000000000
3617  52.180  -4.755  41.289 0.5000000000
11297  52.086  -4.777  42.498 0.6250000000
16608  53.642  -3.909  40.203 0.6250000000
24943  52.340  -4.703  40.212 0.7500000000
33140  50.717  -5.616  41.251 0.6250000000
1595  52.495  -4.638  39.041 0.7500000000
33142  51.031  -5.345  38.865 0.7500000000
33141  50.877  -5.448  40.030 0.6250000000
16612  52.691  -4.573  37.938 0.7500000000
33145  51.152  -5.331  37.726 0.6250000000
33144  49.547  -6.090  37.613 0.6250000000
33146  51.381  -5.275  36.637 0.6250000000
7563  49.764  -6.036  36.516 0.6250000000
16610  53.932  -3.798  39.173 0.8750000000
7561  52.793  -4.487  36.924 0.7500000000
33139  52.892  -4.404  35.834 0.7500000000
16609  54.771  -3.031  40.107 0.5000000000
33136  55.851  -1.964  38.735 0.5000000000
16611  54.098  -3.758  38.124 0.7500000000
7560  55.064  -2.892  39.097 0.6250000000
33137  55.349  -2.798  38.048 0.7500000000
33138  54.213  -3.612  37.049 0.7500000000
4733  55.563  -2.636  36.921 0.7500000000
12413  54.361  -3.461  35.941 0.7500000000
246  53.039  -4.264  34.726 0.7500000000
30723  53.137  -4.064  33.492 0.8750000000
6585  53.249  -3.929  32.305 0.7500000000
12414  55.782  -2.427  35.783 0.6250000000
12415  54.516  -3.293  34.766 0.6250000000
37267  54.624  -3.092  33.511 0.8750000000
19966  53.234  -3.742  31.093 0.6250000000
26951  56.220  -1.810  37.655 0.5000000000
4735  55.977  -2.283  34.654 0.6250000000
19967  54.752  -2.986  32.322 0.6250000000
19968  54.787  -2.803  31.192 0.6250000000
37271  57.279  -0.807  32.307 0.3750000000
37270  56.311  -1.781  31.306 0.5000000000
19970  57.365  -0.645  31.268 0.3750000000
26953  56.515  -1.627  36.573 0.3750000000
26954  56.745  -1.458  35.509 0.5000000000
37268  56.109  -2.084  33.448 0.5000000000
37269  57.140  -0.909  33.302 0.5000000000
9007  56.217  -1.958  32.361 0.5000000000
26955  56.992  -1.179  34.421 0.5000000000
9008  57.913  0.448  32.180 0.3750000000
37272  57.680  0.287  33.163 0.2500000000
29732  9.176  -25.493  73.316 0.7500000000
25605  3.943  -26.993  70.745 0.6250000000
34527  3.086  -30.735  66.454 0.6250000000
15  3.024  -33.549  65.386 0.5000000000
1814  4.410  -27.239  66.339 0.6250000000
23150  4.612  -32.393  62.588 0.5000000000
2622  3.987  -32.779  63.509 0.5000000000
17716  4.884  -23.958  68.634 1.0000000000
34533  4.789  -24.913  67.735 0.8750000000
34538  5.419  -22.429  70.920 0.8750000000
15907  17.019  -19.210  71.223 0.5000000000
12184  5.436  -24.143  65.911 0.8750000000
3383  18.765  -19.229  71.132 0.3750000000
15903  18.917  -21.672  69.637 0.5000000000
24804  5.297  -31.511  54.159 0.2500000000
24518  20.550  -19.315  70.731 0.3750000000
8113  14.294  -25.571  63.756 0.5000000000
32235  22.764  -21.588  68.003 0.5000000000
4017  16.732  -24.231  63.627 0.5000000000
19271  6.128  -19.911  64.218 0.7500000000
7226  21.837  -22.715  64.323 0.5000000000
17804  16.980  -25.546  59.839 0.2500000000
17803  16.589  -25.256  61.178 0.2500000000
28825  27.729  -18.134  69.445 0.1250000000
16381  6.350  -28.924  51.286 0.1250000000
26540  6.261  -19.318  62.080 0.7500000000
14118  31.680  -21.965  61.015 0.7500000000
7223  23.544  -22.253  59.907 0.3750000000
11068  30.534  -18.978  68.449 0.5000000000
36464  5.957  -18.414  57.653 0.8750000000
36468  5.734  -19.917  53.249 0.7500000000
34735  36.723  -20.043  54.370 0.3750000000
34722  39.320  -15.745  61.038 0.7500000000
864  41.425  -9.234  58.102 0.2500000000
34849  44.400  -9.027  48.594 0.5000000000
29152  47.388  -7.652  47.544 0.8750000000
7562  49.439  -6.127  38.807 0.7500000000
5884  3.700  -35.704  70.009 0.1250000000
13645  3.204  -35.327  69.723 0.1250000000
34671  5.526  -36.110  69.066 0.1250000000
34680  4.736  -35.433  69.438 0.1250000000
23165  2.599  -36.415  68.732 0.2500000000
2630  2.516  -34.280  67.516 0.2500000000
8121  5.954  -35.235  68.205 0.1250000000
34681  4.196  -34.727  69.795 0.1250000000
34679  5.308  -34.569  68.982 0.1250000000
8124  4.823  -33.748  69.600 0.1250000000
710  2.798  -34.980  69.249 0.2500000000
23164  2.550  -34.631  68.502 0.3750000000
10312  3.056  -35.371  65.581 0.2500000000
10310  2.704  -33.924  66.436 0.2500000000
23148  4.266  -35.651  63.066 0.2500000000
2620  3.801  -35.925  64.107 0.2500000000
17838  4.242  -33.169  69.955 0.1250000000
34683  3.221  -33.779  69.692 0.1250000000
34682  3.659  -34.196  69.812 0.1250000000
34686  2.803  -33.462  69.191 0.3750000000
34687  2.542  -33.093  68.329 0.3750000000
10301  3.860  -34.389  63.755 0.2500000000
10300  3.390  -34.738  64.731 0.2500000000
23149  4.388  -34.008  62.790 0.3750000000
8125  3.695  -32.789  70.014 0.2500000000
17829  6.406  -34.158  67.584 0.1250000000
34678  5.925  -33.598  68.592 0.1250000000
34688  2.569  -32.757  67.268 0.3750000000
13620  5.507  -33.245  60.750 0.3750000000
13618  4.950  -33.641  61.859 0.3750000000
13619  5.087  -34.851  60.928 0.3750000000
13621  6.043  -32.806  59.638 0.3750000000
17839  4.284  -31.792  70.391 0.3750000000
17835  5.516  -31.363  70.348 0.3750000000
1832  4.872  -30.901  70.764 0.3750000000
17837  4.867  -32.300  70.128 0.2500000000
34685  3.229  -32.351  69.808 0.5000000000
17836  5.440  -32.864  69.557 0.2500000000
8126  2.802  -32.027  69.155 0.5000000000
34677  6.519  -32.512  68.331 0.1250000000
34525  2.824  -32.388  66.209 0.3750000000
25680  4.289  -30.452  70.930 0.5000000000
34684  3.722  -31.424  70.381 0.5000000000
17843  2.653  -31.651  68.251 0.3750000000
8071  2.770  -31.326  67.215 0.3750000000
17833  5.500  -29.996  71.183 0.3750000000
8123  6.038  -31.931  69.474 0.3750000000
34676  6.721  -30.825  69.565 0.3750000000
17834  6.131  -30.399  70.579 0.3750000000
8122  7.413  -29.797  69.773 0.2500000000
34674  7.146  -31.406  68.245 0.2500000000
34673  7.800  -30.286  68.312 0.2500000000
11704  8.878  -29.764  66.860 0.1250000000
11698  10.594  -27.852  66.879 0.2500000000
11700  10.028  -29.219  65.350 0.2500000000
17831  8.173  -28.849  69.930 0.3750000000
34672  8.548  -29.229  68.408 0.2500000000
4018  11.538  -26.986  66.856 0.2500000000
25664  11.911  -27.147  65.356 0.2500000000
34648  13.240  -26.373  63.900 0.5000000000
4019  12.279  -27.417  63.892 0.3750000000
867  29.198  -21.677  61.063 0.5000000000
14119  30.008  -21.860  60.322 0.3750000000
6169  30.635  -22.126  59.272 0.1250000000
34647  14.918  -25.661  62.540 0.3750000000
29753  29.451  -22.123  57.503 0.1250000000
6170  28.170  -22.051  55.564 0.1250000000
29751  31.250  -22.391  58.459 0.2500000000
29754  30.080  -22.482  56.692 0.1250000000
29755  28.827  -22.350  54.802 0.1250000000
14066  7.688  -22.912  73.491 0.7500000000
8075  5.219  -22.474  68.530 0.7500000000
34535  5.446  -21.809  67.737 0.7500000000
30405  4.647  -16.973  63.641 0.5000000000
29750  32.298  -22.086  60.221 0.3750000000
6450  4.848  -16.697  62.700 0.5000000000
30407  5.448  -18.018  61.854 0.5000000000
14589  4.981  -16.510  61.634 0.5000000000
30409  5.608  -17.519  59.840 0.5000000000
17875  32.846  -22.284  59.134 0.2500000000
868  31.877  -22.613  57.687 0.1250000000
30408  5.539  -17.825  60.830 0.6250000000
6451  5.190  -16.201  60.694 0.5000000000
36454  5.545  -15.765  59.663 0.5000000000
17877  33.429  -22.388  58.191 0.2500000000
25702  30.763  -22.697  55.999 0.1250000000
36455  5.644  -17.181  58.674 0.5000000000
34730  33.965  -22.487  57.256 0.2500000000
25704  31.342  -22.863  55.073 0.1250000000
8142  35.832  -21.885  56.367 0.5000000000
19302  5.813  -19.216  55.458 0.7500000000
19303  5.397  -18.966  54.298 0.6250000000
26559  5.241  -18.626  53.175 0.6250000000
4517  5.850  -19.502  52.096 0.5000000000
17719  6.280  -22.221  72.067 0.7500000000
34537  5.551  -23.083  71.652 0.7500000000
8076  6.037  -21.590  71.348 0.7500000000
34542  5.382  -21.396  69.148 0.7500000000
30400  5.842  -20.746  66.136 0.7500000000
6448  6.006  -20.257  65.231 0.7500000000
30406  5.319  -18.208  62.895 0.5000000000
14587  4.734  -15.429  63.517 0.5000000000
14588  4.971  -15.155  62.545 0.5000000000
14590  5.316  -14.898  61.607 0.5000000000
8735  5.779  -15.583  58.540 0.5000000000
4040  29.595  -22.620  54.191 0.1250000000
29756  27.828  -22.478  52.896 0.1250000000
36463  5.541  -16.871  57.554 0.7500000000
11720  28.484  -22.841  52.136 0.1250000000
8738  5.567  -18.092  56.577 0.7500000000
19301  5.199  -17.845  55.421 0.7500000000
2056  4.967  -17.496  54.296 0.6250000000
26560  5.451  -18.188  52.017 0.3750000000
29677  7.360  -22.167  73.008 0.7500000000
34540  5.819  -20.928  70.540 0.7500000000
8077  5.663  -20.247  69.709 0.7500000000
34543  5.382  -20.690  68.337 0.7500000000
17724  5.450  -19.530  68.942 0.7500000000
34544  5.390  -20.053  67.615 0.7500000000
6447  4.869  -17.901  66.622 0.5000000000
14583  4.724  -16.395  66.420 0.5000000000
30399  5.304  -19.473  66.827 0.7500000000
14584  4.754  -17.608  65.605 0.5000000000
14585  4.535  -16.023  65.498 0.5000000000
30401  5.261  -19.099  65.888 0.5000000000
30402  5.238  -18.789  64.851 0.5000000000
6449  4.639  -17.285  64.610 0.5000000000
30404  4.547  -15.751  64.508 0.5000000000
36453  5.822  -14.605  60.576 0.5000000000
36462  5.880  -15.344  57.359 0.5000000000
19300  5.418  -16.587  56.440 0.6250000000
19299  5.176  -16.269  55.311 0.6250000000
26558  4.963  -17.025  53.116 0.5000000000
23728  4.867  -14.504  65.420 0.5000000000
2944  5.093  -14.206  64.436 0.5000000000
19297  4.996  -15.831  54.161 0.5000000000
8132  36.449  -13.081  52.366 0.5000000000
34702  36.125  -13.107  50.810 0.5000000000
1835  35.829  -13.121  49.299 0.3750000000
17847  36.797  -12.318  48.793 0.5000000000
17849  35.576  -13.145  47.778 0.2500000000
24941  54.006  -3.020  42.110 0.3750000000
33147  51.527  -5.283  35.591 0.6250000000
7564  50.151  -5.971  34.362 0.6250000000
25687  37.006  -12.338  50.333 0.6250000000
17848  36.564  -12.253  47.425 0.5000000000
29155  50.256  -5.776  46.393 0.6250000000
34693  36.325  -12.101  44.732 0.5000000000
33148  51.608  -5.234  34.526 0.6250000000
33149  50.293  -5.921  33.344 0.5000000000
16621  48.756  -6.556  33.265 0.2500000000
33150  48.828  -6.334  32.252 0.1250000000
33151  47.421  -6.726  31.210 0.1250000000
33153  46.084  -7.357  31.259 0.1250000000
33154  46.165  -7.192  30.120 0.1250000000
23190  45.933  -8.427  47.401 0.6250000000
4030  37.765  -11.469  48.598 0.6250000000
34694  37.635  -11.405  47.175 0.5000000000
8129  37.607  -11.368  45.804 0.5000000000
34691  39.061  -11.040  44.214 0.5000000000
34692  37.646  -11.415  44.448 0.5000000000
34695  36.390  -12.144  46.101 0.5000000000
30722  51.737  -5.074  33.492 0.5000000000
6584  50.321  -5.689  32.311 0.3750000000
14813  48.776  -6.081  31.156 0.2500000000
1098  47.419  -6.512  30.043 0.2500000000
23864  46.316  -7.114  28.993 0.1250000000
23865  47.468  -6.370  28.794 0.1250000000
17846  38.927  -10.749  46.886 0.5000000000
17845  38.970  -10.869  45.532 0.5000000000
30724  51.768  -4.880  32.301 0.3750000000
14814  50.283  -5.431  31.111 0.3750000000
14815  48.753  -5.797  29.920 0.2500000000
30726  51.637  -4.389  29.775 0.3750000000
30725  51.795  -4.678  31.055 0.3750000000
6586  50.147  -5.131  29.814 0.3750000000
30728  50.088  -4.930  28.430 0.2500000000
30727  48.800  -5.634  28.591 0.1250000000
3019  47.610  -6.408  27.558 0.1250000000
6587  50.049  -4.847  27.114 0.1250000000
14817  48.801  -5.653  27.253 0.1250000000
4736  52.790  -3.191  27.131 0.2500000000
30730  51.307  -4.015  27.087 0.1250000000
14819  50.082  -4.918  25.760 0.1250000000
30731  51.281  -4.080  25.672 0.1250000000
1099  53.172  -3.501  29.890 0.2500000000
26957  54.725  -2.615  30.000 0.6250000000
30729  51.466  -4.129  28.474 0.2500000000
4737  56.255  -1.608  30.107 0.8750000000
26956  52.927  -3.308  28.536 0.2500000000
26959  56.131  -1.498  28.832 0.7500000000
26958  54.512  -2.451  28.655 0.5000000000
6137  6.531  -22.923  72.781 0.7500000000
29052  5.727  -33.807  58.635 0.3750000000
1833  40.256  -10.237  47.986 0.6250000000
34541  5.391  -21.927  70.061 0.7500000000
23166  2.590  -36.113  67.759 0.2500000000
374  9.706  -28.807  66.863 0.2500000000
30403  5.237  -18.453  63.887 0.5000000000
8078  5.248  -18.894  68.212 0.7500000000
34545  5.042  -18.363  67.428 0.5000000000
11702  9.238  -30.187  65.483 0.1250000000
11699  10.967  -28.150  65.353 0.1250000000
4020  10.461  -29.480  63.987 0.1250000000
11701  9.706  -30.554  64.125 0.1250000000
25665  11.295  -28.460  63.938 0.1250000000
34649  13.762  -26.510  62.542 0.2500000000
17812  12.763  -27.396  62.617 0.1250000000
17811  11.741  -28.611  62.541 0.1250000000
17720  6.672  -20.724  71.647 0.6250000000
34539  6.365  -19.954  70.896 0.6250000000
17722  6.074  -19.205  70.164 0.6250000000
17718  6.975  -21.464  72.338 0.6250000000
15870  16.260  -15.797  64.954 0.2500000000
7216  15.419  -16.121  65.637 0.2500000000
32198  14.710  -16.557  66.290 0.2500000000
25609  7.058  -19.127  71.033 0.6250000000
15872  16.113  -14.958  63.340 0.2500000000
32199  14.566  -15.418  64.624 0.2500000000
15871  15.311  -15.191  63.874 0.2500000000
3989  6.640  -18.319  70.416 0.6250000000
32200  14.592  -14.192  63.113 0.2500000000
17723  5.724  -18.488  69.516 0.6250000000
7217  15.386  -13.947  62.533 0.2500000000
17881  36.307  -21.767  55.104 0.2500000000
3371  17.246  -16.877  67.763 0.2500000000
7215  15.542  -17.824  68.692 0.2500000000
32194  14.586  -18.147  69.256 0.5000000000
15869  16.424  -16.596  66.667 0.2500000000
32197  15.587  -17.014  67.266 0.2500000000
32195  14.695  -17.537  67.812 0.5000000000
17733  13.820  -17.875  68.399 0.5000000000
1449  17.068  -15.630  64.377 0.2500000000
15868  17.226  -16.193  66.072 0.2500000000
29678  7.815  -20.638  72.379 0.6250000000
1448  13.888  -16.988  66.997 0.5000000000
6139  9.027  -18.720  71.219 0.5000000000
29681  8.186  -19.213  71.553 0.6250000000
851  7.379  -19.898  71.695 0.6250000000
25617  13.861  -15.768  65.468 0.2500000000
17735  13.034  -17.311  67.686 0.5000000000
14071  9.367  -17.451  69.989 0.5000000000
29682  8.570  -17.911  70.564 0.5000000000
32207  16.962  -14.706  62.952 0.2500000000
34558  11.488  -16.632  67.782 0.5000000000
34559  10.788  -16.847  68.515 0.5000000000
14072  10.027  -17.069  69.290 0.5000000000
29683  8.865  -16.467  69.504 0.3750000000
25608  7.785  -18.459  70.931 0.5000000000
32206  18.028  -14.486  62.475 0.1250000000
25618  13.053  -16.198  66.221 0.2500000000
34557  12.347  -16.430  67.043 0.5000000000
8083  11.001  -15.512  67.370 0.3750000000
25610  7.344  -17.607  70.340 0.3750000000
32208  16.212  -13.658  62.079 0.1250000000
3993  13.859  -14.467  63.798 0.2500000000
3994  12.403  -15.031  65.746 0.3750000000
17737  11.693  -15.249  66.620 0.5000000000
6140  9.498  -16.068  68.866 0.3750000000
3988  8.166  -16.993  69.965 0.3750000000
11669  7.632  -16.101  69.674 0.3750000000
7219  17.099  -13.290  61.720 0.1250000000
3382  20.519  -18.191  70.546 0.2500000000
11063  19.685  -17.779  70.276 0.2500000000
24521  18.797  -18.175  70.643 0.2500000000
3370  18.764  -17.456  69.707 0.2500000000
24496  17.890  -17.927  70.086 0.2500000000
1447  16.968  -18.398  70.465 0.2500000000
15865  16.030  -18.860  70.887 0.3750000000
7213  15.105  -19.294  71.447 0.5000000000
45  13.100  -20.373  72.633 0.5000000000
2770  11.128  -21.510  73.495 0.6250000000
23416  10.104  -22.193  73.759 0.6250000000
11050  19.613  -17.055  69.286 0.2500000000
24497  17.153  -17.647  69.166 0.2500000000
32193  14.416  -18.798  70.808 0.5000000000
10452  12.512  -19.798  72.136 0.5000000000
10451  11.574  -20.286  72.758 0.6250000000
23417  9.592  -21.456  73.396 0.6250000000
11052  19.755  -16.336  67.799 0.2500000000
11051  18.981  -16.761  68.280 0.2500000000
24498  18.006  -17.181  68.773 0.2500000000
15867  16.268  -18.087  69.668 0.2500000000
15866  15.340  -18.450  70.128 0.5000000000
32192  13.558  -19.242  71.454 0.5000000000
23418  10.652  -20.801  73.171 0.6250000000
14067  8.631  -22.180  73.542 0.6250000000
24499  17.940  -16.461  67.322 0.2500000000
32196  16.326  -17.389  68.282 0.2500000000
7214  13.731  -18.450  69.892 0.5000000000
23419  10.932  -19.667  72.193 0.5000000000
2771  10.030  -20.168  72.610 0.6250000000
3372  19.017  -16.114  66.713 0.2500000000
24500  17.998  -15.847  65.658 0.2500000000
34554  12.840  -18.755  70.746 0.5000000000
34555  12.141  -18.313  69.897 0.5000000000
23420  11.296  -18.597  70.731 0.5000000000
14068  10.429  -18.974  71.408 0.5000000000
14069  9.459  -19.465  71.937 0.6250000000
29680  8.642  -19.978  72.248 0.6250000000
6138  8.183  -21.450  73.039 0.6250000000
32203  18.967  -15.599  65.174 0.2500000000
32204  17.999  -15.376  64.070 0.2500000000
17734  12.959  -18.077  69.119 0.5000000000
34556  11.458  -17.709  69.217 0.5000000000
852  10.661  -17.968  69.947 0.5000000000
7218  19.070  -15.054  63.569 0.2500000000
8082  12.202  -17.497  68.382 0.5000000000
14070  9.900  -18.261  70.681 0.5000000000
32205  18.711  -13.960  62.057 0.1250000000
34560  10.220  -15.749  68.196 0.3750000000
15915  36.809  -16.526  64.993 0.5000000000
29684  9.185  -14.961  68.715 0.3750000000
11668  8.398  -15.485  69.216 0.3750000000
17721  6.197  -17.595  69.885 0.3750000000
1816  5.802  -16.914  69.251 0.3750000000
7236  37.285  -15.038  64.587 0.5000000000
15877  17.817  -12.921  61.378 0.1250000000
25619  13.071  -14.688  64.774 0.3750000000
17738  11.151  -14.051  66.426 0.3750000000
3990  7.220  -15.221  69.402 0.3750000000
32254  38.059  -14.851  64.089 0.3750000000
32255  37.637  -16.411  64.384 0.3750000000
3374  18.353  -12.503  61.072 0.1250000000
11674  13.317  -13.129  63.555 0.1250000000
25620  12.619  -13.430  64.306 0.2500000000
17739  10.534  -14.312  67.301 0.3750000000
34561  9.825  -14.579  68.120 0.3750000000
17726  5.135  -17.288  68.078 0.3750000000
4037  37.607  -17.799  63.784 0.6250000000
15879  16.455  -11.983  61.417 0.1250000000
11673  14.078  -12.897  62.759 0.1250000000
25698  38.906  -16.075  62.893 0.6250000000
25697  38.391  -16.251  63.739 0.6250000000
17869  39.245  -14.540  62.651 0.5000000000
24516  22.620  -18.090  70.196 0.2500000000
11061  21.429  -17.771  70.240 0.2500000000
11062  20.567  -17.292  69.859 0.2500000000
3380  22.582  -17.040  69.632 0.2500000000
165  20.492  -16.691  68.787 0.2500000000
28814  20.800  -16.006  67.263 0.2500000000
5768  20.891  -15.506  65.687 0.2500000000
15874  20.123  -15.361  64.627 0.2500000000
32202  19.941  -15.745  66.245 0.2500000000
15873  20.820  -14.982  64.016 0.2500000000
15875  19.818  -14.689  62.981 0.2500000000
646  20.279  -14.281  62.292 0.1250000000
15916  35.982  -16.568  65.500 0.5000000000
25613  6.010  -15.346  69.007 0.3750000000
17727  5.449  -16.307  68.598 0.3750000000
15914  36.306  -15.178  64.997 0.3750000000
24502  19.293  -13.560  61.626 0.1250000000
25612  6.415  -16.047  69.433 0.3750000000
32253  37.402  -13.563  64.020 0.3750000000
17736  11.829  -13.718  65.425 0.2500000000
1456  38.697  -14.666  63.463 0.3750000000
15878  17.027  -11.489  61.172 0.1250000000
32201  14.848  -12.613  62.184 0.1250000000
648  24.781  -17.578  69.681 0.2500000000
24514  23.684  -17.202  69.710 0.2500000000
28831  23.707  -16.341  68.982 0.2500000000
11060  21.540  -16.865  69.416 0.2500000000
28832  22.577  -16.314  68.699 0.2500000000
13463  23.496  -15.780  68.018 0.2500000000
28813  21.376  -16.218  68.209 0.2500000000
5767  22.326  -15.822  67.552 0.2500000000
28815  21.668  -15.525  66.797 0.2500000000
13450  23.188  -15.333  66.775 0.2500000000
28816  21.667  -15.131  64.967 0.2500000000
13451  22.587  -15.156  65.941 0.2500000000
5769  22.395  -14.583  64.213 0.2500000000
28817  21.371  -14.602  63.202 0.2500000000
28819  21.841  -14.112  62.441 0.1250000000
1457  35.548  -15.317  65.236 0.5000000000
5770  21.147  -12.997  60.924 0.1250000000
28820  20.760  -13.610  61.769 0.1250000000
24501  19.687  -13.098  61.141 0.1250000000
369  8.799  -14.031  68.809 0.3750000000
17740  10.874  -12.925  66.346 0.2500000000
8084  10.184  -13.265  67.299 0.2500000000
34562  9.521  -13.625  68.181 0.3750000000
8079  5.124  -15.765  67.897 0.3750000000
28821  20.183  -12.406  60.517 0.1250000000
24503  18.843  -12.042  60.817 0.1250000000
34546  4.891  -16.795  67.308 0.3750000000
17867  38.816  -13.249  63.055 0.2500000000
32251  38.190  -13.430  63.573 0.2500000000
32209  15.633  -12.215  61.787 0.1250000000
17868  39.402  -13.116  62.384 0.2500000000
8138  39.627  -14.411  61.862 0.3750000000
5774  24.734  -15.679  68.281 0.2500000000
645  23.842  -14.517  65.989 0.2500000000
13452  23.179  -14.661  65.048 0.2500000000
28818  22.750  -14.256  63.219 0.2500000000
2566  22.907  -13.541  62.395 0.1250000000
13454  22.033  -13.341  61.515 0.1250000000
11671  7.566  -13.805  69.149 0.2500000000
25615  7.252  -13.121  68.986 0.2500000000
11672  8.439  -13.224  68.842 0.2500000000
3991  6.347  -13.834  68.889 0.2500000000
34548  5.642  -14.713  68.510 0.3750000000
25614  6.750  -14.468  69.204 0.3750000000
7220  16.168  -10.439  61.640 0.1250000000
3995  13.008  -11.741  63.604 0.1250000000
25621  12.259  -12.133  64.420 0.2500000000
34547  4.923  -15.255  67.206 0.3750000000
24504  18.186  -10.691  60.587 0.1250000000
34720  39.791  -14.297  60.883 0.3750000000
28830  24.763  -16.724  69.185 0.2500000000
13462  24.389  -15.133  67.119 0.2500000000
25622  14.921  -5.332  66.560 0.1250000000
25624  14.067  -5.915  67.309 0.1250000000
3997  12.996  -7.288  67.065 0.1250000000
854  14.872  -6.139  65.741 0.1250000000
25623  13.972  -6.686  66.393 0.1250000000
17741  14.702  -7.006  64.701 0.1250000000
34566  12.961  -8.146  66.087 0.1250000000
29688  15.616  -6.609  64.127 0.1250000000
23048  23.445  -14.130  64.266 0.2500000000
6141  16.181  -7.535  62.903 0.1250000000
29687  15.373  -7.867  63.186 0.1250000000
17743  13.816  -7.573  65.357 0.1250000000
6142  14.586  -8.260  63.749 0.1250000000
17742  13.765  -8.677  64.401 0.1250000000
32212  16.883  -7.345  62.552 0.1250000000
3992  8.073  -12.464  68.874 0.1250000000
25616  7.759  -11.752  68.734 0.2500000000
23049  23.877  -13.527  63.214 0.1250000000
15881  16.717  -8.627  61.973 0.1250000000
32211  16.079  -8.881  62.220 0.1250000000
29685  15.348  -9.302  62.523 0.1250000000
34570  9.859  -12.350  67.587 0.1250000000
34572  8.823  -11.941  68.565 0.1250000000
166  14.563  -11.142  62.359 0.1250000000
1818  11.562  -12.500  65.431 0.1250000000
34571  9.164  -12.756  68.320 0.2500000000
17729  6.051  -13.310  68.366 0.3750000000
32210  15.391  -10.850  61.954 0.1250000000
11675  13.770  -11.427  62.979 0.1250000000
34549  5.357  -14.176  67.875 0.3750000000
1450  17.320  -9.741  61.041 0.1250000000
15880  16.768  -10.020  61.346 0.1250000000
1023  4.834  -14.746  66.411 0.3750000000
15876  17.652  -11.277  60.803 0.1250000000
7234  38.853  -11.881  62.533 0.2500000000
34718  39.561  -11.720  61.871 0.2500000000
34719  39.894  -13.023  61.542 0.2500000000
23446  40.102  -12.858  60.556 0.2500000000
28827  25.672  -16.857  69.445 0.1250000000
25628  11.801  -6.475  68.914 0.1250000000
25629  11.646  -5.704  69.081 0.1250000000
3999  10.843  -7.186  69.061 0.1250000000
3998  12.937  -5.843  68.510 0.1250000000
17752  9.880  -7.819  68.881 0.1250000000
28829  25.733  -15.453  68.332 0.2500000000
25625  13.014  -6.601  67.952 0.1250000000
25627  11.027  -7.925  68.738 0.1250000000
34575  10.037  -8.560  68.814 0.1250000000
25626  11.991  -7.257  68.401 0.1250000000
17744  12.105  -8.005  67.528 0.1250000000
17745  12.127  -8.925  66.666 0.1250000000
1819  11.222  -8.743  68.075 0.1250000000
17750  10.217  -9.337  68.432 0.1250000000
34576  9.017  -9.151  68.680 0.1250000000
13460  24.744  -14.397  66.468 0.2500000000
8088  9.201  -9.850  68.664 0.1250000000
17746  11.246  -9.540  67.276 0.1250000000
8085  12.860  -9.214  65.156 0.1250000000
17748  10.325  -10.097  67.906 0.1250000000
34573  8.607  -11.117  68.683 0.1250000000
1817  7.519  -11.081  68.515 0.2500000000
23047  24.370  -13.832  65.108 0.2500000000
34567  12.075  -9.823  65.770 0.1250000000
8086  11.250  -10.409  66.529 0.1250000000
17749  9.429  -10.598  68.368 0.1250000000
29686  14.544  -9.640  62.985 0.1250000000
34563  13.706  -10.045  63.460 0.1250000000
34564  12.828  -10.414  64.182 0.1250000000
34565  12.055  -10.888  65.047 0.1250000000
8087  9.642  -11.439  67.963 0.1250000000
17728  6.884  -12.467  68.638 0.2500000000
34568  11.334  -11.397  65.865 0.1250000000
34569  10.571  -11.877  66.789 0.1250000000
17747  10.448  -10.991  67.251 0.1250000000
19292  6.281  -14.356  59.523 0.3750000000
28828  26.229  -14.865  67.918 0.2500000000
13461  25.310  -14.911  67.406 0.2500000000
2568  25.904  -14.151  66.760 0.2500000000
23054  25.188  -14.014  66.079 0.2500000000
34574  8.324  -10.385  68.694 0.2500000000
34577  8.131  -9.740  68.457 0.2500000000
2565  24.718  -13.648  64.234 0.2500000000
17730  6.751  -11.858  68.173 0.2500000000
8080  5.988  -12.762  67.763 0.2500000000
34550  5.350  -13.723  67.160 0.3750000000
8734  6.990  -13.194  60.498 0.3750000000
36452  6.424  -13.496  61.590 0.3750000000
1025  5.863  -13.741  62.568 0.3750000000
10466  39.731  -10.436  61.305 0.1250000000
2786  40.141  -11.611  61.111 0.2500000000
23445  40.364  -11.437  60.150 0.2500000000
19293  6.575  -14.120  58.350 0.3750000000
5773  26.634  -15.860  68.794 0.2500000000
34578  8.183  -9.150  67.936 0.2500000000
8081  7.547  -10.025  67.309 0.2500000000
17732  7.476  -10.526  67.977 0.2500000000
17731  6.807  -11.382  67.485 0.2500000000
34551  6.119  -12.361  67.003 0.2500000000
23727  5.491  -13.309  66.335 0.3750000000
36449  7.133  -12.296  62.442 0.3750000000
23731  6.549  -12.611  63.493 0.3750000000
14586  5.440  -13.940  63.524 0.3750000000
10465  40.328  -10.310  60.511 0.1250000000
10623  7.382  -10.549  65.924 0.2500000000
34552  7.028  -11.010  66.713 0.2500000000
10624  6.754  -11.731  65.206 0.2500000000
2943  6.419  -11.984  66.163 0.3750000000
23729  5.728  -13.066  65.392 0.3750000000
23730  6.056  -12.848  64.438 0.3750000000
10464  39.878  -9.295  60.530 0.1250000000
23444  40.755  -10.195  59.593 0.2500000000
2945  7.207  -11.466  64.251 0.3750000000
2784  40.627  -9.145  59.805 0.2500000000
23443  40.903  -10.219  58.659 0.2500000000
4031  38.187  -11.514  51.322 0.5000000000
25686  37.971  -11.518  49.958 0.5000000000
11710  39.172  -10.735  51.042 0.3750000000
2646  43.666  -10.701  40.209 0.2500000000
16617  48.229  -6.826  36.516 0.5000000000
16619  50.033  -6.005  35.440 0.5000000000
11709  40.455  -9.864  52.009 0.3750000000
25685  38.995  -10.699  49.706 0.5000000000
19667  36.325  -12.132  43.359 0.1250000000
4029  40.362  -9.971  50.702 0.5000000000
25683  40.278  -10.100  49.413 0.5000000000
25684  38.923  -10.731  48.321 0.5000000000
8128  37.728  -11.589  43.094 0.2500000000
10316  39.291  -11.749  41.359 0.1250000000
26952  56.631  -0.729  37.152 0.2500000000
37261  56.477  0.276  36.579 0.1250000000
4734  56.946  -0.450  36.117 0.1250000000
19962  56.814  0.663  35.647 0.1250000000
19961  57.222  -0.181  35.135 0.1250000000
2146  57.477  0.092  34.175 0.1250000000
19960  56.107  -0.036  37.448 0.1250000000
1594  56.193  -0.990  38.181 0.2500000000
19963  57.200  1.042  34.726 0.1250000000
19965  57.549  1.299  33.792 0.1250000000
9005  56.337  1.489  34.878 0.1250000000
37262  55.862  0.986  35.772 0.1250000000
37273  57.903  1.539  32.898 0.1250000000
19969  57.479  -0.554  30.206 0.2500000000
12417  54.288  -2.403  27.224 0.1250000000
19972  58.172  1.729  31.969 0.1250000000
19973  58.428  1.764  30.988 0.1250000000
19971  58.083  0.505  31.173 0.1250000000
2147  58.252  0.634  30.081 0.2500000000
26960  57.415  -0.535  28.923 0.2500000000
4738  55.914  -1.543  27.408 0.1250000000
12418  54.143  -2.537  25.839 0.1250000000
500  52.613  -3.523  24.392 0.1250000000
26962  57.207  -0.605  27.526 0.3750000000
12419  55.701  -1.673  26.061 0.5000000000
12420  54.023  -2.745  24.530 0.1250000000
12421  54.106  -2.960  23.242 0.1250000000
12422  52.775  -3.765  23.222 0.1250000000
4742  53.084  -4.147  22.027 0.1250000000
37294  52.053  -5.096  22.248 0.1250000000
37295  52.607  -5.564  21.359 0.1250000000
26968  53.553  -4.574  21.047 0.1250000000
37296  53.315  -6.239  20.611 0.1250000000
19975  58.590  1.793  29.946 0.2500000000
26961  58.291  0.536  28.910 0.2500000000
4740  55.589  -1.903  24.661 0.2500000000
19983  54.738  -3.646  20.868 0.1250000000
2149  54.160  -5.318  20.089 0.1250000000
37292  56.001  -5.773  18.000 0.1250000000
19987  54.861  -5.968  19.314 0.1250000000
37291  56.076  -3.869  18.493 0.1250000000
26963  57.064  -0.804  26.170 0.3750000000
26964  57.016  -0.987  24.882 0.2500000000
26966  55.603  -2.087  23.425 0.1250000000
26967  54.382  -3.220  22.023 0.1250000000
19986  55.420  -4.977  18.823 0.1250000000
19985  55.044  -4.271  19.749 0.1250000000
2148  58.164  0.184  25.207 0.1250000000
19982  58.167  -0.007  23.913 0.1250000000
37288  56.858  -1.269  22.444 0.1250000000
19984  55.714  -2.679  20.874 0.1250000000
37289  56.801  -1.566  21.037 0.1250000000
9014  55.873  -3.189  19.684 0.1250000000
14894  56.924  -2.815  18.265 0.1250000000
9013  58.111  -0.288  22.601 0.1250000000
37290  56.807  -2.130  19.662 0.1250000000
1124  57.991  -1.301  19.612 0.1250000000
15905  17.882  -18.716  70.959 0.3750000000
16620  48.670  -6.732  34.302 0.3750000000
17725  5.420  -17.848  68.780 0.5000000000
25611  6.827  -16.797  69.901 0.3750000000
2772  11.921  -19.152  71.559 0.5000000000
29679  9.047  -20.797  72.894 0.6250000000
11670  7.980  -14.565  69.197 0.3750000000
13455  21.402  -12.330  60.209 0.1250000000
29689  15.740  -5.683  65.115 0.1250000000
14074  16.449  -6.418  63.637 0.1250000000
23052  26.918  -14.235  67.339 0.2500000000
23442  41.179  -9.137  59.006 0.2500000000
9004  55.479  0.649  36.628 0.1250000000
37260  54.521  0.853  35.343 0.1250000000
19976  58.148  0.307  26.321 0.2500000000
26965  56.948  -1.102  23.703 0.1250000000
4741  55.655  -2.231  22.230 0.1250000000
37287  58.052  -0.711  21.121 0.1250000000
32263  35.072  -16.710  65.928 0.5000000000
7239  34.313  -18.002  66.494 0.5000000000
32262  34.061  -16.725  66.369 0.3750000000
15921  33.417  -18.062  66.972 0.3750000000
3388  32.409  -17.796  67.596 0.3750000000
24528  32.121  -16.439  67.188 0.2500000000
650  31.693  -15.617  66.435 0.1250000000
28841  30.246  -16.188  67.925 0.1250000000
5771  28.589  -17.233  69.149 0.1250000000
647  27.873  -14.697  67.428 0.1250000000
13468  29.273  -14.688  65.851 0.1250000000
13467  28.305  -14.146  66.090 0.1250000000
23051  27.527  -13.993  66.129 0.1250000000
10248  25.781  -13.429  65.443 0.1250000000
2570  28.830  -14.560  64.649 0.1250000000
2567  27.224  -13.622  65.244 0.1250000000
23056  28.904  -14.683  62.570 0.1250000000
23057  28.270  -14.357  62.853 0.1250000000
10250  27.990  -14.010  63.510 0.1250000000
10249  27.337  -14.174  60.760 0.1250000000
23055  28.075  -14.516  60.747 0.1250000000
2569  27.658  -14.360  60.755 0.1250000000
13473  27.995  -14.361  58.965 0.1250000000
23061  27.070  -14.078  58.648 0.1250000000
26561  6.228  -19.084  51.069 0.3750000000
4515  5.144  -13.985  54.142 0.1250000000
26557  5.032  -15.220  53.189 0.2500000000
4516  5.256  -16.470  52.058 0.1250000000
12197  5.946  -17.593  51.032 0.2500000000
19298  5.425  -14.529  55.103 0.2500000000
12196  5.897  -15.858  51.308 0.1250000000
8737  5.698  -15.058  56.181 0.2500000000
36460  6.008  -13.338  55.979 0.2500000000
36459  5.658  -12.765  55.231 0.1250000000
26556  5.195  -13.349  53.426 0.1250000000
34703  35.764  -14.084  52.837 0.5000000000
34704  35.371  -14.015  51.224 0.3750000000
8133  34.500  -14.980  50.029 0.2500000000
36461  6.479  -13.770  57.049 0.2500000000
36458  7.065  -12.069  56.977 0.2500000000
12194  5.947  -14.023  51.753 0.1250000000
12195  5.337  -14.589  52.382 0.1250000000
34705  35.039  -14.021  49.701 0.3750000000
19289  8.114  -10.993  59.170 0.2500000000
26553  7.912  -10.602  58.112 0.2500000000
2055  7.427  -12.437  58.108 0.1250000000
8736  6.526  -11.507  56.179 0.1250000000
26555  5.425  -12.085  54.585 0.1250000000
26554  5.404  -11.409  53.981 0.1250000000
4514  5.479  -12.642  52.862 0.1250000000
469  6.637  -15.289  50.796 0.1250000000
30420  6.733  -13.537  51.416 0.1250000000
4512  8.573  -9.506  60.254 0.1250000000
36448  7.751  -11.050  63.199 0.2500000000
8733  8.230  -10.495  62.181 0.2500000000
36451  7.667  -11.925  61.351 0.2500000000
26552  8.447  -9.144  59.316 0.2500000000
19290  8.013  -11.436  60.294 0.2500000000
19291  7.389  -12.846  59.363 0.2500000000
36457  7.483  -10.201  57.220 0.1250000000
19296  6.038  -10.863  55.553 0.1250000000
30419  6.084  -12.161  52.368 0.1250000000
6456  6.878  -11.795  52.021 0.1250000000
14597  6.174  -10.381  52.845 0.1250000000
19286  8.960  -7.309  63.185 0.1250000000
19288  8.816  -8.646  62.172 0.1250000000
1552  9.048  -6.710  62.400 0.1250000000
26550  8.963  -8.135  61.294 0.1250000000
19287  8.527  -9.179  63.131 0.2500000000
36450  8.464  -10.005  61.191 0.2500000000
26551  8.768  -7.650  60.502 0.1250000000
4513  8.117  -8.791  58.493 0.1250000000
36456  7.735  -8.340  57.772 0.1250000000
19295  6.877  -9.676  56.549 0.1250000000
1027  5.714  -10.159  55.078 0.1250000000
30418  5.637  -10.836  53.368 0.1250000000
24939  54.059  -1.879  42.598 0.2500000000
24940  54.587  -2.031  41.699 0.2500000000
32851  8.924  -5.380  63.585 0.1250000000
24938  53.388  -1.616  43.745 0.1250000000
11294  53.040  -2.710  44.311 0.1250000000
3615  53.582  -2.892  43.189 0.1250000000
33134  55.080  -2.117  40.762 0.1250000000
11292  51.995  -3.648  46.019 0.1250000000
11293  52.471  -3.792  44.759 0.1250000000
16607  54.807  -1.183  41.009 0.1250000000
1593  54.207  -1.017  41.928 0.1250000000
7559  55.326  -1.218  40.087 0.1250000000
33133  55.789  -1.138  39.188 0.1250000000
33135  55.487  -2.053  39.726 0.1250000000
24931  50.732  -4.700  47.671 0.2500000000
29154  49.918  -5.759  47.773 0.5000000000
3611  51.218  -4.770  46.318 0.2500000000
16601  53.463  -0.742  42.909 0.1250000000
16603  53.214  -0.217  42.016 0.1250000000
16606  54.604  -0.577  40.122 0.1250000000
16605  54.002  -0.465  41.004 0.1250000000
16604  52.554  -0.118  40.917 0.1250000000
33132  55.133  -0.493  39.205 0.1250000000
33128  51.670  -0.438  39.594 0.1250000000
7557  53.382  -0.286  39.897 0.1250000000
3614  52.651  -0.488  43.964 0.1250000000
7556  51.672  0.176  41.848 0.1250000000
16602  52.335  0.077  42.925 0.1250000000
33124  51.430  0.452  43.746 0.1250000000
13459  27.326  -14.901  67.997 0.1250000000
13469  28.725  -15.020  67.268 0.1250000000
28840  30.729  -15.525  66.817 0.1250000000
24527  31.101  -16.337  67.653 0.1250000000
28839  30.033  -15.016  65.581 0.1250000000
28837  30.837  -15.091  65.218 0.1250000000
15913  36.726  -13.788  64.276 0.2500000000
32260  34.522  -15.425  65.486 0.2500000000
13470  29.144  -15.884  68.261 0.1250000000
32261  33.107  -16.725  66.759 0.3750000000
15919  32.690  -15.789  66.048 0.2500000000
7238  33.607  -15.592  65.687 0.2500000000
5778  29.708  -15.395  67.260 0.1250000000
28842  29.557  -17.371  68.781 0.2500000000
13457  28.282  -15.872  68.582 0.1250000000
23053  26.498  -13.640  66.202 0.1250000000
23058  27.999  -13.933  64.590 0.1250000000
10247  26.933  -13.357  64.629 0.1250000000
10245  24.829  -13.340  63.774 0.1250000000
28838  29.514  -14.709  64.135 0.1250000000
0  27.198  -14.101  60.787 0.1250000000
17858  33.780  -15.990  48.917 0.2500000000
30417  5.731  -9.425  54.515 0.1250000000
26549  8.903  -6.124  61.698 0.1250000000
24937  52.659  -1.391  44.804 0.1250000000
3613  52.403  -2.471  45.463 0.1250000000
33127  50.729  -0.231  40.584 0.1250000000
3387  30.536  -17.608  68.489 0.2500000000
24529  31.508  -17.747  68.063 0.2500000000
13458  27.645  -16.592  69.005 0.1250000000
2631  2.801  -37.830  68.237 0.1250000000
10313  3.498  -36.555  64.971 0.1250000000
10311  2.747  -35.767  66.664 0.1250000000
2632  3.239  -37.151  65.924 0.1250000000
23146  4.117  -37.106  63.320 0.1250000000
23171  3.906  -37.656  64.315 0.1250000000
29049  4.659  -36.361  61.070 0.1250000000
2621  4.687  -35.269  62.010 0.2500000000
23147  4.399  -36.821  62.159 0.1250000000
29050  4.830  -35.876  59.915 0.2500000000
5869  5.434  -34.387  59.754 0.2500000000
29051  5.050  -35.245  58.755 0.1250000000
3538  5.853  -33.205  57.380 0.2500000000
24800  5.138  -33.916  56.534 0.1250000000
17879  34.485  -22.586  56.143 0.1250000000
25703  32.459  -22.799  56.726 0.1250000000
1828  15.372  -25.899  61.158 0.2500000000
23448  27.984  -21.630  59.125 0.1250000000
23447  27.160  -21.627  59.845 0.2500000000
29149  47.847  -5.601  50.617 0.2500000000
13689  47.869  -6.646  50.123 0.2500000000
34844  46.572  -6.279  51.586 0.1250000000
17971  46.005  -7.129  51.797 0.1250000000
29151  49.414  -5.769  48.994 0.2500000000
29150  48.706  -5.692  49.956 0.2500000000
13688  46.799  -7.516  50.189 0.2500000000
34845  46.449  -7.333  51.128 0.2500000000
34846  45.625  -8.273  50.002 0.2500000000
34848  44.341  -8.864  49.802 0.2500000000
5911  48.380  -6.707  49.032 0.2500000000
13690  47.111  -7.627  48.928 0.2500000000
723  45.768  -8.388  48.874 0.5000000000
34847  44.267  -8.617  50.961 0.3750000000
17974  43.002  -9.292  49.617 0.5000000000
24944  45.218  -8.775  37.531 0.2500000000
24945  46.640  -7.838  37.503 0.3750000000
3619  46.781  -7.676  36.492 0.2500000000
16616  46.992  -7.519  35.431 0.1250000000
24947  45.453  -8.276  35.552 0.1250000000
16618  48.443  -6.774  35.404 0.2500000000
1596  47.131  -7.412  34.345 0.1250000000
24948  45.629  -8.021  34.483 0.1250000000
17880  35.030  -22.725  54.928 0.1250000000
8180  45.383  -8.098  51.024 0.1250000000
15922  33.326  -19.280  66.760 0.3750000000
24526  34.850  -14.255  64.513 0.1250000000
32259  33.909  -14.709  64.643 0.1250000000
24530  31.495  -19.188  68.066 0.2500000000
32250  38.182  -12.139  62.913 0.1250000000
34579  8.269  -8.609  67.339 0.1250000000
10625  7.714  -10.248  64.972 0.1250000000
34553  7.778  -9.553  66.529 0.1250000000
36447  8.183  -9.729  64.007 0.1250000000
46  8.054  -9.089  65.812 0.1250000000
32847  8.721  -7.566  65.881 0.1250000000
7456  8.717  -7.970  64.001 0.1250000000
32849  8.936  -6.939  64.953 0.1250000000
14150  41.814  -8.401  57.623 0.1250000000
14151  42.015  -8.568  56.583 0.1250000000
23466  40.631  -8.185  59.146 0.1250000000
14149  41.311  -7.468  57.728 0.1250000000
2796  40.500  -7.418  58.259 0.1250000000
6186  41.972  -7.601  56.893 0.1250000000
29795  42.416  -7.850  56.063 0.1250000000
4068  42.683  -8.073  55.185 0.1250000000
4071  42.993  -9.110  50.810 0.3750000000
25756  43.222  -7.480  54.628 0.1250000000
19980  58.949  1.305  24.945 0.1250000000
19981  59.001  1.018  23.621 0.1250000000
4739  58.249  0.468  27.561 0.1250000000
19978  58.796  1.558  26.218 0.1250000000
37285  59.531  2.002  23.149 0.1250000000
19977  58.771  1.729  27.492 0.1250000000
9012  59.407  2.487  24.505 0.1250000000
10724  59.712  3.120  22.634 0.1250000000
10723  59.805  1.865  21.094 0.1250000000
3042  60.031  2.258  20.232 0.1250000000
37279  58.735  1.809  28.805 0.1250000000
37280  58.870  3.169  28.472 0.1250000000
9011  59.103  3.098  27.246 0.1250000000
37282  59.252  4.482  26.696 0.1250000000
19979  59.258  2.910  25.866 0.1250000000
37284  59.613  3.679  23.958 0.1250000000
10722  59.886  3.595  21.700 0.1250000000
10721  60.064  3.965  20.755 0.1250000000
37283  59.488  4.130  25.357 0.1250000000
111  59.719  4.835  23.249 0.1250000000
23906  60.184  4.284  19.718 0.1250000000
11067  29.616  -18.766  68.857 0.1250000000
32848  8.392  -8.553  64.895 0.1250000000
34580  8.469  -8.079  66.641 0.1250000000
17754  8.949  -7.895  68.027 0.1250000000
14148  41.358  -8.243  58.468 0.1250000000
10720  59.849  5.200  22.251 0.1250000000
1831  6.933  -33.062  67.178 0.1250000000
23432  19.312  -26.597  55.156 0.1250000000
34650  14.294  -26.671  61.257 0.1250000000
17807  14.765  -26.983  59.831 0.1250000000
17806  15.327  -27.247  58.653 0.1250000000
34642  15.994  -27.681  57.456 0.1250000000
8111  16.349  -26.598  58.506 0.1250000000
34641  17.007  -26.890  57.401 0.1250000000
859  17.689  -27.270  56.220 0.1250000000
23433  18.687  -26.443  56.169 0.1250000000
10470  21.924  -24.296  54.542 0.1250000000
23431  19.989  -26.695  54.238 0.1250000000
23453  22.566  -23.989  53.645 0.1250000000
23454  21.523  -25.419  53.323 0.1250000000
2777  20.854  -25.677  54.140 0.1250000000
17805  15.879  -26.206  59.803 0.1250000000
23449  25.916  -21.677  57.933 0.1250000000
34638  18.130  -26.070  57.366 0.1250000000
10468  24.092  -22.204  56.920 0.1250000000
23450  24.786  -21.981  56.089 0.1250000000
2789  23.162  -22.998  55.098 0.1250000000
10469  22.552  -23.267  56.039 0.1250000000
10457  21.278  -24.577  55.385 0.1250000000
10458  20.266  -25.653  55.194 0.1250000000
23451  23.858  -22.713  54.343 0.1250000000
2787  25.187  -21.806  58.619 0.1250000000
34640  17.543  -25.872  58.572 0.1250000000
34637  19.196  -25.386  57.453 0.1250000000
10467  23.287  -22.525  57.559 0.1250000000
10459  20.804  -24.582  56.571 0.1250000000
2779  19.708  -25.527  56.291 0.1250000000
47  21.883  -23.629  56.796 0.1250000000
32274  24.396  -22.003  59.374 0.2500000000
32219  22.653  -22.721  58.419 0.2500000000
26562  7.353  -19.853  50.421 0.1250000000
12198  6.726  -16.977  50.343 0.1250000000
4518  6.912  -18.544  50.250 0.1250000000
29165  43.872  -9.768  37.445 0.1250000000
29166  42.494  -10.267  36.577 0.1250000000
24946  45.318  -8.522  36.554 0.1250000000
13700  42.363  -11.163  38.247 0.1250000000
5916  43.812  -10.194  38.347 0.1250000000
13701  42.452  -10.705  37.401 0.1250000000
13698  42.266  -11.459  39.152 0.1250000000
13699  43.756  -10.528  39.266 0.1250000000
3618  43.937  -9.428  36.545 0.1250000000
2778  19.151  -27.684  54.423 0.1250000000
24798  5.133  -34.586  57.657 0.1250000000
4036  35.860  -20.506  51.927 0.1250000000
34706  34.176  -14.952  48.657 0.1250000000
34707  33.396  -15.971  47.578 0.1250000000
8131  33.870  -14.997  47.238 0.1250000000
34699  33.037  -16.045  46.273 0.1250000000
17850  34.517  -14.085  46.772 0.1250000000
34697  34.332  -14.042  45.383 0.1250000000
17851  34.761  -14.021  48.198 0.1250000000
34696  35.208  -13.023  44.968 0.1250000000
8130  35.392  -13.100  46.335 0.1250000000
16591  49.368  -4.633  49.577 0.1250000000
724  50.162  -4.661  48.737 0.1250000000
24932  50.615  -3.445  48.251 0.1250000000
5909  47.203  -6.477  51.018 0.1250000000
5910  48.421  -4.616  50.098 0.1250000000
25759  44.134  -8.348  51.927 0.1250000000
25696  35.446  -21.486  50.547 0.1250000000
17972  45.120  -7.799  51.904 0.1250000000
