#!ascii label  , from subject fsaverage6 vox2ras=TkReg 
1433
34901  49.396  25.310  18.523 0.8999999762
17997  51.794  24.533  18.640 0.8999999762
1856  50.666  25.062  18.669 0.8999999762
8199  48.141  25.479  18.485 0.8000000119
18016  47.313  25.776  17.289 0.6999999881
18013  44.612  25.922  17.769 0.6000000238
18011  44.453  25.737  19.073 0.5000000000
18012  43.379  26.094  18.149 0.4000000060
8190  53.698  24.714  16.010 0.8999999762
34875  52.727  25.347  16.254 0.8999999762
17996  52.391  24.988  17.608 0.8999999762
17995  51.098  25.455  17.704 0.8999999762
25775  49.867  25.641  17.541 0.8999999762
34900  48.541  25.693  17.379 0.6000000238
18015  46.052  25.880  17.480 0.6000000238
34893  42.374  26.452  18.865 0.3000000119
18009  41.420  27.898  19.479 0.3000000119
8196  41.483  27.086  18.367 0.3000000119
34894  42.315  26.570  17.481 0.3000000119
11762  40.778  29.492  18.826 0.3000000119
11760  40.419  30.368  18.457 0.3000000119
34890  41.064  28.679  19.071 0.3000000119
4082  40.367  28.610  17.612 0.4000000060
11761  39.890  29.434  17.359 0.4000000060
8198  46.303  26.255  16.063 0.6000000238
18014  44.912  26.431  16.408 0.6000000238
34891  40.825  27.835  17.933 0.3000000119
8197  43.564  26.488  16.818 0.5000000000
34892  41.437  27.285  16.889 0.3000000119
17994  52.949  25.581  14.761 0.8999999762
25772  51.958  26.100  14.895 0.8999999762
4078  51.530  25.750  16.397 0.8999999762
17993  53.860  25.052  14.542 0.8999999762
25774  50.194  26.021  16.355 0.8999999762
11758  49.201  26.507  14.917 0.6999999881
4079  48.855  26.072  16.195 0.6999999881
34899  47.554  26.112  16.013 0.6000000238
4080  39.287  30.316  17.173 0.4000000060
25780  40.670  27.992  16.429 0.4000000060
34896  43.857  27.031  15.517 0.5000000000
34895  42.582  27.026  16.097 0.4000000060
17992  53.091  25.873  13.303 0.8999999762
34872  54.551  24.490  14.311 0.8999999762
25773  50.691  26.386  14.955 0.8000000119
11759  47.821  26.573  14.855 0.6000000238
34897  45.229  26.969  15.158 0.5000000000
34883  42.439  31.021  11.759 0.4000000060
34885  41.851  30.113  12.708 0.4000000060
34886  43.198  30.118  12.077 0.4000000060
8193  41.020  31.014  12.316 0.4000000060
34884  40.561  30.059  13.358 0.4000000060
25777  39.502  30.084  14.285 0.4000000060
18002  39.689  30.904  12.934 0.4000000060
8189  53.943  25.333  12.971 0.8999999762
1855  52.177  26.326  13.380 0.8000000119
25771  51.031  26.811  13.493 0.8000000119
18004  41.335  29.211  13.716 0.5000000000
34870  54.202  25.470  11.378 0.8999999762
4077  49.691  27.061  13.577 0.6000000238
25778  39.444  29.600  15.776 0.3000000119
25776  38.669  30.480  15.550 0.3000000119
4081  40.211  29.274  14.583 0.4000000060
34871  54.577  24.598  12.590 0.8999999762
34862  54.665  24.677  10.971 0.8999999762
384  46.868  27.291  13.655 0.6000000238
25779  40.052  28.777  16.110 0.4000000060
12450  54.818  23.820  10.563 0.8999999762
34898  46.559  26.715  14.861 0.5000000000
8195  44.200  27.629  14.255 0.5000000000
18007  42.825  27.639  14.798 0.4000000060
1857  41.676  27.689  15.462 0.4000000060
14157  45.026  30.866  10.784 0.6000000238
879  43.846  30.969  11.263 0.5000000000
14159  44.530  30.147  11.550 0.6000000238
17991  53.412  26.073  11.709 0.8999999762
17990  52.447  26.585  11.959 0.8999999762
17988  51.414  27.016  12.211 0.8999999762
25770  50.176  27.502  12.248 0.8999999762
11757  48.228  27.150  13.613 0.6000000238
34889  45.658  27.482  13.876 0.5000000000
18003  40.851  28.405  14.995 0.4000000060
27019  52.712  23.426  8.214 0.6000000238
34861  54.717  24.751  9.631 0.8999999762
4770  54.438  23.902  9.341 0.8000000119
17989  51.842  27.209  10.768 0.8999999762
4076  50.603  27.676  11.057 0.8999999762
8188  52.970  26.809  10.493 0.8999999762
25769  49.343  28.209  11.097 0.6999999881
11756  48.788  27.776  12.234 0.6999999881
4075  48.006  28.636  11.290 0.6000000238
8194  42.547  29.231  13.078 0.5000000000
34869  53.901  26.341  10.229 0.8999999762
11755  47.432  27.937  12.451 0.6000000238
8186  54.554  25.648  9.948 0.8999999762
29807  46.139  28.092  12.716 0.6000000238
34888  44.730  28.285  13.014 0.5000000000
18005  42.073  28.352  14.155 0.4000000060
17984  54.300  26.475  8.997 0.8999999762
18006  43.294  28.364  13.601 0.5000000000
17983  54.585  25.758  8.791 0.8999999762
34860  54.427  24.941  8.563 0.8999999762
1853  52.925  24.591  7.644 0.6999999881
14158  45.839  29.983  11.085 0.6000000238
25767  48.535  29.042  10.259 0.8000000119
29805  47.209  29.590  10.622 0.6999999881
29806  46.675  28.930  11.614 0.6000000238
34868  53.517  27.147  9.155 0.8999999762
6191  45.346  29.178  11.969 0.6000000238
34887  43.931  29.132  12.415 0.5000000000
1854  53.838  27.247  8.080 0.8999999762
34859  53.786  25.204  7.679 0.8000000119
34856  52.944  25.542  6.852 0.8000000119
20070  51.952  25.097  6.952 0.6999999881
27018  53.781  24.165  8.324 0.6999999881
20071  50.629  24.622  7.146 0.4000000060
6190  46.355  30.532  10.296 0.8000000119
25768  49.837  28.515  9.992 0.8000000119
878  49.066  29.359  9.228 0.8000000119
29804  47.731  30.000  9.715 0.8000000119
34867  52.484  27.510  9.419 0.8999999762
34865  52.968  27.812  8.319 0.8999999762
14156  45.516  31.309  9.975 0.8999999762
17982  54.318  26.536  7.900 0.8999999762
8187  51.782  28.359  8.485 0.8999999762
17986  51.165  29.144  7.641 0.8999999762
17980  53.985  27.312  7.095 0.8999999762
25766  53.394  28.059  7.275 0.8999999762
8185  54.271  25.871  7.757 0.8999999762
34864  52.455  28.632  7.402 0.8999999762
34858  53.727  26.030  6.827 0.6999999881
34855  52.084  25.853  5.929 0.5000000000
8183  51.011  25.578  6.133 0.4000000060
8184  53.049  26.259  5.825 0.8000000119
10329  48.483  25.582  5.902 0.4000000060
17978  52.295  26.496  4.845 0.6000000238
10328  47.214  25.190  6.328 0.3000000119
34866  51.125  27.934  9.721 0.8999999762
29803  46.984  30.843  9.337 0.8999999762
17981  54.123  26.673  6.937 0.8999999762
34857  53.729  26.732  5.832 0.8000000119
34853  50.051  25.961  5.347 0.4000000060
17979  53.165  26.833  4.797 0.6999999881
34854  51.228  26.209  5.020 0.4000000060
22  48.940  26.210  4.660 0.4000000060
8182  51.419  26.583  3.898 0.6000000238
17987  50.434  28.844  8.829 0.8999999762
17985  49.753  29.727  8.167 0.8999999762
29801  48.381  30.322  8.830 0.8999999762
34863  51.905  29.456  6.603 0.8999999762
29799  49.857  30.972  6.754 0.8000000119
4073  53.909  27.389  5.996 0.8999999762
25765  53.710  28.091  6.183 0.8999999762
4074  52.997  28.823  6.303 0.8999999762
6188  50.512  30.066  7.139 0.8999999762
6187  49.130  31.686  6.102 0.8000000119
25764  53.567  28.065  5.042 0.8000000119
29798  51.236  30.362  6.163 0.8999999762
29797  50.515  31.169  5.660 0.8000000119
25763  53.622  27.377  4.857 0.8000000119
11753  53.178  28.836  5.312 1.0000000000
11754  52.367  29.679  5.680 0.8000000119
34852  50.203  26.419  4.193 0.2000000030
10340  47.829  26.452  4.196 0.2000000030
17977  52.495  26.883  3.774 0.5000000000
6189  47.765  31.212  8.454 0.8999999762
4072  53.233  28.777  4.299 0.8999999762
382  51.762  30.504  5.184 0.8000000119
25762  53.425  27.988  3.970 0.8000000119
11752  52.680  29.658  4.639 0.6999999881
1852  53.162  27.341  3.832 0.8000000119
18111  51.926  27.056  3.083 0.6000000238
35016  50.781  26.856  3.254 0.3000000119
10338  49.529  26.694  3.577 0.3000000119
18110  52.787  27.500  2.964 0.5000000000
2658  50.202  27.169  2.708 0.3000000119
10339  48.533  27.074  3.275 0.3000000119
8238  52.297  27.817  2.333 0.5000000000
35015  51.343  27.450  2.493 0.4000000060
29800  49.159  30.644  7.806 0.8999999762
14153  48.472  31.543  7.320 0.8000000119
11793  50.758  31.427  4.767 0.6999999881
29859  49.419  32.052  5.184 0.6999999881
25842  53.129  28.823  3.260 0.8000000119
11796  52.715  29.823  3.667 0.6999999881
11795  51.960  30.690  4.232 0.6999999881
18108  53.178  28.142  3.080 0.6999999881
25841  52.801  29.990  2.806 0.8000000119
18109  52.894  28.419  2.337 0.6000000238
4116  53.046  29.229  2.536 0.8000000119
23218  49.204  27.793  2.379 0.2000000030
35013  52.477  28.703  1.554 0.5000000000
35014  51.783  28.229  1.605 0.5000000000
11794  51.037  31.758  3.864 0.6999999881
4113  49.782  32.614  4.381 0.6999999881
29858  48.412  33.216  4.987 0.6000000238
4115  52.082  30.951  3.325 0.8000000119
25838  51.299  32.355  3.117 0.6000000238
35012  52.796  29.439  1.727 0.6000000238
25840  52.709  30.253  2.036 0.6999999881
23219  47.556  27.596  3.042 0.2000000030
23216  50.720  27.890  1.855 0.4000000060
35011  52.081  29.037  0.650 0.5000000000
738  51.160  28.606  0.853 0.5000000000
23217  49.710  28.452  1.453 0.4000000060
2659  48.080  28.367  2.111 0.3000000119
25839  52.277  31.292  2.522 0.6999999881
25837  50.130  33.356  3.862 0.6999999881
8237  52.550  29.750  0.855 0.6000000238
13737  46.782  28.738  1.825 0.3000000119
13735  50.177  28.995  0.340 0.4000000060
13733  51.603  29.329  -0.058 0.6000000238
18101  51.560  32.729  2.465 0.6999999881
25835  48.788  34.030  4.564 0.8000000119
1872  52.332  31.512  1.699 0.6999999881
18107  52.600  30.541  1.243 0.6999999881
29857  47.351  34.373  5.070 0.5000000000
29215  48.507  28.944  1.010 0.3000000119
35010  52.250  29.979  0.037 0.6000000238
4114  50.344  34.080  3.378 0.6999999881
25836  48.964  34.929  4.065 0.5000000000
891  47.596  35.264  4.542 0.5000000000
18106  52.483  30.775  0.387 0.6999999881
5936  51.940  30.296  -0.740 0.5000000000
18103  51.739  32.879  1.645 0.6999999881
35003  49.053  35.196  3.103 0.5000000000
18100  47.672  35.762  3.568 0.5000000000
18105  52.341  31.670  0.908 0.6999999881
18104  51.696  33.048  0.778 0.6000000238
35009  52.262  31.095  -0.448 0.6000000238
8236  52.256  32.021  0.113 0.6000000238
13734  50.795  29.538  -0.672 0.5000000000
18102  50.501  34.108  2.447 0.5000000000
8234  47.549  35.507  2.512 0.4000000060
29210  51.969  31.480  -1.227 0.5000000000
8235  50.573  33.991  1.507 0.5000000000
35004  49.154  34.774  2.114 0.4000000060
35008  52.011  32.423  -0.755 0.5000000000
258  51.793  32.941  -1.650 0.4000000060
29211  51.676  31.802  -2.085 0.5000000000
33283  51.398  32.110  -2.951 0.4000000060
16727  50.455  31.178  -2.842 0.4000000060
7615  49.679  31.489  -3.576 0.3000000119
35007  51.472  33.427  -0.158 0.4000000060
35002  47.600  35.283  1.544 0.3000000119
35001  46.084  35.945  1.831 0.3000000119
3655  51.523  33.235  -3.749 0.4000000060
33285  50.316  32.093  -4.783 0.3000000119
25011  51.096  33.008  -4.742 0.3000000119
35006  50.380  34.203  0.533 0.4000000060
34999  51.341  33.937  -1.143 0.4000000060
8233  50.301  34.614  -0.615 0.4000000060
35005  49.074  34.707  1.082 0.4000000060
11335  51.655  33.283  -2.685 0.4000000060
11333  51.370  34.362  -2.164 0.4000000060
18097  48.998  35.070  -0.081 0.3000000119
3653  50.497  35.634  -2.722 0.4000000060
25010  51.219  34.234  -4.423 0.3000000119
11334  51.404  34.421  -3.368 0.4000000060
1871  47.685  35.477  0.350 0.3000000119
34998  50.407  35.149  -1.712 0.4000000060
25834  46.169  36.002  0.744 0.3000000119
25833  44.872  36.945  0.066 0.3000000119
25009  50.580  35.727  -3.822 0.3000000119
3654  50.437  35.287  -4.857 0.2000000030
18096  49.213  35.615  -1.317 0.4000000060
18095  47.788  35.968  -0.881 0.3000000119
18093  46.319  36.380  -0.420 0.3000000119
34997  49.434  36.310  -2.299 0.3000000119
8232  48.106  36.658  -1.863 0.3000000119
25007  49.422  36.934  -3.154 0.3000000119
18094  46.609  36.973  -1.392 0.3000000119
10327  47.602  25.891  5.191 0.3000000119
29212  51.321  30.425  -1.560 0.5000000000
5937  50.966  30.715  -2.190 0.5000000000
33284  50.950  32.205  -3.875 0.5000000000
30788  50.960  7.119  7.245 0.1000000015
16657  47.392  11.402  17.750 0.1000000015
30785  48.987  8.240  10.823 0.1000000015
30787  49.864  7.613  9.013 0.1000000015
6612  50.100  8.463  8.439 0.1000000015
20102  50.348  9.331  8.023 0.1000000015
16656  48.223  12.149  17.857 0.1000000015
7582  47.897  10.852  16.132 0.1000000015
12458  48.977  11.055  14.148 0.1000000015
33195  48.619  11.656  16.100 0.1000000015
33196  48.257  10.259  14.211 0.1000000015
12460  49.417  10.548  11.948 0.1000000015
251  48.778  9.686  12.338 0.1000000015
30786  49.390  9.087  10.355 0.1000000015
37431  49.789  9.989  9.999 0.1000000015
9063  50.687  10.226  7.571 0.1000000015
37435  51.333  10.939  7.089 0.1000000015
37434  51.363  9.733  5.429 0.1000000015
20104  52.413  10.106  3.115 0.1000000015
4782  52.150  9.297  3.616 0.1000000015
27041  52.509  9.653  1.740 0.1000000015
33194  49.122  12.835  17.867 0.1000000015
27032  50.016  13.526  17.817 0.1000000015
4778  49.526  12.426  16.081 0.1000000015
27034  50.365  13.113  15.880 0.1000000015
12459  49.873  11.900  14.085 0.1000000015
27036  50.890  11.982  11.594 0.1000000015
37432  50.274  10.776  9.761 0.1000000015
4780  50.069  11.412  11.923 0.1000000015
37433  50.996  11.389  9.361 0.1000000015
37436  52.026  11.861  8.860 0.1000000015
1601  44.839  12.871  4.855 0.1000000015
20106  52.438  11.181  4.585 0.1000000015
2167  52.540  10.764  2.676 0.1000000015
20108  52.911  11.752  4.130 0.1000000015
20110  52.509  11.405  2.375 0.1000000015
27033  50.865  14.199  17.673 0.2000000030
20097  52.544  14.223  15.217 0.1000000015
37425  52.026  14.824  17.367 0.1000000015
4779  51.301  13.735  15.516 0.1000000015
27035  50.706  12.565  13.799 0.1000000015
9061  53.914  14.352  14.634 0.2000000030
20098  52.993  13.355  12.913 0.1000000015
37428  54.970  14.579  14.156 0.2000000030
20096  51.737  13.064  13.374 0.1000000015
37429  55.036  13.842  11.903 0.2000000030
6610  55.483  14.925  13.678 0.3000000119
20099  54.180  13.521  12.376 0.2000000030
20100  53.159  12.654  10.627 0.2000000030
2166  51.978  12.390  11.162 0.1000000015
9062  54.202  12.977  10.106 0.2000000030
37430  54.822  13.424  9.612 0.2000000030
16645  44.063  13.206  5.716 0.1000000015
37437  53.105  12.275  8.376 0.2000000030
9064  52.227  11.564  6.717 0.1000000015
37439  54.284  13.257  7.321 0.2000000030
37438  54.004  12.715  7.818 0.2000000030
37418  45.988  12.700  4.083 0.1000000015
37419  45.969  11.632  3.766 0.1000000015
20107  53.038  12.034  6.190 0.1000000015
37420  46.083  10.448  3.879 0.1000000015
9065  53.537  12.611  5.779 0.1000000015
37444  51.198  11.321  1.467 0.1000000015
9059  47.306  10.479  2.882 0.1000000015
20091  47.281  11.557  2.873 0.1000000015
37443  51.848  10.863  1.362 0.1000000015
37445  50.193  11.543  1.743 0.1000000015
37446  48.670  10.444  1.941 0.1000000015
20092  48.755  11.548  2.159 0.1000000015
20109  52.965  12.360  3.811 0.1000000015
37426  53.344  15.160  16.859 0.1000000015
37427  54.519  15.438  16.227 0.4000000060
14857  55.380  15.744  15.656 0.3000000119
30784  55.271  14.279  11.431 0.3000000119
12453  54.856  14.739  11.074 0.3000000119
20084  48.426  16.196  11.082 0.2000000030
507  54.748  13.970  9.115 0.3000000119
9056  47.291  15.307  9.134 0.2000000030
27027  51.554  14.591  8.907 0.3000000119
20081  51.191  15.429  11.246 0.3000000119
20083  49.821  15.792  11.402 0.3000000119
24963  43.288  14.890  6.713 0.1000000015
2164  50.166  14.552  9.040 0.3000000119
3628  43.306  13.622  6.532 0.1000000015
20085  48.748  14.758  9.162 0.2000000030
20086  47.570  14.412  7.435 0.2000000030
37413  46.240  15.057  7.477 0.2000000030
24965  44.957  13.927  5.404 0.1000000015
9057  47.576  13.836  5.842 0.2000000030
37415  46.154  13.564  4.916 0.1000000015
20087  48.945  14.110  7.211 0.2000000030
4776  50.584  13.677  5.313 0.2000000030
27028  50.404  14.068  7.070 0.2000000030
37416  49.098  13.647  5.624 0.2000000030
9058  47.370  12.551  3.411 0.1000000015
20090  48.979  12.437  2.942 0.1000000015
37440  53.549  13.162  5.351 0.1000000015
9066  52.193  11.896  2.300 0.1000000015
37441  52.627  12.836  3.674 0.1000000015
37442  51.524  12.328  2.413 0.1000000015
2165  50.450  12.477  2.635 0.1000000015
9060  52.559  15.873  18.612 0.3000000119
37424  53.774  16.295  18.020 0.4000000060
14856  55.675  16.184  15.191 0.3000000119
30783  55.478  15.373  13.198 0.3000000119
27025  53.827  16.230  13.229 0.3000000119
4774  52.415  16.597  13.215 0.3000000119
4773  54.882  15.820  13.085 0.3000000119
12454  53.947  15.087  10.939 0.3000000119
27026  52.613  15.223  11.056 0.3000000119
20082  51.012  17.203  13.211 0.3000000119
37411  47.224  16.872  10.588 0.2000000030
3627  43.609  16.086  7.051 0.1000000015
24961  42.551  15.403  7.396 0.1000000015
12455  54.097  14.392  8.879 0.3000000119
37412  46.197  16.083  8.845 0.2000000030
11308  44.318  15.526  6.692 0.1000000015
11309  45.245  15.814  7.444 0.2000000030
37414  46.255  14.306  6.129 0.2000000030
3629  45.149  14.844  6.335 0.1000000015
24964  44.123  14.367  6.050 0.1000000015
12457  54.029  13.789  6.993 0.2000000030
12456  53.115  14.111  6.815 0.2000000030
4775  52.956  14.599  8.764 0.2000000030
27029  51.833  14.166  6.893 0.2000000030
37417  47.529  13.277  4.469 0.1000000015
27030  51.908  13.740  5.231 0.2000000030
20089  49.034  13.157  4.170 0.2000000030
20088  50.601  13.157  3.810 0.2000000030
4777  52.993  13.557  5.176 0.1000000015
27031  51.887  13.145  3.701 0.1000000015
1112  54.885  16.701  17.359 0.4000000060
30782  55.536  16.651  14.815 0.3000000119
11307  44.697  16.520  7.417 0.2000000030
249  45.537  16.804  8.377 0.2000000030
37403  46.518  17.615  9.802 0.2000000030
14855  55.517  17.147  16.775 0.4000000060
27023  54.792  17.255  14.577 0.4000000060
27024  53.768  17.854  14.382 0.4000000060
9055  49.768  17.864  12.719 0.4000000060
37410  48.652  18.502  11.853 0.2000000030
24960  42.870  16.649  7.553 0.1000000015
37132  37.842  18.431  30.890 0.1000000015
37133  37.130  18.195  29.850 0.1000000015
8962  35.767  17.406  29.830 0.1000000015
20094  51.554  16.651  19.554 0.3000000119
37423  52.772  17.240  19.081 0.4000000060
37407  52.439  18.499  14.150 0.3000000119
11305  45.089  17.594  8.189 0.2000000030
11306  44.026  17.213  7.598 0.2000000030
12377  39.298  18.874  31.032 0.1000000015
4697  38.577  18.669  30.029 0.1000000015
37134  36.463  17.898  28.912 0.1000000015
37137  35.828  17.629  27.974 0.1000000015
8963  34.633  16.587  27.827 0.1000000015
23890  54.064  17.636  18.476 0.5000000000
33191  47.218  15.096  20.675 0.1000000015
3631  46.270  14.371  20.847 0.2000000030
16652  47.174  16.236  20.165 0.2000000030
24967  46.036  15.634  20.387 0.2000000030
24968  44.975  15.005  20.645 0.1000000015
14853  55.098  18.113  17.997 0.5000000000
33189  49.323  16.463  20.033 0.2000000030
24966  44.783  16.217  20.073 0.1000000015
3630  43.652  15.625  20.420 0.1000000015
11310  42.606  14.922  20.627 0.1000000015
34925  40.510  14.527  21.057 0.1000000015
18039  37.763  14.625  21.945 0.1000000015
25799  36.885  15.127  22.355 0.1000000015
25800  36.171  15.516  22.844 0.1000000015
16651  48.248  17.034  19.713 0.2000000030
34916  41.411  15.371  20.687 0.1000000015
1602  45.922  16.907  19.737 0.2000000030
37408  51.218  19.252  13.393 0.5000000000
3625  44.408  18.389  8.275 0.2000000030
20077  49.288  20.181  11.011 0.3000000119
37402  47.161  19.183  9.725 0.2000000030
29177  46.002  18.129  8.979 0.2000000030
30670  38.552  18.813  31.807 0.1000000015
30671  37.936  18.780  32.696 0.1000000015
30672  36.735  17.980  32.710 0.1000000015
4693  42.753  20.747  32.887 0.1000000015
12373  41.442  19.823  32.451 0.1000000015
12375  40.715  19.270  31.417 0.1000000015
494  39.987  19.290  32.025 0.1000000015
6562  37.213  18.196  31.737 0.1000000015
12374  42.358  19.894  32.035 0.1000000015
26886  39.382  19.102  29.405 0.1000000015
12376  40.030  19.078  30.391 0.1000000015
26887  37.932  18.561  29.060 0.1000000015
19848  38.766  19.082  28.600 0.1000000015
19859  34.292  16.137  26.829 0.1000000015
37138  35.298  17.356  27.053 0.1000000015
8964  34.180  15.675  25.781 0.1000000015
7579  50.459  17.390  19.576 0.3000000119
37422  51.657  18.171  19.215 0.4000000060
8204  41.262  16.636  20.287 0.1000000015
18036  39.213  16.365  20.917 0.1000000015
18037  38.410  15.508  21.405 0.1000000015
1861  37.491  15.976  21.747 0.1000000015
25798  36.735  16.508  22.257 0.1000000015
11773  35.553  15.811  23.497 0.1000000015
3032  52.997  18.833  18.878 0.4000000060
34915  42.416  16.143  20.283 0.2000000030
34924  40.331  15.861  20.751 0.1000000015
18035  38.204  16.867  21.182 0.1000000015
18033  37.308  17.366  21.637 0.1000000015
14854  55.633  18.591  17.356 0.6000000238
33187  50.597  18.927  19.161 0.4000000060
33188  49.395  18.023  19.393 0.4000000060
34913  44.746  17.375  19.532 0.2000000030
34914  43.581  16.721  19.879 0.2000000030
18028  42.348  17.291  19.816 0.2000000030
34923  40.168  17.136  20.413 0.1000000015
30781  55.462  18.216  15.550 0.5000000000
6609  55.654  17.658  16.265 0.5000000000
16650  46.993  17.637  19.370 0.2000000030
34910  45.879  18.164  19.196 0.3000000119
1111  54.721  18.838  15.161 0.5000000000
20080  53.799  19.527  14.631 0.5000000000
30778  55.361  19.735  15.910 0.6000000238
20078  54.656  20.383  15.098 0.5000000000
20079  53.878  21.051  13.980 0.5000000000
9054  52.654  20.206  13.708 0.5000000000
9053  47.751  18.899  10.743 0.4000000060
29176  45.411  18.878  8.610 0.3000000119
37406  51.689  20.727  12.374 0.5000000000
37409  50.247  19.822  12.242 0.5000000000
5921  46.425  19.563  8.928 0.4000000060
13708  45.784  20.382  8.671 0.4000000060
37401  47.813  20.453  9.031 0.4000000060
13709  46.895  21.050  8.622 0.4000000060
9052  49.283  21.160  8.875 0.4000000060
37400  48.343  21.640  8.404 0.4000000060
37399  49.832  22.303  8.236 0.4000000060
20074  50.795  21.841  8.688 0.4000000060
37398  51.330  22.865  8.122 0.4000000060
20072  51.712  23.999  7.688 0.5000000000
4695  41.608  19.579  30.928 0.1000000015
26885  40.977  19.612  29.947 0.1000000015
4696  40.294  19.703  29.114 0.1000000015
19852  36.556  18.326  27.324 0.1000000015
8961  35.991  18.143  26.455 0.1000000015
19851  37.282  19.052  26.951 0.1000000015
37139  34.898  17.017  26.097 0.1000000015
386  35.496  17.510  24.605 0.1000000015
37141  34.333  15.173  24.897 0.1000000015
11772  35.774  17.308  23.765 0.1000000015
11774  35.037  16.087  24.236 0.1000000015
4092  36.157  16.909  22.932 0.1000000015
23889  54.251  19.224  18.613 0.4000000060
10712  51.827  19.739  18.966 0.4000000060
8206  39.059  17.724  20.667 0.2000000030
18034  38.059  18.330  20.993 0.2000000030
8203  43.504  17.955  19.433 0.3000000119
18029  41.208  17.915  19.935 0.2000000030
34922  40.079  18.480  20.141 0.2000000030
30780  55.665  19.190  16.649 0.6000000238
10711  53.094  20.338  18.751 0.5000000000
34909  47.032  19.121  18.877 0.3000000119
18027  42.392  18.653  19.521 0.2000000030
34921  39.016  19.138  20.444 0.2000000030
6608  55.569  20.676  16.576 0.6000000238
1110  54.635  22.668  17.576 0.6999999881
30777  55.154  21.276  15.565 0.6999999881
14852  55.286  21.723  17.057 0.6999999881
6607  54.648  21.822  14.225 0.6999999881
20076  48.531  20.246  9.909 0.4000000060
37405  53.124  21.490  12.504 0.6999999881
2163  50.884  21.026  10.960 0.6000000238
20075  50.094  21.108  9.812 0.5000000000
4771  52.327  22.466  8.722 0.4000000060
27020  53.648  23.039  8.979 0.6999999881
19849  39.579  19.851  28.367 0.1000000015
19850  38.097  19.120  27.778 0.1000000015
8960  38.667  19.909  27.581 0.1000000015
37130  36.634  19.031  26.015 0.1000000015
37129  37.851  19.949  26.662 0.1000000015
37131  35.637  17.971  25.538 0.1000000015
29828  36.192  18.815  25.044 0.1000000015
11770  36.104  18.676  24.140 0.1000000015
4091  37.313  18.852  21.691 0.1000000015
25797  36.673  17.841  22.314 0.1000000015
3031  55.122  19.744  18.101 0.6000000238
7578  48.241  18.658  19.081 0.3000000119
53  50.540  20.423  18.840 0.4000000060
33186  49.461  19.616  18.919 0.4000000060
34908  48.286  20.068  18.738 0.3000000119
34912  44.712  18.771  19.096 0.3000000119
1860  41.245  19.255  19.666 0.2000000030
34919  40.095  19.884  19.925 0.2000000030
23888  54.177  20.856  18.468 0.6000000238
10710  51.803  21.060  18.769 0.5000000000
34907  49.461  20.856  18.658 0.4000000060
8202  45.886  19.621  18.816 0.3000000119
18026  43.578  19.399  19.159 0.2000000030
3030  53.054  21.637  18.686 0.6000000238
8201  48.384  21.245  18.565 0.4000000060
18023  47.129  20.475  18.655 0.4000000060
18025  42.477  19.935  19.351 0.2000000030
30779  55.543  20.217  17.382 0.6999999881
23887  54.946  21.307  17.850 0.6999999881
23886  54.047  22.225  18.290 0.6999999881
14850  54.907  23.042  16.553 0.6999999881
14851  55.316  22.083  16.045 0.6999999881
30776  55.083  22.674  14.679 0.8000000119
30774  54.985  23.743  13.730 0.8000000119
30775  54.872  22.837  13.180 0.8000000119
27022  52.433  21.645  10.963 0.6000000238
37404  54.201  22.101  12.783 0.8000000119
20073  51.652  21.651  9.658 0.5000000000
12452  54.677  22.831  11.497 0.8000000119
383  54.869  23.693  12.072 0.8000000119
12451  54.345  22.905  10.146 0.8000000119
4772  53.806  22.178  11.086 0.8000000119
27021  53.199  22.155  9.680 0.6999999881
37128  39.087  20.758  27.343 0.1000000015
14174  38.180  20.843  26.308 0.1000000015
6200  37.135  19.953  25.605 0.1000000015
29827  36.791  19.899  24.673 0.1000000015
25794  37.205  20.764  23.058 0.1000000015
4090  36.693  19.736  23.632 0.1000000015
25796  36.809  19.353  22.595 0.2000000030
34920  38.107  19.782  20.995 0.2000000030
34880  50.671  21.553  18.717 0.5000000000
18024  46.000  21.003  18.698 0.2000000030
34911  44.788  20.199  18.863 0.2000000030
4088  43.698  20.686  19.088 0.2000000030
34879  51.864  22.198  18.814 0.6999999881
8192  50.818  22.766  18.850 0.6999999881
34906  49.584  22.041  18.639 0.6999999881
34877  53.848  23.346  17.971 0.6999999881
34878  53.006  22.794  18.623 0.6999999881
8191  52.828  23.920  18.359 0.8000000119
34874  54.293  23.621  16.967 0.8000000119
6606  54.996  23.484  15.221 0.8000000119
34873  54.450  24.133  15.705 0.8000000119
14173  37.683  20.969  25.306 0.1000000015
29826  37.333  20.998  24.289 0.1000000015
883  37.886  21.663  22.387 0.2000000030
25795  37.414  20.357  21.910 0.2000000030
18032  38.244  21.193  21.219 0.2000000030
8205  39.080  20.532  20.408 0.2000000030
25790  44.991  21.415  18.900 0.2000000030
18022  47.307  21.726  18.548 0.4000000060
17998  51.949  23.351  18.907 0.6000000238
34876  53.423  24.335  17.322 0.8000000119
6199  38.268  21.952  24.865 0.1000000015
29825  37.993  21.928  23.666 0.1000000015
18031  39.207  21.825  20.640 0.2000000030
25793  41.314  20.518  19.584 0.2000000030
25792  42.592  21.213  19.333 0.2000000030
18021  48.578  22.455  18.619 0.5000000000
1859  46.361  22.219  18.783 0.3000000119
25791  43.896  21.885  19.198 0.2000000030
34905  49.832  23.157  18.912 0.6999999881
6197  39.620  22.970  21.248 0.2000000030
18030  38.633  22.443  21.850 0.2000000030
34917  40.432  22.331  20.218 0.2000000030
4089  41.488  21.747  19.705 0.2000000030
34918  40.170  21.187  19.904 0.2000000030
29819  40.820  23.328  20.683 0.2000000030
11769  41.753  22.781  20.001 0.2000000030
11768  42.846  22.342  19.552 0.3000000119
34904  49.873  24.425  19.138 0.6999999881
8200  48.750  23.667  19.016 0.6999999881
18020  47.546  22.890  18.824 0.5000000000
25789  45.279  22.543  19.201 0.3000000119
17999  50.911  23.924  19.079 0.6999999881
14155  44.280  31.592  10.415 0.5000000000
18019  47.798  24.024  19.329 0.5000000000
18018  46.592  23.293  19.241 0.5000000000
29802  46.200  31.751  8.938 0.6000000238
11767  43.131  23.270  19.956 0.2000000030
385  42.131  23.689  20.426 0.2000000030
34903  48.776  24.836  19.260 0.6999999881
25788  45.595  23.576  19.758 0.3000000119
4087  44.212  22.957  19.609 0.2000000030
4086  46.865  24.328  19.831 0.5000000000
11766  44.531  23.906  20.102 0.3000000119
25787  45.780  24.583  20.226 0.4000000060
11765  43.428  24.144  20.380 0.3000000119
34902  47.714  25.055  19.443 0.6999999881
25786  46.544  25.212  19.745 0.6000000238
4085  44.766  24.737  20.471 0.4000000060
11764  43.767  25.047  20.745 0.3000000119
25785  45.395  25.364  19.978 0.5000000000
25784  44.368  25.568  20.226 0.4000000060
20105  51.831  10.524  4.959 0.1000000015
9067  49.973  10.377  1.358 0.1000000015
20095  51.290  15.161  19.204 0.3000000119
37136  35.176  16.966  28.865 0.1000000015
8207  39.424  15.009  21.251 0.1000000015
4093  36.271  14.035  22.915 0.1000000015
2131  37.296  18.450  28.208 0.1000000015
37126  41.086  20.546  29.082 0.1000000015
37140  34.794  16.606  25.090 0.1000000015
11771  36.292  18.359  23.186 0.1000000015
37127  40.122  20.727  28.245 0.1000000015
14172  38.832  21.821  26.054 0.1000000015
16635  42.175  20.624  9.738 0.1000000015
728  42.984  19.908  9.324 0.1000000015
24957  43.765  19.200  8.729 0.1000000015
29170  42.355  21.973  9.444 0.1000000015
29171  43.255  21.262  9.390 0.2000000030
29174  44.112  20.480  9.115 0.1000000015
29175  44.807  19.681  8.745 0.1000000015
29173  44.363  21.906  8.944 0.2000000030
5920  45.123  21.111  8.804 0.2000000030
13707  46.219  21.773  8.451 0.3000000119
23201  47.779  23.555  7.770 0.3000000119
13705  46.593  23.048  8.060 0.3000000119
37396  49.219  24.069  7.370 0.3000000119
2649  48.119  24.667  6.991 0.3000000119
37395  49.592  25.205  6.548 0.3000000119
37397  48.831  22.799  7.996 0.3000000119
729  47.443  22.321  8.177 0.3000000119
9051  50.332  23.372  7.813 0.3000000119
18017  46.994  25.521  18.667 0.6000000238
14152  47.740  32.197  6.577 0.6000000238
4084  43.383  26.033  19.446 0.3000000119
6195  42.708  26.432  22.968 0.2000000030
25781  42.952  26.459  21.284 0.2000000030
881  42.595  27.271  21.199 0.2000000030
29815  43.056  26.943  22.207 0.2000000030
25783  43.448  25.958  20.563 0.2000000030
29812  43.348  27.870  22.119 0.2000000030
1858  45.659  25.631  18.857 0.5000000000
25782  42.671  26.588  20.205 0.2000000030
18008  42.287  28.049  20.915 0.2000000030
29814  43.479  27.265  23.018 0.2000000030
18010  41.908  27.206  19.891 0.2000000030
10482  43.777  24.403  27.860 0.1000000015
2801  43.635  26.814  24.867 0.2000000030
14164  43.118  26.652  23.921 0.2000000030
29813  43.949  27.500  23.923 0.2000000030
29811  43.360  28.699  21.850 0.2000000030
10481  44.012  25.663  26.920 0.1000000015
23475  43.277  25.957  25.849 0.1000000015
23474  44.266  26.790  25.855 0.2000000030
23473  44.595  27.615  24.832 0.2000000030
6194  44.130  28.101  22.835 0.2000000030
10484  43.400  23.344  28.501 0.1000000015
37124  41.888  22.018  28.526 0.1000000015
54  44.671  24.066  28.801 0.1000000015
37122  44.566  23.210  29.347 0.1000000015
8958  44.467  22.487  29.845 0.1000000015
10480  44.867  25.313  27.955 0.1000000015
37123  43.282  22.529  28.929 0.1000000015
23472  45.312  27.726  25.699 0.2000000030
4687  45.682  26.527  32.413 0.1000000015
12367  44.210  26.996  31.908 0.1000000015
26868  46.403  26.904  32.123 0.1000000015
19844  45.616  22.476  30.817 0.1000000015
37121  45.800  23.266  30.280 0.1000000015
37095  45.831  24.004  29.676 0.1000000015
32330  45.694  24.904  28.920 0.1000000015
2800  45.017  26.724  26.872 0.1000000015
32329  45.800  26.351  27.883 0.1000000015
19818  47.391  26.404  31.992 0.1000000015
12366  45.006  27.371  31.755 0.1000000015
6193  42.145  28.790  20.539 0.2000000030
7262  46.674  25.974  28.901 0.1000000015
19820  47.952  25.793  31.451 0.1000000015
37094  46.812  24.995  29.842 0.1000000015
19821  47.690  25.281  30.732 0.1000000015
4686  46.885  27.404  31.516 0.1000000015
6192  44.735  29.995  21.944 0.2000000030
14161  44.589  29.020  22.464 0.2000000030
37093  47.558  26.142  29.824 0.1000000015
29808  43.354  30.346  20.872 0.2000000030
29810  43.381  29.552  21.404 0.2000000030
14162  44.816  28.320  23.547 0.2000000030
29809  41.969  29.570  20.200 0.2000000030
37120  46.835  23.404  31.261 0.1000000015
8949  46.883  24.179  30.665 0.1000000015
37090  47.255  28.128  30.669 0.1000000015
4685  44.156  28.440  31.175 0.1000000015
15969  47.107  31.183  22.782 0.2000000030
15968  46.051  31.057  21.966 0.2000000030
32322  44.786  30.901  21.380 0.2000000030
32323  46.023  30.124  22.486 0.2000000030
173  41.845  30.399  19.700 0.2000000030
2647  46.334  25.584  5.718 0.1000000015
26867  45.641  27.811  31.414 0.1000000015
19819  47.759  26.993  31.201 0.1000000015
7259  44.512  31.657  20.761 0.2000000030
14160  45.601  29.185  23.053 0.2000000030
32321  43.150  31.181  20.251 0.2000000030
10341  46.490  26.218  4.721 0.1000000015
37089  48.196  28.482  29.153 0.1000000015
37091  48.006  27.713  30.221 0.1000000015
8948  48.046  26.467  30.604 0.1000000015
32312  41.516  31.231  19.153 0.2000000030
23222  45.454  26.625  4.527 0.2000000030
2661  44.129  26.359  5.177 0.1000000015
24559  48.431  30.843  26.609 0.2000000030
3404  48.215  30.921  27.577 0.1000000015
24560  48.353  29.561  28.093 0.2000000030
37088  47.971  29.895  28.646 0.1000000015
15970  48.338  29.693  27.023 0.1000000015
1466  48.129  28.234  28.515 0.1000000015
15972  47.762  28.514  27.524 0.1000000015
15974  47.490  27.103  28.722 0.1000000015
37092  48.038  27.325  29.537 0.1000000015
7261  47.115  28.619  26.222 0.1000000015
32325  47.823  30.308  24.230 0.2000000030
7260  47.020  30.168  23.220 0.2000000030
15973  46.780  27.485  27.684 0.1000000015
32324  46.400  29.277  23.823 0.2000000030
32327  46.316  28.588  25.216 0.2000000030
32328  46.029  27.728  26.649 0.2000000030
880  45.542  28.484  24.372 0.2000000030
32320  42.703  32.060  19.694 0.2000000030
24558  48.129  31.743  24.920 0.1000000015
3403  48.347  30.640  25.395 0.1000000015
11083  48.017  32.069  26.135 0.1000000015
24557  47.859  31.437  23.748 0.2000000030
15971  48.007  29.560  25.786 0.2000000030
32326  47.286  29.384  24.632 0.2000000030
15967  45.756  31.932  21.541 0.2000000030
15966  44.072  32.524  20.485 0.2000000030
7256  40.930  32.246  18.862 0.3000000119
32311  39.916  31.337  18.152 0.2000000030
32310  38.557  31.231  16.896 0.2000000030
15958  39.133  32.180  17.935 0.2000000030
32309  37.840  31.376  15.261 0.2000000030
1463  38.505  30.967  13.922 0.2000000030
32306  37.578  31.788  13.713 0.2000000030
2660  46.884  26.833  3.924 0.1000000015
23220  45.794  27.283  3.780 0.2000000030
23221  44.367  26.981  4.390 0.1000000015
24556  47.295  32.388  23.514 0.1000000015
1465  46.702  32.166  22.482 0.1000000015
32319  42.190  32.848  19.574 0.3000000119
7255  37.807  32.033  16.589 0.2000000030
32308  37.051  32.172  15.117 0.2000000030
18000  38.500  31.647  12.654 0.2000000030
7254  36.638  32.658  13.615 0.2000000030
32305  37.593  32.476  12.416 0.2000000030
32307  36.185  33.120  15.018 0.2000000030
15953  36.546  33.256  12.092 0.2000000030
740  44.645  27.577  3.578 0.2000000030
15963  46.003  33.092  22.356 0.1000000015
34882  41.503  31.887  11.354 0.3000000119
18001  39.958  31.776  11.913 0.3000000119
23471  43.076  31.822  10.844 0.3000000119
2799  42.025  32.536  10.284 0.3000000119
34881  40.405  32.535  10.859 0.3000000119
7253  38.841  32.472  11.548 0.2000000030
32303  39.301  33.137  10.454 0.3000000119
32304  37.823  33.163  11.147 0.2000000030
15954  35.737  33.684  13.342 0.2000000030
7252  36.843  33.961  10.685 0.2000000030
13736  46.355  27.999  2.868 0.2000000030
29219  43.243  29.646  1.528 0.2000000030
11336  42.580  30.488  1.065 0.2000000030
25012  45.943  30.498  -0.449 0.2000000030
3656  44.272  30.481  0.272 0.2000000030
25014  45.242  31.166  -0.929 0.2000000030
16728  48.836  30.839  -2.297 0.3000000119
15964  44.194  33.596  21.436 0.2000000030
15965  45.119  32.856  21.401 0.2000000030
7258  43.271  33.262  20.512 0.3000000119
15959  40.210  32.938  18.689 0.2000000030
15957  38.451  32.861  17.703 0.2000000030
15956  37.074  32.891  16.473 0.2000000030
23470  43.452  32.357  9.807 0.4000000060
10479  40.915  33.073  9.753 0.4000000060
10478  42.427  32.957  9.130 0.4000000060
15952  35.749  34.306  11.680 0.2000000030
10477  41.348  33.478  8.676 0.3000000119
52  39.825  33.640  9.269 0.3000000119
10488  38.424  34.369  8.912 0.3000000119
15996  35.861  35.094  10.481 0.3000000119
32358  37.025  34.640  9.554 0.3000000119
13738  45.161  28.328  2.546 0.2000000030
13740  43.476  28.031  3.217 0.2000000030
13739  44.047  28.864  2.047 0.2000000030
29218  44.841  29.737  0.837 0.2000000030
739  47.655  30.336  -1.076 0.2000000030
29213  49.995  29.801  -1.266 0.4000000060
16726  49.487  30.174  -1.749 0.2000000030
32318  41.339  33.474  19.657 0.2000000030
1464  39.498  33.622  18.776 0.2000000030
3398  36.395  33.844  16.350 0.2000000030
24548  35.591  34.298  14.748 0.2000000030
1462  35.177  34.917  12.929 0.2000000030
14154  47.002  32.057  7.776 0.5000000000
23469  43.720  32.743  8.725 0.5000000000
2797  43.009  33.398  8.169 0.5000000000
10491  41.667  34.007  7.694 0.4000000060
10490  40.013  34.107  8.249 0.4000000060
2808  37.350  35.346  8.516 0.3000000119
2810  40.409  34.680  7.277 0.4000000060
10489  38.755  34.941  7.844 0.3000000119
29217  46.539  29.839  0.089 0.2000000030
29214  48.254  29.761  -0.655 0.3000000119
2798  44.723  32.095  9.485 0.5000000000
15955  37.711  33.639  17.621 0.2000000030
23468  45.334  32.439  8.257 0.5000000000
24547  35.395  35.674  14.289 0.2000000030
15995  35.206  35.753  11.677 0.2000000030
23467  44.546  33.134  7.678 0.5000000000
23493  43.373  33.836  7.301 0.4000000060
14196  48.075  32.543  5.612 0.5000000000
14193  45.030  33.498  6.791 0.5000000000
2811  43.836  34.368  6.522 0.4000000060
23492  42.076  34.560  6.829 0.4000000060
23488  37.845  36.052  7.483 0.3000000119
23490  40.862  35.315  6.414 0.4000000060
23489  39.198  35.594  6.915 0.4000000060
5939  45.755  29.202  1.349 0.2000000030
5938  49.134  29.335  -0.160 0.2000000030
29216  47.440  29.370  0.600 0.2000000030
877  46.188  32.734  7.088 0.5000000000
15993  35.208  36.557  12.941 0.2000000030
23491  42.596  35.143  6.057 0.4000000060
14194  45.481  34.026  6.087 0.3000000119
890  41.318  36.027  5.612 0.4000000060
14186  39.678  36.346  5.989 0.4000000060
14195  46.567  33.072  6.183 0.5000000000
14192  43.141  35.879  5.382 0.4000000060
6213  46.980  33.620  5.514 0.5000000000
23223  45.172  25.901  5.355 0.1000000015
32302  38.279  33.790  9.951 0.3000000119
5940  42.504  28.717  2.863 0.2000000030
25013  47.070  31.000  -1.641 0.2000000030
14163  42.702  25.948  24.789 0.1000000015
29818  41.301  24.200  21.186 0.2000000030
11763  42.502  24.567  20.893 0.2000000030
882  41.586  25.166  24.653 0.1000000015
14166  41.885  25.573  22.666 0.1000000015
6196  40.979  24.719  22.332 0.2000000030
29817  41.943  25.059  21.704 0.2000000030
4083  42.937  25.496  21.254 0.2000000030
14165  42.238  25.843  23.793 0.1000000015
14167  41.175  25.033  23.530 0.1000000015
29816  42.495  25.990  22.014 0.2000000030
37087  47.277  31.354  28.187 0.1000000015
37086  46.417  32.675  27.816 0.1000000015
37085  45.010  32.732  28.416 0.1000000015
32317  42.287  33.886  20.582 0.1000000015
3401  44.895  33.896  22.357 0.1000000015
32316  43.094  34.300  21.516 0.1000000015
32315  40.371  34.113  19.770 0.1000000015
32314  39.527  35.068  19.911 0.1000000015
24551  38.592  34.428  18.843 0.1000000015
3399  37.887  35.499  18.704 0.1000000015
24550  37.024  34.637  17.597 0.1000000015
24549  35.934  35.060  16.089 0.1000000015
3397  35.907  36.413  15.704 0.1000000015
32357  36.290  35.865  9.350 0.2000000030
29855  44.357  34.927  5.785 0.2000000030
23486  36.780  36.659  8.212 0.2000000030
29856  45.889  34.569  5.535 0.3000000119
6212  44.714  35.656  5.219 0.3000000119
29854  46.113  35.469  4.951 0.3000000119
2809  38.270  36.813  6.440 0.3000000119
29853  44.796  36.341  4.272 0.3000000119
14191  43.405  36.539  4.444 0.3000000119
14187  38.677  37.584  5.408 0.3000000119
14190  41.752  36.762  4.753 0.3000000119
14188  40.060  37.052  4.954 0.3000000119
29845  37.657  38.213  6.202 0.3000000119
23487  37.188  37.436  7.141 0.3000000119
11084  47.559  32.310  27.140 0.1000000015
37077  45.504  33.779  27.452 0.1000000015
7257  41.309  34.578  20.698 0.1000000015
11078  36.592  35.791  17.294 0.1000000015
32356  36.107  37.445  9.270 0.2000000030
888  36.634  38.245  8.179 0.2000000030
18099  46.092  36.185  2.873 0.2000000030
18098  46.217  36.140  3.967 0.2000000030
14185  37.019  38.975  7.140 0.2000000030
29852  43.455  36.958  3.433 0.2000000030
6210  42.009  37.255  3.701 0.2000000030
6209  39.083  38.221  4.624 0.2000000030
4112  44.777  36.637  1.135 0.2000000030
35000  44.715  36.653  2.173 0.2000000030
6211  44.795  36.671  3.188 0.2000000030
14189  40.428  37.629  4.169 0.2000000030
29847  38.497  39.512  4.614 0.2000000030
29851  43.533  37.158  2.544 0.2000000030
29850  42.193  37.593  2.942 0.2000000030
11786  41.131  38.626  2.670 0.2000000030
390  42.337  37.946  2.036 0.2000000030
11792  43.547  37.362  1.592 0.2000000030
29849  40.849  38.163  3.410 0.2000000030
33286  48.012  31.444  -2.888 0.2000000030
4106  39.997  39.321  3.314 0.2000000030
11790  42.447  38.359  1.177 0.2000000030
11788  41.444  39.138  1.890 0.2000000030
33287  48.924  31.747  -4.281 0.2000000030
11791  43.572  37.657  0.608 0.2000000030
16730  47.202  31.834  -3.573 0.2000000030
33288  49.737  32.103  -5.525 0.2000000030
7616  48.187  32.021  -4.889 0.2000000030
16731  46.650  32.263  -4.394 0.2000000030
4111  45.132  37.439  -0.883 0.2000000030
25832  43.799  38.214  -0.234 0.2000000030
4110  42.680  38.911  0.387 0.2000000030
11789  41.766  39.634  1.083 0.2000000030
1618  50.677  32.759  -5.695 0.2000000030
16725  50.407  32.720  -6.547 0.2000000030
34996  48.296  37.400  -2.621 0.2000000030
34995  46.797  37.693  -2.139 0.2000000030
34994  45.415  38.199  -1.622 0.2000000030
25831  44.001  38.811  -1.074 0.2000000030
16721  50.839  33.915  -5.355 0.2000000030
25830  42.774  39.504  -0.519 0.2000000030
34993  46.648  38.093  -2.942 0.2000000030
8231  45.191  38.526  -2.434 0.2000000030
18092  43.762  39.084  -1.948 0.1000000015
1870  42.360  39.684  -1.448 0.2000000030
18086  41.314  40.404  -0.840 0.1000000015
25829  41.703  40.146  0.102 0.2000000030
1616  47.969  37.788  -3.481 0.2000000030
18091  43.250  38.804  -2.906 0.2000000030
18090  41.990  39.544  -2.421 0.2000000030
34992  44.639  38.220  -3.383 0.2000000030
8230  41.552  39.482  -3.365 0.2000000030
8229  39.568  41.563  -1.788 0.2000000030
18089  40.393  40.490  -2.657 0.2000000030
29848  39.521  38.775  3.990 0.2000000030
16723  50.573  33.693  -6.251 0.2000000030
18087  39.897  41.424  -0.928 0.1000000015
30884  47.328  31.805  -11.645 0.1000000015
30887  46.768  31.123  -12.109 0.1000000015
4869  30.193  27.641  4.981 0.1000000015
20367  29.718  27.131  4.147 0.1000000015
1136  43.969  31.360  -7.307 0.1000000015
23933  43.580  30.923  -7.604 0.1000000015
20369  29.459  24.619  3.338 0.1000000015
14928  45.484  31.257  -8.928 0.1000000015
14926  45.819  31.620  -8.483 0.1000000015
30885  45.068  30.961  -9.313 0.1000000015
6654  46.666  31.451  -10.335 0.1000000015
7614  50.087  32.824  -7.450 0.1000000015
14927  47.107  31.748  -9.866 0.1000000015
30886  46.170  31.042  -10.893 0.1000000015
33290  48.993  32.506  -7.206 0.1000000015
30880  48.661  32.511  -9.528 0.1000000015
30882  48.339  32.350  -10.394 0.1000000015
30883  47.828  32.170  -11.038 0.1000000015
33291  48.813  32.585  -8.453 0.1000000015
259  49.416  33.168  -9.519 0.1000000015
6653  48.563  33.085  -11.463 0.1000000015
30888  46.365  30.295  -12.507 0.1000000015
16753  34.908  25.792  8.958 0.1000000015
16754  33.967  26.199  8.643 0.1000000015
33317  34.113  27.365  7.543 0.1000000015
33318  33.040  26.530  8.285 0.1000000015
33310  32.131  26.653  7.936 0.1000000015
4868  31.505  28.000  6.351 0.1000000015
27196  30.793  27.907  5.711 0.1000000015
20363  32.866  30.855  2.572 0.1000000015
27195  31.071  29.074  4.579 0.1000000015
16741  36.023  31.713  0.304 0.1000000015
33303  34.452  31.438  1.457 0.1000000015
20365  31.474  29.948  3.334 0.1000000015
37750  30.412  28.745  3.867 0.1000000015
33299  38.467  31.160  -2.933 0.1000000015
7620  37.064  31.581  -1.290 0.1000000015
33302  35.367  31.378  -0.147 0.1000000015
9169  30.839  29.628  2.555 0.1000000015
37751  29.904  28.243  3.058 0.1000000015
33298  40.553  31.416  -4.279 0.1000000015
3056  40.006  30.747  -4.581 0.1000000015
33300  36.433  31.050  -1.672 0.1000000015
33301  34.690  30.961  -0.590 0.1000000015
7621  33.712  31.059  0.966 0.1000000015
37748  31.486  30.082  1.216 0.1000000015
33297  42.439  31.667  -5.614 0.1000000015
23932  42.029  31.024  -5.824 0.1000000015
10742  34.095  30.520  -1.075 0.1000000015
37749  30.231  29.082  1.803 0.1000000015
9170  29.390  26.550  3.285 0.1000000015
10737  39.611  30.274  -5.083 0.1000000015
23934  41.676  30.444  -6.290 0.1000000015
3057  43.230  30.470  -8.058 0.1000000015
33289  49.258  32.268  -6.235 0.1000000015
6652  47.452  31.964  -9.209 0.1000000015
16724  50.317  33.682  -7.194 0.1000000015
33281  49.873  33.740  -8.117 0.1000000015
33282  49.738  33.026  -8.393 0.1000000015
7617  47.614  32.450  -6.940 0.1000000015
33292  47.534  32.288  -8.179 0.1000000015
12526  49.427  33.943  -9.264 0.1000000015
12528  49.031  34.039  -10.468 0.1000000015
30881  49.034  33.143  -10.527 0.1000000015
37675  48.739  34.037  -11.471 0.1000000015
20305  48.243  33.926  -12.381 0.1000000015
20304  48.045  32.832  -12.191 0.1000000015
1137  47.399  32.181  -12.619 0.1000000015
30889  46.030  29.346  -12.820 0.1000000015
14932  45.641  29.388  -11.755 0.1000000015
33315  36.176  27.485  6.946 0.1000000015
7626  35.003  26.931  7.876 0.1000000015
33313  36.557  28.637  5.735 0.1000000015
33316  35.236  28.098  6.710 0.1000000015
16749  38.659  28.220  5.201 0.1000000015
7624  33.217  27.727  7.192 0.1000000015
33309  32.313  27.919  6.865 0.1000000015
29223  40.826  27.691  4.710 0.1000000015
5941  39.844  28.421  4.410 0.1000000015
33308  32.586  29.169  5.710 0.1000000015
13742  43.233  27.344  4.259 0.1000000015
13741  42.113  27.885  3.964 0.1000000015
29222  41.158  28.584  3.634 0.1000000015
27194  31.804  29.277  5.206 0.1000000015
33307  33.088  30.252  4.447 0.1000000015
1621  32.256  30.228  3.927 0.1000000015
7622  35.180  31.570  1.936 0.1000000015
33304  33.671  31.032  3.050 0.1000000015
16739  38.994  31.769  -2.608 0.1000000015
119  35.895  30.604  -2.082 0.1000000015
37747  33.040  30.649  0.400 0.1000000015
37752  29.474  27.629  2.246 0.1000000015
10736  37.938  30.627  -3.296 0.1000000015
3062  32.372  30.224  -0.193 0.1000000015
23944  30.875  29.562  0.488 0.1000000015
10738  37.472  30.257  -3.804 0.1000000015
33293  45.943  32.054  -7.660 0.1000000015
23935  41.384  30.161  -6.781 0.1000000015
14930  44.665  30.468  -9.851 0.1000000015
16732  47.759  32.340  -5.759 0.1000000015
6655  45.827  30.331  -11.362 0.1000000015
12527  48.413  34.920  -10.122 0.1000000015
4848  48.271  35.159  -11.385 0.1000000015
27160  46.889  32.775  -13.407 0.1000000015
27159  46.778  31.347  -13.055 0.1000000015
27161  46.073  32.023  -13.793 0.1000000015
14931  44.499  29.757  -10.369 0.1000000015
20306  47.611  33.488  -12.991 0.1000000015
9145  47.416  34.881  -13.216 0.1000000015
6656  45.208  28.393  -11.907 0.1000000015
30890  45.485  28.339  -12.886 0.1000000015
7625  37.417  27.886  6.076 0.1000000015
16747  34.377  28.554  6.405 0.1000000015
33312  37.761  28.975  4.930 0.1000000015
25024  36.972  29.709  4.566 0.1000000015
1622  35.643  29.227  5.524 0.1000000015
16745  34.787  29.735  5.231 0.1000000015
16746  33.527  28.993  6.068 0.1000000015
33311  39.041  29.253  4.049 0.1000000015
3662  38.297  30.084  3.632 0.1000000015
7623  33.906  30.114  4.851 0.1000000015
29221  40.370  29.454  3.176 0.1000000015
33306  34.470  30.986  3.515 0.1000000015
29220  41.685  29.499  2.415 0.1000000015
16742  36.669  31.920  0.866 0.1000000015
33305  35.930  31.526  2.517 0.1000000015
1620  38.318  32.133  -0.211 0.1000000015
16738  39.525  32.149  -2.063 0.1000000015
16740  37.639  31.940  -0.797 0.1000000015
7619  40.889  32.011  -3.894 0.1000000015
33296  42.799  32.179  -5.182 0.1000000015
33294  44.261  31.859  -6.846 0.1000000015
16734  46.149  32.490  -6.650 0.1000000015
7618  44.494  32.332  -6.062 0.1000000015
16733  46.301  32.537  -5.473 0.1000000015
3058  39.268  29.996  -5.553 0.1000000015
14929  42.980  30.060  -8.571 0.1000000015
33280  49.266  34.438  -7.562 0.1000000015
4850  45.802  33.720  -13.979 0.1000000015
27162  44.812  33.000  -14.058 0.1000000015
12530  45.339  31.154  -14.004 0.1000000015
37678  46.733  34.383  -13.651 0.1000000015
14933  44.108  28.865  -10.614 0.1000000015
37676  47.995  35.204  -12.479 0.1000000015
4849  46.232  30.504  -13.413 0.1000000015
12529  45.685  29.586  -13.567 0.1000000015
30892  44.581  27.415  -11.945 0.1000000015
25023  37.512  30.734  3.339 0.1000000015
16743  36.167  30.332  4.267 0.1000000015
16744  35.261  30.729  3.996 0.1000000015
260  41.028  30.419  1.945 0.1000000015
11342  39.638  30.266  2.801 0.1000000015
11340  40.344  31.106  1.536 0.1000000015
11341  38.922  30.971  2.361 0.1000000015
25022  38.211  31.524  1.926 0.1000000015
3661  36.731  31.254  2.910 0.1000000015
3660  39.710  31.714  0.964 0.1000000015
25021  37.398  31.866  1.455 0.1000000015
11338  41.939  31.234  0.543 0.1000000015
11339  41.296  31.797  -0.025 0.1000000015
25019  40.653  32.205  -0.731 0.1000000015
11337  43.600  31.229  -0.259 0.1000000015
16736  40.058  32.312  -1.418 0.1000000015
3658  42.881  31.807  -0.917 0.1000000015
25018  42.284  32.250  -1.686 0.1000000015
16737  41.345  32.326  -3.304 0.1000000015
25015  44.598  31.759  -1.598 0.1000000015
25016  43.989  32.232  -2.450 0.1000000015
3659  41.788  32.450  -2.547 0.1000000015
3657  46.248  31.529  -2.240 0.1000000015
25017  43.503  32.503  -3.470 0.1000000015
16735  44.717  32.490  -5.098 0.1000000015
16729  45.556  32.083  -2.990 0.1000000015
1619  45.044  32.495  -3.944 0.1000000015
1138  42.694  29.467  -9.029 0.1000000015
23936  41.031  29.862  -7.290 0.1000000015
20308  45.532  35.497  -14.013 0.1000000015
20307  44.355  34.854  -14.018 0.1000000015
27163  43.443  33.978  -13.435 0.1000000015
27158  47.411  36.633  -12.447 0.1000000015
37677  47.085  36.544  -13.323 0.1000000015
37679  46.466  36.105  -13.771 0.1000000015
4851  44.125  32.092  -13.876 0.1000000015
14934  43.643  27.964  -10.820 0.1000000015
12531  44.825  30.178  -13.994 0.1000000015
518  45.138  28.520  -13.582 0.1000000015
16722  50.070  34.784  -5.699 0.1000000015
23937  40.552  29.412  -7.736 0.1000000015
4846  48.777  34.608  -8.713 0.1000000015
20309  44.244  36.674  -14.037 0.1000000015
27164  42.380  34.684  -12.340 0.1000000015
27157  47.389  36.234  -11.280 0.1000000015
37680  46.264  37.847  -13.803 0.1000000015
9146  45.339  37.322  -14.095 0.1000000015
27165  42.908  32.979  -13.031 0.1000000015
14935  42.223  28.749  -9.369 0.1000000015
6658  41.627  27.911  -9.619 0.1000000015
12533  44.349  29.146  -13.829 0.1000000015
12532  43.589  31.133  -13.669 0.1000000015
30893  43.007  26.995  -10.954 0.1000000015
30891  44.794  27.305  -12.889 0.1000000015
3059  38.308  29.418  -6.354 0.1000000015
30895  39.969  28.808  -8.034 0.1000000015
2195  43.102  35.724  -13.226 0.1000000015
27156  47.284  35.592  -9.767 0.1000000015
2194  46.716  38.122  -13.214 0.1000000015
30896  39.348  28.108  -8.255 0.1000000015
30894  40.963  27.086  -9.757 0.1000000015
30897  38.680  27.475  -8.557 0.1000000015
12535  44.403  27.623  -13.553 0.1000000015
6657  43.745  26.501  -12.050 0.1000000015
20326  42.118  26.153  -11.063 0.1000000015
7613  49.686  34.579  -6.538 0.1000000015
20311  42.647  37.490  -13.350 0.1000000015
37687  40.992  35.398  -10.873 0.1000000015
20310  43.932  38.316  -14.155 0.1000000015
14937  37.738  28.912  -6.743 0.1000000015
37681  45.160  39.051  -14.114 0.1000000015
6659  36.993  28.430  -7.100 0.1000000015
1139  40.194  26.356  -9.927 0.1000000015
37702  43.892  26.435  -12.950 0.1000000015
27154  47.665  35.208  -8.164 0.1000000015
4847  46.584  37.456  -11.085 0.1000000015
20299  46.899  38.026  -12.259 0.1000000015
20313  41.817  36.455  -11.874 0.1000000015
30898  36.309  27.976  -7.573 0.1000000015
27172  37.936  26.877  -8.864 0.1000000015
4856  35.576  27.492  -8.056 0.1000000015
20327  42.730  25.694  -12.205 0.1000000015
20328  41.282  25.501  -11.269 0.1000000015
27173  39.475  25.767  -10.293 0.1000000015
27155  46.214  36.540  -9.573 0.1000000015
20303  45.895  39.532  -13.622 0.1000000015
27174  37.193  26.428  -9.342 0.1000000015
33279  48.077  35.220  -6.999 0.1000000015
12537  34.905  26.996  -8.586 0.1000000015
4855  43.544  26.848  -13.663 0.1000000015
37705  40.527  25.077  -11.660 0.1000000015
9154  41.845  25.161  -12.519 0.1000000015
33278  48.534  35.569  -5.943 0.1000000015
1617  46.397  35.892  -7.863 0.1000000015
20300  46.192  39.362  -11.892 0.1000000015
20301  46.311  39.743  -12.881 0.1000000015
9144  44.730  40.804  -13.892 0.1000000015
4853  43.011  29.945  -13.478 0.1000000015
37703  42.935  25.784  -13.251 0.1000000015
4857  38.695  25.387  -10.710 0.1000000015
27175  36.511  26.046  -9.878 0.1000000015
12534  43.560  28.236  -13.824 0.1000000015
27171  42.516  26.228  -14.044 0.1000000015
20330  39.707  24.792  -12.128 0.1000000015
37704  41.965  25.278  -13.677 0.1000000015
11091  36.364  38.174  15.640 0.1000000015
15994  35.446  37.428  11.675 0.1000000015
32355  35.922  38.251  10.445 0.1000000015
33276  46.836  36.079  -6.513 0.1000000015
20296  45.156  36.774  -7.402 0.1000000015
20298  45.102  37.524  -9.090 0.1000000015
9143  45.840  41.064  -12.259 0.1000000015
37669  45.622  38.604  -10.730 0.1000000015
20302  45.550  41.119  -13.245 0.1000000015
37682  43.656  40.128  -14.053 0.1000000015
4858  34.239  26.543  -9.086 0.1000000015
27169  42.209  29.080  -13.548 0.1000000015
4854  41.260  28.536  -13.953 0.1000000015
20329  37.894  25.173  -11.201 0.1000000015
37706  40.976  24.800  -12.959 0.1000000015
11090  36.999  38.869  16.624 0.1000000015
24570  37.328  40.695  14.189 0.1000000015
3410  37.059  39.799  15.382 0.1000000015
15989  38.627  43.527  11.783 0.1000000015
24571  36.780  39.856  12.963 0.1000000015
24572  36.447  39.059  14.292 0.1000000015
24573  35.713  37.401  14.351 0.1000000015
32354  36.167  39.074  11.707 0.1000000015
3411  35.787  38.276  13.032 0.1000000015
7271  36.772  39.814  10.452 0.1000000015
32353  36.509  39.065  9.276 0.1000000015
33274  43.837  37.585  -5.593 0.1000000015
33273  42.607  38.923  -6.323 0.1000000015
7612  47.196  36.569  -5.489 0.1000000015
33275  45.350  36.817  -6.057 0.1000000015
7611  43.809  37.763  -6.906 0.1000000015
20297  44.008  38.556  -8.450 0.1000000015
37670  45.386  40.564  -11.185 0.1000000015
9142  44.566  39.621  -10.019 0.1000000015
9147  42.416  39.216  -13.411 0.1000000015
37673  44.491  42.323  -13.372 0.1000000015
20312  41.271  38.245  -11.971 0.1000000015
20316  39.276  33.278  -10.120 0.1000000015
27167  41.505  30.774  -12.690 0.1000000015
27176  35.820  25.764  -10.466 0.1000000015
27170  42.630  27.577  -14.028 0.1000000015
20321  41.560  27.267  -14.517 0.1000000015
2198  36.963  25.071  -11.792 0.1000000015
20331  38.729  24.702  -12.608 0.1000000015
15988  38.672  42.695  12.795 0.1000000015
15990  38.084  42.041  11.613 0.1000000015
1470  37.849  41.376  12.940 0.1000000015
7270  37.962  42.844  10.714 0.1000000015
15992  37.240  40.587  11.637 0.1000000015
32352  37.084  40.658  9.345 0.1000000015
14183  36.911  39.853  8.231 0.1000000015
6208  37.372  39.630  6.343 0.1000000015
29846  38.092  38.872  5.363 0.1000000015
34991  42.784  38.543  -3.915 0.1000000015
34990  41.346  39.641  -4.413 0.1000000015
16719  45.651  37.201  -4.938 0.1000000015
7610  44.120  37.843  -4.385 0.1000000015
33277  48.897  36.162  -5.131 0.1000000015
16720  47.577  37.151  -4.571 0.1000000015
33272  42.474  38.730  -5.064 0.1000000015
25008  49.233  36.766  -4.261 0.1000000015
56  41.428  40.178  -5.576 0.1000000015
37666  42.931  39.627  -7.660 0.1000000015
37667  43.564  40.632  -9.010 0.1000000015
37672  45.134  42.498  -12.434 0.1000000015
20315  40.162  34.290  -10.288 0.1000000015
9149  38.555  35.064  -8.973 0.1000000015
4852  41.612  33.679  -11.723 0.1000000015
20314  40.818  32.577  -11.509 0.1000000015
27166  42.234  31.845  -12.768 0.1000000015
2196  39.951  31.531  -11.697 0.1000000015
2197  41.585  25.932  -14.644 0.1000000015
9155  40.118  24.635  -13.513 0.1000000015
37707  41.137  25.051  -14.296 0.1000000015
7269  39.082  44.191  12.745 0.1000000015
32350  37.799  43.641  9.789 0.1000000015
29840  37.532  42.877  8.630 0.1000000015
29842  37.497  41.964  7.464 0.1000000015
32351  37.392  42.148  9.591 0.1000000015
15991  37.512  41.339  10.493 0.1000000015
18076  38.228  41.751  5.850 0.1000000015
6207  38.054  42.620  6.616 0.1000000015
6206  37.191  41.332  8.392 0.1000000015
29843  37.522  41.127  6.492 0.1000000015
18078  39.025  42.292  5.224 0.1000000015
889  38.566  40.850  4.930 0.1000000015
14184  37.138  40.432  7.274 0.1000000015
29844  37.913  40.257  5.569 0.1000000015
25822  39.127  40.079  4.038 0.1000000015
16718  46.027  37.722  -3.912 0.1000000015
34989  40.208  40.702  -3.646 0.1000000015
34963  40.468  41.146  -4.812 0.1000000015
37671  45.130  42.164  -11.233 0.1000000015
37668  44.464  41.516  -10.190 0.1000000015
37674  43.347  41.826  -13.887 0.1000000015
37683  42.006  40.979  -13.563 0.1000000015
32346  39.451  45.114  13.721 0.1000000015
15987  38.950  43.565  13.948 0.1000000015
34973  38.707  44.311  6.882 0.1000000015
29841  38.123  43.560  7.687 0.1000000015
18077  38.854  43.355  5.893 0.1000000015
34976  39.953  42.810  4.687 0.1000000015
25823  39.352  41.414  4.434 0.1000000015
25824  39.792  40.638  3.522 0.1000000015
34988  39.428  41.859  -2.761 0.1000000015
10735  41.972  40.934  -6.788 0.1000000015
3055  42.706  41.721  -7.947 0.1000000015
37688  39.496  36.081  -9.545 0.1000000015
37686  38.839  37.855  -9.273 0.1000000015
9148  40.413  37.164  -10.488 0.1000000015
4107  40.187  41.996  3.833 0.1000000015
25825  40.435  41.139  2.810 0.1000000015
4108  40.994  40.395  1.851 0.1000000015
11787  40.579  39.842  2.634 0.1000000015
18088  40.777  40.443  -1.732 0.1000000015
34962  40.273  42.975  -4.858 0.1000000015
8221  39.623  42.421  -3.835 0.1000000015
23931  43.677  42.524  -9.014 0.1000000015
10734  41.807  42.662  -6.980 0.1000000015
10733  40.947  41.852  -5.864 0.1000000015
23930  42.839  43.428  -7.996 0.1000000015
6651  44.237  43.600  -12.522 0.1000000015
517  41.726  42.619  -13.389 0.1000000015
37684  41.054  39.944  -12.191 0.1000000015
37685  39.936  38.918  -10.608 0.1000000015
1135  44.507  43.182  -10.206 0.1000000015
14921  43.816  44.058  -9.118 0.1000000015
14925  44.729  43.622  -11.462 0.1000000015
30879  43.151  43.256  -13.304 0.1000000015
25828  40.955  40.927  0.839 0.1000000015
18066  39.627  44.172  -3.795 0.1000000015
14923  44.363  44.555  -10.329 0.1000000015
23929  41.935  44.205  -6.817 0.1000000015
14924  44.070  44.715  -11.513 0.1000000015
12525  40.526  41.772  -12.434 0.1000000015
3054  43.071  44.883  -7.893 0.1000000015
3053  40.891  43.570  -5.838 0.1000000015
30878  43.194  44.486  -12.414 0.1000000015
12521  41.868  44.040  -12.868 0.1000000015
14922  43.967  45.468  -9.043 0.1000000015
34961  40.257  44.615  -4.829 0.1000000015
12523  40.276  43.379  -12.460 0.1000000015
1867  38.924  44.938  -1.743 0.1000000015
23928  42.152  45.743  -6.647 0.1000000015
18065  39.118  45.375  -2.793 0.1000000015
8220  39.554  45.746  -3.865 0.1000000015
23927  41.025  45.116  -5.687 0.1000000015
34960  40.269  46.269  -4.886 0.1000000015
6650  44.015  45.836  -10.312 0.1000000015
37753  29.242  25.883  2.393 0.1000000015
20368  29.482  25.266  4.252 0.1000000015
12548  31.333  26.668  7.420 0.1000000015
20364  32.128  30.501  1.935 0.1000000015
16750  38.373  27.248  6.340 0.1000000015
1142  29.760  28.477  1.046 0.1000000015
25020  38.952  32.061  0.414 0.1000000015
33295  43.063  32.447  -4.423 0.1000000015
16654  47.524  13.681  20.620 0.1000000015
33192  48.426  14.452  20.543 0.1000000015
7580  48.263  15.700  20.422 0.1000000015
33190  49.398  15.114  20.479 0.1000000015
1603  50.323  14.478  19.449 0.1000000015
6198  39.429  23.644  23.732 0.1000000015
14168  40.151  24.263  23.123 0.1000000015
29822  38.543  22.743  23.051 0.1000000015
20093  50.432  15.829  20.047 0.1000000015
29820  40.150  23.846  21.842 0.1000000015
29821  39.298  23.400  22.532 0.1000000015
13704  43.648  23.805  8.092 0.1000000015
23197  45.101  25.186  6.355 0.1000000015
727  43.847  24.767  7.048 0.1000000015
23199  46.024  24.751  6.846 0.1000000015
5919  43.406  22.607  8.917 0.1000000015
13703  42.465  23.275  8.716 0.1000000015
29172  44.568  23.184  8.359 0.1000000015
23198  44.857  24.330  7.483 0.1000000015
23200  46.936  24.214  7.379 0.1000000015
13706  45.447  22.487  8.484 0.1000000015
2648  45.768  23.702  7.843 0.1000000015
