#!ascii label  , from subject fsaverage6 vox2ras=TkReg 
1097
24848  8.891  -36.477  70.995 0.1111110002
24849  7.806  -36.877  71.257 0.1111110002
24850  7.155  -36.637  72.999 0.2222220004
3567  6.039  -37.219  72.945 0.4444440007
7487  12.246  -33.447  72.556 0.1111110002
7488  10.350  -34.919  72.929 0.1111110002
16452  9.827  -35.956  70.860 0.1111110002
16451  10.811  -35.424  70.678 0.1111110002
32937  9.347  -35.528  72.872 0.1111110002
10647  13.489  -33.257  70.153 0.2222220004
32933  12.559  -34.035  70.371 0.2222220004
32934  11.727  -34.799  70.553 0.1111110002
11246  6.653  -37.212  71.471 0.4444440007
11247  5.571  -37.449  71.514 0.4444440007
32943  5.065  -37.736  72.640 0.4444440007
5885  4.234  -38.062  72.083 0.2222220004
48  12.693  -34.486  68.046 0.2222220004
32932  11.856  -35.140  68.202 0.2222220004
34635  12.845  -34.568  66.219 0.2222220004
11245  6.057  -37.095  69.919 0.4444440007
29088  3.827  -37.266  70.902 0.3333329856
29089  3.610  -38.106  71.336 0.2222220004
5886  3.118  -38.173  70.488 0.3333329856
29091  2.838  -38.042  69.389 0.2222220004
7486  10.934  -35.713  68.359 0.2222220004
16450  10.037  -36.202  68.662 0.2222220004
24847  8.153  -36.886  69.357 0.4444440007
17798  14.018  -34.006  64.452 0.2222220004
8109  13.029  -34.481  64.606 0.2222220004
34664  10.088  -36.035  66.870 0.3333329856
34665  9.197  -36.343  67.314 0.3333329856
3565  7.141  -37.139  69.586 0.5555559993
17797  14.259  -33.867  62.860 0.2222220004
34662  11.863  -35.162  66.318 0.3333329856
34670  6.410  -36.557  68.572 0.5555559993
230  5.072  -36.805  70.085 0.4444440007
29086  4.266  -36.307  70.092 0.4444440007
17796  15.308  -33.454  62.793 0.2222220004
13647  2.859  -36.683  69.619 0.4444440007
2631  2.801  -37.830  68.237 0.1111110002
1564  9.096  -36.602  68.888 0.4444440007
34668  8.262  -36.555  67.755 0.5555559993
34663  10.985  -35.620  66.668 0.3333329856
34669  7.341  -36.672  68.219 0.5555559993
34661  12.030  -34.928  64.796 0.3333329856
8118  11.029  -35.295  65.067 0.3333329856
8119  9.213  -35.806  65.987 0.5555559993
34667  8.321  -35.891  66.365 0.5555559993
34671  5.526  -36.110  69.066 0.5555559993
17821  11.135  -34.766  63.652 0.3333329856
17822  10.186  -34.949  64.140 0.5555559993
8121  5.954  -35.235  68.205 0.6666669846
34680  4.736  -35.433  69.438 0.6666669846
5884  3.700  -35.704  70.009 0.5555559993
4013  15.498  -33.236  61.283 0.3333329856
1827  13.388  -33.773  61.679 0.4444440007
25655  14.639  -33.020  60.133 0.6666669846
34666  8.398  -35.002  65.249 0.5555559993
17826  7.628  -34.918  65.952 0.5555559993
17828  6.643  -35.717  67.588 0.5555559993
34659  12.295  -33.964  61.981 0.5555559993
8117  11.308  -34.066  62.440 0.6666669846
17820  10.310  -34.138  63.003 0.6666669846
17824  9.288  -35.044  64.701 0.5555559993
34658  11.545  -33.139  61.403 0.7777780294
34681  4.196  -34.727  69.795 0.5555559993
13645  3.204  -35.327  69.723 0.4444440007
25654  15.714  -32.921  59.954 0.6666669846
25656  13.619  -33.171  60.488 0.7777780294
34656  12.567  -33.152  60.859 0.7777780294
23165  2.599  -36.415  68.732 0.2222220004
17818  9.718  -33.095  62.907 0.8888890147
1830  9.436  -34.131  63.730 0.7777780294
25671  8.636  -33.993  64.412 0.8888890147
17819  10.629  -33.261  62.170 0.8888890147
25670  8.995  -32.938  63.775 0.8888890147
34655  12.861  -32.350  59.981 0.7777780294
8116  11.857  -32.326  60.642 0.8888890147
25651  17.043  -32.427  58.490 0.6666669846
11693  14.886  -32.408  59.096 0.6666669846
17817  11.449  -31.134  60.792 0.8888890147
34657  11.000  -32.181  61.391 0.8888890147
4021  10.195  -32.024  62.270 0.8888890147
25669  9.569  -31.787  63.313 0.7777780294
4014  13.843  -32.419  59.476 0.7777780294
25650  17.282  -31.950  57.305 0.7777780294
11692  15.141  -31.667  58.028 0.7777780294
11694  14.167  -31.492  58.521 0.7777780294
25649  18.433  -31.976  57.108 0.7777780294
17816  12.291  -31.194  59.927 0.8888890147
25667  10.761  -30.997  61.791 0.6666669846
373  14.614  -30.724  57.792 0.7777780294
34653  13.674  -30.445  58.530 0.8888890147
34619  21.683  -31.855  58.590 0.5555559993
17786  20.765  -31.941  56.918 0.5555559993
17787  19.594  -31.998  56.971 0.7777780294
858  18.747  -31.508  55.903 0.7777780294
25648  17.634  -31.322  56.254 0.7777780294
11691  16.226  -31.832  57.671 0.7777780294
4050  26.931  -30.222  59.389 0.3333329856
8115  12.854  -30.202  59.363 0.8888890147
17815  12.115  -30.052  60.367 0.8888890147
4009  22.782  -31.488  58.718 0.4444440007
11690  15.578  -30.894  57.209 0.7777780294
34644  14.317  -29.353  58.021 0.8888890147
34652  13.562  -29.130  59.019 0.8888890147
29713  17.046  -30.399  55.870 0.8888890147
34618  21.932  -31.659  57.009 0.6666669846
17785  19.885  -31.552  55.681 0.7777780294
6150  21.002  -31.498  55.469 0.7777780294
29708  20.220  -30.923  54.440 0.7777780294
25722  25.994  -30.375  59.361 0.3333329856
25643  26.008  -30.566  61.622 0.2222220004
4007  25.090  -30.632  59.426 0.3333329856
25720  26.908  -29.928  57.239 0.4444440007
11688  23.955  -31.033  59.013 0.3333329856
17814  12.816  -29.004  60.036 0.7777780294
1842  26.946  -29.606  55.311 0.5555559993
11689  23.029  -31.301  57.052 0.5555559993
29715  15.134  -29.764  57.177 0.8888890147
371  23.253  -30.955  55.517 0.6666669846
29714  16.077  -30.079  56.485 0.8888890147
29709  19.158  -30.861  54.861 0.7777780294
29711  18.634  -29.733  54.548 0.8888890147
29712  18.113  -30.624  55.332 0.7777780294
29706  22.130  -31.312  55.332 0.7777780294
29707  21.269  -30.887  54.157 0.7777780294
6151  19.576  -29.966  53.978 0.7777780294
25719  25.854  -29.758  55.169 0.4444440007
25721  25.911  -30.115  57.215 0.5555559993
11730  25.009  -30.429  57.254 0.5555559993
11687  24.129  -30.839  57.353 0.4444440007
34643  15.034  -28.566  57.667 0.7777780294
4049  24.974  -30.081  55.230 0.5555559993
11729  24.083  -30.489  55.303 0.5555559993
6153  15.824  -28.947  56.710 0.8888890147
17902  27.035  -29.333  53.428 0.5555559993
17900  26.046  -29.381  53.477 0.5555559993
11728  24.118  -29.962  53.494 0.5555559993
6152  17.656  -29.586  55.209 0.8888890147
17901  26.197  -28.872  51.829 0.6666669846
4048  25.221  -28.930  51.892 0.6666669846
25718  25.027  -29.593  53.408 0.6666669846
11727  23.231  -30.386  53.572 0.7777780294
14093  16.738  -29.280  55.912 0.8888890147
8151  27.184  -28.928  51.725 0.6666669846
34758  26.366  -28.189  50.427 0.6666669846
25717  24.257  -29.146  51.972 0.6666669846
4047  23.379  -29.477  52.214 0.7777780294
29766  22.564  -29.872  52.622 0.7777780294
6149  21.650  -30.160  53.031 0.7777780294
14088  20.590  -30.109  53.452 0.7777780294
24887  31.770  -29.098  50.604 0.5555559993
8148  29.718  -28.489  48.956 0.7777780294
17895  29.477  -28.967  50.274 0.6666669846
17896  28.381  -28.738  50.253 0.6666669846
1841  27.615  -27.829  49.113 0.6666669846
34759  27.303  -28.432  50.251 0.6666669846
34757  25.390  -28.096  50.550 0.7777780294
17894  28.655  -28.220  49.014 0.7777780294
34756  26.639  -27.444  49.331 0.7777780294
34642  15.994  -27.681  57.456 0.8888890147
14091  18.376  -28.607  54.713 0.8888890147
16519  33.400  -28.559  49.694 0.5555559993
29765  22.744  -28.595  51.501 0.7777780294
14130  21.885  -28.840  52.023 0.7777780294
14087  21.042  -29.096  52.611 0.7777780294
14089  20.105  -28.978  53.257 0.8888890147
29710  19.217  -28.963  53.927 0.8888890147
1577  31.975  -28.688  49.193 0.5555559993
34750  30.887  -28.696  49.068 0.8888890147
17893  29.143  -27.677  48.110 0.8888890147
8150  25.701  -27.140  49.601 0.7777780294
17899  24.795  -27.025  49.916 0.8888890147
870  23.965  -27.142  50.295 0.8888890147
14129  21.500  -27.774  51.996 0.8888890147
34749  30.156  -27.984  48.045 0.8888890147
17892  28.110  -27.179  48.234 0.8888890147
25714  27.158  -26.756  48.528 0.8888890147
34641  17.007  -26.890  57.401 0.8888890147
14092  17.547  -28.398  55.522 0.8888890147
14094  16.671  -28.173  56.355 0.8888890147
2778  19.151  -27.684  54.423 0.8888890147
14090  18.391  -27.489  55.265 0.8888890147
25715  23.567  -28.299  51.077 0.8888890147
857  20.741  -27.961  52.728 0.8888890147
23430  19.929  -27.842  53.550 0.8888890147
16518  33.637  -28.097  48.480 0.8888890147
16517  32.363  -28.192  48.132 0.8888890147
34747  31.292  -28.177  48.131 0.8888890147
17897  24.434  -25.833  49.807 0.8888890147
29764  23.104  -27.271  50.746 0.8888890147
6174  22.309  -27.444  51.358 0.7777780294
7517  32.831  -27.616  47.311 0.8888890147
34746  31.761  -27.570  47.364 0.8888890147
34748  29.702  -26.994  47.543 0.8888890147
4046  26.981  -25.473  48.535 0.7777780294
34754  26.140  -25.079  48.990 0.8888890147
17898  25.331  -26.023  49.280 0.8888890147
4045  28.740  -26.527  47.784 0.8888890147
23433  18.687  -26.443  56.169 0.7777780294
34638  18.130  -26.070  57.366 0.4444440007
859  17.689  -27.270  56.220 0.8888890147
23432  19.312  -26.597  55.156 0.7777780294
1578  37.191  -27.092  51.379 0.4444440007
19690  36.120  -27.282  49.313 0.5555559993
33020  34.895  -27.766  48.826 0.5555559993
14127  21.369  -26.570  52.496 0.7777780294
23429  20.690  -26.749  53.280 0.7777780294
7518  35.266  -27.238  47.748 0.7777780294
29761  23.650  -25.879  50.386 0.8888890147
29763  22.855  -26.021  50.996 0.7777780294
14128  22.105  -26.272  51.722 0.7777780294
33019  34.073  -27.493  47.506 0.8888890147
17890  31.324  -26.694  46.993 0.8888890147
17891  30.428  -26.361  47.292 0.7777780294
25711  29.543  -25.975  47.601 0.7777780294
25712  28.733  -25.395  48.065 0.7777780294
11725  27.926  -24.895  48.531 0.7777780294
6172  25.235  -24.794  49.570 0.7777780294
25713  27.853  -26.071  48.091 0.7777780294
26792  38.601  -26.413  52.105 0.2222220004
19692  37.382  -26.644  49.842 0.2222220004
23431  19.989  -26.695  54.238 0.4444440007
19691  36.507  -26.771  48.111 0.6666669846
2777  20.854  -25.677  54.140 0.7777780294
33018  34.512  -26.924  46.604 0.8888890147
6173  23.638  -24.659  50.928 0.7777780294
29762  22.909  -24.860  51.707 0.7777780294
33017  33.288  -26.941  46.616 0.8888890147
34744  32.848  -26.160  46.403 0.8888890147
1840  30.441  -25.360  47.787 0.7777780294
29758  26.363  -23.915  49.696 0.7777780294
29760  24.439  -24.674  50.183 0.6666669846
2788  26.789  -21.615  57.345 0.3333329856
23450  24.786  -21.981  56.089 0.2222220004
10468  24.092  -22.204  56.920 0.1111110002
10467  23.287  -22.525  57.559 0.1111110002
47  21.883  -23.629  56.796 0.1111110002
10459  20.804  -24.582  56.571 0.2222220004
29754  30.080  -22.482  56.692 0.1111110002
6170  28.170  -22.051  55.564 0.3333329856
14121  27.491  -21.808  56.378 0.3333329856
14120  25.565  -21.908  55.411 0.2222220004
23451  23.858  -22.713  54.343 0.2222220004
2789  23.162  -22.998  55.098 0.2222220004
10470  21.924  -24.296  54.542 0.1111110002
10457  21.278  -24.577  55.385 0.2222220004
10458  20.266  -25.653  55.194 0.2222220004
19694  40.202  -25.155  51.181 0.2222220004
36938  38.758  -26.004  50.497 0.2222220004
4040  29.595  -22.620  54.191 0.1111110002
29755  28.827  -22.350  54.802 0.2222220004
36939  38.944  -25.403  48.998 0.3333329856
4042  30.805  -23.244  52.490 0.1111110002
29756  27.828  -22.478  52.896 0.2222220004
14123  27.082  -22.176  53.697 0.3333329856
14124  25.329  -22.583  52.648 0.2222220004
869  24.554  -22.602  53.471 0.2222220004
23452  23.230  -23.712  52.832 0.2222220004
23453  22.566  -23.989  53.645 0.2222220004
8897  37.693  -26.124  48.476 0.5555559993
17886  32.365  -24.149  49.694 0.5555559993
4043  31.889  -23.885  50.612 0.4444440007
11723  29.753  -23.577  50.589 0.4444440007
11720  28.484  -22.841  52.136 0.4444440007
14126  23.965  -23.582  51.995 0.4444440007
2790  22.229  -25.080  52.528 0.5555559993
23454  21.523  -25.419  53.323 0.6666669846
36936  36.766  -26.170  46.769 0.6666669846
36935  35.673  -26.636  46.645 0.7777780294
8145  32.867  -24.363  48.715 0.7777780294
25709  30.406  -23.957  49.923 0.6666669846
11722  29.155  -23.155  51.418 0.6666669846
29757  26.910  -23.030  51.001 0.6666669846
29759  25.523  -23.649  50.439 0.5555559993
14125  24.717  -23.523  51.191 0.5555559993
36937  37.876  -25.530  47.098 0.7777780294
50  33.792  -26.191  46.068 0.8888890147
34743  32.881  -25.255  46.844 0.7777780294
17887  31.564  -24.783  48.225 0.7777780294
17885  30.974  -24.432  48.964 0.7777780294
11724  28.326  -23.839  49.680 0.6666669846
11726  27.177  -24.351  49.092 0.7777780294
2989  35.892  -25.875  45.601 0.8888890147
10669  34.828  -26.124  45.765 0.8888890147
8898  40.230  -24.562  49.561 0.3333329856
36940  38.984  -24.762  47.456 0.5555559993
34742  33.359  -24.478  47.861 0.7777780294
8137  33.768  -24.456  47.044 0.7777780294
23811  36.894  -25.432  45.608 0.8888890147
10668  35.065  -25.268  45.146 0.8888890147
10667  34.204  -25.302  45.723 0.8888890147
34717  33.570  -25.312  46.293 0.7777780294
34741  34.176  -23.821  49.034 0.3333329856
17866  34.405  -23.539  48.157 0.5555559993
17865  34.403  -23.299  47.318 0.5555559993
1069  37.906  -24.799  45.765 0.6666669846
34716  34.101  -24.323  46.311 0.6666669846
34715  34.305  -23.131  46.500 0.6666669846
23810  35.818  -25.019  44.771 0.8888890147
2987  34.419  -24.311  45.489 0.7777780294
14720  36.727  -24.627  44.582 0.8888890147
23809  34.863  -24.231  44.759 1.0000000000
34738  35.082  -23.030  50.103 0.2222220004
8899  42.679  -22.377  50.715 0.2222220004
1837  35.041  -22.537  49.251 0.3333329856
19696  41.541  -23.548  50.181 0.2222220004
36941  40.107  -23.867  47.996 0.3333329856
34740  33.814  -23.914  50.004 0.3333329856
17864  34.722  -22.204  48.408 0.4444440007
14724  38.858  -24.026  46.010 0.5555559993
23807  34.217  -23.090  45.653 0.8888890147
23808  34.258  -23.084  44.708 1.0000000000
14722  37.579  -24.004  44.593 1.0000000000
14721  36.078  -23.672  43.802 1.0000000000
2988  35.386  -24.070  44.136 1.0000000000
34736  36.224  -20.937  52.910 0.1111110002
34737  35.747  -21.955  51.462 0.2222220004
25696  35.446  -21.486  50.547 0.2222220004
17862  35.049  -21.111  49.727 0.4444440007
8136  34.407  -21.981  47.640 0.6666669846
34714  34.020  -21.891  46.826 0.6666669846
36942  41.148  -22.871  48.504 0.3333329856
1067  33.681  -21.915  45.907 0.8888890147
6531  39.723  -23.080  46.468 0.5555559993
14719  33.420  -21.913  44.926 1.0000000000
30592  34.506  -22.993  43.950 1.0000000000
6529  33.441  -21.848  44.018 1.0000000000
4036  35.860  -20.506  51.927 0.1111110002
25695  35.390  -20.179  51.031 0.3333329856
17863  34.581  -20.881  48.869 0.6666669846
36943  42.006  -21.674  48.979 0.2222220004
488  40.976  -20.949  47.307 0.2222220004
30597  40.431  -22.048  46.896 0.6666669846
14717  33.009  -20.612  46.213 1.0000000000
30596  38.960  -22.250  45.112 0.8888890147
12320  39.474  -21.225  45.518 1.0000000000
14718  32.642  -20.658  45.060 1.0000000000
14723  38.392  -23.174  44.832 1.0000000000
6530  36.800  -23.107  43.649 1.0000000000
30593  34.972  -22.692  43.383 1.0000000000
30591  33.689  -21.627  43.183 1.0000000000
11716  36.305  -19.651  53.401 0.1111110002
4035  34.860  -19.886  50.186 0.1111110002
25693  34.422  -18.587  50.454 0.2222220004
34712  34.158  -19.648  49.233 0.4444440007
34713  34.026  -20.710  48.110 0.5555559993
34711  33.491  -20.628  47.176 0.5555559993
4640  37.839  -21.412  43.929 0.8888890147
26782  36.115  -21.445  42.898 1.0000000000
30589  32.109  -19.400  44.847 1.0000000000
30595  37.394  -22.317  43.745 1.0000000000
30594  35.545  -22.153  43.033 1.0000000000
30590  32.527  -20.640  43.928 1.0000000000
19675  32.708  -20.488  42.855 1.0000000000
17861  33.702  -18.342  49.305 0.3333329856
8135  33.505  -19.482  48.266 0.4444440007
12322  39.847  -20.245  45.847 0.5555559993
6527  32.472  -19.344  46.166 1.0000000000
12321  38.233  -20.524  44.150 0.5555559993
1068  34.157  -21.218  42.550 1.0000000000
6528  32.015  -19.467  43.578 1.0000000000
17860  33.162  -18.186  48.219 0.4444440007
34710  32.930  -19.395  47.208 0.4444440007
26788  39.777  -19.250  44.091 0.2222220004
4642  38.765  -19.777  44.071 0.5555559993
26786  38.128  -19.762  42.378 0.3333329856
26785  37.164  -20.174  42.611 0.4444440007
26784  36.573  -20.741  42.801 0.7777780294
19684  38.974  -19.934  40.842 0.3333329856
26787  39.369  -19.545  42.430 0.3333329856
4641  35.457  -20.339  41.498 0.7777780294
26783  34.696  -20.752  41.976 1.0000000000
19677  33.133  -20.260  41.888 1.0000000000
30588  31.960  -18.285  44.475 0.8888890147
2109  37.670  -19.982  40.841 0.3333329856
19678  36.504  -20.113  41.085 0.4444440007
8891  32.699  -19.347  41.171 1.0000000000
19676  32.208  -19.408  42.304 1.0000000000
19679  34.796  -19.980  40.289 1.0000000000
36920  33.816  -20.046  41.054 1.0000000000
36918  32.148  -18.407  41.741 1.0000000000
36917  31.915  -18.350  43.126 0.8888890147
12319  32.147  -17.220  44.003 0.8888890147
19680  35.950  -20.039  39.748 1.0000000000
36921  33.459  -19.358  40.104 1.0000000000
36919  32.679  -18.438  40.419 1.0000000000
19682  37.271  -20.162  39.476 0.8888890147
8892  34.460  -19.514  39.280 1.0000000000
34709  32.700  -18.132  47.052 0.5555559993
30587  32.283  -18.179  45.862 0.7777780294
8894  40.351  -19.900  41.037 0.2222220004
36929  40.721  -19.390  42.717 0.2222220004
4643  40.974  -18.915  44.357 0.2222220004
36928  41.797  -19.795  41.431 0.2222220004
36927  40.036  -20.289  39.446 0.3333329856
4639  32.103  -17.265  42.542 1.0000000000
19683  38.500  -20.268  39.327 0.6666669846
19681  35.646  -19.784  38.621 1.0000000000
36922  33.451  -18.605  39.244 1.0000000000
26781  32.377  -17.359  41.061 1.0000000000
8893  36.976  -20.117  38.211 1.0000000000
36923  34.423  -18.919  38.303 1.0000000000
19674  33.653  -17.834  38.464 1.0000000000
2108  32.910  -17.521  39.665 1.0000000000
34708  32.758  -17.014  46.729 0.5555559993
376  32.386  -17.125  45.469 0.7777780294
12317  32.787  -16.081  44.995 0.7777780294
12318  32.560  -16.157  43.367 0.8888890147
26780  32.544  -16.218  41.828 0.8888890147
19670  32.832  -16.368  40.308 1.0000000000
36924  35.622  -19.371  37.612 1.0000000000
19672  33.343  -16.622  38.975 1.0000000000
36925  36.912  -19.788  37.044 1.0000000000
8890  34.617  -18.245  37.488 1.0000000000
34699  33.037  -16.045  46.273 0.5555559993
36931  43.565  -19.007  43.634 0.1111110002
1576  43.332  -19.577  41.826 0.1111110002
24886  41.519  -20.180  39.688 0.2222220004
19673  34.074  -17.024  37.792 1.0000000000
36926  38.382  -20.360  37.985 0.5555559993
36916  35.754  -18.784  36.655 1.0000000000
34697  34.332  -14.042  45.383 0.3333329856
26779  33.214  -15.053  42.871 0.3333329856
4638  33.230  -15.124  41.326 0.4444440007
26778  34.047  -14.023  42.424 0.3333329856
19671  33.500  -15.373  39.820 0.7777780294
3586  39.890  -20.431  37.940 0.3333329856
11266  38.353  -20.097  36.674 0.8888890147
16514  44.535  -19.257  42.076 0.1111110002
1834  35.122  -13.000  43.696 0.2222220004
19669  35.133  -13.090  42.096 0.3333329856
36912  34.434  -14.468  39.401 0.4444440007
11265  39.569  -20.125  36.514 0.5555559993
8889  34.050  -15.764  38.384 0.6666669846
236  37.006  -19.234  35.996 0.8888890147
36915  35.048  -17.548  36.706 0.8888890147
29116  36.074  -18.004  35.839 1.0000000000
36914  34.767  -16.271  37.172 0.8888890147
36911  34.136  -14.153  40.911 0.4444440007
36913  34.911  -14.850  38.080 0.5555559993
29087  4.573  -37.434  71.261 0.4444440007
10645  13.538  -33.809  67.821 0.2222220004
13646  3.308  -36.900  70.359 0.2222220004
29092  3.302  -39.291  70.239 0.2222220004
17799  13.247  -34.213  63.116 0.2222220004
17795  14.471  -33.563  61.503 0.3333329856
13648  3.290  -39.020  67.658 0.1111110002
17823  10.110  -35.603  65.487 0.4444440007
34660  12.172  -34.533  63.376 0.4444440007
23167  2.911  -37.573  67.061 0.1111110002
8120  7.479  -35.907  66.968 0.5555559993
17827  6.960  -34.644  66.746 0.7777780294
4023  7.942  -33.777  65.206 0.7777780294
17829  6.406  -34.158  67.584 0.7777780294
8124  4.823  -33.748  69.600 0.4444440007
4012  15.918  -32.407  58.735 0.6666669846
25652  16.802  -32.761  59.767 0.4444440007
25672  8.406  -32.746  64.693 0.8888890147
34654  13.217  -31.389  59.187 0.8888890147
1829  11.422  -29.907  61.488 0.6666669846
4010  16.554  -31.125  56.662 0.8888890147
8112  14.363  -28.220  58.764 0.7777780294
17813  12.211  -28.738  61.317 0.6666669846
29705  22.391  -30.747  53.998 0.7777780294
34751  30.616  -29.085  50.389 0.6666669846
25716  24.505  -28.176  50.831 0.7777780294
34755  26.187  -26.174  48.830 0.8888890147
8147  30.712  -27.341  47.397 0.8888890147
33021  35.931  -27.699  50.792 0.4444440007
34745  32.293  -26.878  46.782 0.8888890147
8146  32.026  -26.026  46.772 0.7777780294
17889  31.220  -25.689  47.259 0.7777780294
4044  29.001  -24.287  48.970 0.7777780294
25710  29.709  -24.792  48.398 0.7777780294
23449  25.916  -21.677  57.933 0.1111110002
10469  22.552  -23.267  56.039 0.1111110002
25702  30.763  -22.697  55.999 0.1111110002
29753  29.451  -22.123  57.503 0.2222220004
14122  26.308  -21.987  54.471 0.3333329856
2779  19.708  -25.527  56.291 0.2222220004
25704  31.342  -22.863  55.073 0.1111110002
25706  32.478  -23.280  53.238 0.3333329856
11721  30.183  -22.914  53.293 0.2222220004
6171  26.123  -22.750  51.769 0.3333329856
25708  31.380  -23.570  51.587 0.3333329856
17888  32.194  -25.066  47.477 0.7777780294
378  27.631  -23.418  50.303 0.6666669846
25694  35.131  -18.962  51.445 0.1111110002
4637  33.379  -15.087  44.488 0.3333329856
16512  42.873  -19.960  39.953 0.3333329856
26777  34.157  -14.018  44.000 0.2222220004
19667  36.325  -12.132  43.359 0.2222220004
11264  38.181  -19.437  35.587 0.8888890147
8888  35.299  -13.297  40.558 0.4444440007
34679  5.308  -34.569  68.982 0.3333329856
17838  4.242  -33.169  69.955 0.2222220004
17825  7.400  -33.518  66.127 0.6666669846
34678  5.925  -33.598  68.592 0.3333329856
17836  5.440  -32.864  69.557 0.2222220004
34677  6.519  -32.512  68.331 0.3333329856
1831  6.933  -33.062  67.178 0.6666669846
25674  7.550  -31.910  66.948 0.6666669846
25673  7.936  -32.365  65.797 0.6666669846
11703  8.558  -31.215  65.577 0.5555559993
4022  9.001  -31.545  64.404 0.6666669846
25668  10.183  -30.785  62.914 0.5555559993
11702  9.238  -30.187  65.483 0.3333329856
11701  9.706  -30.554  64.125 0.2222220004
25665  11.295  -28.460  63.938 0.2222220004
4020  10.461  -29.480  63.987 0.2222220004
25666  10.908  -29.706  62.736 0.2222220004
17811  11.741  -28.611  62.541 0.1111110002
17812  12.763  -27.396  62.617 0.1111110002
8114  13.220  -27.538  61.302 0.4444440007
34651  13.784  -27.726  60.008 0.4444440007
34650  14.294  -26.671  61.257 0.2222220004
17807  14.765  -26.983  59.831 0.3333329856
24889  33.056  -29.308  52.959 0.3333329856
24888  33.155  -28.995  51.125 0.4444440007
17806  15.327  -27.247  58.653 0.4444440007
14119  30.008  -21.860  60.322 0.1111110002
29752  28.792  -21.776  58.348 0.1111110002
17803  16.589  -25.256  61.178 0.2222220004
17805  15.879  -26.206  59.803 0.2222220004
17804  16.980  -25.546  59.839 0.3333329856
8111  16.349  -26.598  58.506 0.3333329856
34640  17.543  -25.872  58.572 0.3333329856
17882  35.450  -22.746  53.654 0.1111110002
1839  34.004  -23.234  53.565 0.2222220004
25707  32.941  -23.544  52.213 0.2222220004
17884  34.440  -23.372  52.375 0.2222220004
8144  34.869  -23.316  51.176 0.2222220004
34739  33.358  -23.807  51.070 0.2222220004
29115  36.432  -17.099  35.306 0.7777780294
29114  36.853  -16.040  34.954 0.7777780294
17859  33.582  -17.137  49.203 0.3333329856
5895  36.850  -14.742  35.700 0.7777780294
13665  36.184  -15.764  35.831 0.6666669846
5896  35.592  -16.717  36.137 0.6666669846
29110  37.994  -13.604  34.865 0.6666669846
29113  37.375  -14.844  34.761 0.7777780294
16503  38.870  -13.296  33.133 0.7777780294
24878  37.591  -16.129  34.178 0.7777780294
33000  39.458  -13.185  32.325 0.7777780294
8134  33.143  -16.990  48.016 0.3333329856
34707  33.396  -15.971  47.578 0.4444440007
13660  39.852  -11.973  36.320 0.3333329856
5894  38.676  -12.766  35.982 0.4444440007
29112  37.669  -13.712  35.769 0.4444440007
13664  36.373  -14.482  36.735 0.7777780294
13666  35.558  -15.417  36.789 0.5555559993
29108  39.937  -11.547  35.374 0.4444440007
29107  40.032  -11.191  34.368 0.5555559993
5893  39.087  -12.217  34.081 0.6666669846
11260  40.622  -10.661  32.338 0.7777780294
32999  39.406  -12.019  33.115 0.7777780294
3580  41.249  -11.810  30.676 0.7777780294
24876  40.508  -11.803  31.433 0.7777780294
13659  41.114  -11.579  37.379 0.1111110002
13661  39.757  -12.289  37.188 0.3333329856
29111  38.514  -12.935  36.928 0.2222220004
13662  37.087  -13.448  37.830 0.3333329856
716  35.973  -14.148  37.804 0.3333329856
24946  45.318  -8.522  36.554 0.1111110002
3618  43.937  -9.428  36.545 0.1111110002
29166  42.494  -10.267  36.577 0.3333329856
29106  41.214  -10.670  35.699 0.5555559993
5892  41.105  -11.175  36.508 0.3333329856
13663  37.362  -13.639  36.781 0.5555559993
11298  42.570  -9.830  35.683 0.2222220004
234  41.235  -10.273  34.684 0.4444440007
24947  45.453  -8.276  35.552 0.1111110002
11301  42.833  -9.107  33.663 0.3333329856
11259  41.400  -9.893  33.598 0.6666669846
3579  41.686  -9.665  32.561 0.7777780294
11261  40.244  -10.877  33.356 0.7777780294
24875  41.151  -10.605  31.401 0.7777780294
17850  34.517  -14.085  46.772 0.2222220004
34698  33.594  -15.064  45.855 0.2222220004
714  40.951  -11.922  38.228 0.1111110002
36910  35.602  -13.694  39.099 0.3333329856
23173  39.625  -12.494  38.096 0.2222220004
2635  38.348  -12.949  37.968 0.2222220004
23176  36.867  -13.142  38.918 0.2222220004
23175  38.212  -12.746  39.009 0.2222220004
23174  39.525  -12.440  39.082 0.1111110002
36909  36.645  -12.699  40.273 0.2222220004
2636  38.040  -12.358  40.153 0.2222220004
19668  36.408  -12.371  41.796 0.2222220004
34682  3.659  -34.196  69.812 0.4444440007
8123  6.038  -31.931  69.474 0.2222220004
29109  38.832  -12.499  35.059 0.5555559993
3581  39.899  -11.873  32.225 0.7777780294
24874  41.790  -10.625  30.553 0.7777780294
11299  44.017  -9.066  35.604 0.2222220004
11300  42.657  -9.469  34.709 0.2222220004
24873  42.068  -9.577  31.501 0.7777780294
13649  3.229  -39.220  68.960 0.1111110002
23166  2.590  -36.113  67.759 0.1111110002
710  2.798  -34.980  69.249 0.2222220004
23769  15.409  -31.912  70.131 0.1111110002
10646  14.386  -32.520  70.135 0.1111110002
2967  14.270  -31.965  72.201 0.1111110002
2965  14.454  -33.101  67.796 0.1111110002
23767  15.464  -32.424  67.869 0.1111110002
4024  8.195  -30.812  66.885 0.2222220004
34673  7.800  -30.286  68.312 0.2222220004
34633  14.742  -33.325  66.090 0.1111110002
1045  16.584  -31.836  68.114 0.1111110002
23768  16.563  -31.431  70.237 0.1111110002
14650  17.720  -31.436  68.285 0.1111110002
34629  16.774  -32.231  66.124 0.1111110002
34632  15.766  -32.704  66.126 0.1111110002
8108  15.015  -33.464  64.356 0.1111110002
34627  19.111  -31.487  66.707 0.1111110002
34628  17.907  -31.774  66.383 0.1111110002
17793  18.166  -32.159  64.550 0.1111110002
8107  17.102  -32.498  64.416 0.1111110002
17794  17.351  -32.676  62.742 0.1111110002
34631  16.019  -32.982  64.288 0.1111110002
34630  16.292  -33.063  62.739 0.1111110002
25653  16.574  -32.974  61.252 0.1111110002
25645  24.858  -30.767  61.093 0.2222220004
8106  19.371  -31.757  65.012 0.1111110002
8152  29.137  -29.747  55.553 0.2222220004
17791  19.624  -32.017  63.209 0.1111110002
17790  18.769  -32.382  61.344 0.1111110002
17788  17.902  -32.586  59.742 0.2222220004
1826  17.670  -32.692  61.257 0.1111110002
17904  28.027  -29.646  55.421 0.4444440007
4008  24.652  -30.835  62.903 0.2222220004
17781  24.339  -30.762  64.680 0.1111110002
17782  23.191  -31.014  64.322 0.1111110002
17780  23.462  -31.098  62.517 0.2222220004
17784  21.999  -31.384  63.871 0.1111110002
1825  22.297  -31.458  62.147 0.1111110002
34624  20.800  -31.699  63.504 0.1111110002
8103  21.788  -31.285  65.690 0.1111110002
237  31.529  -29.985  56.011 0.1111110002
29117  31.355  -30.239  57.868 0.2222220004
25646  23.721  -31.118  60.738 0.2222220004
25647  22.587  -31.518  60.491 0.2222220004
34625  20.554  -31.500  65.303 0.1111110002
34623  21.099  -31.818  61.846 0.1111110002
8105  19.899  -32.117  61.518 0.1111110002
34761  29.258  -29.586  53.772 0.3333329856
17903  28.094  -29.426  53.498 0.4444440007
17789  19.001  -32.374  59.746 0.2222220004
29118  32.731  -30.343  58.302 0.1111110002
11269  32.907  -30.005  56.483 0.1111110002
34762  30.289  -29.874  55.758 0.2222220004
34620  21.382  -31.885  60.152 0.1111110002
34622  20.213  -32.139  59.970 0.2222220004
8104  20.477  -32.101  58.444 0.3333329856
34621  19.304  -32.267  58.333 0.5555559993
4011  18.147  -32.329  58.350 0.6666669846
34753  30.389  -29.678  53.947 0.2222220004
8149  29.326  -29.311  51.828 0.4444440007
34760  28.220  -29.129  51.765 0.4444440007
33028  34.209  -30.284  58.736 0.1111110002
3589  34.307  -29.888  56.861 0.1111110002
11267  31.582  -29.662  54.203 0.1111110002
24891  35.751  -29.683  57.285 0.1111110002
11268  32.984  -29.616  54.714 0.1111110002
33033  38.372  -29.164  59.906 0.1111110002
33030  37.082  -29.767  59.388 0.1111110002
1579  37.203  -29.375  57.753 0.1111110002
24890  34.410  -29.514  55.180 0.1111110002
34636  20.316  -24.543  57.721 0.1111110002
34752  30.505  -29.396  52.110 0.3333329856
3587  31.636  -29.410  52.264 0.2222220004
33027  40.673  -27.109  59.400 0.1111110002
7521  39.681  -28.031  58.825 0.1111110002
33034  39.394  -28.433  60.274 0.1111110002
34639  18.242  -24.985  59.932 0.2222220004
12325  40.997  -26.675  57.917 0.1111110002
33026  39.800  -27.529  57.258 0.1111110002
16524  38.550  -28.867  58.244 0.1111110002
16523  38.569  -28.271  56.747 0.1111110002
34637  19.196  -25.386  57.453 0.1111110002
8110  18.745  -25.172  58.697 0.2222220004
26793  39.908  -26.173  54.385 0.1111110002
33025  38.580  -27.557  55.275 0.1111110002
16522  37.204  -28.873  56.138 0.1111110002
26791  38.565  -26.920  53.796 0.1111110002
7520  37.231  -28.224  54.664 0.1111110002
16520  35.877  -29.225  55.706 0.1111110002
4646  40.085  -25.621  52.792 0.1111110002
33024  37.210  -27.557  53.046 0.1111110002
16521  35.851  -28.760  54.062 0.1111110002
33023  35.831  -28.145  52.370 0.1111110002
33022  34.476  -28.663  51.708 0.1111110002
3588  34.431  -29.090  53.449 0.1111110002
7519  34.602  -28.232  50.167 0.3333329856
12323  40.384  -19.387  45.968 0.1111110002
3584  39.349  -19.512  35.308 0.6666669846
24881  39.248  -18.577  34.354 0.6666669846
11263  38.152  -18.511  34.728 0.7777780294
16505  40.308  -18.416  34.058 0.6666669846
11262  37.087  -18.330  35.215 0.6666669846
3583  39.191  -17.326  33.573 0.6666669846
24880  38.246  -17.366  34.034 0.6666669846
3582  37.283  -17.275  34.638 0.6666669846
24879  38.346  -16.048  33.544 0.6666669846
16506  40.179  -17.235  33.196 0.6666669846
33002  39.203  -15.981  32.977 0.6666669846
715  37.914  -14.821  33.963 0.6666669846
4622  45.573  -16.061  32.837 0.5555559993
32997  44.408  -16.317  32.745 0.5555559993
7510  43.334  -16.584  32.712 0.6666669846
33005  42.198  -16.807  32.763 0.6666669846
33003  40.066  -15.856  32.517 0.6666669846
7511  39.236  -14.583  32.573 0.6666669846
16504  38.552  -14.693  33.218 0.6666669846
16500  43.004  -15.455  31.694 0.5555559993
16501  41.933  -15.539  31.874 0.6666669846
33004  40.973  -15.725  32.167 0.6666669846
26751  46.550  -15.085  31.781 0.5555559993
26750  45.221  -15.240  31.661 0.5555559993
32996  44.104  -15.334  31.624 0.5555559993
7509  42.869  -14.321  30.817 0.5555559993
33001  40.027  -14.468  31.981 0.6666669846
24877  40.166  -13.091  31.601 0.6666669846
16499  41.830  -14.296  31.098 0.6666669846
16497  40.963  -13.018  31.030 0.6666669846
1574  40.872  -14.340  31.500 0.6666669846
19624  46.373  -14.270  30.611 0.4444440007
1573  45.073  -14.300  30.592 0.5555559993
32995  43.892  -14.295  30.640 0.6666669846
16498  41.841  -13.104  30.524 0.6666669846
13701  42.452  -10.705  37.401 0.3333329856
8870  47.792  -14.185  30.869 0.3333329856
32992  43.839  -13.200  29.807 0.6666669846
32994  42.838  -13.166  30.119 0.6666669846
36856  49.271  -14.054  31.258 0.3333329856
36855  47.587  -13.541  29.784 0.3333329856
23797  49.020  -13.453  30.051 0.3333329856
19623  46.219  -13.459  29.584 0.4444440007
7507  44.973  -12.343  28.824 0.6666669846
7508  42.985  -11.966  29.529 0.6666669846
32993  42.092  -11.883  30.069 0.6666669846
32991  43.926  -12.143  29.104 0.6666669846
1572  42.586  -9.555  30.489 0.5555559993
32988  44.595  -10.079  28.065 0.6666669846
7506  43.843  -9.864  28.802 0.6666669846
2980  50.168  -12.752  29.200 0.2222220004
23796  48.809  -12.808  28.896 0.4444440007
2981  47.522  -12.803  28.711 0.5555559993
32989  45.120  -11.284  28.101 0.6666669846
32990  44.178  -11.094  28.522 0.6666669846
16494  43.179  -9.685  29.577 0.6666669846
16496  42.475  -10.701  29.764 0.6666669846
36854  46.175  -12.626  28.667 0.6666669846
16495  43.296  -10.897  29.083 0.6666669846
16625  43.655  -8.723  30.372 0.5555559993
16626  44.130  -8.783  29.331 0.4444440007
7566  44.933  -7.935  30.207 0.4444440007
30558  54.255  -11.759  30.412 0.2222220004
6515  52.907  -12.233  30.006 0.2222220004
30560  51.521  -12.585  29.616 0.2222220004
10660  47.425  -11.941  27.731 0.5555559993
10661  46.244  -11.665  27.825 0.6666669846
105  45.483  -10.376  27.479 0.6666669846
14696  51.249  -12.064  28.322 0.2222220004
23794  50.010  -12.203  27.968 0.4444440007
23795  48.716  -12.133  27.791 0.5555559993
10659  46.408  -10.723  27.148 0.5555559993
30556  55.022  -10.872  29.486 0.1111110002
6514  55.511  -11.223  30.741 0.1111110002
33156  44.667  -9.008  28.399 0.5555559993
483  54.734  -10.602  28.166 0.1111110002
30557  53.755  -11.388  29.105 0.1111110002
14695  52.493  -11.792  28.729 0.1111110002
10700  46.075  -9.493  26.887 0.5555559993
10698  45.322  -9.233  27.590 0.5555559993
12426  56.475  -9.897  27.390 0.2222220004
30555  53.494  -11.110  27.809 0.1111110002
14694  51.099  -11.551  27.130 0.2222220004
1059  49.868  -11.521  26.886 0.4444440007
23793  48.676  -11.351  26.864 0.5555559993
23871  48.019  -10.276  26.083 0.5555559993
10701  46.972  -9.857  26.413 0.5555559993
26975  56.933  -9.834  26.136 0.2222220004
4745  55.609  -10.353  25.840 0.2222220004
12423  53.887  -10.824  26.642 0.1111110002
30741  52.610  -11.029  26.278 0.2222220004
14826  51.431  -11.023  26.061 0.2222220004
14825  50.273  -10.892  25.926 0.4444440007
14823  49.135  -10.625  25.948 0.5555559993
3020  46.712  -8.624  26.368 0.5555559993
3021  48.464  -9.444  25.285 0.5555559993
33155  45.207  -7.956  29.067 0.4444440007
10699  46.058  -8.298  27.146 0.5555559993
12424  54.322  -10.634  25.435 0.2222220004
4743  53.058  -10.654  25.116 0.2222220004
30740  51.836  -10.513  24.950 0.3333329856
6591  50.678  -10.235  24.868 0.5555559993
14824  49.533  -9.889  25.007 0.5555559993
23870  47.504  -9.015  25.725 0.5555559993
37307  59.872  -8.441  25.167 0.1111110002
26974  57.319  -9.920  24.813 0.1111110002
26973  56.011  -10.270  24.491 0.1111110002
26972  54.646  -10.354  24.193 0.2222220004
26969  52.138  -9.918  23.837 0.3333329856
37306  58.650  -9.239  25.055 0.1111110002
30739  51.049  -9.579  23.860 0.4444440007
9019  59.044  -9.418  23.706 0.1111110002
23866  46.534  -7.177  27.797 0.3333329856
3018  45.570  -8.062  28.118 0.3333329856
23867  46.926  -7.424  26.717 0.4444440007
23868  47.497  -7.783  25.763 0.4444440007
23869  48.174  -8.163  24.992 0.5555559993
1101  51.488  -8.784  22.868 0.5555559993
30738  49.973  -9.084  24.093 0.5555559993
30737  49.015  -8.643  24.482 0.5555559993
27098  60.847  -8.885  22.405 0.1111110002
37304  59.517  -9.536  22.307 0.1111110002
19996  58.150  -9.912  22.121 0.1111110002
2150  56.328  -10.139  23.216 0.2222220004
19991  55.008  -10.088  22.946 0.2222220004
4744  53.728  -9.743  22.800 0.3333329856
2151  61.619  -7.918  23.801 0.1111110002
37305  60.396  -8.606  23.853 0.1111110002
3019  47.610  -6.408  27.558 0.3333329856
23865  47.468  -6.370  28.794 0.3333329856
1100  48.350  -6.959  25.221 0.4444440007
14816  47.909  -6.609  26.315 0.4444440007
6590  49.675  -7.787  23.690 0.4444440007
30736  50.519  -8.317  23.189 0.5555559993
19997  57.715  -9.924  23.496 0.2222220004
26970  52.546  -9.320  22.791 0.4444440007
27097  61.535  -8.689  21.490 0.1111110002
4814  59.860  -9.527  20.827 0.1111110002
19995  56.730  -9.969  21.821 0.2222220004
19992  54.156  -9.228  21.638 0.3333329856
4812  61.067  -8.931  18.865 0.2222220004
12493  60.503  -9.285  19.820 0.2222220004
37303  58.482  -9.713  20.645 0.2222220004
19994  55.841  -9.129  20.458 0.2222220004
19993  55.398  -9.689  21.700 0.2222220004
12492  59.363  -8.922  18.300 0.3333329856
12494  58.741  -9.258  19.096 0.4444440007
30735  50.388  -6.853  23.040 0.4444440007
19990  52.041  -8.009  22.044 0.4444440007
19988  51.160  -7.435  22.453 0.4444440007
37297  53.096  -8.609  21.751 0.4444440007
9018  57.140  -9.581  20.497 0.3333329856
37302  57.433  -9.004  19.179 0.3333329856
9017  54.660  -8.537  20.578 0.4444440007
37296  53.315  -6.239  20.611 0.4444440007
9016  52.646  -7.139  21.245 0.4444440007
37299  54.158  -7.026  20.011 0.4444440007
37298  53.588  -7.831  20.845 0.4444440007
501  57.743  -8.183  17.953 0.4444440007
37301  56.213  -8.441  19.296 0.4444440007
12490  58.192  -7.911  17.077 0.4444440007
4810  58.841  -7.812  16.185 0.4444440007
26967  54.382  -3.220  22.023 0.1111110002
19983  54.738  -3.646  20.868 0.2222220004
26968  53.553  -4.574  21.047 0.3333329856
19985  55.044  -4.271  19.749 0.2222220004
2149  54.160  -5.318  20.089 0.4444440007
4742  53.084  -4.147  22.027 0.4444440007
37295  52.607  -5.564  21.359 0.4444440007
19987  54.861  -5.968  19.314 0.4444440007
37293  56.603  -7.540  18.262 0.4444440007
9015  55.656  -6.729  18.676 0.4444440007
30834  58.012  -6.252  15.551 0.3333329856
26966  55.603  -2.087  23.425 0.1111110002
9014  55.873  -3.189  19.684 0.1111110002
19984  55.714  -2.679  20.874 0.2222220004
19986  55.420  -4.977  18.823 0.2222220004
37291  56.076  -3.869  18.493 0.2222220004
6632  56.464  -4.737  17.366 0.2222220004
37292  56.001  -5.773  18.000 0.3333329856
30833  58.788  -6.001  14.664 0.3333329856
14893  57.086  -4.428  16.516 0.2222220004
30835  57.339  -6.384  16.426 0.2222220004
30836  56.845  -6.692  17.330 0.4444440007
26965  56.948  -1.102  23.703 0.1111110002
4741  55.655  -2.231  22.230 0.1111110002
37289  56.801  -1.566  21.037 0.1111110002
14894  56.924  -2.815  18.265 0.2222220004
19982  58.167  -0.007  23.913 0.1111110002
37288  56.858  -1.269  22.444 0.1111110002
9013  58.111  -0.288  22.601 0.1111110002
1124  57.991  -1.301  19.612 0.1111110002
37290  56.807  -2.130  19.662 0.1111110002
14890  58.639  -1.053  18.966 0.1111110002
14891  58.451  -2.300  16.948 0.1111110002
14892  57.655  -2.505  17.554 0.1111110002
6631  57.833  -4.150  15.749 0.2222220004
37287  58.052  -0.711  21.121 0.1111110002
4813  62.904  -7.972  21.912 0.1111110002
27095  63.390  -8.064  20.895 0.1111110002
27096  62.104  -8.536  20.466 0.1111110002
34634  13.807  -33.975  66.147 0.1111110002
36930  42.102  -19.206  43.126 0.1111110002
16502  38.377  -13.455  33.980 0.5555559993
34683  3.221  -33.779  69.692 0.2222220004
34674  7.146  -31.406  68.245 0.2222220004
17792  18.497  -32.319  63.008 0.1111110002
4645  39.832  -26.856  55.851 0.1111110002
7512  41.158  -17.055  32.944 0.6666669846
19622  44.968  -13.341  29.646 0.5555559993
24951  43.008  -8.877  32.543 0.4444440007
14697  50.458  -13.277  30.431 0.2222220004
2979  47.516  -11.033  26.913 0.5555559993
6513  52.312  -11.430  27.463 0.2222220004
12425  55.144  -10.420  27.031 0.2222220004
26971  53.351  -10.228  23.958 0.2222220004
20200  62.296  -7.910  22.921 0.1111110002
14822  48.912  -7.332  24.393 0.3333329856
19989  51.849  -6.494  21.833 0.4444440007
37300  55.143  -7.760  19.545 0.4444440007
25658  18.858  -24.315  61.158 0.1111110002
4016  17.705  -24.791  61.124 0.1111110002
17906  27.977  -29.845  57.366 0.3333329856
11696  18.007  -23.825  63.612 0.1111110002
25660  17.229  -24.541  62.339 0.1111110002
25661  16.019  -25.029  62.418 0.1111110002
1828  15.372  -25.899  61.158 0.1111110002
17802  19.358  -24.426  59.944 0.1111110002
4017  16.732  -24.231  63.627 0.1111110002
33011  43.664  -19.653  38.380 0.3333329856
24883  42.094  -19.773  36.588 0.3333329856
24884  40.824  -20.029  36.475 0.5555559993
16511  43.275  -19.387  36.723 0.3333329856
16510  44.379  -18.936  36.890 0.2222220004
1575  41.729  -19.166  35.120 0.5555559993
33008  45.514  -18.418  37.138 0.2222220004
235  46.270  -17.372  35.645 0.2222220004
33007  45.119  -17.904  35.451 0.3333329856
7513  44.029  -18.416  35.304 0.3333329856
16509  42.898  -18.808  35.180 0.4444440007
32998  44.789  -17.190  34.010 0.2222220004
33006  43.653  -17.582  33.913 0.4444440007
16508  42.514  -17.939  33.877 0.5555559993
12302  45.863  -16.786  34.179 0.2222220004
12303  47.084  -16.301  34.470 0.3333329856
26752  46.782  -15.746  33.018 0.2222220004
4623  48.162  -15.391  33.427 0.4444440007
36857  47.955  -14.878  32.071 0.3333329856
1061  50.796  -13.753  31.710 0.1111110002
14698  51.898  -12.962  30.947 0.1111110002
30559  54.673  -12.079  31.810 0.1111110002
16623  43.296  -8.725  31.447 0.4444440007
24885  41.167  -20.268  38.041 0.5555559993
16458  4.166  -38.856  72.449 0.1111110002
24882  40.518  -19.418  35.117 0.5555559993
30561  53.295  -12.510  31.350 0.1111110002
23864  46.316  -7.114  28.993 0.3333329856
8122  7.413  -29.797  69.773 0.1111110002
16507  41.434  -18.237  33.914 0.5555559993
34676  6.721  -30.825  69.565 0.1111110002
3585  42.433  -20.043  38.211 0.3333329856
12304  47.479  -16.770  35.999 0.2222220004
26753  48.343  -15.713  34.866 0.2222220004
36858  49.499  -14.590  32.587 0.1111110002
19471  23.510  -34.140  67.189 0.1111110002
5897  31.239  -30.364  59.904 0.1111110002
34764  30.125  -30.238  59.788 0.1111110002
34767  28.947  -30.197  61.722 0.1111110002
19466  27.072  -31.706  70.062 0.1111110002
34763  30.215  -30.092  57.700 0.1111110002
8153  29.019  -30.119  59.528 0.2222220004
17909  27.874  -30.254  63.891 0.1111110002
17777  27.721  -30.141  66.022 0.1111110002
17778  27.382  -30.122  67.574 0.1111110002
34610  27.023  -30.387  68.860 0.1111110002
17905  29.086  -29.959  57.524 0.2222220004
34766  27.937  -30.123  59.460 0.2222220004
17908  27.886  -30.275  61.632 0.2222220004
1823  26.871  -30.387  63.889 0.1111110002
19468  23.874  -32.564  70.467 0.1111110002
19469  24.762  -32.898  69.895 0.1111110002
36668  25.625  -33.162  69.289 0.1111110002
19467  26.131  -31.570  70.238 0.1111110002
17779  26.565  -30.297  65.720 0.1111110002
34611  25.876  -30.433  68.567 0.1111110002
25644  25.758  -30.573  63.454 0.1111110002
34612  25.451  -30.504  65.232 0.1111110002
4571  24.583  -31.879  70.667 0.1111110002
36667  25.518  -32.230  70.294 0.1111110002
26657  25.111  -31.299  70.447 0.1111110002
1824  25.545  -30.833  69.690 0.1111110002
8101  26.216  -30.301  67.202 0.1111110002
26658  24.124  -31.130  70.432 0.1111110002
26656  24.446  -30.782  69.430 0.1111110002
34614  24.742  -30.581  68.230 0.1111110002
34613  25.049  -30.460  66.796 0.1111110002
11700  10.028  -29.219  65.350 0.1111110002
8143  36.410  -21.388  53.898 0.1111110002
17883  35.719  -22.430  52.451 0.1111110002
16513  44.111  -19.579  40.225 0.2222220004
33009  45.940  -18.602  38.833 0.1111110002
8131  33.870  -14.997  47.238 0.2222220004
3620  44.145  -8.737  34.565 0.1111110002
34765  30.010  -30.187  61.820 0.1111110002
8806  26.460  -32.462  69.874 0.1111110002
36665  27.302  -32.613  69.644 0.1111110002
8154  28.859  -30.132  63.982 0.1111110002
8100  27.570  -30.962  69.693 0.1111110002
17907  26.909  -30.404  61.599 0.1111110002
19470  23.788  -33.476  69.041 0.1111110002
8807  24.653  -33.676  68.320 0.1111110002
19465  26.600  -30.908  69.757 0.1111110002
36952  42.526  -20.531  49.347 0.1111110002
12324  41.381  -19.924  47.651 0.1111110002
29165  43.872  -9.768  37.445 0.1111110002
16624  44.692  -8.019  31.366 0.2222220004
14821  49.767  -6.413  23.832 0.3333329856
14818  48.989  -5.780  25.968 0.2222220004
14820  49.276  -6.074  24.804 0.2222220004
6588  50.245  -5.165  24.483 0.2222220004
30734  50.606  -5.545  23.414 0.2222220004
6589  51.167  -5.997  22.549 0.2222220004
30733  51.588  -4.667  23.243 0.1111110002
27093  61.596  -8.549  17.990 0.2222220004
500  52.613  -3.523  24.392 0.1111110002
37294  52.053  -5.096  22.248 0.2222220004
4811  62.256  -8.251  17.038 0.3333329856
27091  61.370  -8.157  15.569 0.3333329856
12422  52.775  -3.765  23.222 0.1111110002
27092  60.624  -8.453  16.427 0.2222220004
12491  59.920  -8.657  17.379 0.3333329856
27090  59.526  -7.662  15.239 0.3333329856
1123  60.358  -7.393  14.285 0.2222220004
30830  59.659  -5.710  13.895 0.1111110002
30832  58.689  -3.983  15.062 0.1111110002
30829  60.425  -5.321  13.293 0.1111110002
6630  59.578  -3.728  14.641 0.1111110002
30828  61.082  -4.808  12.787 0.1111110002
6628  60.802  -3.184  13.566 0.1111110002
14889  59.797  -1.981  15.872 0.1111110002
14888  60.265  -3.470  14.135 0.1111110002
14817  48.801  -5.653  27.253 0.2222220004
37542  62.844  -8.059  16.008 0.2222220004
16453  7.528  -36.008  74.455 0.1111110002
1566  7.138  -36.401  75.327 0.1111110002
32945  6.222  -37.243  74.920 0.1111110002
7491  5.512  -38.151  74.346 0.1111110002
24851  6.554  -36.728  74.293 0.1111110002
32944  5.607  -37.556  73.899 0.1111110002
16459  4.821  -38.328  73.329 0.1111110002
8130  35.392  -13.100  46.335 0.1111110002
17848  36.564  -12.253  47.425 0.1111110002
34696  35.208  -13.023  44.968 0.1111110002
24950  44.280  -8.466  33.498 0.1111110002
3621  44.448  -8.190  32.452 0.1111110002
33152  45.987  -7.613  32.309 0.1111110002
20194  63.547  -8.137  17.467 0.1111110002
20193  63.124  -8.186  18.419 0.1111110002
9100  64.358  -8.591  17.677 0.1111110002
17849  35.576  -13.145  47.778 0.1111110002
37543  63.890  -8.247  16.369 0.1111110002
37544  64.516  -8.882  16.581 0.1111110002
17835  5.516  -31.363  70.348 0.1111110002
1832  4.872  -30.901  70.764 0.1111110002
17839  4.284  -31.792  70.391 0.1111110002
17837  4.867  -32.300  70.128 0.1111110002
1836  34.145  -17.322  50.536 0.1111110002
17857  34.219  -16.072  50.328 0.1111110002
17858  33.780  -15.990  48.917 0.1111110002
33012  45.258  -19.086  40.467 0.1111110002
7514  44.837  -19.154  38.591 0.1111110002
33010  46.345  -18.579  40.618 0.1111110002
8125  3.695  -32.789  70.014 0.1111110002
9094  61.121  -10.377  11.958 0.1111110002
37525  60.790  -9.454  11.064 0.1111110002
37540  63.595  -8.084  13.931 0.1111110002
12488  63.512  -7.907  12.035 0.1111110002
37539  62.856  -7.301  12.757 0.1111110002
4807  63.247  -7.915  11.306 0.1111110002
20178  62.565  -9.118  11.184 0.1111110002
20179  61.746  -9.291  11.016 0.1111110002
37523  59.712  -9.654  11.237 0.1111110002
27071  58.583  -9.803  11.431 0.1111110002
27085  63.242  -9.008  11.605 0.1111110002
4806  62.086  -8.086  10.446 0.1111110002
37524  61.191  -8.216  10.381 0.1111110002
9099  63.311  -8.036  14.973 0.1111110002
20191  62.490  -7.619  13.620 0.1111110002
12489  62.942  -6.996  11.932 0.1111110002
20190  61.065  -6.929  13.423 0.1111110002
27070  57.520  -9.814  11.535 0.1111110002
27084  62.728  -7.950  10.701 0.1111110002
12486  62.558  -6.716  10.624 0.1111110002
12421  54.106  -2.960  23.242 0.1111110002
12487  62.840  -6.744  11.202 0.1111110002
511  62.251  -5.623  11.434 0.1111110002
20192  62.026  -7.922  14.562 0.1111110002
4809  63.627  -7.977  12.936 0.1111110002
27087  63.749  -8.908  12.252 0.1111110002
6629  61.648  -6.439  12.702 0.1111110002
