#!ascii label  , from subject fsaverage6 vox2ras=TkReg 
1784
26675  15.799  -43.316  71.466 0.1000000015
4581  16.006  -44.535  69.851 0.1000000015
26677  16.029  -43.167  70.150 0.1000000015
12262  16.353  -44.334  68.526 0.1000000015
26678  16.345  -43.074  68.788 0.2000000030
2084  16.516  -41.659  67.854 0.3000000119
26680  16.980  -42.723  66.313 0.2000000030
19503  16.114  -40.243  68.020 0.4000000060
19505  16.917  -41.619  66.618 0.3000000119
36712  17.437  -42.615  65.055 0.3000000119
1040  23.301  -43.701  59.442 0.3000000119
10642  22.570  -45.417  60.598 0.1000000015
103  21.337  -44.978  60.021 0.1000000015
30501  18.560  -32.932  73.098 0.4000000060
30500  19.255  -32.206  73.246 0.4000000060
30502  17.736  -33.620  72.399 0.3000000119
12253  17.464  -34.812  70.425 0.3000000119
478  16.637  -35.865  69.430 0.3000000119
36708  16.077  -37.068  68.812 0.3000000119
19504  16.636  -40.362  66.885 0.4000000060
36709  16.527  -38.866  67.306 0.4000000060
36710  17.178  -40.355  65.953 0.4000000060
8821  17.386  -41.610  65.499 0.4000000060
36713  17.912  -42.522  64.005 0.4000000060
30473  25.819  -43.437  58.514 0.3000000119
6478  23.911  -43.098  58.403 0.3000000119
32924  22.663  -42.583  57.816 0.3000000119
23761  24.328  -45.149  61.510 0.2000000030
36714  18.377  -42.465  63.025 0.3000000119
23759  24.149  -44.270  60.330 0.2000000030
10641  23.183  -44.989  60.622 0.2000000030
8814  19.484  -43.168  61.019 0.3000000119
36715  18.843  -43.298  61.625 0.2000000030
8822  18.323  -43.464  62.536 0.2000000030
32925  22.377  -42.756  58.431 0.3000000119
10640  22.011  -44.625  59.989 0.1000000015
36690  20.172  -44.097  60.159 0.1000000015
32928  22.072  -43.097  58.986 0.3000000119
32931  20.923  -43.919  59.908 0.1000000015
7485  20.522  -42.851  59.916 0.3000000119
1046  20.114  -32.373  72.618 0.5000000000
26661  19.468  -33.313  72.193 0.5000000000
26662  20.253  -33.587  71.338 0.4000000060
26663  19.363  -34.367  70.436 0.4000000060
12254  18.292  -35.194  69.463 0.3000000119
12255  17.308  -36.076  68.541 0.3000000119
12257  16.745  -37.332  67.833 0.3000000119
4575  18.099  -36.251  67.706 0.3000000119
36624  31.439  -45.415  60.266 0.1000000015
2074  30.679  -44.975  59.240 0.2000000030
4577  17.090  -38.929  66.332 0.4000000060
36620  28.630  -44.128  59.874 0.2000000030
26669  17.645  -40.323  64.919 0.3000000119
12237  26.296  -43.331  57.824 0.3000000119
30472  24.337  -43.013  57.797 0.3000000119
36711  17.871  -41.537  64.489 0.4000000060
23760  23.668  -44.643  60.523 0.2000000030
23758  22.943  -44.015  59.671 0.2000000030
2960  22.501  -44.290  59.865 0.2000000030
19487  18.943  -42.277  62.221 0.3000000119
2082  18.305  -41.391  63.501 0.3000000119
16443  21.979  -41.633  56.945 0.3000000119
32930  21.322  -43.698  59.583 0.3000000119
19486  19.455  -42.054  61.522 0.3000000119
36689  20.068  -42.954  60.437 0.2000000030
8813  19.220  -40.883  61.821 0.4000000060
36688  19.888  -41.803  60.725 0.4000000060
36687  19.555  -40.641  60.955 0.3000000119
36686  18.897  -39.512  61.994 0.3000000119
19475  20.902  -32.654  72.028 0.4000000060
19473  20.562  -31.593  72.517 0.4000000060
12232  36.434  -46.741  59.036 0.1000000015
475  35.783  -46.236  59.499 0.1000000015
36676  20.840  -33.735  70.483 0.5000000000
4574  19.980  -34.562  69.463 0.3000000119
12256  17.418  -37.448  66.976 0.3000000119
19427  32.096  -45.453  59.323 0.2000000030
26633  29.138  -44.283  58.927 0.2000000030
26667  18.045  -37.442  65.961 0.4000000060
4557  27.655  -43.706  58.470 0.3000000119
228  24.837  -42.914  57.201 0.3000000119
32923  23.066  -42.428  57.219 0.3000000119
32929  21.790  -43.476  59.313 0.3000000119
19485  18.847  -41.218  62.706 0.4000000060
7483  21.617  -41.828  57.540 0.3000000119
32927  21.276  -41.952  58.270 0.3000000119
7484  21.092  -42.323  58.979 0.3000000119
16448  20.822  -42.636  59.545 0.3000000119
19484  18.584  -39.848  63.011 0.3000000119
16446  20.461  -41.072  58.480 0.4000000060
16447  20.372  -41.343  59.383 0.4000000060
16449  20.194  -41.666  60.061 0.4000000060
1563  19.764  -40.345  60.061 0.4000000060
36684  19.244  -39.239  61.058 0.3000000119
6488  20.782  -30.878  71.901 0.4000000060
19474  21.344  -31.761  72.120 0.4000000060
36674  22.135  -31.984  71.571 0.5000000000
8809  21.575  -32.839  71.240 0.4000000060
36618  34.825  -45.985  59.646 0.1000000015
8790  33.576  -45.793  59.557 0.1000000015
36675  22.294  -33.048  70.497 0.4000000060
36677  21.441  -33.853  69.714 0.4000000060
19477  20.557  -34.539  68.672 0.3000000119
26664  18.977  -35.271  68.546 0.3000000119
19423  29.730  -44.324  58.154 0.2000000030
2080  23.018  -33.227  69.834 0.4000000060
36678  22.111  -33.933  68.807 0.4000000060
19476  19.627  -35.256  67.658 0.3000000119
26668  17.590  -38.977  65.304 0.4000000060
26632  28.238  -43.730  57.715 0.2000000030
26666  18.502  -37.232  64.887 0.4000000060
4576  18.159  -38.704  64.400 0.4000000060
12236  26.786  -43.223  57.136 0.3000000119
19483  18.092  -40.181  63.970 0.4000000060
32913  24.096  -42.234  55.994 0.3000000119
32922  23.521  -42.283  56.646 0.3000000119
7482  22.430  -41.421  56.337 0.3000000119
36685  18.544  -38.354  63.323 0.4000000060
8812  18.989  -38.170  62.378 0.4000000060
16444  21.116  -40.610  57.066 0.3000000119
32926  20.760  -40.856  57.663 0.4000000060
16445  19.907  -40.052  59.045 0.4000000060
24846  19.534  -39.015  59.959 0.4000000060
24845  19.919  -38.726  59.286 0.4000000060
36673  21.699  -31.082  71.612 0.4000000060
12230  36.113  -45.892  58.470 0.2000000030
12231  36.632  -46.515  57.974 0.1000000015
30471  35.257  -45.582  58.624 0.1000000015
26660  23.005  -32.241  71.040 0.5000000000
36617  34.074  -45.448  58.576 0.1000000015
19426  32.766  -45.276  58.357 0.2000000030
19425  31.203  -44.954  58.320 0.2000000030
8810  21.141  -34.496  67.870 0.4000000060
19478  20.091  -35.180  66.754 0.3000000119
2081  19.210  -36.097  65.697 0.3000000119
4555  25.904  -42.619  55.915 0.3000000119
12235  25.318  -42.801  56.454 0.3000000119
36679  21.715  -34.509  66.861 0.3000000119
19479  20.604  -35.084  65.766 0.3000000119
32921  22.945  -41.228  55.682 0.3000000119
19482  19.045  -37.087  63.967 0.4000000060
16442  21.638  -40.384  56.393 0.3000000119
36683  19.385  -37.904  61.467 0.4000000060
3563  20.220  -39.776  58.249 0.4000000060
17  29.519  -31.262  69.279 0.2000000030
10309  28.846  -32.030  69.411 0.2000000030
4572  22.672  -31.362  71.330 0.3000000119
23161  28.819  -33.603  67.397 0.6000000238
10308  28.936  -32.930  68.631 0.6000000238
29080  27.468  -34.502  64.325 0.6000000238
23160  28.589  -34.157  65.727 0.6000000238
26622  36.713  -46.322  56.967 0.1000000015
26621  36.526  -46.192  55.892 0.1000000015
13639  28.248  -34.563  63.938 0.6000000238
2628  27.802  -34.066  66.147 0.6000000238
8789  31.654  -44.825  57.546 0.2000000030
19424  30.146  -44.317  57.340 0.2000000030
29078  26.660  -35.071  60.929 0.6000000238
4556  28.646  -43.737  57.032 0.2000000030
5881  27.090  -34.819  62.583 0.6000000238
19472  22.758  -34.024  67.981 0.4000000060
16433  24.119  -40.952  54.581 0.3000000119
7479  23.502  -41.162  55.036 0.3000000119
32920  22.711  -40.016  55.149 0.4000000060
8808  22.391  -34.580  66.020 0.5000000000
36680  21.192  -35.063  64.841 0.5000000000
19480  19.683  -35.963  64.734 0.4000000060
8811  20.144  -35.874  63.754 0.4000000060
36682  19.921  -36.784  62.064 0.4000000060
19481  19.400  -36.923  62.969 0.4000000060
3564  19.877  -37.763  60.536 0.4000000060
24843  20.630  -39.532  57.614 0.4000000060
24844  20.378  -38.479  58.530 0.5000000000
26659  23.647  -31.626  70.975 0.3000000119
4571  24.583  -31.879  70.667 0.4000000060
19470  23.788  -33.476  69.041 0.4000000060
23162  28.023  -33.519  67.805 0.5000000000
19471  23.510  -34.140  67.189 0.4000000060
13638  27.919  -34.818  62.167 0.6000000238
26620  36.196  -45.221  56.429 0.1000000015
1038  35.957  -45.099  55.422 0.1000000015
26631  27.277  -43.091  56.498 0.2000000030
16432  23.787  -39.545  54.150 0.4000000060
16435  25.345  -35.578  59.397 0.6000000238
32915  24.421  -36.485  56.437 0.5000000000
16434  23.246  -39.785  54.566 0.4000000060
32919  22.889  -38.657  55.106 0.4000000060
36681  20.722  -35.857  62.774 0.5000000000
16441  22.158  -40.148  55.759 0.4000000060
11244  20.538  -36.634  61.100 0.4000000060
16440  21.690  -38.929  56.285 0.3000000119
1562  21.140  -39.265  56.906 0.4000000060
11243  20.427  -37.500  59.789 0.5000000000
4550  36.258  -45.523  57.456 0.2000000030
19468  23.874  -32.564  70.467 0.4000000060
8807  24.653  -33.676  68.320 0.4000000060
30470  35.492  -45.139  57.703 0.2000000030
6477  34.533  -44.995  57.622 0.2000000030
36616  33.222  -45.001  57.582 0.2000000030
36613  28.981  -43.653  56.342 0.2000000030
26630  27.652  -43.021  55.915 0.2000000030
36671  23.108  -34.721  65.140 0.5000000000
30464  34.923  -44.231  53.879 0.1000000015
7478  24.553  -40.636  54.039 0.3000000119
6474  35.011  -45.087  53.613 0.1000000015
16436  24.846  -35.999  57.827 0.5000000000
29085  22.669  -35.212  63.058 0.5000000000
36672  21.879  -35.145  63.896 0.5000000000
30463  34.471  -44.179  52.829 0.1000000015
32916  23.445  -37.403  55.555 0.6000000238
6473  33.830  -43.558  52.025 0.1000000015
30461  33.936  -44.159  51.885 0.1000000015
30648  33.455  -43.801  50.973 0.1000000015
32918  22.852  -37.668  56.011 0.4000000060
229  21.486  -35.794  61.951 0.5000000000
11242  21.218  -36.430  60.521 0.5000000000
3562  20.991  -37.245  59.087 0.5000000000
2629  28.102  -32.858  69.036 0.2000000030
707  29.428  -34.278  65.215 0.6999999881
36670  24.315  -34.244  66.383 0.5000000000
36615  32.011  -44.621  56.781 0.2000000030
36614  30.442  -44.239  56.571 0.2000000030
26629  26.357  -42.403  55.349 0.3000000119
29081  26.210  -34.822  62.978 0.6000000238
5883  23.831  -34.864  64.214 0.5000000000
30465  35.268  -44.298  54.804 0.2000000030
29079  25.823  -35.153  61.264 0.6000000238
16437  24.102  -36.091  58.255 0.5000000000
708  24.558  -35.673  59.950 0.5000000000
11240  22.264  -35.722  61.436 0.5000000000
14628  34.167  -43.639  53.014 0.1000000015
7480  23.787  -36.676  56.848 0.6000000238
11241  21.911  -36.321  59.891 0.5000000000
14760  33.085  -43.168  51.164 0.1000000015
7481  22.271  -38.787  55.678 0.3000000119
30647  32.896  -43.333  50.094 0.1000000015
24842  20.926  -38.144  57.851 0.5000000000
19465  26.600  -30.908  69.757 0.2000000030
36664  27.979  -31.871  69.805 0.1000000015
10307  29.766  -32.132  69.032 0.4000000060
23159  29.727  -33.738  66.915 0.6999999881
2627  29.848  -33.043  68.290 0.6999999881
13637  29.146  -34.618  63.567 0.6999999881
13640  27.003  -33.992  66.550 0.5000000000
23163  27.233  -33.446  68.123 0.4000000060
13641  26.656  -34.490  64.725 0.5000000000
1560  26.737  -42.236  54.804 0.3000000119
32914  25.633  -35.857  57.534 0.6000000238
29077  27.481  -35.098  60.538 0.6000000238
5882  25.404  -34.880  63.393 0.6000000238
30468  35.520  -44.462  55.822 0.2000000030
32909  24.994  -40.297  53.616 0.4000000060
29076  26.969  -35.380  58.873 0.6000000238
6475  34.427  -43.732  54.078 0.2000000030
16430  24.028  -38.101  54.238 0.4000000060
24837  24.074  -37.125  55.142 0.6000000238
11239  26.411  -35.700  57.338 0.6000000238
3560  23.136  -35.685  60.946 0.5000000000
14629  33.317  -43.374  53.304 0.2000000030
32917  23.051  -36.819  57.335 0.5000000000
14627  33.148  -43.103  52.275 0.2000000030
16439  22.213  -37.764  56.637 0.5000000000
14759  32.321  -42.808  51.497 0.2000000030
30646  32.265  -42.839  49.203 0.2000000030
6552  32.389  -42.794  50.379 0.2000000030
16438  21.539  -37.920  57.215 0.4000000060
34608  28.557  -31.051  69.534 0.3000000119
23184  30.806  -33.407  67.498 0.6999999881
10320  30.754  -32.555  68.480 0.5000000000
30469  35.567  -44.730  56.747 0.2000000030
5879  28.757  -34.850  61.867 0.8000000119
36666  26.467  -33.300  68.762 0.4000000060
14634  33.504  -44.680  56.799 0.2000000030
709  26.184  -34.005  66.916 0.5000000000
29084  23.442  -35.279  62.504 0.5000000000
36612  30.744  -44.167  55.849 0.2000000030
8788  29.269  -43.566  55.602 0.2000000030
29082  25.007  -35.277  61.693 0.5000000000
30467  34.634  -43.995  54.993 0.2000000030
19421  28.159  -42.793  54.609 0.3000000119
19420  26.976  -42.039  54.236 0.3000000119
16431  24.332  -39.246  53.715 0.4000000060
24836  24.735  -36.857  54.863 0.6000000238
3559  25.094  -36.254  56.095 0.6999999881
24839  23.422  -36.203  58.802 0.5000000000
30466  33.464  -43.680  54.237 0.2000000030
1037  32.085  -42.992  52.616 0.2000000030
14757  31.263  -42.656  51.840 0.2000000030
30645  31.614  -42.358  49.659 0.2000000030
2640  31.681  -33.736  66.827 0.8000000119
13678  31.402  -34.287  65.309 0.6999999881
13677  30.540  -34.044  66.060 0.6999999881
13679  30.241  -34.504  64.390 0.6999999881
13680  29.951  -34.740  62.869 0.6999999881
14633  34.706  -44.527  56.800 0.2000000030
13642  25.793  -34.485  65.148 0.6000000238
6476  34.679  -44.297  55.914 0.2000000030
1039  32.243  -44.369  55.919 0.2000000030
29075  28.314  -35.143  60.215 0.6999999881
13643  24.593  -34.927  63.748 0.5000000000
29083  24.207  -35.311  62.056 0.5000000000
36611  29.440  -43.457  54.930 0.2000000030
32907  25.923  -41.206  53.803 0.3000000119
3558  24.607  -37.746  53.914 0.5000000000
24840  22.682  -36.249  59.328 0.5000000000
24841  21.634  -37.041  58.392 0.5000000000
23832  30.015  -42.427  51.972 0.2000000030
23827  27.596  -38.806  51.154 0.2000000030
23828  27.954  -39.990  50.808 0.2000000030
23831  29.342  -41.778  51.273 0.2000000030
3000  30.485  -42.185  51.063 0.2000000030
14758  31.558  -42.475  50.750 0.2000000030
30634  28.440  -37.728  50.395 0.2000000030
2998  28.081  -38.792  50.551 0.2000000030
23830  29.655  -41.552  50.423 0.2000000030
30644  30.650  -42.038  50.071 0.2000000030
6551  30.795  -41.889  48.901 0.2000000030
30643  31.562  -42.313  48.457 0.2000000030
3561  22.367  -36.928  57.865 0.5000000000
14749  28.741  -36.733  51.082 0.4000000060
14756  29.910  -41.395  49.319 0.2000000030
14748  29.725  -36.212  51.340 0.5000000000
29132  32.574  -34.020  66.006 0.8000000119
227  27.770  -35.360  58.648 0.6999999881
14630  32.245  -44.085  55.108 0.2000000030
11238  25.832  -36.052  55.920 0.6999999881
24838  23.827  -35.722  60.406 0.5000000000
23757  30.846  -43.910  55.034 0.2000000030
2959  29.570  -43.285  54.168 0.3000000119
7476  27.115  -41.804  53.677 0.3000000119
7477  25.461  -39.937  53.288 0.4000000060
32908  24.870  -38.875  53.438 0.4000000060
3557  26.523  -35.857  55.745 0.6999999881
23754  32.095  -43.386  53.452 0.2000000030
32906  26.208  -40.910  53.324 0.4000000060
24834  25.254  -37.355  53.783 0.4000000060
24835  25.419  -36.557  54.728 0.6000000238
24833  26.103  -36.300  54.580 0.6000000238
23753  30.873  -42.932  52.770 0.2000000030
16428  25.842  -39.471  52.920 0.4000000060
16429  25.383  -38.377  53.180 0.4000000060
32905  26.525  -40.559  52.950 0.4000000060
1559  25.876  -36.961  53.548 0.4000000060
2999  28.356  -41.090  51.366 0.2000000030
23829  28.741  -40.902  50.620 0.2000000030
14750  28.409  -39.831  50.151 0.2000000030
14755  30.006  -41.212  48.220 0.2000000030
1079  29.118  -40.700  49.790 0.2000000030
30631  30.858  -35.931  51.633 0.5000000000
6545  30.410  -35.656  52.437 0.5000000000
29131  33.235  -34.730  63.810 0.6999999881
29133  32.279  -34.522  64.490 0.6999999881
29134  31.978  -34.838  62.925 0.6999999881
720  32.908  -34.960  62.333 0.6999999881
5904  31.145  -34.685  63.679 0.6999999881
29135  30.825  -34.933  62.103 0.6999999881
29136  29.557  -34.971  61.222 0.6999999881
14631  33.558  -44.018  55.058 0.3000000119
11237  27.147  -35.573  57.173 0.6999999881
2958  32.214  -43.745  54.259 0.2000000030
23755  30.819  -43.346  53.510 0.2000000030
36610  28.263  -42.599  53.979 0.3000000119
2957  29.619  -42.680  52.741 0.2000000030
32904  27.355  -41.613  53.159 0.3000000119
10680  28.867  -42.017  52.003 0.2000000030
7475  26.221  -39.042  52.534 0.4000000060
16427  25.923  -37.935  52.869 0.4000000060
14754  29.360  -40.555  48.722 0.2000000030
14747  29.252  -35.946  52.021 0.4000000060
6547  29.135  -36.857  50.422 0.3000000119
30635  28.807  -37.684  49.654 0.2000000030
14751  28.457  -38.729  49.828 0.2000000030
6549  29.444  -40.297  47.661 0.2000000030
30632  30.101  -36.319  50.545 0.3000000119
6548  28.774  -38.540  48.990 0.2000000030
30629  31.610  -35.693  52.876 0.5000000000
5902  35.161  -34.746  63.509 0.8000000119
16547  34.076  -34.929  62.960 0.6999999881
16548  34.924  -35.040  62.082 0.6999999881
24905  31.619  -35.007  61.457 0.6999999881
3597  30.401  -35.056  60.671 0.6999999881
24907  31.171  -35.166  60.093 0.6999999881
11278  29.767  -35.252  59.131 0.6999999881
11277  29.005  -35.246  59.539 0.6999999881
11279  28.372  -35.396  58.081 0.6999999881
3599  29.093  -35.347  57.678 0.6999999881
11280  27.721  -35.489  56.700 0.6999999881
10638  29.575  -43.069  53.520 0.2000000030
10639  28.368  -42.442  53.373 0.2000000030
24912  27.148  -35.682  55.340 0.6999999881
10637  28.448  -42.163  52.674 0.2000000030
101  27.468  -41.313  52.571 0.3000000119
10679  27.872  -41.213  51.970 0.2000000030
10678  27.538  -40.080  51.433 0.3000000119
10677  27.129  -40.153  51.987 0.3000000119
32903  26.709  -40.200  52.501 0.3000000119
16557  26.716  -36.096  54.080 0.6999999881
2997  27.153  -38.838  51.629 0.3000000119
16560  26.484  -37.738  52.396 0.4000000060
16559  26.450  -36.763  53.089 0.5000000000
1077  28.255  -36.639  51.657 0.4000000060
23826  28.004  -37.639  51.022 0.3000000119
14753  28.940  -39.507  48.333 0.2000000030
240  32.786  -35.696  53.180 0.5000000000
30630  32.033  -35.890  51.908 0.4000000060
11275  38.190  -34.434  62.159 0.6999999881
11274  38.426  -33.870  63.404 0.6999999881
11276  37.337  -34.429  63.090 0.6999999881
33056  36.091  -34.832  62.624 0.8000000119
16549  33.790  -35.102  61.560 0.6999999881
3596  37.010  -34.810  61.723 0.6999999881
24906  32.544  -35.115  60.883 0.6999999881
33057  35.748  -35.116  61.159 0.6999999881
7532  34.619  -35.170  60.791 0.6999999881
33059  33.399  -35.231  60.173 0.6999999881
3598  31.973  -35.194  59.391 0.6999999881
24908  30.545  -35.242  58.576 0.6999999881
24909  29.813  -35.229  57.110 0.6999999881
24911  28.440  -35.363  56.207 0.6999999881
33072  26.727  -38.902  52.120 0.3000000119
23825  27.521  -37.599  51.466 0.3000000119
33071  26.999  -37.634  51.941 0.3000000119
33054  34.987  -35.334  55.030 0.6000000238
33065  31.112  -35.382  53.594 0.5000000000
33066  29.809  -35.436  53.081 0.6000000238
33055  33.620  -35.513  54.601 0.6000000238
33064  32.326  -35.492  54.154 0.6000000238
12347  34.122  -35.498  53.528 0.6000000238
6546  31.191  -36.016  50.746 0.4000000060
19765  30.509  -36.267  49.735 0.4000000060
3594  39.245  -33.905  62.457 0.6999999881
24902  38.933  -34.404  61.151 0.8999999762
24901  39.521  -34.211  60.125 0.8999999762
24903  37.734  -34.783  60.730 0.6999999881
3595  38.328  -34.652  59.748 0.8000000119
24904  36.565  -35.106  60.303 0.6999999881
33058  35.319  -35.251  59.787 0.6999999881
33060  34.149  -35.239  59.391 0.6999999881
16542  37.231  -34.992  59.323 0.6999999881
1583  36.015  -35.220  58.908 0.6999999881
33061  34.820  -35.332  58.448 0.6999999881
16551  32.783  -35.244  58.691 0.6999999881
16550  31.286  -35.175  57.874 0.6999999881
24910  29.161  -35.179  55.707 0.6999999881
3600  27.795  -35.479  54.858 0.6999999881
16545  35.766  -35.247  56.440 0.6999999881
7531  34.491  -35.411  56.026 0.6999999881
16558  27.321  -35.885  53.614 0.6000000238
33053  36.071  -34.998  55.361 0.6999999881
33070  27.708  -36.565  52.099 0.3000000119
7536  27.065  -36.635  52.565 0.5000000000
12349  33.285  -35.621  52.130 0.5000000000
37025  32.458  -35.707  50.921 0.4000000060
19766  31.653  -35.809  49.882 0.4000000060
24900  39.971  -33.833  61.462 0.8000000119
24899  40.277  -32.981  62.702 0.8000000119
1581  40.644  -33.587  60.413 0.8000000119
16541  40.048  -33.915  59.034 0.8000000119
33050  38.896  -34.427  58.647 0.8000000119
7533  33.430  -35.310  57.873 0.6999999881
16543  37.686  -34.806  58.249 0.8000000119
16552  32.003  -35.164  57.185 0.6999999881
16544  36.545  -35.131  57.867 0.6999999881
1584  30.532  -35.100  56.429 0.6999999881
33063  33.200  -35.408  55.546 0.6999999881
16556  29.830  -35.120  55.007 0.6999999881
33068  28.488  -35.334  54.273 0.6999999881
33051  38.085  -34.554  57.242 0.8000000119
7530  36.947  -34.927  56.822 0.6999999881
33052  37.167  -34.557  55.761 0.6999999881
33067  28.634  -35.831  52.525 0.4000000060
33069  27.982  -35.800  53.054 0.5000000000
4667  35.273  -35.027  53.918 0.6000000238
19767  30.833  -36.079  48.761 0.4000000060
37026  32.816  -35.324  50.116 0.4000000060
16535  41.065  -32.894  61.809 0.6999999881
16539  41.125  -33.200  59.266 0.6999999881
16546  35.282  -35.339  57.452 0.6999999881
33062  34.018  -35.403  56.963 0.6999999881
16553  32.672  -35.259  56.408 0.6999999881
16554  31.242  -35.122  55.731 0.6999999881
7535  29.142  -35.328  53.620 0.6000000238
16555  30.508  -35.197  54.355 0.6000000238
33049  38.339  -34.130  56.135 0.8000000119
26831  36.283  -34.557  54.351 0.6999999881
4669  33.587  -35.236  51.256 0.4000000060
12348  34.470  -35.133  52.573 0.5000000000
16536  42.048  -31.745  62.009 0.6000000238
16537  41.812  -32.676  60.829 0.6999999881
7527  41.516  -32.777  58.153 0.6999999881
16540  40.383  -33.516  57.903 0.6999999881
33045  41.845  -32.395  57.015 0.6999999881
7529  39.258  -34.121  57.617 0.8000000119
33047  40.681  -33.112  56.704 0.8000000119
7534  31.841  -35.268  54.976 0.6000000238
33048  39.518  -33.664  56.513 0.8000000119
19757  38.497  -33.662  54.966 0.8000000119
19759  37.500  -33.655  53.427 0.8000000119
8924  37.687  -33.246  52.353 0.8000000119
1582  37.340  -34.090  54.629 0.6999999881
37019  36.650  -33.754  52.101 0.8000000119
26832  36.438  -34.105  53.171 0.6999999881
26833  35.480  -34.628  52.950 0.6999999881
4668  35.625  -34.233  51.878 0.6999999881
26841  30.771  -36.469  43.664 0.1000000015
37037  31.143  -36.055  42.693 0.1000000015
19776  31.245  -36.698  41.934 0.1000000015
8931  31.838  -36.457  41.014 0.1000000015
33043  43.445  -31.202  60.146 0.8000000119
7526  42.749  -31.531  61.129 0.6999999881
16538  42.331  -32.263  59.789 0.6999999881
33044  42.801  -31.880  58.609 0.6999999881
33046  40.843  -32.531  55.525 0.8000000119
7528  39.720  -33.158  55.324 0.8000000119
37016  39.809  -32.547  53.985 0.8000000119
19758  38.645  -33.134  53.711 0.8000000119
37018  37.920  -32.880  51.255 0.6999999881
37020  36.838  -33.411  51.107 0.6999999881
37021  37.062  -33.082  50.145 0.6000000238
8925  35.988  -33.579  49.908 0.5000000000
37022  36.174  -33.243  48.911 0.5000000000
19763  35.015  -33.693  48.589 0.5000000000
19761  35.846  -33.890  50.920 0.6000000238
19762  34.993  -34.054  49.736 0.5000000000
19760  34.890  -34.437  50.771 0.5000000000
19764  33.990  -34.024  48.360 0.5000000000
8926  34.037  -33.647  47.152 0.5000000000
26834  34.709  -34.735  51.688 0.5000000000
2120  33.921  -34.414  49.490 0.5000000000
37031  33.050  -34.139  46.959 0.5000000000
19771  32.321  -34.433  45.836 0.4000000060
37027  32.899  -34.907  49.174 0.5000000000
37030  32.973  -34.494  48.128 0.5000000000
8929  32.444  -34.011  44.666 0.3000000119
19773  31.905  -34.445  43.615 0.1000000015
2121  31.017  -35.820  44.718 0.3000000119
19774  31.270  -35.431  43.660 0.1000000015
8930  31.598  -35.059  42.588 0.1000000015
37038  31.610  -35.731  41.735 0.1000000015
2990  44.022  -30.921  59.031 0.6999999881
33041  42.810  -30.472  62.193 0.5000000000
10670  43.221  -31.542  57.422 0.6000000238
108  42.049  -31.896  55.792 0.8000000119
10676  40.984  -31.945  54.296 0.8000000119
23824  39.043  -32.339  51.448 0.8000000119
37017  38.789  -32.679  52.489 0.8000000119
1076  38.140  -32.587  50.335 0.6999999881
14746  37.213  -32.817  49.107 0.6999999881
37023  35.079  -33.248  47.378 0.5000000000
37024  34.137  -33.275  45.988 0.5000000000
37032  33.205  -33.767  45.857 0.5000000000
37033  33.320  -33.359  44.699 0.5000000000
37034  32.731  -33.603  43.583 0.1000000015
23814  44.974  -29.618  59.435 0.5000000000
10671  44.540  -30.558  57.901 0.6999999881
10672  43.511  -31.121  56.275 0.8000000119
10674  42.223  -31.366  54.623 0.8000000119
2996  39.998  -32.047  52.726 0.8000000119
14742  39.215  -32.011  50.593 0.8000000119
14744  38.257  -32.285  49.323 0.8000000119
6544  36.169  -32.875  47.549 0.5000000000
30628  35.127  -32.807  46.019 0.5000000000
491  34.251  -32.785  44.775 0.3000000119
37035  32.316  -34.109  42.548 0.1000000015
23815  45.518  -29.267  58.401 0.5000000000
2992  44.802  -30.128  56.857 0.8000000119
10673  43.649  -30.599  55.106 0.8000000119
10675  41.131  -31.462  53.062 0.8000000119
23823  40.096  -31.696  51.712 0.8000000119
2995  40.157  -31.415  50.846 0.8000000119
14743  39.288  -31.700  49.620 0.8000000119
6543  38.307  -31.961  48.193 0.8000000119
14745  37.297  -32.449  47.858 0.5000000000
30627  36.273  -32.389  46.294 0.4000000060
12342  35.271  -32.260  44.953 0.3000000119
12344  34.338  -32.344  43.633 0.3000000119
12346  33.479  -32.942  43.551 0.2000000030
26829  33.300  -32.956  41.485 0.1000000015
14728  46.183  -27.821  58.690 0.5000000000
23816  45.824  -28.881  57.334 0.6999999881
23818  44.915  -29.645  55.715 0.8000000119
2994  42.280  -30.854  53.471 0.8000000119
23822  41.155  -31.018  52.046 0.8000000119
23821  41.127  -30.766  51.264 0.6999999881
30623  40.193  -31.132  50.038 0.8000000119
30624  39.261  -31.357  48.640 0.8000000119
30625  38.223  -31.462  47.019 0.6999999881
30626  37.235  -31.939  46.602 0.4000000060
26822  37.134  -31.390  45.399 0.6000000238
4662  36.209  -31.834  45.109 0.4000000060
12343  35.251  -31.813  43.765 0.3000000119
26825  35.333  -31.307  42.629 0.3000000119
4664  34.462  -31.917  42.541 0.3000000119
14730  46.837  -26.206  58.950 0.5000000000
1072  46.573  -27.499  57.664 0.6000000238
23819  43.612  -30.066  54.043 0.8000000119
23820  42.230  -30.414  52.520 0.8000000119
1074  42.183  -30.173  51.703 0.8000000119
6542  40.222  -30.746  48.898 0.6999999881
30621  40.213  -30.295  47.629 0.6999999881
30622  39.191  -30.918  47.280 0.6999999881
1075  38.110  -30.893  45.703 0.6999999881
26823  37.103  -30.794  44.185 0.5000000000
26824  36.168  -31.318  43.970 0.4000000060
4663  36.218  -30.753  42.819 0.3000000119
19745  35.512  -30.872  41.502 0.3000000119
14732  47.334  -26.076  57.876 0.6000000238
23817  45.926  -28.560  56.166 0.8000000119
30613  45.945  -28.171  55.019 0.8000000119
2993  44.867  -29.221  54.586 0.8000000119
14735  43.558  -29.628  52.992 0.8000000119
14741  41.201  -30.496  50.394 0.6999999881
14740  41.254  -30.142  49.201 0.6999999881
19742  39.121  -30.278  45.987 0.6999999881
19743  39.087  -29.608  44.752 0.6000000238
37001  37.129  -30.157  43.028 0.3000000119
8918  38.077  -29.541  43.282 0.3000000119
35515  43.408  -30.747  38.240 0.3000000119
37002  37.268  -29.626  41.882 0.3000000119
18517  41.755  -29.175  37.669 0.2000000030
19746  36.365  -30.230  41.640 0.2000000030
14734  46.802  -27.229  56.548 0.8000000119
14736  44.749  -28.801  53.511 0.8000000119
6539  44.582  -28.494  52.411 0.6999999881
14738  43.424  -29.088  50.934 0.6999999881
14737  43.411  -29.389  52.008 0.8000000119
14739  42.222  -29.885  50.606 0.6999999881
6540  42.237  -29.492  49.400 0.6999999881
30619  41.213  -29.144  46.668 0.6999999881
30620  41.273  -29.664  47.954 0.6999999881
6541  40.199  -29.699  46.344 0.6999999881
36998  40.117  -29.046  45.091 0.6999999881
36999  39.036  -28.977  43.482 0.5000000000
37000  38.173  -29.007  42.082 0.5000000000
39357  49.278  -33.733  44.668 0.1000000015
21691  45.009  -30.929  38.822 0.2000000030
8411  44.072  -30.231  38.164 0.3000000119
21695  47.569  -33.209  42.673 0.1000000015
21694  46.797  -32.835  41.773 0.1000000015
9702  45.954  -31.529  39.654 0.1000000015
18518  42.542  -29.969  37.790 0.3000000119
36990  41.598  -27.972  38.172 0.4000000060
36993  40.089  -28.103  38.885 0.3000000119
8916  39.320  -28.684  38.821 0.2000000030
37003  37.545  -29.299  40.823 0.2000000030
36994  40.074  -29.084  38.146 0.2000000030
19741  37.977  -29.209  39.733 0.2000000030
6536  47.807  -24.579  57.875 0.6999999881
30614  45.836  -27.832  53.940 0.8000000119
30616  44.488  -28.082  51.230 0.6999999881
30617  43.357  -28.639  49.747 0.6999999881
39364  53.766  -33.890  47.342 0.1000000015
490  42.168  -28.490  46.880 0.6999999881
21707  52.040  -34.552  47.340 0.1000000015
12341  41.081  -28.496  45.310 0.6999999881
12339  42.102  -27.928  45.554 0.6999999881
4661  40.016  -28.471  43.768 0.6000000238
21705  51.065  -34.191  46.601 0.1000000015
9707  50.970  -33.442  45.208 0.1000000015
4659  42.065  -27.411  44.275 0.6999999881
12340  41.054  -27.952  44.048 0.6000000238
26821  39.125  -28.460  42.338 0.5000000000
39358  50.072  -33.300  44.307 0.1000000015
26819  41.065  -27.433  42.735 0.6000000238
26820  40.089  -27.930  42.514 0.4000000060
2116  42.047  -26.541  41.713 0.5000000000
26818  41.115  -27.038  41.491 0.4000000060
4660  40.231  -27.552  41.256 0.4000000060
2117  38.389  -28.671  40.903 0.2000000030
21697  48.409  -33.488  43.701 0.1000000015
19734  42.187  -26.332  40.530 0.5000000000
8915  40.922  -27.518  38.977 0.5000000000
19738  39.570  -27.938  39.923 0.4000000060
19737  39.259  -28.092  41.092 0.2000000030
21696  48.334  -32.895  42.302 0.1000000015
9703  47.539  -32.526  41.368 0.1000000015
39346  46.741  -32.057  40.476 0.1000000015
39343  45.767  -30.333  38.673 0.2000000030
35513  43.845  -28.899  37.755 0.3000000119
36989  42.333  -27.388  38.300 0.4000000060
39342  44.806  -29.637  38.147 0.3000000119
20  43.755  -27.490  37.838 0.5000000000
19739  38.742  -28.544  39.752 0.2000000030
39344  46.622  -31.045  39.359 0.1000000015
789  47.144  -30.527  39.216 0.1000000015
23309  46.371  -29.813  38.559 0.1000000015
25279  48.878  -23.816  36.513 0.4000000060
30610  48.098  -24.446  56.758 0.6999999881
14733  47.564  -25.851  56.812 0.8000000119
6538  46.849  -27.057  55.339 0.8000000119
30611  47.618  -25.637  55.584 0.6999999881
30612  46.841  -26.749  54.166 0.8000000119
30615  45.700  -27.434  52.742 0.6999999881
26809  45.564  -27.015  51.558 0.6999999881
4655  44.419  -27.695  50.029 0.6000000238
12335  43.288  -28.213  48.451 0.6999999881
30618  42.227  -29.022  48.213 0.6999999881
4657  44.131  -26.924  47.338 0.6999999881
12336  44.255  -27.313  48.677 0.6999999881
39362  53.670  -32.747  46.192 0.1000000015
12337  43.238  -27.685  47.054 0.6999999881
9708  52.835  -33.744  46.878 0.1000000015
26815  43.973  -26.461  45.991 0.8000000119
12338  43.131  -27.201  45.787 0.8000000119
1709  54.422  -31.554  45.452 0.1000000015
26814  44.781  -25.607  46.050 0.8000000119
4658  43.830  -25.983  44.620 0.8000000119
19730  43.011  -26.228  43.263 0.6999999881
26816  43.101  -26.730  44.540 0.6999999881
19732  42.982  -25.873  41.987 0.6000000238
19733  43.046  -25.736  40.690 0.5000000000
9704  49.211  -33.120  43.309 0.1000000015
39349  49.055  -32.409  41.978 0.1000000015
6029  48.874  -31.530  40.838 0.1000000015
36987  43.248  -25.842  39.510 0.5000000000
8914  42.500  -26.433  39.386 0.5000000000
39348  48.198  -32.077  41.018 0.1000000015
13889  47.969  -31.073  39.934 0.1000000015
36907  43.716  -26.262  38.613 0.5000000000
36988  43.000  -26.856  38.453 0.5000000000
39347  47.400  -31.607  40.167 0.1000000015
13885  46.718  -29.335  38.349 0.1000000015
10388  45.133  -27.789  37.872 0.4000000060
2709  45.516  -29.049  38.111 0.3000000119
10389  44.629  -28.304  37.833 0.4000000060
25280  49.251  -25.244  36.652 0.3000000119
6537  48.288  -24.272  55.555 0.8000000119
19720  47.634  -25.415  54.305 0.8000000119
1073  46.704  -26.283  52.992 0.8000000119
36971  48.973  -22.806  55.454 0.6999999881
19721  48.346  -24.061  54.280 0.8000000119
8909  48.280  -23.759  53.100 0.8000000119
19722  47.449  -25.004  53.063 0.8000000119
26810  46.413  -25.848  51.695 0.8000000119
26811  45.430  -26.660  50.368 0.6999999881
4656  46.221  -25.519  50.400 0.8000000119
26813  44.956  -26.061  47.501 0.8000000119
39365  54.553  -32.712  46.607 0.1000000015
21706  51.914  -33.583  46.118 0.1000000015
19731  43.766  -25.572  43.361 0.6000000238
39350  49.996  -32.627  42.922 0.1000000015
13888  48.388  -30.540  39.767 0.1000000015
3803  49.271  -23.151  36.229 0.3000000119
36972  49.147  -22.568  54.280 0.6999999881
36974  47.230  -24.705  51.786 0.8000000119
8886  45.145  -24.389  39.795 0.6000000238
19665  44.587  -24.794  39.740 0.6000000238
19723  46.062  -25.339  49.007 0.8000000119
19664  45.186  -24.173  41.029 0.6999999881
19725  46.965  -24.340  49.027 0.8000000119
26812  45.199  -26.362  48.963 0.8000000119
19727  46.837  -24.223  47.604 0.8999999762
2115  45.891  -25.064  47.517 0.8999999762
8912  45.640  -24.521  44.761 0.8999999762
19729  45.781  -24.794  46.095 0.8000000119
36905  44.793  -25.262  38.678 0.6000000238
36983  44.687  -25.222  44.674 0.8000000119
36904  45.269  -24.842  38.623 0.6000000238
39360  51.754  -32.898  44.695 0.1000000015
36906  44.250  -25.732  38.664 0.5000000000
2707  44.771  -26.481  37.928 0.5000000000
787  45.589  -25.498  37.680 0.6000000238
25289  53.457  -31.829  44.778 0.1000000015
17185  54.156  -30.893  44.334 0.1000000015
25288  53.193  -31.202  43.628 0.1000000015
13884  46.203  -26.204  37.236 0.6000000238
11488  52.269  -31.428  42.908 0.1000000015
29424  46.583  -27.536  37.373 0.2000000030
3808  53.809  -30.318  43.235 0.1000000015
25287  52.786  -30.656  42.501 0.1000000015
3807  51.820  -30.817  41.739 0.1000000015
11486  50.797  -30.734  40.965 0.1000000015
25283  50.244  -29.825  39.826 0.1000000015
6028  47.916  -29.469  38.665 0.1000000015
6027  46.935  -27.010  37.154 0.2000000030
25284  51.236  -30.090  40.563 0.1000000015
29426  48.349  -29.002  38.348 0.2000000030
29423  47.795  -27.824  37.450 0.2000000030
29422  47.307  -26.400  37.062 0.3000000119
17175  48.180  -27.123  37.287 0.2000000030
6026  47.634  -25.766  37.016 0.3000000119
3804  48.458  -24.442  36.754 0.4000000060
33846  49.644  -22.578  35.888 0.4000000060
36973  49.184  -22.454  53.104 0.6999999881
36976  49.195  -22.454  51.717 0.6999999881
36975  48.174  -23.530  51.825 0.8000000119
8910  48.093  -23.507  50.468 0.8000000119
19726  47.978  -23.506  48.995 0.8999999762
4636  47.626  -23.270  45.298 0.8000000119
19662  46.152  -23.677  42.533 0.8000000119
19663  45.950  -23.740  41.244 0.6999999881
26776  46.424  -23.723  43.788 0.8000000119
36903  45.810  -23.915  39.974 0.6999999881
2107  45.382  -24.163  42.249 0.8000000119
8913  43.762  -25.244  41.974 0.6999999881
36901  45.799  -24.275  38.739 0.6999999881
19666  44.558  -24.586  40.879 0.5000000000
13882  45.979  -24.875  37.730 0.6999999881
11485  50.282  -31.297  41.354 0.1000000015
3809  52.558  -32.022  44.035 0.1000000015
11487  51.236  -31.519  42.149 0.1000000015
3805  49.802  -30.399  40.201 0.1000000015
29421  46.973  -24.967  37.261 0.4000000060
33852  48.041  -25.096  36.966 0.3000000119
11484  47.888  -23.746  37.343 0.5000000000
11483  48.437  -23.057  37.196 0.5000000000
25278  48.925  -22.528  37.051 0.5000000000
7821  50.077  -21.937  35.493 0.5000000000
26808  49.989  -21.147  54.266 0.6999999881
2114  50.193  -21.214  52.981 0.6999999881
36980  47.823  -23.347  46.537 0.8999999762
36979  49.003  -22.705  47.939 0.8999999762
12316  48.918  -22.629  46.898 0.8999999762
12315  48.605  -22.745  45.729 0.8000000119
4635  47.062  -23.227  42.840 0.8000000119
36981  46.590  -23.864  45.043 0.8000000119
19728  46.761  -24.043  46.288 0.8999999762
8885  46.529  -23.377  40.204 0.6999999881
19661  47.532  -22.679  41.738 0.6999999881
36900  46.376  -23.736  38.894 0.6999999881
39361  52.729  -32.831  45.507 0.1000000015
11489  51.631  -32.121  43.341 0.1000000015
36899  47.035  -23.153  39.169 0.6999999881
6025  46.478  -24.271  37.924 0.6000000238
29419  47.054  -23.651  38.114 0.6999999881
307  47.634  -23.113  38.230 0.6999999881
25277  49.421  -21.968  36.834 0.6000000238
33844  50.503  -21.353  35.200 0.5000000000
21646  51.470  -21.668  34.161 0.3000000119
7820  51.040  -20.867  34.819 0.3000000119
19715  50.747  -19.827  54.079 0.5000000000
19719  50.356  -21.477  51.755 0.6000000238
8908  50.355  -21.728  50.458 0.8000000119
30586  51.374  -21.006  49.448 0.8999999762
487  50.140  -21.898  48.286 0.8999999762
12314  49.818  -22.007  47.164 0.8999999762
36978  49.157  -22.706  49.098 0.8999999762
26774  48.237  -22.747  44.328 0.8000000119
8911  47.941  -23.452  47.771 0.8999999762
26772  49.103  -22.091  44.572 0.8999999762
26773  47.926  -22.665  43.033 0.8000000119
36982  45.526  -24.337  43.561 0.8000000119
2106  48.666  -22.055  43.247 0.8000000119
19657  49.431  -21.443  43.319 0.8999999762
19659  48.321  -22.084  41.922 0.6999999881
8884  47.945  -22.319  40.539 0.6999999881
29429  49.739  -31.841  41.662 0.1000000015
36898  47.706  -22.591  39.352 0.6999999881
11482  48.291  -22.579  38.215 0.6999999881
3802  48.896  -22.067  38.184 0.6000000238
25276  49.473  -21.573  38.036 0.6000000238
1705  50.034  -21.011  37.791 0.6000000238
17169  49.936  -21.372  36.527 0.6000000238
33843  50.944  -20.251  35.917 0.5000000000
39289  52.048  -21.134  33.776 0.4000000060
4653  50.804  -18.562  54.748 0.4000000060
19718  51.314  -20.467  51.639 0.8000000119
36969  51.440  -20.785  50.551 0.8999999762
12312  51.058  -21.274  48.371 0.8999999762
12313  50.672  -21.450  47.161 0.8999999762
4632  51.959  -20.563  48.274 0.8999999762
4634  49.464  -22.136  45.859 0.8999999762
26770  51.558  -20.713  47.135 0.8999999762
26771  50.318  -21.449  45.955 0.8999999762
4633  51.119  -20.730  45.930 0.8999999762
19655  49.827  -21.439  44.653 0.8999999762
19656  50.607  -20.792  44.701 0.8999999762
19658  49.019  -21.604  41.988 0.6999999881
8881  49.409  -21.436  40.703 0.6999999881
36897  48.680  -21.842  40.703 0.6999999881
36888  49.132  -21.677  39.425 0.6999999881
36887  49.799  -21.244  39.350 0.6999999881
17167  50.633  -20.460  37.514 0.6000000238
17168  50.390  -20.810  36.249 0.6000000238
33842  51.577  -19.807  35.492 0.5000000000
24200  52.712  -20.525  33.438 0.4000000060
39288  51.676  -20.375  34.517 0.5000000000
30585  52.318  -20.237  49.454 0.8000000119
30584  53.027  -19.414  49.320 0.8999999762
26768  52.759  -19.641  48.253 1.0000000000
26769  52.316  -19.862  47.117 1.0000000000
36893  51.871  -20.038  45.960 1.0000000000
36894  51.358  -20.198  44.675 0.8999999762
8883  50.210  -20.892  43.381 0.8999999762
2104  54.286  -17.661  41.849 1.0000000000
19646  53.257  -18.596  40.911 0.8999999762
19651  50.480  -20.713  42.018 0.6999999881
19644  53.764  -17.989  40.491 0.8999999762
36884  52.680  -19.175  41.216 0.8999999762
19648  52.032  -19.650  41.592 0.8999999762
19643  54.417  -17.364  39.977 0.8000000119
8879  52.173  -19.412  39.874 0.8999999762
19650  50.126  -21.004  40.751 0.6999999881
8878  53.278  -18.363  39.076 0.8999999762
36880  52.776  -18.629  37.636 0.8000000119
36882  51.608  -19.670  38.471 0.8000000119
36883  51.064  -20.165  38.880 0.8999999762
36886  50.408  -20.745  39.147 0.8000000119
36881  52.171  -19.151  38.010 0.6999999881
106  52.344  -18.950  36.371 0.6000000238
33841  51.730  -19.434  36.756 0.6000000238
10884  52.245  -19.329  35.145 0.6000000238
3204  52.324  -19.837  34.184 0.5000000000
14715  53.109  -18.894  50.404 0.6999999881
30583  53.565  -18.378  49.160 0.6999999881
1065  53.310  -18.779  48.151 1.0000000000
8882  52.579  -19.327  45.852 1.0000000000
36892  52.149  -19.596  44.531 1.0000000000
2105  51.722  -19.852  43.220 1.0000000000
8877  55.729  -16.413  40.701 0.8000000119
19642  54.980  -17.022  41.295 0.8999999762
4630  53.226  -18.832  42.626 1.0000000000
19649  51.257  -20.205  41.875 1.0000000000
36876  56.778  -15.295  41.451 0.8000000119
8880  50.835  -20.473  40.539 1.0000000000
36878  55.204  -16.785  39.440 0.6999999881
19621  55.978  -16.175  39.037 0.6999999881
36879  53.818  -17.804  38.562 0.8000000119
8869  54.603  -17.188  38.112 0.6999999881
36853  53.331  -18.133  37.222 0.6999999881
10882  52.897  -18.533  35.995 0.6999999881
10883  52.837  -18.901  34.842 0.6000000238
36875  56.740  -14.902  42.341 0.6000000238
19639  56.575  -13.784  42.401 0.6000000238
19652  53.894  -17.974  47.892 0.8999999762
19653  53.648  -18.312  46.823 0.8999999762
4628  56.251  -15.576  42.895 0.8999999762
4629  55.153  -16.904  44.257 0.8000000119
12310  54.678  -17.406  44.712 0.8999999762
4631  54.019  -17.993  45.210 0.8999999762
36891  53.294  -18.635  45.613 1.0000000000
19641  56.158  -16.040  41.920 0.8999999762
26762  55.726  -16.212  43.543 0.8999999762
26765  54.212  -17.865  43.516 1.0000000000
26766  53.679  -18.444  43.947 1.0000000000
26767  52.956  -18.984  44.321 1.0000000000
8876  57.040  -14.128  41.839 0.6999999881
19640  55.466  -16.657  42.559 0.8999999762
26763  54.802  -17.309  43.077 0.8999999762
26764  53.758  -18.291  42.279 1.0000000000
19647  52.499  -19.338  42.943 1.0000000000
36874  57.310  -14.499  41.039 0.6999999881
36877  56.491  -15.792  40.222 0.6999999881
19620  55.289  -16.623  37.760 0.8000000119
36852  54.020  -17.630  36.878 0.6999999881
36851  54.687  -17.103  36.508 0.6999999881
3202  53.566  -18.065  35.664 0.6000000238
24196  54.184  -17.621  35.380 0.6000000238
30577  55.045  -16.512  46.827 0.4000000060
12309  55.379  -16.401  45.243 0.6999999881
12311  54.926  -17.007  45.802 0.6999999881
6523  54.574  -17.209  47.411 0.6999999881
26760  56.367  -14.517  43.014 0.4000000060
12308  55.787  -15.817  44.491 0.6999999881
36890  54.328  -17.612  46.364 0.8000000119
19638  56.668  -13.209  41.786 0.3000000119
2101  57.109  -15.069  39.932 0.6999999881
19619  56.536  -15.620  38.689 0.8000000119
8868  55.893  -16.124  37.471 0.8000000119
36850  55.268  -16.606  36.280 0.6999999881
15369  54.552  -17.523  34.179 0.6000000238
30576  55.133  -15.434  46.918 0.3000000119
4627  55.671  -14.863  44.429 0.6000000238
26759  55.779  -14.293  43.529 0.4000000060
26761  56.084  -15.166  43.763 0.6000000238
12307  55.582  -15.364  45.336 0.6999999881
486  55.408  -15.892  46.109 0.6999999881
2103  55.828  -13.686  42.698 0.3000000119
26749  57.572  -13.809  40.664 0.5000000000
36873  57.216  -13.453  41.379 0.5000000000
19617  57.507  -14.417  39.720 0.5000000000
4620  57.855  -13.756  39.317 0.6999999881
36848  57.614  -14.415  38.241 0.6000000238
19618  57.090  -15.077  38.480 0.6999999881
8867  57.145  -14.901  37.017 0.6000000238
36847  55.929  -16.069  36.091 0.6999999881
36846  56.683  -15.404  35.878 0.6000000238
1282  54.784  -17.096  35.213 0.6999999881
6916  56.162  -15.953  34.870 0.6000000238
15367  55.389  -16.601  35.004 0.6000000238
15368  55.213  -16.970  33.969 0.6999999881
31500  56.024  -16.206  33.888 0.5000000000
36872  56.740  -12.699  41.107 0.2000000030
4621  57.392  -12.810  40.782 0.3000000119
26748  57.770  -13.186  40.168 0.4000000060
31498  57.024  -15.270  34.789 0.5000000000
31499  56.793  -15.367  33.781 0.4000000060
6917  55.959  -16.417  32.853 0.4000000060
26745  58.364  -11.940  38.953 0.4000000060
2100  58.679  -12.314  38.332 0.3000000119
26746  58.320  -12.967  38.905 0.3000000119
4619  57.751  -11.628  39.280 0.2000000030
26747  58.069  -12.500  39.605 0.4000000060
19616  58.251  -13.571  37.913 0.3000000119
1561  23.429  -38.390  54.589 0.4000000060
5880  26.149  -35.447  59.144 0.6000000238
34610  27.023  -30.387  68.860 0.2000000030
19466  27.072  -31.706  70.062 0.2000000030
36668  25.625  -33.162  69.289 0.3000000119
36669  25.445  -33.892  67.674 0.5000000000
36665  27.302  -32.613  69.644 0.2000000030
13644  24.995  -34.478  65.547 0.5000000000
17170  49.575  -24.606  36.228 0.3000000119
36986  43.781  -25.139  40.719 0.5000000000
23306  45.863  -26.729  37.373 0.5000000000
13886  46.989  -28.798  38.004 0.1000000015
23307  45.522  -27.205  37.630 0.4000000060
8887  44.022  -25.251  39.657 0.5000000000
2708  46.251  -28.013  37.645 0.1000000015
25281  49.290  -29.485  39.074 0.1000000015
29428  49.361  -30.918  40.522 0.1000000015
36985  44.532  -24.703  42.103 0.6999999881
309  50.673  -32.052  42.470 0.1000000015
4583  16.563  -44.095  67.149 0.2000000030
19501  15.663  -40.290  69.272 0.3000000119
19502  15.282  -38.663  69.561 0.3000000119
8820  15.893  -38.715  68.310 0.4000000060
4573  18.561  -34.130  71.437 0.4000000060
30503  16.781  -34.396  71.529 0.3000000119
36625  32.956  -45.980  60.524 0.1000000015
36619  27.199  -43.704  59.278 0.3000000119
26665  18.703  -36.239  66.703 0.3000000119
32912  24.635  -41.992  55.398 0.3000000119
32911  25.167  -41.774  54.888 0.3000000119
32910  25.582  -41.551  54.298 0.3000000119
19422  27.949  -42.895  55.252 0.2000000030
8100  27.570  -30.962  69.693 0.2000000030
14632  33.618  -44.374  55.935 0.2000000030
23756  30.886  -43.655  54.231 0.3000000119
14752  28.770  -39.633  49.287 0.2000000030
29130  34.293  -34.588  64.313 0.8000000119
30633  29.552  -36.839  49.674 0.4000000060
26835  33.822  -34.830  50.450 0.4000000060
4673  30.828  -37.118  42.874 0.1000000015
19777  31.480  -37.425  41.384 0.1000000015
8928  32.136  -34.774  46.916 0.5000000000
19772  31.645  -34.830  44.744 0.3000000119
4666  32.977  -33.257  42.537 0.1000000015
12345  33.643  -32.536  42.476 0.1000000015
19744  38.075  -30.219  44.460 0.6000000238
21690  44.158  -31.392  38.966 0.3000000119
8410  42.448  -28.604  37.730 0.4000000060
18519  41.825  -30.466  37.895 0.2000000030
35514  43.279  -29.399  37.755 0.3000000119
39345  46.024  -32.433  40.888 0.1000000015
36991  40.810  -28.495  38.126 0.4000000060
1936  40.979  -29.684  37.750 0.3000000119
26086  40.309  -30.220  37.878 0.1000000015
26817  42.032  -26.956  42.970 0.6000000238
19736  41.265  -26.860  40.233 0.5000000000
36992  40.397  -27.390  40.056 0.4000000060
19735  41.749  -26.972  39.190 0.5000000000
35512  43.083  -28.020  37.789 0.5000000000
19740  38.572  -29.287  38.834 0.2000000030
10387  44.308  -26.941  38.024 0.5000000000
23308  45.986  -28.594  37.999 0.2000000030
13887  47.508  -29.956  38.986 0.1000000015
19724  47.110  -24.514  50.449 0.8000000119
36984  44.600  -24.901  43.330 0.6999999881
23305  45.264  -25.982  37.845 0.5000000000
39359  50.918  -32.774  43.809 0.1000000015
29425  47.411  -28.329  37.693 0.1000000015
13883  46.546  -25.577  37.169 0.4000000060
29427  48.820  -29.991  39.424 0.1000000015
25282  49.743  -28.903  38.802 0.1000000015
788  48.801  -28.440  38.059 0.2000000030
17176  48.532  -26.515  37.173 0.2000000030
29420  47.384  -24.346  37.347 0.3000000119
36977  49.227  -22.657  50.433 0.8999999762
26775  47.300  -23.280  44.130 0.8000000119
36902  46.752  -23.228  41.505 0.6999999881
19660  47.296  -22.803  40.443 0.6999999881
36970  50.287  -21.878  49.323 0.8999999762
36889  48.453  -22.148  39.463 0.6999999881
36896  49.791  -21.136  42.064 0.8000000119
7819  51.153  -19.933  37.197 0.6000000238
36895  50.939  -20.395  43.356 0.8999999762
36885  51.508  -19.953  40.235 0.8999999762
19645  52.716  -18.866  39.449 0.8999999762
30580  54.061  -17.522  48.853 0.6000000238
30582  54.078  -17.079  49.669 0.6000000238
6525  53.611  -17.972  50.102 0.6000000238
19654  53.006  -19.033  47.064 1.0000000000
30579  54.551  -16.748  48.294 0.5000000000
19637  55.832  -13.133  41.950 0.3000000119
36849  56.502  -15.621  37.236 0.6999999881
36845  57.564  -14.626  35.813 0.6000000238
31501  55.151  -17.204  32.990 0.4000000060
12300  57.572  -12.199  40.083 0.4000000060
19467  26.131  -31.570  70.238 0.2000000030
8806  26.460  -32.462  69.874 0.2000000030
2639  31.587  -31.981  68.478 0.5000000000
23180  32.248  -31.302  68.139 0.2000000030
23181  32.537  -32.413  67.935 0.5000000000
10318  31.157  -30.950  68.453 0.2000000030
10317  30.036  -30.589  68.656 0.2000000030
13671  33.875  -31.050  67.105 0.3000000119
13670  33.310  -31.737  67.756 0.2000000030
36667  25.518  -32.230  70.294 0.1000000015
34607  29.118  -30.519  68.928 0.2000000030
34609  28.057  -30.366  68.959 0.1000000015
2637  30.491  -30.138  67.527 0.2000000030
34770  29.515  -30.064  67.777 0.2000000030
8099  28.541  -30.078  67.878 0.1000000015
2638  32.717  -30.738  67.358 0.3000000119
23177  30.737  -30.028  65.965 0.2000000030
32953  12.015  -40.184  75.877 0.1000000015
32954  12.355  -41.183  75.320 0.1000000015
6492  12.740  -40.101  76.017 0.1000000015
32956  11.905  -40.863  74.740 0.1000000015
17778  27.382  -30.122  67.574 0.1000000015
17910  28.726  -30.025  66.000 0.1000000015
17777  27.721  -30.141  66.022 0.1000000015
23178  31.896  -30.173  66.152 0.2000000030
34769  29.796  -29.971  66.238 0.2000000030
29122  33.101  -30.374  66.161 0.2000000030
17909  27.874  -30.254  63.891 0.1000000015
34768  29.851  -30.084  63.912 0.1000000015
7494  11.362  -40.087  75.453 0.1000000015
30504  12.217  -38.933  76.298 0.1000000015
30505  12.901  -38.591  76.114 0.1000000015
1824  25.545  -30.833  69.690 0.1000000015
26657  25.111  -31.299  70.447 0.1000000015
26656  24.446  -30.782  69.430 0.1000000015
34611  25.876  -30.433  68.567 0.1000000015
3590  37.165  -31.751  65.840 0.3000000119
8101  26.216  -30.301  67.202 0.1000000015
24892  36.649  -30.897  65.641 0.2000000030
17779  26.565  -30.297  65.720 0.1000000015
29124  35.488  -30.778  65.954 0.3000000119
29123  34.317  -30.576  66.112 0.3000000119
1823  26.871  -30.387  63.889 0.1000000015
13669  32.144  -30.183  64.480 0.1000000015
8154  28.859  -30.132  63.982 0.1000000015
14656  17.601  -32.480  73.749 0.3000000119
32952  11.465  -39.141  76.249 0.1000000015
16466  10.744  -39.281  75.925 0.1000000015
6491  16.854  -33.243  73.301 0.3000000119
32955  10.833  -39.874  74.752 0.1000000015
12260  12.244  -37.126  76.206 0.1000000015
4580  12.837  -36.539  75.815 0.1000000015
19494  15.048  -33.995  73.804 0.3000000119
19493  14.205  -34.147  74.787 0.2000000030
26674  13.363  -36.135  75.151 0.1000000015
26658  24.124  -31.130  70.432 0.1000000015
34614  24.742  -30.581  68.230 0.1000000015
34613  25.049  -30.460  66.796 0.1000000015
717  30.977  -30.106  64.190 0.1000000015
34767  28.947  -30.197  61.722 0.1000000015
17908  27.886  -30.275  61.632 0.1000000015
17907  26.909  -30.404  61.599 0.1000000015
231  11.556  -37.618  76.434 0.1000000015
16469  11.626  -40.486  73.939 0.1000000015
36697  15.890  -33.034  74.203 0.3000000119
2083  13.835  -35.714  74.316 0.1000000015
8816  14.846  -32.967  75.040 0.2000000030
14657  16.621  -32.195  74.439 0.3000000119
12251  23.080  -30.899  70.484 0.1000000015
14655  17.145  -31.588  74.149 0.3000000119
4570  23.398  -30.750  69.206 0.1000000015
24894  37.868  -30.874  65.214 0.2000000030
718  35.944  -30.448  64.757 0.2000000030
34615  23.762  -30.612  68.000 0.1000000015
8102  23.985  -30.707  66.368 0.1000000015
29121  34.693  -30.413  64.720 0.2000000030
34612  25.451  -30.504  65.232 0.1000000015
34765  30.010  -30.187  61.820 0.1000000015
34766  27.937  -30.123  59.460 0.1000000015
32951  10.863  -38.115  76.393 0.1000000015
7493  9.991  -38.439  76.199 0.1000000015
3570  7.746  -40.016  72.951 0.1000000015
26673  12.567  -34.861  76.079 0.1000000015
3571  10.387  -39.692  73.818 0.1000000015
11250  7.628  -40.223  71.626 0.1000000015
19491  13.370  -34.397  75.568 0.1000000015
16468  11.548  -40.080  73.044 0.1000000015
24859  10.169  -39.569  72.755 0.1000000015
232  7.631  -40.331  70.269 0.1000000015
19492  13.772  -33.118  75.675 0.2000000030
6490  18.225  -31.880  73.763 0.3000000119
36695  14.231  -32.119  75.547 0.2000000030
1047  16.010  -31.435  74.595 0.2000000030
36696  15.513  -32.021  75.011 0.2000000030
14654  17.424  -31.154  73.405 0.3000000119
14653  16.324  -31.117  73.694 0.2000000030
12250  22.356  -30.764  68.990 0.1000000015
2966  16.490  -31.123  72.127 0.2000000030
3591  38.376  -30.159  64.305 0.3000000119
16528  39.491  -29.912  64.083 0.3000000119
24895  38.993  -30.849  64.755 0.3000000119
17783  22.923  -30.945  65.993 0.1000000015
5899  33.383  -30.339  64.631 0.3000000119
25644  25.758  -30.573  63.454 0.1000000015
17781  24.339  -30.762  64.680 0.1000000015
25643  26.008  -30.566  61.622 0.1000000015
4050  26.931  -30.222  59.389 0.1000000015
25722  25.994  -30.375  59.361 0.1000000015
25645  24.858  -30.767  61.093 0.1000000015
4008  24.652  -30.835  62.903 0.1000000015
4007  25.090  -30.632  59.426 0.1000000015
12258  11.001  -36.270  76.526 0.1000000015
24855  6.892  -39.965  73.574 0.1000000015
12259  11.765  -35.438  76.413 0.1000000015
11251  8.818  -39.780  72.239 0.1000000015
30499  18.596  -31.293  73.175 0.3000000119
30497  19.636  -31.389  72.883 0.3000000119
23771  15.146  -31.220  73.878 0.2000000030
36693  14.731  -31.515  74.928 0.2000000030
12252  22.002  -30.761  70.502 0.2000000030
6489  18.749  -30.909  71.985 0.3000000119
23770  15.394  -31.459  72.236 0.2000000030
23769  15.409  -31.912  70.131 0.2000000030
14652  17.627  -31.069  70.315 0.1000000015
30498  17.590  -30.982  72.037 0.1000000015
23768  16.563  -31.431  70.237 0.2000000030
1580  40.539  -29.656  63.811 0.3000000119
24893  37.201  -30.346  64.519 0.3000000119
14651  18.730  -30.802  70.384 0.1000000015
14650  17.720  -31.436  68.285 0.1000000015
1045  16.584  -31.836  68.114 0.1000000015
34616  22.669  -30.853  67.630 0.1000000015
16530  39.819  -28.965  63.135 0.3000000119
17782  23.191  -31.014  64.322 0.1000000015
17780  23.462  -31.098  62.517 0.1000000015
25647  22.587  -31.518  60.491 0.1000000015
11688  23.955  -31.033  59.013 0.1000000015
25646  23.721  -31.118  60.738 0.1000000015
32942  10.246  -36.870  76.542 0.1000000015
4578  10.785  -34.936  76.537 0.1000000015
1567  8.519  -39.225  75.062 0.1000000015
16461  7.233  -39.379  74.653 0.1000000015
26672  11.784  -34.188  76.394 0.1000000015
24856  8.027  -39.635  74.123 0.1000000015
24857  9.370  -39.497  74.493 0.1000000015
24858  8.943  -39.667  73.449 0.1000000015
4579  12.750  -33.583  76.106 0.1000000015
36692  13.913  -31.665  74.020 0.2000000030
30494  21.002  -30.609  70.613 0.3000000119
372  21.196  -30.841  68.735 0.1000000015
6487  18.874  -31.086  68.491 0.1000000015
16534  41.503  -29.412  63.423 0.3000000119
30493  20.055  -30.947  68.650 0.1000000015
16532  40.880  -28.551  63.114 0.3000000119
13668  32.300  -30.389  62.511 0.1000000015
34617  21.540  -31.069  67.221 0.1000000015
34627  19.111  -31.487  66.707 0.1000000015
16531  40.142  -28.159  62.061 0.1000000015
7523  39.076  -28.838  61.715 0.1000000015
13667  31.107  -30.255  62.080 0.1000000015
4009  22.782  -31.488  58.718 0.1000000015
26671  11.984  -33.166  76.057 0.1000000015
36694  13.089  -32.466  75.777 0.1000000015
8815  13.535  -31.888  75.170 0.1000000015
30496  19.797  -30.835  71.982 0.3000000119
36691  13.203  -32.635  72.379 0.1000000015
2967  14.270  -31.965  72.201 0.2000000030
10646  14.386  -32.520  70.135 0.2000000030
30495  19.924  -30.671  70.499 0.3000000119
7524  41.117  -27.564  62.208 0.3000000119
34628  17.907  -31.774  66.383 0.1000000015
34626  20.309  -31.222  67.006 0.1000000015
33037  42.062  -27.035  62.284 0.1000000015
33035  40.378  -27.619  60.722 0.1000000015
8103  21.788  -31.285  65.690 0.1000000015
17784  21.999  -31.384  63.871 0.1000000015
26670  10.889  -33.931  76.234 0.1000000015
19490  12.341  -32.492  75.308 0.1000000015
16525  34.988  -30.456  62.987 0.2000000030
16529  38.748  -29.418  63.091 0.2000000030
16533  41.839  -28.156  62.964 0.3000000119
6532  42.999  -26.585  62.144 0.1000000015
14726  43.925  -26.116  61.799 0.2000000030
33036  41.286  -26.789  61.137 0.1000000015
30600  43.264  -25.456  61.327 0.1000000015
30599  42.570  -25.311  60.184 0.1000000015
30598  42.272  -26.138  61.339 0.1000000015
14729  46.229  -26.525  59.880 0.5000000000
238  41.661  -26.246  59.871 0.1000000015
33027  40.673  -27.109  59.400 0.1000000015
6535  46.590  -24.896  59.837 0.4000000060
23767  15.464  -32.424  67.869 0.1000000015
34625  20.554  -31.500  65.303 0.1000000015
6534  44.845  -25.655  61.312 0.3000000119
30603  45.463  -26.849  60.749 0.4000000060
6533  43.433  -24.373  60.265 0.1000000015
36944  42.864  -24.508  58.768 0.1000000015
30606  46.848  -23.453  59.618 0.2000000030
19699  43.664  -23.507  59.029 0.1000000015
30607  47.546  -23.268  58.756 0.3000000119
12327  41.985  -25.624  58.404 0.1000000015
29120  33.662  -30.489  62.754 0.2000000030
30601  44.175  -24.778  61.167 0.2000000030
30604  45.776  -25.224  60.648 0.2000000030
30602  45.072  -24.178  60.783 0.2000000030
19698  44.351  -23.581  60.297 0.1000000015
30605  45.958  -23.758  60.270 0.2000000030
1071  45.293  -22.956  60.101 0.1000000015
4648  46.987  -22.015  59.143 0.2000000030
26796  46.161  -22.464  59.696 0.2000000030
19700  44.547  -22.598  59.224 0.1000000015
4647  42.231  -25.005  56.901 0.1000000015
26798  46.341  -21.126  58.956 0.2000000030
4649  45.682  -20.755  58.309 0.1000000015
26797  45.476  -21.787  59.232 0.1000000015
36947  44.922  -21.743  58.219 0.1000000015
8900  44.093  -22.846  57.906 0.1000000015
36945  43.181  -23.974  57.401 0.1000000015
26799  46.524  -20.020  58.155 0.1000000015
33032  37.941  -29.520  61.428 0.1000000015
19701  45.890  -19.832  57.122 0.1000000015
19702  45.233  -20.882  56.986 0.1000000015
36948  44.463  -22.118  56.637 0.1000000015
36946  43.568  -23.343  56.119 0.1000000015
19703  45.288  -19.990  55.632 0.1000000015
8901  44.694  -21.243  55.191 0.1000000015
36949  43.798  -22.518  54.705 0.1000000015
2111  42.730  -23.680  54.068 0.1000000015
33031  37.589  -29.962  63.052 0.1000000015
7521  39.681  -28.031  58.825 0.1000000015
2112  45.904  -18.922  55.843 0.1000000015
19697  42.846  -23.048  52.459 0.1000000015
12325  40.997  -26.675  57.917 0.1000000015
26805  50.349  -17.507  55.131 0.4000000060
19714  50.524  -16.596  54.222 0.3000000119
19708  48.557  -16.938  55.462 0.2000000030
2113  49.566  -16.704  54.944 0.2000000030
4651  47.539  -17.326  55.791 0.1000000015
36956  46.308  -17.404  54.232 0.1000000015
26801  46.630  -18.030  55.844 0.1000000015
19705  45.086  -19.278  53.894 0.1000000015
36965  51.148  -17.468  54.206 0.4000000060
36966  51.943  -17.706  53.237 0.4000000060
8906  51.452  -16.641  53.374 0.3000000119
36964  52.368  -16.787  52.536 0.4000000060
14716  53.017  -18.371  51.320 0.6000000238
19709  47.252  -16.779  54.273 0.1000000015
19707  45.596  -18.239  54.081 0.1000000015
36967  52.641  -18.031  52.275 0.3000000119
19704  44.653  -20.440  53.608 0.1000000015
36950  43.950  -21.743  53.056 0.1000000015
19713  50.675  -16.018  53.138 0.3000000119
19712  49.556  -16.157  53.705 0.2000000030
19710  48.405  -16.379  54.126 0.1000000015
1066  53.067  -17.000  51.714 0.5000000000
8903  44.976  -17.914  52.230 0.1000000015
31504  54.148  -18.822  32.530 0.4000000060
31503  54.004  -18.405  33.419 0.5000000000
3203  53.593  -18.863  33.628 0.5000000000
15371  53.741  -19.361  32.835 0.5000000000
24199  53.014  -19.373  33.840 0.5000000000
19706  44.402  -18.804  51.968 0.1000000015
24197  54.021  -18.003  34.321 0.5000000000
24198  53.516  -18.425  34.568 0.5000000000
8904  46.980  -16.620  52.820 0.1000000015
14714  53.459  -17.477  50.947 0.6000000238
36963  51.719  -15.963  52.415 0.3000000119
19711  48.271  -16.183  52.797 0.1000000015
23806  52.614  -15.994  51.629 0.5000000000
13672  34.363  -32.107  67.288 0.5000000000
32950  9.390  -37.449  76.380 0.1000000015
32941  9.912  -35.648  76.529 0.1000000015
16467  10.074  -39.390  75.320 0.1000000015
1565  11.239  -33.284  75.487 0.1000000015
16463  7.870  -38.736  75.473 0.1000000015
19489  12.803  -32.259  74.134 0.1000000015
6918  54.538  -17.911  33.203 0.6000000238
23179  31.626  -30.422  67.488 0.2000000030
16465  9.288  -38.815  75.727 0.1000000015
11252  8.831  -39.816  70.946 0.1000000015
19488  11.742  -33.105  74.302 0.1000000015
12328  47.795  -21.732  58.381 0.3000000119
26804  49.461  -17.578  55.949 0.2000000030
15370  53.334  -19.924  33.132 0.4000000060
7490  8.994  -36.360  76.480 0.1000000015
719  33.566  -32.824  67.308 0.5000000000
23183  31.748  -32.942  67.921 0.4000000060
13674  34.515  -33.169  66.661 0.6000000238
13676  33.602  -33.671  66.503 0.6000000238
23182  32.661  -33.348  67.187 0.6000000238
13675  34.460  -33.971  65.679 0.8000000119
29129  35.376  -34.243  64.863 0.6999999881
29128  36.353  -34.384  64.008 0.6999999881
5903  33.465  -34.288  65.315 0.6000000238
30636  29.160  -37.577  48.877 0.2000000030
30637  29.040  -38.352  48.119 0.3000000119
26836  29.471  -37.372  47.920 0.3000000119
26837  30.189  -36.515  47.832 0.3000000119
26838  29.784  -37.166  46.940 0.2000000030
4671  30.465  -36.297  46.824 0.2000000030
37028  31.112  -35.769  47.847 0.3000000119
8927  31.917  -35.452  48.951 0.3000000119
26840  30.452  -36.782  44.727 0.2000000030
19769  31.300  -35.493  46.789 0.3000000119
26839  30.110  -36.953  45.855 0.2000000030
19768  30.746  -36.080  45.812 0.2000000030
37029  32.057  -35.096  47.979 0.3000000119
19770  31.452  -35.184  45.776 0.2000000030
14731  47.259  -24.714  58.927 0.3000000119
30608  48.182  -23.094  57.768 0.3000000119
12301  56.862  -12.030  40.242 0.2000000030
485  55.862  -11.768  39.082 0.2000000030
12299  56.940  -11.546  39.365 0.2000000030
12298  57.018  -11.158  38.285 0.2000000030
19610  58.555  -11.293  38.053 0.3000000119
8866  58.657  -13.375  36.628 0.4000000060
36844  58.260  -13.942  35.598 0.4000000060
12306  55.081  -14.672  44.951 0.1000000015
19636  54.716  -13.022  40.938 0.2000000030
8875  55.861  -12.704  41.222 0.2000000030
36871  55.828  -12.200  40.160 0.2000000030
12297  55.918  -11.543  37.970 0.2000000030
26744  57.894  -11.127  38.335 0.2000000030
19612  59.061  -11.632  37.590 0.2000000030
484  57.784  -14.428  34.635 0.5000000000
26758  55.020  -14.252  43.877 0.1000000015
4617  55.986  -11.482  36.626 0.1000000015
26743  57.169  -10.927  37.111 0.2000000030
4618  58.130  -10.705  37.169 0.2000000030
19611  58.850  -10.690  37.003 0.2000000030
19613  59.310  -12.015  36.898 0.2000000030
36843  59.259  -12.564  36.087 0.4000000060
12969  57.605  -14.589  33.497 0.3000000119
19633  54.947  -13.800  42.842 0.1000000015
36839  58.262  -10.326  35.984 0.2000000030
12967  58.706  -13.680  34.210 0.3000000119
36870  54.600  -12.668  39.755 0.1000000015
36862  54.580  -12.371  38.552 0.1000000015
26742  57.230  -10.813  35.675 0.2000000030
36840  59.137  -10.184  35.897 0.2000000030
8865  59.391  -10.946  36.654 0.1000000015
30565  54.714  -12.158  37.366 0.1000000015
8864  58.355  -10.075  34.625 0.2000000030
36838  59.265  -9.767  34.690 0.2000000030
19609  57.220  -10.760  34.225 0.2000000030
26740  59.347  -9.440  33.332 0.2000000030
4615  60.268  -8.757  31.992 0.1000000015
26737  60.297  -8.358  30.697 0.1000000015
26739  59.245  -9.123  31.824 0.1000000015
19602  60.189  -9.280  33.262 0.1000000015
2097  60.249  -8.079  29.422 0.1000000015
19599  61.371  -7.868  29.328 0.1000000015
6526  52.453  -19.854  50.540 0.6999999881
1078  29.869  -36.690  48.803 0.3000000119
33853  48.968  -25.903  36.998 0.2000000030
19614  58.820  -12.791  37.552 0.3000000119
19500  15.481  -40.361  70.615 0.3000000119
36699  15.823  -35.528  70.648 0.2000000030
8819  15.034  -38.819  70.933 0.3000000119
36707  15.381  -37.030  69.950 0.2000000030
36706  14.695  -36.920  71.421 0.2000000030
8817  15.047  -35.285  71.991 0.2000000030
19495  14.335  -35.367  73.281 0.2000000030
36698  15.875  -34.128  72.604 0.2000000030
5901  35.470  -33.493  65.929 0.6000000238
19469  24.762  -32.898  69.895 0.3000000119
13673  35.390  -32.395  66.798 0.5000000000
29127  36.471  -33.726  65.137 0.5000000000
11272  38.409  -32.922  64.518 0.6000000238
11270  37.428  -32.817  65.319 0.6000000238
239  37.453  -33.863  64.199 0.6000000238
29126  36.413  -32.649  66.091 0.4000000060
5900  35.026  -31.404  66.830 0.3000000119
11273  39.361  -33.028  63.589 0.6000000238
5898  33.937  -30.532  60.705 0.1000000015
16526  35.416  -30.403  60.971 0.1000000015
33042  43.592  -30.177  61.396 0.5000000000
23812  44.320  -29.933  60.471 0.4000000060
1070  44.122  -28.685  61.627 0.4000000060
23813  44.930  -28.407  60.714 0.4000000060
2991  45.663  -28.115  59.748 0.4000000060
489  48.501  -21.519  57.507 0.4000000060
12334  49.105  -21.426  56.481 0.5000000000
30609  48.658  -22.950  56.662 0.4000000060
39290  52.680  -21.887  33.262 0.3000000119
33845  50.516  -22.766  34.962 0.2000000030
4654  49.606  -21.248  55.459 0.5000000000
12333  49.542  -19.968  56.329 0.4000000060
26807  50.214  -19.884  55.274 0.4000000060
19615  57.964  -14.109  36.858 0.5000000000
26806  50.001  -18.615  55.859 0.4000000060
19716  51.391  -18.729  53.678 0.4000000060
36968  52.219  -19.466  51.569 0.5000000000
30578  54.949  -16.039  47.687 0.3000000119
12305  55.181  -14.982  45.966 0.3000000119
14713  53.822  -16.612  50.394 0.4000000060
6524  54.338  -16.321  49.097 0.4000000060
30581  53.974  -15.898  49.747 0.4000000060
14712  53.286  -16.262  51.065 0.4000000060
2985  53.368  -15.593  50.327 0.3000000119
23803  53.300  -15.155  49.492 0.4000000060
33847  50.192  -23.332  35.389 0.2000000030
21645  50.919  -22.177  34.519 0.2000000030
19717  51.099  -20.077  52.883 0.4000000060
1284  53.237  -21.167  32.861 0.2000000030
31502  54.609  -18.169  32.336 0.2000000030
21630  55.205  -17.449  32.067 0.2000000030
8907  51.897  -19.060  52.645 0.4000000060
11271  38.245  -31.836  65.185 0.3000000119
29125  36.086  -31.617  66.401 0.2000000030
24898  40.298  -31.973  63.731 0.6000000238
3592  39.328  -31.931  64.462 0.4000000060
7525  42.417  -29.194  62.918 0.3000000119
33040  41.939  -30.606  62.952 0.4000000060
3593  41.196  -31.866  62.887 0.5000000000
24897  41.006  -30.722  63.685 0.2000000030
16527  36.334  -30.293  63.013 0.1000000015
10319  30.519  -31.574  68.938 0.1000000015
33039  43.309  -28.918  62.342 0.3000000119
33038  42.742  -27.780  62.701 0.3000000119
14725  43.667  -27.477  62.197 0.3000000119
17178  51.654  -29.389  40.255 0.1000000015
14727  44.527  -27.173  61.536 0.3000000119
21692  45.101  -31.967  39.975 0.1000000015
35516  43.452  -31.889  39.200 0.1000000015
1708  52.628  -29.348  41.034 0.1000000015
17179  51.092  -28.454  39.190 0.1000000015
7827  54.615  -28.932  42.505 0.1000000015
17184  53.590  -29.151  41.778 0.1000000015
33855  50.194  -28.205  38.556 0.1000000015
3806  50.688  -29.208  39.566 0.1000000015
17180  52.032  -28.592  39.945 0.1000000015
33862  55.217  -28.357  41.897 0.1000000015
6921  55.785  -27.728  41.006 0.1000000015
31510  55.374  -26.342  39.014 0.1000000015
31511  56.100  -26.908  40.040 0.1000000015
12977  54.602  -25.887  38.002 0.1000000015
308  54.273  -26.595  38.803 0.1000000015
31512  57.224  -26.495  40.274 0.1000000015
33851  53.253  -26.659  38.437 0.1000000015
7823  52.202  -26.532  37.888 0.1000000015
31509  55.062  -27.223  39.835 0.1000000015
33859  52.865  -27.248  38.914 0.1000000015
33860  53.965  -27.338  39.484 0.1000000015
33858  51.854  -27.035  38.400 0.1000000015
7826  53.509  -27.977  40.048 0.1000000015
33857  50.857  -26.797  37.817 0.1000000015
33856  50.583  -27.533  38.244 0.1000000015
17181  52.481  -27.860  39.439 0.1000000015
7825  51.529  -27.683  38.819 0.1000000015
33861  54.659  -27.956  40.626 0.1000000015
7824  49.573  -27.114  37.637 0.1000000015
17177  49.185  -27.743  37.826 0.1000000015
17182  53.064  -28.597  40.600 0.1000000015
17183  54.142  -28.552  41.344 0.1000000015
15375  56.322  -28.011  42.209 0.1000000015
5295  52.689  -25.448  36.649 0.1000000015
33849  51.711  -25.179  36.250 0.1000000015
12975  53.496  -26.042  37.743 0.1000000015
33850  52.497  -25.974  37.354 0.1000000015
39297  55.681  -25.705  38.105 0.1000000015
17173  51.439  -25.646  36.802 0.1000000015
6922  56.497  -26.100  39.220 0.1000000015
17174  51.158  -26.172  37.340 0.1000000015
1707  50.162  -25.813  36.883 0.1000000015
15376  56.838  -27.285  41.234 0.1000000015
6923  57.871  -26.872  41.349 0.1000000015
27963  51.887  -24.711  35.565 0.1000000015
33848  50.973  -24.122  35.348 0.1000000015
17172  50.509  -25.220  36.433 0.1000000015
33854  49.893  -26.477  37.327 0.1000000015
12976  53.795  -25.549  36.861 0.1000000015
1706  51.220  -23.546  34.801 0.1000000015
21653  57.567  -25.897  39.301 0.1000000015
5297  54.860  -25.423  37.046 0.1000000015
27965  53.025  -24.996  35.836 0.1000000015
27964  52.246  -24.177  34.915 0.1000000015
21647  51.637  -23.024  34.278 0.1000000015
21654  56.746  -25.628  38.306 0.1000000015
39291  52.624  -23.670  34.204 0.1000000015
27966  54.129  -25.096  36.001 0.1000000015
5296  53.322  -24.481  35.004 0.1000000015
39298  55.953  -25.370  37.212 0.1000000015
21648  54.430  -24.702  35.062 0.1000000015
27967  55.188  -25.113  36.091 0.1000000015
9684  52.108  -22.510  33.742 0.1000000015
21649  53.661  -24.060  34.175 0.1000000015
39292  53.023  -23.122  33.530 0.1000000015
9685  54.060  -23.632  33.366 0.1000000015
39293  53.478  -22.477  32.880 0.1000000015
15374  54.007  -21.781  32.417 0.1000000015
15372  53.690  -20.503  32.477 0.1000000015
6919  53.997  -19.888  32.124 0.2000000030
31506  54.363  -20.496  31.551 0.1000000015
31505  54.310  -19.286  31.797 0.1000000015
27954  54.665  -19.821  31.216 0.1000000015
27955  55.064  -19.185  30.917 0.1000000015
39273  55.718  -18.299  30.596 0.1000000015
1283  54.769  -18.560  31.551 0.1000000015
9678  56.087  -17.043  30.961 0.1000000015
21632  55.401  -17.835  31.320 0.2000000030
21631  55.945  -16.686  31.861 0.2000000030
39271  56.717  -15.874  31.605 0.2000000030
39270  56.698  -15.634  32.604 0.3000000119
5289  57.487  -14.757  32.283 0.2000000030
17171  49.876  -23.979  35.820 0.1000000015
24896  40.036  -30.867  64.244 0.2000000030
33863  55.673  -28.637  43.017 0.1000000015
7822  50.746  -24.614  35.894 0.1000000015
39294  54.389  -23.117  32.675 0.1000000015
15373  54.227  -21.133  31.978 0.1000000015
39272  56.718  -16.291  30.555 0.1000000015
19498  15.392  -40.740  73.217 0.1000000015
19497  14.640  -39.500  74.570 0.1000000015
8818  14.904  -39.257  73.462 0.1000000015
36704  14.942  -38.985  72.256 0.2000000030
36703  15.449  -40.445  71.994 0.2000000030
36702  14.171  -37.623  73.802 0.1000000015
36705  14.377  -37.229  72.617 0.1000000015
26826  34.696  -31.516  41.374 0.2000000030
36835  59.103  -13.146  35.119 0.2000000030
36842  59.762  -11.309  36.128 0.1000000015
12968  58.593  -13.878  33.055 0.2000000030
8863  59.934  -11.766  35.437 0.2000000030
36834  59.830  -12.397  34.625 0.2000000030
12329  47.196  -20.611  58.551 0.1000000015
12330  48.044  -20.280  58.002 0.2000000030
12332  48.842  -20.117  57.184 0.3000000119
4650  47.403  -19.332  57.894 0.1000000015
4652  49.212  -18.761  56.720 0.3000000119
12331  48.305  -18.996  57.415 0.2000000030
26800  46.687  -18.911  57.169 0.1000000015
26802  47.542  -18.223  56.992 0.1000000015
26803  48.488  -17.823  56.616 0.2000000030
14711  53.954  -15.279  49.000 0.2000000030
14710  54.520  -15.639  48.426 0.2000000030
14709  53.924  -14.960  48.084 0.2000000030
6522  54.619  -15.172  47.528 0.2000000030
14708  53.676  -14.801  46.937 0.2000000030
6521  52.549  -15.129  46.008 0.1000000015
30575  54.483  -14.774  46.493 0.1000000015
4625  54.424  -14.649  45.373 0.1000000015
2099  60.046  -9.748  34.507 0.1000000015
36841  59.737  -10.279  35.668 0.1000000015
36962  50.733  -15.645  51.879 0.2000000030
1064  53.147  -14.933  48.546 0.2000000030
14707  52.820  -14.929  47.320 0.1000000015
19509  18.784  -44.367  61.214 0.1000000015
12264  16.852  -44.957  65.644 0.1000000015
26681  16.930  -43.813  65.886 0.1000000015
19508  18.249  -44.446  62.105 0.1000000015
19429  28.162  -44.049  60.721 0.2000000030
19428  27.682  -44.082  61.330 0.2000000030
14635  23.566  -43.345  58.942 0.2000000030
26679  16.675  -42.950  67.541 0.1000000015
4584  17.380  -43.536  64.710 0.1000000015
19506  17.746  -44.399  63.191 0.1000000015
6479  26.709  -43.781  59.992 0.2000000030
30475  26.299  -43.884  60.527 0.2000000030
30474  25.348  -43.544  59.201 0.2000000030
14636  24.986  -43.681  59.725 0.2000000030
4582  15.840  -41.796  70.315 0.1000000015
19499  15.964  -41.695  69.098 0.1000000015
19507  17.872  -43.417  63.595 0.1000000015
8919  36.615  -29.868  40.598 0.1000000015
19748  36.381  -30.372  39.517 0.1000000015
19747  35.805  -30.551  40.412 0.1000000015
37006  37.338  -31.346  38.206 0.1000000015
8920  36.403  -31.112  38.731 0.1000000015
19749  35.646  -31.080  39.450 0.1000000015
19751  34.969  -31.775  39.477 0.1000000015
418  38.330  -31.739  38.075 0.1000000015
30049  37.684  -32.312  38.083 0.1000000015
37007  36.640  -31.927  38.267 0.1000000015
11934  39.207  -32.292  38.231 0.1000000015
30050  38.585  -32.921  38.322 0.1000000015
37004  37.171  -29.836  39.616 0.1000000015
36997  38.014  -30.715  38.173 0.1000000015
37005  37.133  -30.526  38.776 0.1000000015
8917  37.878  -29.932  38.800 0.1000000015
4254  40.007  -32.912  38.795 0.1000000015
11932  38.958  -31.170  38.013 0.1000000015
36996  38.734  -30.185  38.150 0.1000000015
11933  39.859  -31.781  38.160 0.1000000015
36995  39.346  -29.638  38.187 0.1000000015
4252  39.618  -30.672  37.943 0.1000000015
26828  33.971  -32.232  41.441 0.1000000015
26827  34.397  -31.919  40.419 0.1000000015
36716  19.413  -44.232  60.579 0.1000000015
26682  17.213  -44.640  64.370 0.1000000015
14637  24.642  -44.019  60.164 0.2000000030
2118  35.054  -31.228  40.363 0.1000000015
8791  29.447  -44.589  61.164 0.1000000015
6480  25.902  -44.123  61.002 0.1000000015
36621  30.047  -44.855  60.209 0.1000000015
30476  27.159  -44.247  61.830 0.1000000015
1042  25.913  -45.878  63.356 0.1000000015
14638  25.403  -45.235  62.525 0.1000000015
14639  25.997  -44.842  62.419 0.1000000015
30477  25.344  -44.407  61.207 0.1000000015
2961  24.820  -44.770  61.406 0.1000000015
12352  29.809  -38.777  45.161 0.1000000015
30641  30.139  -40.957  47.132 0.1000000015
30639  29.701  -40.096  46.607 0.1000000015
4672  30.003  -37.712  44.882 0.1000000015
30642  30.826  -41.735  47.752 0.1000000015
12350  29.478  -39.033  46.250 0.1000000015
12351  29.587  -37.980  45.912 0.1000000015
30638  29.182  -39.301  47.305 0.1000000015
4670  29.315  -38.217  47.033 0.1000000015
107  49.344  -16.087  49.501 0.1000000015
23805  52.635  -15.430  50.816 0.1000000015
10664  50.399  -15.631  49.364 0.1000000015
2986  51.742  -15.515  51.257 0.1000000015
2984  51.414  -15.241  49.213 0.1000000015
10665  51.675  -15.252  50.284 0.1000000015
23804  52.509  -15.103  49.901 0.1000000015
23802  52.296  -15.023  48.917 0.1000000015
27953  57.439  -15.138  31.201 0.1000000015
2373  57.417  -15.612  30.066 0.1000000015
28949  62.986  -14.138  23.308 0.1000000015
5824  62.552  -13.470  24.173 0.1000000015
9676  58.727  -14.576  28.970 0.1000000015
28950  62.169  -14.750  24.157 0.1000000015
13551  59.472  -14.944  27.176 0.1000000015
39267  58.674  -15.318  27.897 0.1000000015
5287  59.566  -13.037  33.706 0.1000000015
27952  58.359  -14.134  31.811 0.1000000015
21625  58.172  -14.528  30.616 0.1000000015
28951  62.167  -12.767  24.974 0.1000000015
21626  58.889  -14.061  30.037 0.1000000015
21627  58.015  -15.077  29.494 0.1000000015
13546  62.931  -12.028  24.028 0.1000000015
39265  59.566  -13.527  29.448 0.1000000015
21628  58.003  -15.745  28.579 0.1000000015
28952  61.673  -14.060  24.921 0.1000000015
676  60.072  -13.784  27.519 0.1000000015
39266  59.405  -14.169  28.315 0.1000000015
28953  61.285  -15.280  24.767 0.1000000015
5825  60.792  -14.778  25.584 0.1000000015
13549  60.427  -14.183  26.519 0.1000000015
27951  59.380  -13.296  32.459 0.1000000015
5288  59.079  -13.630  31.191 0.1000000015
27950  60.097  -12.701  31.790 0.1000000015
39264  59.804  -13.051  30.588 0.1000000015
9675  60.445  -12.478  29.885 0.1000000015
13548  61.263  -13.530  25.773 0.1000000015
39263  60.192  -13.001  28.658 0.1000000015
13547  60.906  -12.954  26.778 0.1000000015
19605  60.472  -11.021  34.585 0.1000000015
36833  60.457  -11.662  33.866 0.1000000015
27949  60.221  -12.349  32.997 0.1000000015
21624  60.738  -11.979  31.092 0.1000000015
36826  62.463  -9.679  29.226 0.1000000015
21623  61.351  -11.370  30.232 0.1000000015
2595  61.872  -12.191  25.915 0.1000000015
23106  60.787  -12.575  27.766 0.1000000015
8862  60.968  -10.351  33.669 0.1000000015
36832  61.089  -11.001  33.038 0.1000000015
2098  60.866  -11.615  32.224 0.1000000015
21622  61.526  -10.851  31.386 0.1000000015
36828  62.017  -9.579  30.970 0.1000000015
23103  62.793  -11.478  25.001 0.1000000015
23104  62.685  -10.941  25.981 0.1000000015
23105  61.687  -11.710  26.959 0.1000000015
2596  61.609  -11.438  27.987 0.1000000015
10275  62.574  -10.553  27.053 0.1000000015
20000  60.538  -7.836  27.990 0.1000000015
37307  59.872  -8.441  25.167 0.1000000015
9020  60.817  -7.667  26.575 0.1000000015
2594  63.373  -9.784  26.045 0.1000000015
36827  62.328  -8.990  29.850 0.1000000015
2  62.937  -9.121  28.103 0.1000000015
36829  61.553  -10.209  32.057 0.1000000015
19600  61.921  -8.514  30.275 0.1000000015
10274  63.227  -9.343  27.088 0.1000000015
36825  62.710  -8.489  28.607 0.1000000015
10276  62.424  -10.276  28.147 0.1000000015
37555  63.484  -8.530  26.191 0.1000000015
37310  62.502  -7.785  27.611 0.1000000015
37309  61.980  -7.457  26.517 0.1000000015
8860  62.003  -10.216  30.362 0.1000000015
39262  61.082  -11.856  29.010 0.1000000015
36961  49.476  -15.925  51.001 0.1000000015
492  29.962  -39.821  45.548 0.1000000015
30640  30.310  -40.710  46.039 0.1000000015
10666  50.657  -15.545  50.585 0.1000000015
39261  61.896  -10.749  29.201 0.1000000015
674  63.549  -10.673  24.039 0.1000000015
20001  61.668  -7.622  27.882 0.1000000015
19999  59.515  -8.357  26.486 0.1000000015
8859  62.130  -8.067  28.979 0.1000000015
36831  61.323  -9.673  32.616 0.1000000015
8861  61.646  -9.089  31.471 0.1000000015
37311  63.142  -8.269  27.232 0.1000000015
