#!ascii label  , from subject fsaverage6 vox2ras=TkReg 
1820
29820  40.150  23.846  21.842 0.2000000030
29821  39.298  23.400  22.532 0.3000000119
6197  39.620  22.970  21.248 0.2000000030
29819  40.820  23.328  20.683 0.3000000119
18031  39.207  21.825  20.640 0.3000000119
34917  40.432  22.331  20.218 0.2000000030
8205  39.080  20.532  20.408 0.4000000060
34918  40.170  21.187  19.904 0.4000000060
34919  40.095  19.884  19.925 0.5000000000
25793  41.314  20.518  19.584 0.5000000000
34923  40.168  17.136  20.413 0.4000000060
18029  41.208  17.915  19.935 0.5000000000
34922  40.079  18.480  20.141 0.5000000000
1860  41.245  19.255  19.666 0.5000000000
4089  41.488  21.747  19.705 0.5000000000
8204  41.262  16.636  20.287 0.4000000060
34916  41.411  15.371  20.687 0.4000000060
18028  42.348  17.291  19.816 0.4000000060
18025  42.477  19.935  19.351 0.5000000000
3630  43.652  15.625  20.420 0.5000000000
34915  42.416  16.143  20.283 0.4000000060
18027  42.392  18.653  19.521 0.5000000000
33202  46.639  10.684  17.706 0.8000000119
33199  45.889  10.919  19.184 0.8999999762
3632  44.379  12.750  20.892 0.8000000119
11311  43.981  14.215  20.721 0.6000000238
34914  43.581  16.721  19.879 0.5000000000
18026  43.578  19.399  19.159 0.5000000000
25792  42.592  21.213  19.333 0.4000000060
24970  45.739  12.074  20.542 0.8000000119
24969  45.321  13.533  20.924 0.8000000119
8203  43.504  17.955  19.433 0.5000000000
16664  47.311  8.684  14.681 0.6999999881
7584  46.654  9.366  16.249 0.8000000119
16653  46.620  12.885  20.668 0.8000000119
24968  44.975  15.005  20.645 0.6999999881
24966  44.783  16.217  20.073 0.6000000238
34913  44.746  17.375  19.532 0.5000000000
33203  47.214  10.153  16.252 0.8000000119
3631  46.270  14.371  20.847 0.6999999881
34912  44.712  18.771  19.096 0.5000000000
1604  46.741  11.688  19.287 0.8999999762
24967  46.036  15.634  20.387 0.5000000000
16657  47.392  11.402  17.750 0.8999999762
33210  51.067  4.572  10.844 0.6000000238
7586  49.638  5.408  11.176 0.6999999881
16666  48.619  6.624  11.914 0.6999999881
33204  47.798  9.386  14.356 0.6999999881
16655  47.625  12.430  19.406 0.8999999762
1602  45.922  16.907  19.737 0.5000000000
33207  49.545  6.062  10.323 0.6999999881
33206  48.690  7.402  11.335 0.6999999881
33191  47.218  15.096  20.675 0.8999999762
33208  50.807  5.014  9.679 0.6999999881
7585  47.971  7.983  12.977 0.6999999881
33196  48.257  10.259  14.211 0.6999999881
7582  47.897  10.852  16.132 0.8999999762
16654  47.524  13.681  20.620 0.8999999762
16652  47.174  16.236  20.165 0.5000000000
33205  48.304  8.790  12.551 0.6999999881
33195  48.619  11.656  16.100 0.8999999762
16656  48.223  12.149  17.857 0.8000000119
7581  48.504  13.147  19.480 0.8999999762
33192  48.426  14.452  20.543 0.8000000119
14858  50.734  5.603  8.710 0.6999999881
33194  49.122  12.835  17.867 0.8000000119
6611  49.638  6.777  9.608 0.6999999881
30785  48.987  8.240  10.823 0.6999999881
251  48.778  9.686  12.338 0.6999999881
12458  48.977  11.055  14.148 0.8000000119
14859  50.782  6.349  7.935 0.6999999881
30787  49.864  7.613  9.013 0.6000000238
30786  49.390  9.087  10.355 0.6000000238
12460  49.417  10.548  11.948 0.6999999881
37431  49.789  9.989  9.999 0.6000000238
14168  40.151  24.263  23.123 0.2000000030
6196  40.979  24.719  22.332 0.2000000030
11769  41.753  22.781  20.001 0.2000000030
33201  45.934  9.871  17.770 0.8000000119
4088  43.698  20.686  19.088 0.5000000000
16665  47.800  7.183  13.448 0.6999999881
34911  44.788  20.199  18.863 0.5000000000
33209  49.797  4.906  12.263 0.6000000238
7587  52.675  4.412  10.659 0.5000000000
34910  45.879  18.164  19.196 0.5000000000
33211  52.453  4.549  9.393 0.6999999881
1113  52.258  4.886  8.191 0.6999999881
4778  49.526  12.426  16.081 0.8000000119
12459  49.873  11.900  14.085 0.8000000119
30788  50.960  7.119  7.245 0.6000000238
6612  50.100  8.463  8.439 0.6000000238
20102  50.348  9.331  8.023 0.6000000238
37432  50.274  10.776  9.761 0.6999999881
14167  41.175  25.033  23.530 0.2000000030
11768  42.846  22.342  19.552 0.3000000119
8202  45.886  19.621  18.816 0.5000000000
16671  54.358  4.747  10.619 0.6000000238
33212  54.172  4.610  9.263 0.6000000238
16650  46.993  17.637  19.370 0.6000000238
7580  48.263  15.700  20.422 0.6999999881
23891  53.940  4.511  7.975 0.6000000238
33190  49.398  15.114  20.479 0.8999999762
27032  50.016  13.526  17.817 0.8999999762
23892  53.734  4.695  6.658 0.6000000238
14860  52.140  5.393  7.070 0.6000000238
6613  52.177  6.043  6.240 0.5000000000
4780  50.069  11.412  11.923 0.6999999881
30789  52.247  6.881  5.534 0.5000000000
20101  51.028  7.981  6.553 0.5000000000
30791  53.441  5.933  4.660 0.5000000000
1114  52.169  7.641  4.883 0.5000000000
9063  50.687  10.226  7.571 0.6000000238
20103  51.122  8.855  6.007 0.5000000000
882  41.586  25.166  24.653 0.2000000030
14163  42.702  25.948  24.789 0.2000000030
14166  41.885  25.573  22.666 0.2000000030
29818  41.301  24.200  21.186 0.2000000030
29817  41.943  25.059  21.704 0.2000000030
385  42.131  23.689  20.426 0.2000000030
11767  43.131  23.270  19.956 0.2000000030
25791  43.896  21.885  19.198 0.3000000119
25790  44.991  21.415  18.900 0.3000000119
34909  47.032  19.121  18.877 0.6000000238
7588  56.007  5.253  10.531 0.5000000000
7578  48.241  18.658  19.081 0.6000000238
33214  57.123  5.151  9.213 0.5000000000
33213  55.784  4.935  9.240 0.5000000000
16651  48.248  17.034  19.713 0.6000000238
3033  55.603  4.611  7.876 0.6000000238
33189  49.323  16.463  20.033 0.5000000000
1603  50.323  14.478  19.449 0.8000000119
23893  55.384  4.530  6.573 0.6000000238
27034  50.365  13.113  15.880 0.8999999762
3034  55.096  4.677  5.346 0.6000000238
30790  53.563  5.183  5.490 0.6000000238
14862  54.736  5.132  4.178 0.6000000238
37433  50.996  11.389  9.361 0.8000000119
6614  54.437  5.856  3.326 0.5000000000
37435  51.333  10.939  7.089 0.8000000119
27038  52.171  8.474  4.292 0.5000000000
37434  51.363  9.733  5.429 0.5000000000
30792  53.384  6.760  4.084 0.5000000000
27037  53.245  7.445  3.423 0.5000000000
4782  52.150  9.297  3.616 0.5000000000
4781  53.799  7.109  2.143 0.5000000000
1115  55.983  3.968  3.495 0.4000000060
14865  55.227  4.378  2.620 0.4000000060
14164  43.118  26.652  23.921 0.2000000030
14165  42.238  25.843  23.793 0.2000000030
23473  44.595  27.615  24.832 0.1000000015
29813  43.949  27.500  23.923 0.1000000015
29814  43.479  27.265  23.018 0.1000000015
6195  42.708  26.432  22.968 0.2000000030
29816  42.495  25.990  22.014 0.2000000030
4083  42.937  25.496  21.254 0.2000000030
11763  42.502  24.567  20.893 0.2000000030
11764  43.767  25.047  20.745 0.2000000030
11766  44.531  23.906  20.102 0.2000000030
11765  43.428  24.144  20.380 0.3000000119
25788  45.595  23.576  19.758 0.3000000119
18018  46.592  23.293  19.241 0.3000000119
4087  44.212  22.957  19.609 0.3000000119
1859  46.361  22.219  18.783 0.3000000119
25789  45.279  22.543  19.201 0.3000000119
18020  47.546  22.890  18.824 0.4000000060
18024  46.000  21.003  18.698 0.4000000060
18023  47.129  20.475  18.655 0.6000000238
33186  49.461  19.616  18.919 0.6000000238
34908  48.286  20.068  18.738 0.6000000238
33188  49.395  18.023  19.393 0.6000000238
7579  50.459  17.390  19.576 0.6999999881
20093  50.432  15.829  20.047 0.8000000119
20094  51.554  16.651  19.554 0.8000000119
20095  51.290  15.161  19.204 0.8999999762
9060  52.559  15.873  18.612 0.6999999881
27033  50.865  14.199  17.673 0.8999999762
37425  52.026  14.824  17.367 0.8999999762
4779  51.301  13.735  15.516 0.8999999762
10714  56.699  4.450  6.655 0.5000000000
20097  52.544  14.223  15.217 0.8999999762
27035  50.706  12.565  13.799 0.8999999762
27036  50.890  11.982  11.594 0.8999999762
23894  56.372  4.307  5.432 0.6000000238
20096  51.737  13.064  13.374 0.8999999762
23895  56.596  3.745  4.575 0.6000000238
14861  55.929  4.468  4.249 0.6000000238
14863  55.364  4.874  3.194 0.5000000000
14864  54.782  5.476  2.351 0.5000000000
20106  52.438  11.181  4.585 0.8000000119
20104  52.413  10.106  3.115 0.6000000238
30793  54.218  6.512  2.695 0.5000000000
6615  54.501  4.898  1.928 0.4000000060
30794  54.296  6.059  1.810 0.5000000000
27039  53.000  8.165  2.759 0.5000000000
27040  52.715  8.917  2.188 0.5000000000
27041  52.509  9.653  1.740 0.5000000000
25787  45.780  24.583  20.226 0.3000000119
34902  47.714  25.055  19.443 0.3000000119
25786  46.544  25.212  19.745 0.3000000119
18019  47.798  24.024  19.329 0.3000000119
4086  46.865  24.328  19.831 0.3000000119
8200  48.750  23.667  19.016 0.4000000060
18022  47.307  21.726  18.548 0.4000000060
8201  48.384  21.245  18.565 0.4000000060
34907  49.461  20.856  18.658 0.6000000238
33187  50.597  18.927  19.161 0.6000000238
37423  52.772  17.240  19.081 0.6999999881
37426  53.344  15.160  16.859 0.8999999762
9061  53.914  14.352  14.634 0.8000000119
20098  52.993  13.355  12.913 0.8999999762
2166  51.978  12.390  11.162 0.8999999762
37436  52.026  11.861  8.860 0.8999999762
9064  52.227  11.564  6.717 0.8999999762
20107  53.038  12.034  6.190 0.8000000119
20108  52.911  11.752  4.130 0.6999999881
25785  45.395  25.364  19.978 0.3000000119
25783  43.448  25.958  20.563 0.2000000030
8199  48.141  25.479  18.485 0.2000000030
4084  43.383  26.033  19.446 0.2000000030
34901  49.396  25.310  18.523 0.3000000119
34903  48.776  24.836  19.260 0.3000000119
18011  44.453  25.737  19.073 0.3000000119
25784  44.368  25.568  20.226 0.2000000030
25782  42.671  26.588  20.205 0.1000000015
34904  49.873  24.425  19.138 0.3000000119
34905  49.832  23.157  18.912 0.3000000119
18021  48.578  22.455  18.619 0.3000000119
34906  49.584  22.041  18.639 0.5000000000
10710  51.803  21.060  18.769 0.6000000238
53  50.540  20.423  18.840 0.6000000238
10711  53.094  20.338  18.751 0.5000000000
10712  51.827  19.739  18.966 0.6000000238
3032  52.997  18.833  18.878 0.6000000238
37422  51.657  18.171  19.215 0.6999999881
23890  54.064  17.636  18.476 0.5000000000
37424  53.774  16.295  18.020 0.6000000238
1112  54.885  16.701  17.359 0.6000000238
14855  55.517  17.147  16.775 0.6000000238
37427  54.519  15.438  16.227 0.6999999881
6610  55.483  14.925  13.678 0.6999999881
37428  54.970  14.579  14.156 0.6999999881
20099  54.180  13.521  12.376 0.8000000119
37429  55.036  13.842  11.903 0.8000000119
9062  54.202  12.977  10.106 0.8000000119
20100  53.159  12.654  10.627 0.8000000119
37437  53.105  12.275  8.376 0.8999999762
37441  52.627  12.836  3.674 0.8999999762
37438  54.004  12.715  7.818 0.8999999762
9065  53.537  12.611  5.779 0.8999999762
37430  54.822  13.424  9.612 0.8000000119
17997  51.794  24.533  18.640 0.2000000030
1858  45.659  25.631  18.857 0.2000000030
8191  52.828  23.920  18.359 0.2000000030
17999  50.911  23.924  19.079 0.2000000030
17998  51.949  23.351  18.907 0.2000000030
34878  53.006  22.794  18.623 0.4000000060
34879  51.864  22.198  18.814 0.4000000060
8192  50.818  22.766  18.850 0.3000000119
34880  50.671  21.553  18.717 0.4000000060
3030  53.054  21.637  18.686 0.4000000060
23888  54.177  20.856  18.468 0.5000000000
3031  55.122  19.744  18.101 0.4000000060
23889  54.251  19.224  18.613 0.6000000238
20084  48.426  16.196  11.082 0.6000000238
37410  48.652  18.502  11.853 0.6000000238
20082  51.012  17.203  13.211 0.6999999881
9055  49.768  17.864  12.719 0.6000000238
37411  47.224  16.872  10.588 0.6000000238
14854  55.633  18.591  17.356 0.4000000060
14853  55.098  18.113  17.997 0.5000000000
20083  49.821  15.792  11.402 0.6000000238
37407  52.439  18.499  14.150 0.6999999881
4774  52.415  16.597  13.215 0.6000000238
20081  51.191  15.429  11.246 0.6000000238
14856  55.675  16.184  15.191 0.6000000238
27025  53.827  16.230  13.229 0.6000000238
27026  52.613  15.223  11.056 0.6000000238
27027  51.554  14.591  8.907 0.6000000238
12454  53.947  15.087  10.939 0.6000000238
4775  52.956  14.599  8.764 0.6999999881
4773  54.882  15.820  13.085 0.6999999881
12455  54.097  14.392  8.879 0.8000000119
12456  53.115  14.111  6.815 0.8000000119
30784  55.271  14.279  11.431 0.6999999881
12453  54.856  14.739  11.074 0.6999999881
507  54.748  13.970  9.115 0.6999999881
12457  54.029  13.789  6.993 0.8000000119
37440  53.549  13.162  5.351 0.8999999762
37439  54.284  13.257  7.321 0.8000000119
34876  53.423  24.335  17.322 0.2000000030
8190  53.698  24.714  16.010 0.2000000030
34874  54.293  23.621  16.967 0.2000000030
23886  54.047  22.225  18.290 0.3000000119
23887  54.946  21.307  17.850 0.4000000060
30779  55.543  20.217  17.382 0.4000000060
27024  53.768  17.854  14.382 0.5000000000
30780  55.665  19.190  16.649 0.4000000060
6609  55.654  17.658  16.265 0.5000000000
30781  55.462  18.216  15.550 0.5000000000
30782  55.536  16.651  14.815 0.5000000000
30783  55.478  15.373  13.198 0.6999999881
34877  53.848  23.346  17.971 0.2000000030
1110  54.635  22.668  17.576 0.3000000119
14852  55.286  21.723  17.057 0.3000000119
6608  55.569  20.676  16.576 0.3000000119
37408  51.218  19.252  13.393 0.5000000000
37409  50.247  19.822  12.242 0.5000000000
20080  53.799  19.527  14.631 0.5000000000
1111  54.721  18.838  15.161 0.5000000000
30778  55.361  19.735  15.910 0.5000000000
27023  54.792  17.255  14.577 0.6000000238
34873  54.450  24.133  15.705 0.2000000030
34872  54.551  24.490  14.311 0.2000000030
6606  54.996  23.484  15.221 0.2000000030
14850  54.907  23.042  16.553 0.2000000030
30776  55.083  22.674  14.679 0.2000000030
14851  55.316  22.083  16.045 0.2000000030
30777  55.154  21.276  15.565 0.3000000119
9054  52.654  20.206  13.708 0.5000000000
37406  51.689  20.727  12.374 0.3000000119
20078  54.656  20.383  15.098 0.5000000000
30774  54.985  23.743  13.730 0.2000000030
30775  54.872  22.837  13.180 0.2000000030
6607  54.648  21.822  14.225 0.2000000030
2163  50.884  21.026  10.960 0.3000000119
20079  53.878  21.051  13.980 0.4000000060
37405  53.124  21.490  12.504 0.3000000119
383  54.869  23.693  12.072 0.2000000030
12450  54.818  23.820  10.563 0.2000000030
12451  54.345  22.905  10.146 0.2000000030
27020  53.648  23.039  8.979 0.2000000030
27019  52.712  23.426  8.214 0.2000000030
12452  54.677  22.831  11.497 0.2000000030
37398  51.330  22.865  8.122 0.2000000030
9051  50.332  23.372  7.813 0.2000000030
4771  52.327  22.466  8.722 0.2000000030
37399  49.832  22.303  8.236 0.2000000030
37404  54.201  22.101  12.783 0.2000000030
27022  52.433  21.645  10.963 0.2000000030
20073  51.652  21.651  9.658 0.3000000119
20074  50.795  21.841  8.688 0.3000000119
9052  49.283  21.160  8.875 0.2000000030
20075  50.094  21.108  9.812 0.3000000119
20072  51.712  23.999  7.688 0.2000000030
27021  53.199  22.155  9.680 0.2000000030
37397  48.831  22.799  7.996 0.2000000030
4772  53.806  22.178  11.086 0.2000000030
729  47.443  22.321  8.177 0.2000000030
20070  51.952  25.097  6.952 0.2000000030
37400  48.343  21.640  8.404 0.2000000030
11310  42.606  14.922  20.627 0.5000000000
33193  49.376  13.818  19.432 0.8999999762
10713  56.927  4.797  7.966 0.6000000238
20105  51.831  10.524  4.959 0.8000000119
2167  52.540  10.764  2.676 0.6000000238
12462  53.208  7.807  1.534 0.5000000000
4783  52.686  8.506  1.216 0.5000000000
4085  44.766  24.737  20.471 0.2000000030
18017  46.994  25.521  18.667 0.2000000030
14857  55.380  15.744  15.656 0.6999999881
9056  47.291  15.307  9.134 0.6000000238
2164  50.166  14.552  9.040 0.6000000238
4777  52.993  13.557  5.176 0.8000000119
4770  54.438  23.902  9.341 0.2000000030
27018  53.781  24.165  8.324 0.2000000030
16684  53.179  4.062  20.614 0.3000000119
33228  51.773  3.862  20.601 0.3000000119
16682  50.328  3.659  20.587 0.3000000119
37283  59.488  4.130  25.357 0.2000000030
19979  59.258  2.910  25.866 0.2000000030
33229  52.923  3.970  19.468 0.3000000119
16681  50.126  3.693  19.579 0.3000000119
37257  59.503  5.288  24.608 0.2000000030
7593  51.521  3.810  19.585 0.3000000119
33226  51.343  3.861  18.504 0.3000000119
10720  59.849  5.200  22.251 0.2000000030
3040  59.895  5.445  21.224 0.3000000119
23904  59.892  5.592  20.197 0.3000000119
33236  58.823  6.157  19.696 0.3000000119
33227  52.725  3.947  18.447 0.3000000119
33225  49.902  3.756  18.494 0.3000000119
24983  52.499  4.037  17.368 0.3000000119
11319  49.714  3.872  17.409 0.3000000119
33224  57.351  5.132  16.048 0.3000000119
3639  51.172  3.915  17.419 0.3000000119
11318  50.975  3.958  16.412 0.3000000119
12480  58.385  5.294  14.613 0.3000000119
33222  56.927  5.095  13.940 0.3000000119
1607  57.876  5.261  11.727 0.3000000119
16683  53.451  4.310  21.694 0.3000000119
3641  51.947  4.020  21.713 0.3000000119
733  48.917  3.449  21.425 0.3000000119
9011  59.103  3.098  27.246 0.2000000030
16685  54.463  4.232  20.472 0.3000000119
16680  48.748  3.547  20.455 0.3000000119
16689  56.241  5.118  21.049 0.3000000119
5927  48.595  3.679  19.450 0.3000000119
16687  55.849  4.656  20.038 0.3000000119
7594  54.158  4.026  19.329 0.3000000119
29190  47.053  3.849  19.419 0.2000000030
33240  59.230  6.414  21.806 0.3000000119
33239  59.077  6.346  20.749 0.3000000119
16688  57.186  5.387  19.436 0.3000000119
16686  55.500  4.383  18.985 0.3000000119
33230  53.986  4.001  18.193 0.3000000119
29189  48.420  3.816  18.411 0.3000000119
29188  46.970  4.228  18.509 0.2000000030
33232  56.446  4.766  17.470 0.3000000119
33231  55.176  4.221  17.907 0.3000000119
1608  53.760  4.094  17.161 0.3000000119
11317  49.557  4.087  16.497 0.4000000060
252  48.315  4.102  17.494 0.3000000119
7592  56.089  4.573  16.399 0.3000000119
16679  54.922  4.215  16.807 0.3000000119
16677  54.748  4.348  15.716 0.3000000119
24982  52.359  4.038  16.281 0.3000000119
16678  55.848  4.570  15.352 0.3000000119
3638  53.510  4.295  15.180 0.3000000119
3637  50.782  4.026  15.510 0.4000000060
33221  56.811  5.233  13.017 0.3000000119
24981  52.240  4.060  15.338 0.3000000119
11316  49.202  4.383  15.619 0.4000000060
33218  56.879  5.450  12.185 0.4000000060
20160  57.857  5.249  10.882 0.4000000060
7589  57.919  5.106  10.099 0.3000000119
20162  58.234  4.376  10.756 0.3000000119
33215  57.831  4.875  9.176 0.5000000000
115  57.658  4.457  8.058 0.5000000000
24986  50.682  3.907  22.757 0.3000000119
24985  50.447  3.720  21.632 0.3000000119
37282  59.252  4.482  26.696 0.2000000030
29192  47.280  3.397  21.294 0.3000000119
24989  55.180  5.067  22.662 0.3000000119
29191  47.175  3.579  20.420 0.3000000119
33237  56.565  5.583  22.158 0.3000000119
1609  54.868  4.595  21.473 0.3000000119
33242  59.438  6.107  23.823 0.3000000119
5926  45.703  4.444  19.394 0.2000000030
33241  59.393  6.355  22.814 0.3000000119
33238  57.847  6.161  21.402 0.3000000119
11313  46.767  4.861  17.641 0.2000000030
11314  46.577  5.494  16.806 0.4000000060
11315  47.973  4.590  16.625 0.4000000060
7591  55.696  4.756  14.434 0.3000000119
3635  47.709  5.054  15.765 0.4000000060
33220  55.696  4.905  13.521 0.4000000060
33219  54.645  4.603  13.961 0.3000000119
24980  53.435  4.331  14.225 0.3000000119
24979  52.054  4.157  14.415 0.4000000060
24978  50.465  4.281  14.490 0.4000000060
24977  48.909  4.757  14.669 0.4000000060
24975  47.617  5.693  14.943 0.4000000060
7590  55.834  5.142  12.689 0.4000000060
16674  54.582  4.764  13.105 0.4000000060
16668  51.670  4.288  13.332 0.4000000060
3636  50.135  4.521  13.451 0.4000000060
24976  48.698  5.319  13.711 0.4000000060
33217  57.049  5.452  11.367 0.4000000060
1606  53.288  4.463  13.222 0.4000000060
16673  55.888  5.312  11.811 0.4000000060
9010  58.670  3.253  29.663 0.2000000030
11321  50.967  4.204  23.818 0.3000000119
3640  49.274  3.788  23.557 0.3000000119
24984  49.057  3.563  22.500 0.3000000119
19957  58.854  5.978  27.427 0.2000000030
37281  58.939  4.635  27.965 0.2000000030
37280  58.870  3.169  28.472 0.1000000015
24990  54.062  5.202  24.031 0.3000000119
24988  53.820  4.689  22.829 0.3000000119
24987  52.247  4.279  22.826 0.3000000119
29195  47.424  3.347  22.225 0.3000000119
9003  59.185  5.683  26.055 0.3000000119
3643  55.447  5.636  23.856 0.3000000119
5928  45.697  3.637  21.174 0.2000000030
13718  45.670  3.967  20.306 0.2000000030
13717  44.397  4.660  20.257 0.2000000030
29187  45.536  5.139  18.565 0.3000000119
24973  45.424  6.767  17.216 0.6000000238
24974  46.508  6.190  16.105 0.5000000000
1605  47.664  6.441  14.166 0.5000000000
33216  57.101  5.372  10.413 0.5000000000
16672  54.562  4.910  11.976 0.4000000060
16670  52.949  4.446  11.979 0.4000000060
16667  48.626  5.928  12.713 0.5000000000
16669  51.316  4.380  12.043 0.4000000060
2145  58.448  6.066  28.624 0.2000000030
26950  57.849  6.013  29.707 0.2000000030
37277  58.240  4.534  30.241 0.2000000030
37278  58.641  4.689  29.074 0.2000000030
24991  54.314  5.901  25.178 0.3000000119
11323  52.782  5.306  25.214 0.3000000119
3642  52.551  4.703  24.050 0.3000000119
29196  47.520  3.435  23.212 0.3000000119
16690  55.810  6.323  24.894 0.3000000119
29194  45.759  3.398  21.999 0.3000000119
37256  59.076  6.532  25.236 0.3000000119
16691  56.909  6.149  23.227 0.3000000119
29193  44.225  3.788  21.821 0.3000000119
13719  44.284  4.174  21.056 0.2000000030
16693  58.477  6.869  23.473 0.3000000119
7597  58.134  6.547  22.485 0.3000000119
13716  44.339  5.477  19.460 0.2000000030
3633  45.453  5.989  17.827 0.5000000000
29186  44.378  6.413  18.829 0.3000000119
3634  45.694  7.612  16.741 0.6000000238
16662  46.140  8.502  16.475 0.6000000238
16661  46.695  7.002  15.504 0.6000000238
4732  57.230  5.662  30.579 0.2000000030
19955  58.033  7.045  28.069 0.3000000119
24992  54.522  6.580  26.185 0.3000000119
11322  51.246  4.728  24.967 0.3000000119
11320  49.485  4.167  24.530 0.3000000119
29197  47.731  3.761  24.096 0.3000000119
1610  56.123  6.944  25.806 0.3000000119
5929  45.837  3.449  22.922 0.3000000119
16692  57.198  6.677  24.269 0.3000000119
13721  44.285  3.661  22.597 0.2000000030
16694  57.524  7.098  25.153 0.3000000119
23207  42.891  4.513  21.730 0.2000000030
2653  42.839  4.150  22.322 0.2000000030
7598  58.717  6.918  24.509 0.3000000119
732  43.033  5.049  20.968 0.2000000030
23208  41.536  4.971  22.200 0.2000000030
24971  44.540  7.352  18.307 0.4000000060
33200  45.272  9.002  17.774 0.5000000000
16663  46.988  7.845  15.036 0.6000000238
12410  55.195  5.422  31.100 0.2000000030
12412  56.653  5.117  31.195 0.2000000030
19953  57.336  7.156  29.374 0.2000000030
3644  52.921  6.011  26.201 0.3000000119
11324  51.322  5.420  25.960 0.3000000119
37251  55.107  7.311  27.061 0.3000000119
13723  45.951  3.549  23.758 0.3000000119
19956  58.584  6.807  26.660 0.3000000119
13722  44.356  3.658  23.448 0.3000000119
37255  58.093  7.241  25.916 0.3000000119
734  42.818  3.949  23.898 0.2000000030
13720  42.872  3.992  23.075 0.2000000030
23209  41.427  4.538  22.837 0.2000000030
2654  39.959  4.628  23.503 0.2000000030
13715  43.113  5.877  20.237 0.3000000119
23206  41.691  5.510  21.594 0.2000000030
10333  40.140  5.250  22.827 0.2000000030
731  43.919  8.699  19.097 0.5000000000
5925  43.290  6.820  19.730 0.3000000119
13714  42.083  7.258  20.467 0.3000000119
2652  40.322  5.913  22.234 0.2000000030
10334  38.750  5.369  23.480 0.2000000030
23205  40.433  6.752  21.608 0.2000000030
10331  39.081  7.047  22.391 0.2000000030
12411  55.729  6.318  30.859 0.2000000030
26949  56.467  6.867  30.272 0.2000000030
9002  57.442  7.509  27.332 0.3000000119
9001  53.921  7.499  28.112 0.3000000119
37250  53.330  6.891  27.128 0.3000000119
37249  51.621  6.288  26.931 0.3000000119
37253  55.815  7.698  27.925 0.3000000119
254  49.628  4.748  25.527 0.3000000119
29198  47.900  4.198  25.003 0.3000000119
5930  46.142  3.857  24.531 0.3000000119
37254  56.769  7.442  26.623 0.3000000119
13724  44.487  3.743  24.207 0.3000000119
37237  44.949  4.007  25.005 0.3000000119
37236  43.285  3.830  24.659 0.2000000030
37233  41.666  3.885  24.452 0.2000000030
37232  40.166  4.089  24.330 0.2000000030
23210  41.304  4.195  23.669 0.2000000030
37231  38.827  4.549  24.186 0.2000000030
37230  37.597  5.313  24.175 0.2000000030
16660  44.437  9.432  19.023 0.5000000000
29185  43.598  7.798  19.338 0.4000000060
29184  42.473  8.228  20.200 0.4000000060
10332  38.955  6.128  22.934 0.2000000030
21  37.579  6.292  23.681 0.2000000030
7583  45.059  10.157  19.098 0.6999999881
16658  43.395  9.852  20.188 0.5000000000
29182  42.890  9.124  20.127 0.4000000060
2651  40.733  7.662  21.152 0.3000000119
23204  39.449  8.012  21.863 0.3000000119
29183  41.222  8.604  21.021 0.3000000119
30714  46.880  2.330  31.480 0.1000000015
6580  45.624  2.709  30.802 0.1000000015
19945  47.826  3.946  30.807 0.1000000015
19943  47.381  3.132  31.144 0.1000000015
30712  44.027  2.312  30.559 0.1000000015
498  42.377  1.947  30.472 0.1000000015
12401  41.468  1.480  31.193 0.1000000015
12403  40.369  1.892  30.565 0.1000000015
12402  39.502  1.693  31.443 0.1000000015
26932  37.616  2.268  31.770 0.2000000030
8998  46.668  4.162  30.066 0.1000000015
19944  46.152  3.474  30.394 0.1000000015
37240  44.470  2.999  30.060 0.1000000015
12407  42.950  2.534  29.852 0.1000000015
4723  38.350  2.234  30.779 0.1000000015
26933  36.608  2.801  30.926 0.2000000030
19954  56.630  7.654  28.739 0.2000000030
19951  52.000  7.068  27.891 0.3000000119
37241  44.991  3.607  29.599 0.1000000015
4727  43.426  3.178  29.295 0.1000000015
12406  41.832  2.868  29.097 0.1000000015
12405  41.271  2.342  29.821 0.1000000015
12404  39.325  2.350  29.842 0.1000000015
26935  37.421  2.655  29.819 0.1000000015
9000  50.139  6.395  27.488 0.3000000119
37248  49.931  5.585  26.521 0.3000000119
37239  48.316  4.862  26.052 0.3000000119
37242  45.479  4.300  29.126 0.1000000015
26941  43.945  3.785  28.628 0.1000000015
26940  42.388  3.385  28.301 0.1000000015
4725  40.255  2.730  28.920 0.1000000015
26936  38.332  2.741  28.736 0.1000000015
4724  36.512  3.180  28.720 0.1000000015
37238  46.661  4.333  25.494 0.3000000119
19938  43.064  3.820  27.487 0.1000000015
4726  41.661  3.439  27.159 0.1000000015
26939  40.883  3.057  28.015 0.1000000015
26937  39.395  2.953  27.731 0.1000000015
19931  37.541  3.188  27.600 0.1000000015
37225  35.010  4.111  28.777 0.1000000015
8996  43.699  3.958  25.588 0.2000000030
19939  42.581  3.791  26.373 0.1000000015
19937  39.578  3.494  25.900 0.1000000015
2142  38.695  3.273  26.738 0.1000000015
19933  36.961  3.744  26.656 0.1000000015
19932  35.876  3.847  27.637 0.1000000015
37235  42.143  3.709  25.302 0.2000000030
19935  38.112  3.789  25.784 0.2000000030
19934  36.544  4.526  25.719 0.1000000015
8993  35.427  4.696  26.650 0.2000000030
37226  34.477  5.004  27.755 0.2000000030
19936  39.084  3.948  25.039 0.2000000030
8994  37.736  4.478  24.895 0.2000000030
37228  35.175  5.662  25.816 0.1000000015
37229  36.347  5.425  24.935 0.1000000015
37149  36.343  6.527  24.340 0.2000000030
8967  35.163  6.791  25.125 0.2000000030
19867  34.080  7.198  25.972 0.2000000030
10330  37.744  7.319  23.128 0.2000000030
34934  36.674  7.399  23.781 0.4000000060
16659  44.029  10.524  20.330 0.5000000000
5924  41.640  9.556  20.889 0.3000000119
23203  39.890  9.008  21.620 0.3000000119
4714  38.928  2.767  38.790 0.1000000015
12394  38.367  3.295  38.253 0.1000000015
30700  39.265  1.986  37.725 0.1000000015
30701  38.607  2.546  37.176 0.1000000015
497  37.599  3.880  37.604 0.1000000015
30703  38.987  1.787  36.182 0.1000000015
30702  37.842  3.078  36.665 0.1000000015
12400  36.859  4.572  37.069 0.1000000015
14800  42.005  -0.235  35.563 0.1000000015
14799  40.313  0.600  35.850 0.1000000015
6576  38.216  2.414  35.677 0.1000000015
37213  37.073  3.731  36.169 0.1000000015
6577  41.000  0.225  34.962 0.1000000015
30704  39.447  1.192  35.263 0.1000000015
19922  37.472  2.992  35.219 0.1000000015
37214  36.187  4.478  35.641 0.1000000015
14812  54.211  1.748  33.121 0.2000000030
30707  41.874  0.196  34.142 0.1000000015
30705  40.075  0.849  34.370 0.2000000030
19921  38.627  1.773  34.760 0.2000000030
30717  49.816  1.955  31.558 0.2000000030
6578  42.692  0.405  33.421 0.1000000015
30708  40.807  0.721  33.552 0.1000000015
12408  54.611  4.538  31.309 0.2000000030
1096  49.112  3.504  31.191 0.2000000030
30718  50.412  2.890  31.230 0.2000000030
6581  48.003  1.725  31.781 0.2000000030
30709  41.638  0.859  32.772 0.1000000015
26929  39.756  1.222  32.972 0.2000000030
1094  39.175  1.377  33.861 0.2000000030
26930  38.133  1.942  33.267 0.2000000030
37216  36.561  3.045  33.717 0.2000000030
8989  36.330  3.706  34.615 0.2000000030
26942  51.006  3.920  31.095 0.2000000030
30715  48.550  2.601  31.444 0.2000000030
14806  46.249  1.566  31.980 0.1000000015
6579  44.520  1.393  32.033 0.1000000015
30710  42.560  1.201  31.925 0.1000000015
4721  40.542  1.224  32.030 0.2000000030
4722  37.035  2.616  32.699 0.2000000030
30711  43.434  1.697  31.196 0.1000000015
26931  38.723  1.694  32.334 0.2000000030
37243  48.250  4.786  30.466 0.2000000030
19924  36.064  3.187  31.978 0.2000000030
4731  55.600  7.602  29.893 0.2000000030
37252  54.700  7.832  29.189 0.2000000030
26947  53.618  7.437  29.978 0.2000000030
19952  52.627  7.497  29.017 0.2000000030
19950  50.483  6.919  28.640 0.2000000030
37247  48.421  5.639  27.021 0.3000000119
2143  44.546  4.329  27.955 0.1000000015
26934  35.739  3.390  29.821 0.2000000030
2141  35.073  3.812  30.950 0.2000000030
8997  46.814  4.918  26.499 0.3000000119
19941  45.259  4.371  26.036 0.3000000119
19940  43.949  4.177  26.735 0.2000000030
37227  34.197  5.998  26.820 0.2000000030
2133  33.221  7.648  26.982 0.2000000030
37148  35.441  7.750  24.438 0.3000000119
19866  34.366  8.188  25.199 0.3000000119
34933  36.988  8.522  23.197 0.3000000119
37147  34.765  9.128  24.547 0.3000000119
5923  42.742  11.144  20.750 0.5000000000
29181  42.192  10.426  20.822 0.4000000060
13712  40.385  9.999  21.403 0.3000000119
23202  38.527  9.470  22.141 0.4000000060
33198  44.815  11.303  20.397 0.6999999881
12395  38.231  4.176  39.300 0.1000000015
26918  38.787  3.656  39.910 0.1000000015
12396  37.472  4.784  38.682 0.1000000015
30699  40.069  1.551  38.462 0.1000000015
37258  53.478  0.145  37.020 0.1000000015
6574  41.684  0.655  38.309 0.1000000015
14797  40.569  0.846  37.491 0.1000000015
6575  39.743  1.153  36.698 0.1000000015
12398  36.822  5.504  37.962 0.1000000015
37259  54.055  0.476  36.235 0.1000000015
14798  41.257  0.163  36.560 0.1000000015
12399  36.265  6.202  37.391 0.1000000015
4720  36.164  5.368  36.547 0.1000000015
6582  51.689  2.193  31.578 0.2000000030
23856  44.000  -0.801  35.440 0.1000000015
14810  52.694  1.424  32.510 0.2000000030
14809  50.993  1.298  32.095 0.2000000030
30716  49.106  1.091  32.116 0.2000000030
3016  50.319  0.557  32.826 0.2000000030
23860  48.373  0.399  32.770 0.2000000030
3014  44.861  -0.678  34.523 0.1000000015
14802  43.795  -0.147  33.834 0.1000000015
37215  35.326  5.245  34.988 0.1000000015
14811  53.386  2.447  31.911 0.2000000030
23859  47.784  -0.185  33.571 0.2000000030
14801  45.770  -0.187  33.630 0.2000000030
14803  44.662  0.311  33.148 0.1000000015
14807  47.290  1.000  32.292 0.2000000030
1095  46.631  0.384  32.875 0.2000000030
37217  35.383  4.378  34.009 0.2000000030
30720  54.021  3.525  31.539 0.2000000030
26944  51.524  4.931  31.160 0.2000000030
14804  43.553  0.875  32.652 0.1000000015
19925  35.581  3.715  33.028 0.2000000030
4730  54.060  6.274  30.950 0.2000000030
26943  49.635  4.436  31.093 0.2000000030
4729  50.093  5.322  30.876 0.2000000030
26948  54.696  7.048  30.643 0.2000000030
2144  51.499  6.991  29.850 0.2000000030
19947  48.735  5.553  30.017 0.2000000030
37244  47.031  4.934  29.572 0.1000000015
19948  49.391  6.351  29.408 0.2000000030
19949  48.548  6.234  28.172 0.3000000119
8999  47.540  5.679  28.931 0.2000000030
37245  46.029  4.973  28.443 0.1000000015
37246  46.940  5.462  27.625 0.3000000119
8992  33.793  5.473  28.874 0.2000000030
19930  34.352  4.573  29.892 0.2000000030
19942  45.467  4.730  27.189 0.1000000015
37224  33.407  6.509  27.896 0.2000000030
19865  33.459  8.606  26.058 0.3000000119
34931  37.963  10.771  22.376 0.4000000060
34932  37.440  9.655  22.663 0.4000000060
18043  36.321  9.890  23.287 0.3000000119
8210  35.858  8.729  23.796 0.3000000119
33197  43.460  11.964  20.783 0.6000000238
29180  41.524  11.754  21.016 0.4000000060
13711  40.906  10.970  21.170 0.3000000119
13710  39.640  11.457  21.590 0.2000000030
730  39.146  10.523  21.909 0.4000000060
4716  37.444  5.691  39.794 0.1000000015
14795  43.526  -0.068  38.353 0.1000000015
23863  53.022  0.451  34.710 0.1000000015
14796  42.348  -0.008  37.456 0.2000000030
1097  53.598  0.974  33.821 0.1000000015
14794  44.258  -0.612  37.402 0.2000000030
1093  43.128  -0.567  36.435 0.2000000030
26928  35.416  6.131  35.865 0.1000000015
23858  46.848  -0.649  34.469 0.2000000030
2140  34.873  6.955  35.021 0.1000000015
37218  34.630  6.079  34.160 0.1000000015
4728  52.970  4.339  31.059 0.2000000030
8990  34.550  5.128  33.213 0.2000000030
26945  52.109  5.890  31.050 0.2000000030
19926  34.697  4.382  32.142 0.2000000030
19927  33.756  5.966  32.127 0.2000000030
8991  33.115  6.922  31.102 0.2000000030
19946  50.670  6.162  30.424 0.2000000030
19928  33.899  5.198  31.039 0.2000000030
19929  33.313  6.092  30.016 0.2000000030
37223  32.885  7.153  28.989 0.2000000030
37222  32.675  7.930  30.086 0.2000000030
19863  32.795  9.199  27.104 0.3000000119
8966  33.839  9.566  25.349 0.3000000119
18042  35.824  11.326  23.420 0.3000000119
18044  35.301  10.058  23.945 0.3000000119
37146  34.401  10.630  24.666 0.3000000119
29179  42.195  12.580  20.836 0.5000000000
34930  37.548  12.204  22.524 0.4000000060
8209  36.836  11.081  22.864 0.3000000119
12397  37.014  6.410  39.001 0.1000000015
3012  45.556  -0.395  38.600 0.1000000015
3011  49.632  -0.632  39.230 0.1000000015
23853  47.490  -0.569  38.844 0.1000000015
14808  52.069  0.698  33.266 0.2000000030
23854  46.248  -0.867  37.630 0.1000000015
26927  35.672  6.979  36.665 0.1000000015
3013  47.135  -1.015  36.610 0.2000000030
23855  45.076  -0.967  36.545 0.2000000030
23861  49.543  -0.111  33.664 0.2000000030
3015  48.902  -0.492  34.620 0.2000000030
23857  45.910  -0.987  35.497 0.2000000030
10696  50.726  -0.289  35.066 0.1000000015
37219  33.900  6.926  33.176 0.1000000015
12409  53.477  5.336  31.038 0.2000000030
37220  33.228  7.844  32.151 0.2000000030
26946  52.676  6.794  30.750 0.2000000030
37221  32.772  8.845  31.145 0.2000000030
4702  32.423  9.043  29.061 0.2000000030
26895  32.441  9.886  28.112 0.2000000030
19864  33.122  10.205  26.219 0.3000000119
37145  33.604  11.222  25.474 0.3000000119
11312  43.037  13.410  20.768 0.5000000000
29178  40.925  13.243  21.132 0.4000000060
34926  39.817  13.689  21.474 0.4000000060
1862  34.964  11.624  24.016 0.3000000119
37143  34.202  12.184  24.736 0.3000000119
5922  40.284  12.397  21.375 0.4000000060
34927  39.163  12.845  21.748 0.4000000060
8208  38.123  13.229  22.151 0.4000000060
18041  36.489  12.592  22.983 0.4000000060
33130  52.996  -0.139  37.808 0.1000000015
110  51.259  -0.486  37.350 0.1000000015
3017  52.414  0.017  35.683 0.1000000015
10697  51.812  -0.246  36.541 0.1000000015
10692  48.322  -0.892  37.945 0.1000000015
10693  49.157  -0.844  36.933 0.1000000015
23862  51.416  0.139  34.117 0.1000000015
10695  50.042  -0.587  36.013 0.1000000015
10694  47.965  -0.829  35.628 0.1000000015
12382  32.502  9.859  30.141 0.1000000015
12381  32.369  10.629  29.239 0.2000000030
26894  32.439  11.519  28.278 0.2000000030
4701  32.639  10.787  27.197 0.3000000119
37144  33.035  11.817  26.324 0.2000000030
250  41.686  14.103  20.814 0.4000000060
25802  34.783  13.184  24.059 0.3000000119
37142  34.157  13.768  24.751 0.3000000119
34929  37.167  13.679  22.526 0.4000000060
18040  35.581  12.852  23.425 0.4000000060
37135  34.618  16.407  29.768 0.2000000030
4699  33.644  15.236  29.682 0.2000000030
26891  32.913  13.894  29.531 0.2000000030
4700  32.515  12.276  29.381 0.2000000030
37136  35.176  16.966  28.865 0.2000000030
19857  34.109  15.874  28.689 0.2000000030
19856  33.263  14.585  28.564 0.2000000030
26892  32.723  13.125  28.423 0.2000000030
19858  33.727  15.307  27.602 0.3000000119
2132  33.076  13.909  27.471 0.2000000030
26893  32.738  12.425  27.306 0.2000000030
19862  33.175  13.337  26.415 0.2000000030
8965  33.541  12.829  25.450 0.2000000030
34925  40.510  14.527  21.057 0.3000000119
8207  39.424  15.009  21.251 0.4000000060
18038  38.740  14.198  21.719 0.4000000060
25801  35.466  14.368  23.398 0.3000000119
18039  37.763  14.625  21.945 0.4000000060
25799  36.885  15.127  22.355 0.4000000060
4093  36.271  14.035  22.915 0.4000000060
8963  34.633  16.587  27.827 0.3000000119
19859  34.292  16.137  26.829 0.3000000119
19860  33.600  14.767  26.516 0.2000000030
19861  33.752  14.282  25.587 0.2000000030
37141  34.333  15.173  24.897 0.2000000030
4094  34.795  14.626  24.068 0.3000000119
11773  35.553  15.811  23.497 0.3000000119
8964  34.180  15.675  25.781 0.3000000119
30719  52.277  3.221  31.204 0.2000000030
33223  57.120  5.021  14.949 0.3000000119
4800  58.114  5.251  13.632 0.3000000119
27072  57.990  5.241  12.615 0.3000000119
19977  58.771  1.729  27.492 0.2000000030
7596  57.533  5.782  20.392 0.3000000119
7595  56.822  5.004  18.474 0.3000000119
16675  53.627  4.221  16.102 0.3000000119
20161  58.123  4.287  9.975 0.3000000119
16676  54.682  4.482  14.791 0.4000000060
19974  58.447  3.147  30.769 0.2000000030
24972  44.791  8.186  17.934 0.5000000000
13713  41.773  6.337  20.895 0.2000000030
8995  40.580  3.708  25.116 0.2000000030
2650  38.092  8.345  22.568 0.4000000060
30713  45.144  2.036  31.372 0.1000000015
26938  40.195  3.235  26.877 0.1000000015
37234  41.087  3.492  26.051 0.1000000015
30706  42.904  -0.374  34.664 0.1000000015
19923  37.670  2.417  34.223 0.2000000030
14805  45.566  0.907  32.496 0.1000000015
34928  38.565  11.821  22.069 0.3000000119
26896  32.675  8.250  28.039 0.2000000030
12380  32.597  11.546  30.259 0.2000000030
18037  38.410  15.508  21.405 0.4000000060
25800  36.171  15.516  22.844 0.4000000060
23899  56.229  1.079  6.706 0.2000000030
14868  55.814  0.848  5.760 0.3000000119
14869  55.096  0.756  5.074 0.2000000030
10717  57.673  3.489  7.247 0.4000000060
10715  57.399  4.050  6.826 0.4000000060
3037  57.150  2.318  6.834 0.4000000060
10718  57.419  2.591  7.817 0.4000000060
30801  54.335  0.966  4.539 0.2000000030
6618  53.989  -0.496  5.526 0.1000000015
30802  53.307  -0.225  5.214 0.1000000015
20125  51.993  0.690  5.168 0.1000000015
29823  39.849  23.649  24.927 0.2000000030
23897  56.785  2.978  5.110 0.4000000060
23898  56.700  2.087  5.825 0.3000000119
1116  52.651  0.237  5.066 0.1000000015
20124  52.232  2.310  3.998 0.1000000015
37459  51.528  2.956  4.189 0.2000000030
4787  51.451  4.483  2.859 0.2000000030
27048  50.467  4.663  3.474 0.2000000030
3035  57.050  3.765  5.661 0.4000000060
23896  56.183  3.039  4.083 0.3000000119
3036  56.110  1.955  4.826 0.3000000119
30800  55.409  2.093  4.122 0.3000000119
6617  54.646  2.371  3.525 0.3000000119
30799  53.594  1.291  4.164 0.2000000030
20123  52.918  1.824  3.961 0.1000000015
9069  47.413  4.732  6.090 0.1000000015
37458  52.282  3.913  2.646 0.2000000030
37452  48.382  4.553  5.146 0.1000000015
20117  48.029  5.802  3.975 0.1000000015
27047  50.266  5.885  2.411 0.2000000030
14867  55.469  3.314  3.245 0.3000000119
30798  53.896  2.829  3.058 0.2000000030
37450  46.386  4.996  6.934 0.1000000015
4786  49.469  4.681  4.203 0.2000000030
14866  54.710  3.716  2.595 0.4000000060
27046  49.157  5.752  3.147 0.2000000030
20115  48.085  7.329  3.004 0.2000000030
30796  53.143  4.813  1.811 0.3000000119
12467  52.318  5.358  1.702 0.2000000030
30795  53.865  5.520  1.511 0.3000000119
508  53.079  6.108  1.265 0.3000000119
12466  51.313  5.738  1.958 0.2000000030
12465  52.242  6.676  1.163 0.2000000030
2168  49.099  7.183  2.176 0.2000000030
12461  53.702  6.659  1.412 0.4000000060
20116  47.041  6.022  4.899 0.1000000015
9068  47.101  7.470  4.019 0.2000000030
37448  46.203  7.709  4.992 0.2000000030
7576  43.327  11.171  6.578 0.3000000119
4785  51.260  7.016  1.287 0.3000000119
37421  46.299  9.215  4.261 0.3000000119
37420  46.083  10.448  3.879 0.3000000119
16647  44.007  12.049  5.610 0.4000000060
12463  52.928  7.334  1.049 0.3000000119
37447  47.434  9.103  3.270 0.2000000030
12464  52.158  7.847  0.882 0.4000000060
27045  50.180  7.067  1.641 0.2000000030
9059  47.306  10.479  2.882 0.3000000119
16646  43.350  12.407  6.470 0.3000000119
16648  44.070  10.856  5.685 0.3000000119
16649  44.798  11.734  4.667 0.3000000119
7577  44.898  10.498  4.874 0.3000000119
27043  52.196  9.132  1.014 0.4000000060
27044  51.340  8.291  0.927 0.4000000060
16645  44.063  13.206  5.716 0.4000000060
3628  43.306  13.622  6.532 0.4000000060
1601  44.839  12.871  4.855 0.4000000060
4784  51.575  9.597  0.922 0.4000000060
20113  49.505  8.848  1.548 0.2000000030
20114  48.534  9.012  2.226 0.3000000119
24964  44.123  14.367  6.050 0.4000000060
24963  43.288  14.890  6.713 0.4000000060
37418  45.988  12.700  4.083 0.4000000060
24965  44.957  13.927  5.404 0.5000000000
20091  47.281  11.557  2.873 0.3000000119
37419  45.969  11.632  3.766 0.3000000119
16639  41.165  16.502  8.713 0.4000000060
3626  42.183  17.361  8.231 0.6000000238
24960  42.870  16.649  7.553 0.6000000238
3627  43.609  16.086  7.051 0.6000000238
27042  52.268  10.244  1.428 0.4000000060
11308  44.318  15.526  6.692 0.5000000000
37415  46.154  13.564  4.916 0.5000000000
37446  48.670  10.444  1.941 0.3000000119
9058  47.370  12.551  3.411 0.5000000000
33171  41.496  18.029  8.927 0.3000000119
24958  42.639  18.688  8.735 0.4000000060
24959  43.382  17.976  8.061 0.5000000000
20112  50.903  10.080  1.006 0.4000000060
9067  49.973  10.377  1.358 0.4000000060
20092  48.755  11.548  2.159 0.3000000119
37417  47.529  13.277  4.469 0.6000000238
11306  44.026  17.213  7.598 0.5000000000
20110  52.509  11.405  2.375 0.5000000000
37443  51.848  10.863  1.362 0.4000000060
37444  51.198  11.321  1.467 0.4000000060
3629  45.149  14.844  6.335 0.6999999881
37445  50.193  11.543  1.743 0.4000000060
37414  46.255  14.306  6.129 0.6000000238
2165  50.450  12.477  2.635 0.5000000000
20090  48.979  12.437  2.942 0.5000000000
20089  49.034  13.157  4.170 0.5000000000
20088  50.601  13.157  3.810 0.5000000000
9066  52.193  11.896  2.300 0.5000000000
37442  51.524  12.328  2.413 0.5000000000
37416  49.098  13.647  5.624 0.6999999881
20109  52.965  12.360  3.811 0.6000000238
27031  51.887  13.145  3.701 0.6000000238
6198  39.429  23.644  23.732 0.2000000030
6616  53.153  3.386  2.754 0.2000000030
10719  57.852  3.761  8.200 0.4000000060
10716  57.334  3.148  6.164 0.4000000060
30797  53.931  4.263  2.073 0.3000000119
20111  50.496  8.618  1.100 0.3000000119
24961  42.551  15.403  7.396 0.6000000238
7572  40.733  18.633  9.599 0.2000000030
11774  35.037  16.087  24.236 0.2000000030
6199  38.268  21.952  24.865 0.2000000030
29826  37.333  20.998  24.289 0.2000000030
29827  36.791  19.899  24.673 0.2000000030
4090  36.693  19.736  23.632 0.2000000030
11770  36.104  18.676  24.140 0.2000000030
25796  36.809  19.353  22.595 0.2000000030
11771  36.292  18.359  23.186 0.2000000030
11772  35.774  17.308  23.765 0.2000000030
4092  36.157  16.909  22.932 0.2000000030
14173  37.683  20.969  25.306 0.2000000030
25794  37.205  20.764  23.058 0.2000000030
386  35.496  17.510  24.605 0.2000000030
37140  34.794  16.606  25.090 0.2000000030
25798  36.735  16.508  22.257 0.3000000119
29824  38.850  22.843  24.304 0.1000000015
14171  39.358  22.730  25.467 0.2000000030
14172  38.832  21.821  26.054 0.2000000030
29825  37.993  21.928  23.666 0.1000000015
6200  37.135  19.953  25.605 0.2000000030
29828  36.192  18.815  25.044 0.2000000030
37131  35.637  17.971  25.538 0.2000000030
25797  36.673  17.841  22.314 0.3000000119
30668  39.823  20.108  33.762 0.1000000015
6561  38.546  19.384  33.729 0.1000000015
14169  40.464  24.413  24.262 0.1000000015
2803  40.471  23.394  26.048 0.1000000015
12379  32.919  13.136  30.389 0.1000000015
14174  38.180  20.843  26.308 0.2000000030
883  37.886  21.663  22.387 0.2000000030
25795  37.414  20.357  21.910 0.2000000030
4091  37.313  18.852  21.691 0.3000000119
37139  34.898  17.017  26.097 0.2000000030
18033  37.308  17.366  21.637 0.2000000030
4691  41.036  20.833  33.889 0.1000000015
26875  41.145  21.772  34.619 0.1000000015
12371  40.608  19.965  33.054 0.1000000015
30669  39.297  19.360  32.800 0.1000000015
30671  37.936  18.780  32.696 0.1000000015
30673  35.629  16.979  32.737 0.1000000015
26888  34.006  15.206  31.619 0.1000000015
29822  38.543  22.743  23.051 0.1000000015
18030  38.633  22.443  21.850 0.1000000015
37130  36.634  19.031  26.015 0.2000000030
18032  38.244  21.193  21.219 0.2000000030
34920  38.107  19.782  20.995 0.2000000030
18034  38.059  18.330  20.993 0.3000000119
1861  37.491  15.976  21.747 0.3000000119
1084  40.866  22.527  35.225 0.1000000015
30663  40.171  22.296  36.162 0.1000000015
30662  39.486  22.659  36.797 0.1000000015
19831  40.167  23.035  35.827 0.1000000015
26877  42.075  21.812  33.951 0.1000000015
26876  41.701  22.692  34.505 0.1000000015
19833  40.961  23.385  34.956 0.1000000015
12372  41.876  20.751  33.323 0.1000000015
494  39.987  19.290  32.025 0.1000000015
30670  38.552  18.813  31.807 0.1000000015
6562  37.213  18.196  31.737 0.1000000015
30672  36.735  17.980  32.710 0.1000000015
19853  35.959  17.437  31.760 0.1000000015
1086  34.891  16.447  31.750 0.1000000015
19855  35.249  16.957  30.795 0.1000000015
26890  33.385  14.615  30.570 0.1000000015
23477  40.970  24.401  25.418 0.1000000015
14170  39.993  22.521  26.570 0.2000000030
8961  35.991  18.143  26.455 0.2000000030
34921  39.016  19.138  20.444 0.3000000119
8206  39.059  17.724  20.667 0.3000000119
18035  38.204  16.867  21.182 0.3000000119
34924  40.331  15.861  20.751 0.2000000030
37106  39.648  24.432  35.335 0.1000000015
12373  41.442  19.823  32.451 0.1000000015
12377  39.298  18.874  31.032 0.1000000015
37132  37.842  18.431  30.890 0.1000000015
19854  36.446  17.831  30.817 0.1000000015
37133  37.130  18.195  29.850 0.1000000015
8962  35.767  17.406  29.830 0.1000000015
23476  42.177  25.068  25.731 0.1000000015
23478  41.697  24.136  26.499 0.1000000015
884  39.461  21.573  26.999 0.2000000030
37129  37.851  19.949  26.662 0.2000000030
37138  35.298  17.356  27.053 0.2000000030
7573  40.304  15.684  9.370 0.2000000030
33174  39.637  14.803  10.111 0.3000000119
16641  40.373  14.303  9.568 0.2000000030
1600  41.815  14.542  8.046 0.3000000119
16640  41.036  15.033  8.718 0.2000000030
16642  41.197  13.758  8.923 0.2000000030
24962  42.555  14.092  7.301 0.3000000119
16644  41.920  13.295  8.188 0.3000000119
33180  42.657  12.808  7.364 0.3000000119
26878  42.918  21.879  33.392 0.1000000015
4693  42.753  20.747  32.887 0.1000000015
12375  40.715  19.270  31.417 0.1000000015
4697  38.577  18.669  30.029 0.1000000015
23479  41.197  23.120  27.108 0.1000000015
9057  47.576  13.836  5.842 0.6000000238
12374  42.358  19.894  32.035 0.1000000015
12376  40.030  19.078  30.391 0.1000000015
37134  36.463  17.898  28.912 0.1000000015
26887  37.932  18.561  29.060 0.1000000015
37137  35.828  17.629  27.974 0.2000000030
37403  46.518  17.615  9.802 0.5000000000
33173  39.576  16.274  9.963 0.3000000119
249  45.537  16.804  8.377 0.5000000000
33172  40.406  17.152  9.390 0.3000000119
37412  46.197  16.083  8.845 0.5000000000
20085  48.748  14.758  9.162 0.5000000000
4776  50.584  13.677  5.313 0.6000000238
27030  51.908  13.740  5.231 0.6000000238
4695  41.608  19.579  30.928 0.1000000015
26886  39.382  19.102  29.405 0.1000000015
19848  38.766  19.082  28.600 0.1000000015
2801  43.635  26.814  24.867 0.1000000015
2131  37.296  18.450  28.208 0.2000000030
23475  43.277  25.957  25.849 0.1000000015
19852  36.556  18.326  27.324 0.2000000030
2802  42.876  24.800  26.783 0.1000000015
8960  38.667  19.909  27.581 0.2000000030
19851  37.282  19.052  26.951 0.2000000030
37128  39.087  20.758  27.343 0.2000000030
25781  42.952  26.459  21.284 0.1000000015
29815  43.056  26.943  22.207 0.1000000015
11305  45.089  17.594  8.189 0.4000000060
11307  44.697  16.520  7.417 0.5000000000
16638  41.810  15.871  8.010 0.5000000000
11309  45.245  15.814  7.444 0.5000000000
20086  47.570  14.412  7.435 0.6000000238
37413  46.240  15.057  7.477 0.6000000238
27029  51.833  14.166  6.893 0.6000000238
27028  50.404  14.068  7.070 0.6000000238
26881  43.761  20.994  32.565 0.1000000015
26882  43.273  20.255  31.670 0.1000000015
26885  40.977  19.612  29.947 0.1000000015
4696  40.294  19.703  29.114 0.2000000030
19850  38.097  19.120  27.778 0.2000000030
37125  40.467  21.443  28.001 0.2000000030
10483  42.519  23.721  27.564 0.1000000015
23480  40.769  22.220  27.572 0.2000000030
29177  46.002  18.129  8.979 0.4000000060
3625  44.408  18.389  8.275 0.4000000060
24957  43.765  19.200  8.729 0.2000000030
20087  48.945  14.110  7.211 0.6000000238
26880  44.861  22.409  32.812 0.1000000015
26883  42.607  20.159  30.629 0.1000000015
26884  41.901  20.306  29.794 0.2000000030
10481  44.012  25.663  26.920 0.1000000015
19849  39.579  19.851  28.367 0.2000000030
10482  43.777  24.403  27.860 0.1000000015
2804  42.044  22.759  28.067 0.1000000015
37127  40.122  20.727  28.245 0.2000000030
20077  49.288  20.181  11.011 0.4000000060
9053  47.751  18.899  10.743 0.5000000000
37402  47.161  19.183  9.725 0.5000000000
4694  44.773  21.420  32.276 0.1000000015
2130  43.469  20.898  30.517 0.2000000030
37126  41.086  20.546  29.082 0.2000000030
8959  41.586  21.326  28.891 0.2000000030
10484  43.400  23.344  28.501 0.1000000015
37124  41.888  22.018  28.526 0.2000000030
37123  43.282  22.529  28.929 0.2000000030
19841  44.327  20.835  31.389 0.1000000015
19843  45.126  21.614  31.163 0.1000000015
19847  42.605  21.127  29.684 0.2000000030
19846  43.042  21.898  29.361 0.2000000030
19842  45.762  21.930  31.977 0.1000000015
19845  44.043  21.692  30.241 0.2000000030
26889  34.215  15.816  30.653 0.1000000015
19832  40.083  23.757  35.598 0.1000000015
18036  39.213  16.365  20.917 0.3000000119
16643  41.263  12.463  9.045 0.2000000030
7575  41.975  11.993  8.265 0.3000000119
30827  61.996  -5.982  12.104 0.1000000015
30830  59.659  -5.710  13.895 0.1000000015
30829  60.425  -5.321  13.293 0.1000000015
30828  61.082  -4.808  12.787 0.1000000015
30826  61.459  -4.457  12.175 0.1000000015
6630  59.578  -3.728  14.641 0.1000000015
30832  58.689  -3.983  15.062 0.1000000015
6628  60.802  -3.184  13.566 0.1000000015
30831  59.157  -2.175  16.366 0.1000000015
14889  59.797  -1.981  15.872 0.1000000015
14891  58.451  -2.300  16.948 0.1000000015
12483  61.586  -4.084  11.666 0.1000000015
30825  61.083  -2.821  12.990 0.1000000015
4805  61.896  -5.382  10.408 0.1000000015
27081  61.420  -5.464  10.139 0.1000000015
23909  59.577  -0.550  17.650 0.1000000015
14887  60.278  -1.800  15.260 0.1000000015
30824  60.729  -1.364  13.907 0.1000000015
4803  61.089  -2.615  12.369 0.1000000015
12485  62.185  -5.401  10.847 0.1000000015
12484  61.479  -3.923  11.126 0.1000000015
20171  60.633  -4.079  10.480 0.1000000015
30805  51.925  -4.562  8.221 0.1000000015
509  51.180  -5.802  8.925 0.1000000015
12474  51.114  -7.009  10.072 0.1000000015
1122  60.021  -0.331  16.923 0.1000000015
27079  60.873  -2.619  11.836 0.1000000015
27080  61.206  -3.965  10.691 0.1000000015
20173  59.877  -4.332  10.572 0.1000000015
20175  59.821  -5.788  10.186 0.1000000015
27065  54.818  -7.388  11.256 0.1000000015
4796  54.362  -8.527  11.497 0.1000000015
37488  53.517  -8.371  11.490 0.1000000015
20147  53.047  -7.001  10.935 0.1000000015
20146  52.331  -6.981  10.635 0.1000000015
37486  51.925  -8.188  11.337 0.1000000015
37485  51.710  -6.917  10.340 0.1000000015
30807  52.411  -4.395  8.734 0.1000000015
14885  60.309  -0.199  16.117 0.1000000015
6627  60.470  0.071  15.419 0.1000000015
14886  60.613  -1.565  14.574 0.1000000015
27078  60.294  -1.186  12.794 0.1000000015
4804  60.438  -2.681  11.495 0.1000000015
20174  59.067  -4.550  10.774 0.1000000015
9092  58.944  -5.958  10.391 0.1000000015
37520  57.973  -6.149  10.751 0.1000000015
510  56.997  -6.285  11.055 0.1000000015
12475  56.091  -6.289  11.258 0.1000000015
4795  55.098  -6.145  11.372 0.1000000015
9091  59.067  -3.099  11.562 0.1000000015
37518  58.162  -3.235  11.816 0.1000000015
9089  57.236  -3.303  11.951 0.1000000015
37511  57.201  -4.902  11.333 0.1000000015
30814  55.281  -4.833  11.568 0.1000000015
27064  53.885  -7.183  11.200 0.1000000015
30815  56.241  -4.949  11.536 0.1000000015
30813  54.401  -4.591  11.239 0.1000000015
27063  54.165  -5.903  11.177 0.1000000015
1118  53.372  -5.697  10.760 0.1000000015
20166  56.467  -1.563  12.398 0.1000000015
37510  56.293  -3.327  11.941 0.1000000015
6623  55.450  -3.214  11.721 0.1000000015
14878  54.726  -2.918  11.237 0.1000000015
30812  53.676  -4.276  10.670 0.1000000015
20145  52.691  -5.604  10.223 0.1000000015
6620  52.159  -5.665  9.724 0.1000000015
37509  55.740  -1.434  11.907 0.1000000015
30811  53.863  -2.709  9.615 0.1000000015
30809  53.173  -4.186  9.913 0.1000000015
30808  52.789  -4.240  9.263 0.1000000015
30806  51.742  -5.707  9.303 0.1000000015
14879  55.263  -1.233  11.208 0.1000000015
6622  54.187  -2.706  10.433 0.1000000015
14876  54.718  -1.159  9.416 0.1000000015
6621  53.554  -2.812  8.854 0.1000000015
14873  53.221  -2.971  8.154 0.1000000015
14883  60.232  1.362  17.774 0.1000000015
30823  60.424  0.278  14.678 0.1000000015
1121  60.224  0.390  14.046 0.1000000015
37515  59.756  -1.349  12.562 0.1000000015
37516  58.995  -1.458  12.602 0.1000000015
37517  58.202  -1.592  12.690 0.1000000015
20167  57.329  -1.648  12.621 0.1000000015
9088  56.405  0.417  11.963 0.1000000015
37508  56.160  0.442  11.072 0.1000000015
14877  54.964  -1.102  10.342 0.1000000015
14875  55.734  0.330  9.372 0.1000000015
3038  55.617  0.217  8.445 0.1000000015
30810  54.480  -1.322  8.504 0.1000000015
14874  54.245  -1.505  7.756 0.1000000015
14872  53.908  -1.795  7.140 0.1000000015
14884  60.352  1.625  16.915 0.1000000015
30822  60.308  1.761  16.023 0.1000000015
20168  59.944  1.906  14.614 0.1000000015
20170  59.798  0.333  13.601 0.1000000015
9090  59.204  0.232  13.366 0.1000000015
37514  58.459  0.194  13.269 0.1000000015
2175  57.670  0.167  13.043 0.1000000015
20165  56.907  0.273  12.641 0.1000000015
1119  55.936  0.410  10.204 0.1000000015
23900  55.400  -0.042  7.552 0.1000000015
1117  55.066  -0.338  6.801 0.1000000015
14870  54.587  -0.510  6.018 0.1000000015
3042  60.031  2.258  20.232 0.1000000015
3041  60.319  2.933  18.329 0.1000000015
23907  60.169  2.697  19.322 0.1000000015
30820  60.209  1.920  15.228 0.1000000015
30819  60.104  3.476  15.728 0.1000000015
37513  58.946  1.907  13.643 0.1000000015
27076  58.277  1.859  13.207 0.1000000015
20164  57.250  1.953  11.888 0.2000000030
37507  56.989  1.880  11.070 0.2000000030
37505  56.866  1.787  10.139 0.2000000030
23903  56.749  1.682  9.363 0.1000000015
23902  56.699  1.524  8.484 0.1000000015
10724  59.712  3.120  22.634 0.1000000015
37285  59.531  2.002  23.149 0.1000000015
19981  59.001  1.018  23.621 0.1000000015
37286  59.078  0.566  22.318 0.1000000015
10722  59.886  3.595  21.700 0.1000000015
10723  59.805  1.865  21.094 0.1000000015
10721  60.064  3.965  20.755 0.1000000015
23906  60.184  4.284  19.718 0.1000000015
23905  60.266  4.509  18.761 0.2000000030
30821  60.350  3.251  17.459 0.2000000030
6626  60.254  3.385  16.506 0.1000000015
6625  59.811  3.459  14.940 0.1000000015
37512  59.443  3.478  14.260 0.2000000030
27075  58.460  3.311  12.825 0.2000000030
20163  57.686  1.959  12.641 0.1000000015
37506  57.851  3.260  11.161 0.2000000030
9087  57.702  3.130  10.262 0.2000000030
37504  57.611  3.003  9.475 0.2000000030
3039  57.498  2.783  8.678 0.1000000015
23901  56.487  1.321  7.606 0.1000000015
19978  58.796  1.558  26.218 0.1000000015
19980  58.949  1.305  24.945 0.1000000015
19982  58.167  -0.007  23.913 0.1000000015
1120  59.830  5.697  19.194 0.2000000030
14882  60.234  4.706  17.756 0.2000000030
14880  59.632  5.794  18.282 0.2000000030
14881  60.091  4.809  16.873 0.2000000030
33233  57.794  5.404  17.002 0.2000000030
30817  59.576  4.825  15.170 0.2000000030
12482  59.246  4.737  14.362 0.2000000030
4802  58.932  3.416  13.581 0.2000000030
27074  58.612  4.559  12.503 0.2000000030
4801  58.130  3.357  11.981 0.2000000030
27073  58.354  4.427  11.588 0.2000000030
37503  58.032  4.133  9.149 0.2000000030
9012  59.407  2.487  24.505 0.1000000015
37284  59.613  3.679  23.958 0.1000000015
33235  58.458  5.943  18.825 0.2000000030
33234  58.138  5.668  17.885 0.2000000030
6624  59.309  5.741  17.378 0.2000000030
30818  59.887  4.882  15.999 0.2000000030
30816  58.996  5.580  16.444 0.2000000030
253  58.662  5.417  15.551 0.2000000030
111  59.719  4.835  23.249 0.1000000015
37275  57.358  3.898  31.917 0.1000000015
30721  55.434  3.629  32.164 0.1000000015
6583  54.798  2.724  32.596 0.1000000015
37276  57.846  4.273  31.196 0.1000000015
499  56.049  4.477  31.715 0.1000000015
10709  45.175  6.548  6.692 0.1000000015
37449  46.066  6.264  5.861 0.1000000015
114  45.322  7.955  5.926 0.1000000015
10707  44.431  6.868  7.332 0.1000000015
10706  43.712  7.196  8.004 0.1000000015
10705  44.534  8.280  6.684 0.1000000015
3025  43.794  8.635  7.390 0.1000000015
23877  42.971  8.983  8.053 0.1000000015
14835  41.403  9.726  9.359 0.1000000015
30753  39.989  10.579  10.580 0.1000000015
33182  42.718  10.263  7.601 0.1000000015
33179  41.991  10.674  8.342 0.1000000015
6597  40.692  10.109  9.981 0.1000000015
33176  39.899  12.009  10.452 0.1000000015
248  39.250  11.058  11.144 0.1000000015
33184  44.302  9.598  6.061 0.1000000015
33183  43.479  9.908  6.822 0.1000000015
33181  42.670  11.552  7.410 0.1000000015
33185  45.194  9.327  5.346 0.2000000030
33177  40.613  11.547  9.859 0.1000000015
33178  41.255  11.123  9.146 0.1000000015
7574  40.571  12.896  9.712 0.1000000015
16634  38.898  15.356  10.643 0.2000000030
16632  38.147  15.944  11.107 0.2000000030
33170  39.679  17.784  9.984 0.1000000015
20076  48.531  20.246  9.909 0.2000000030
6629  61.648  -6.439  12.702 0.1000000015
14888  60.265  -3.470  14.135 0.1000000015
511  62.251  -5.623  11.434 0.1000000015
2176  60.694  -5.693  10.070 0.1000000015
27077  60.652  -1.266  13.259 0.1000000015
20172  59.763  -2.839  11.414 0.1000000015
9081  52.728  -8.286  11.432 0.1000000015
37519  58.178  -4.758  11.101 0.1000000015
12476  55.720  -7.502  11.167 0.1000000015
20169  59.541  1.950  14.120 0.1000000015
12481  58.892  4.602  13.456 0.2000000030
1599  38.872  16.857  10.540 0.1000000015
8957  46.519  22.605  31.724 0.1000000015
19844  45.616  22.476  30.817 0.1000000015
8958  44.467  22.487  29.845 0.1000000015
37122  44.566  23.210  29.347 0.1000000015
37121  45.800  23.266  30.280 0.1000000015
16633  38.263  14.436  11.281 0.1000000015
7571  39.008  13.928  10.847 0.1000000015
17996  52.391  24.988  17.608 0.1000000015
34875  52.727  25.347  16.254 0.1000000015
16760  34.635  19.715  12.278 0.1000000015
1597  35.712  19.416  12.128 0.1000000015
7629  33.528  19.890  12.219 0.1000000015
33325  32.526  19.949  11.889 0.1000000015
3623  37.338  18.159  11.537 0.1000000015
1856  50.666  25.062  18.669 0.1000000015
17995  51.098  25.455  17.704 0.1000000015
25774  50.194  26.021  16.355 0.1000000015
4078  51.530  25.750  16.397 0.1000000015
25772  51.958  26.100  14.895 0.1000000015
17994  52.949  25.581  14.761 0.1000000015
24953  36.535  18.764  11.903 0.1000000015
16758  35.481  20.808  11.852 0.1000000015
16759  34.316  21.153  11.884 0.1000000015
33324  33.236  21.240  11.713 0.1000000015
1143  31.680  19.921  11.353 0.1000000015
16630  38.088  17.496  11.088 0.1000000015
24952  36.597  20.446  11.633 0.1000000015
33322  32.247  21.397  11.289 0.1000000015
24956  38.962  18.443  10.574 0.1000000015
24955  38.271  19.123  11.073 0.1000000015
24954  37.410  19.765  11.415 0.1000000015
25775  49.867  25.641  17.541 0.1000000015
1855  52.177  26.326  13.380 0.1000000015
17993  53.860  25.052  14.542 0.1000000015
25031  36.190  23.013  10.666 0.1000000015
3666  35.241  22.113  11.359 0.1000000015
25030  35.050  23.399  10.703 0.1000000015
16757  33.922  23.738  10.557 0.1000000015
33323  34.108  22.441  11.295 0.1000000015
7628  32.994  22.627  11.052 0.1000000015
11346  37.324  22.556  10.607 0.1000000015
25032  36.369  21.745  11.266 0.1000000015
11303  38.369  20.642  10.952 0.1000000015
14948  31.522  21.320  10.728 0.1000000015
5921  46.425  19.563  8.928 0.2000000030
33169  39.993  19.259  10.185 0.1000000015
3624  39.207  19.960  10.687 0.1000000015
16637  41.898  19.300  9.427 0.1000000015
18013  44.612  25.922  17.769 0.1000000015
18012  43.379  26.094  18.149 0.1000000015
18015  46.052  25.880  17.480 0.1000000015
18016  47.313  25.776  17.289 0.1000000015
18014  44.912  26.431  16.408 0.1000000015
8197  43.564  26.488  16.818 0.1000000015
34894  42.315  26.570  17.481 0.1000000015
34900  48.541  25.693  17.379 0.1000000015
8198  46.303  26.255  16.063 0.1000000015
34895  42.582  27.026  16.097 0.1000000015
34892  41.437  27.285  16.889 0.1000000015
34899  47.554  26.112  16.013 0.1000000015
34897  45.229  26.969  15.158 0.1000000015
34896  43.857  27.031  15.517 0.1000000015
4079  48.855  26.072  16.195 0.1000000015
11759  47.821  26.573  14.855 0.1000000015
25780  40.670  27.992  16.429 0.1000000015
11758  49.201  26.507  14.917 0.1000000015
34898  46.559  26.715  14.861 0.1000000015
18007  42.825  27.639  14.798 0.1000000015
1857  41.676  27.689  15.462 0.1000000015
25771  51.031  26.811  13.493 0.1000000015
17992  53.091  25.873  13.303 0.1000000015
34870  54.202  25.470  11.378 0.1000000015
8189  53.943  25.333  12.971 0.1000000015
34871  54.577  24.598  12.590 0.1000000015
13705  46.593  23.048  8.060 0.1000000015
13706  45.447  22.487  8.484 0.1000000015
13707  46.219  21.773  8.451 0.1000000015
29172  44.568  23.184  8.359 0.1000000015
25029  36.053  24.252  9.980 0.1000000015
16756  32.889  23.962  10.270 0.1000000015
33321  32.120  22.725  10.625 0.1000000015
29173  44.363  21.906  8.944 0.1000000015
13703  42.465  23.275  8.716 0.1000000015
5917  41.605  23.839  8.571 0.1000000015
29167  40.505  23.297  9.326 0.1000000015
11343  39.390  23.851  9.300 0.1000000015
11345  38.321  23.281  9.979 0.1000000015
3665  37.181  23.787  10.001 0.1000000015
37401  47.813  20.453  9.031 0.1000000015
13709  46.895  21.050  8.622 0.1000000015
5920  45.123  21.111  8.804 0.1000000015
5919  43.406  22.607  8.917 0.1000000015
29170  42.355  21.973  9.444 0.1000000015
29169  41.458  22.675  9.409 0.1000000015
29168  40.382  22.030  10.023 0.1000000015
247  39.448  22.746  9.986 0.1000000015
11302  38.419  22.116  10.508 0.1000000015
33320  32.032  24.074  9.784 0.1000000015
29174  44.112  20.480  9.115 0.1000000015
29171  43.255  21.262  9.390 0.1000000015
3622  37.470  21.318  11.068 0.1000000015
6665  31.374  22.716  9.988 0.1000000015
29176  45.411  18.878  8.610 0.2000000030
29175  44.807  19.681  8.745 0.1000000015
728  42.984  19.908  9.324 0.1000000015
16635  42.175  20.624  9.738 0.1000000015
16636  41.116  19.954  9.987 0.1000000015
33168  40.279  20.682  10.333 0.1000000015
11304  39.395  21.374  10.509 0.1000000015
34891  40.825  27.835  17.933 0.1000000015
25779  40.052  28.777  16.110 0.1000000015
25773  50.691  26.386  14.955 0.1000000015
34889  45.658  27.482  13.876 0.1000000015
8195  44.200  27.629  14.255 0.1000000015
4077  49.691  27.061  13.577 0.1000000015
11757  48.228  27.150  13.613 0.1000000015
384  46.868  27.291  13.655 0.1000000015
18005  42.073  28.352  14.155 0.1000000015
29807  46.139  28.092  12.716 0.1000000015
34888  44.730  28.285  13.014 0.1000000015
18003  40.851  28.405  14.995 0.1000000015
17990  52.447  26.585  11.959 0.1000000015
17991  53.412  26.073  11.709 0.1000000015
34862  54.665  24.677  10.971 0.1000000015
2648  45.768  23.702  7.843 0.1000000015
23198  44.857  24.330  7.483 0.1000000015
13704  43.648  23.805  8.092 0.1000000015
13702  42.729  24.339  7.722 0.1000000015
13746  41.618  24.821  7.734 0.1000000015
29229  40.460  24.356  8.544 0.1000000015
1623  34.931  24.605  9.891 0.1000000015
3663  39.392  24.910  8.508 0.1000000015
11344  38.282  24.428  9.263 0.1000000015
25025  39.402  25.849  7.620 0.1000000015
25027  38.224  25.397  8.422 0.1000000015
25028  37.135  24.931  9.189 0.1000000015
30911  31.294  24.094  9.210 0.1000000015
34893  42.374  26.452  18.865 0.1000000015
8196  41.483  27.086  18.367 0.1000000015
18010  41.908  27.206  19.891 0.1000000015
4082  40.367  28.610  17.612 0.1000000015
11761  39.890  29.434  17.359 0.1000000015
11755  47.432  27.937  12.451 0.1000000015
17988  51.414  27.016  12.211 0.1000000015
18006  43.294  28.364  13.601 0.1000000015
18004  41.335  29.211  13.716 0.1000000015
6191  45.346  29.178  11.969 0.1000000015
8186  54.554  25.648  9.948 0.1000000015
37396  49.219  24.069  7.370 0.1000000015
23201  47.779  23.555  7.770 0.1000000015
13745  42.717  25.188  6.895 0.1000000015
23197  45.101  25.186  6.355 0.1000000015
727  43.847  24.767  7.048 0.1000000015
5943  41.702  25.713  6.871 0.1000000015
29228  40.482  25.352  7.699 0.1000000015
3664  37.113  25.964  8.306 0.1000000015
13744  42.884  26.047  6.081 0.1000000015
29227  40.592  26.161  6.799 0.1000000015
881  42.595  27.271  21.199 0.1000000015
18009  41.420  27.898  19.479 0.1000000015
34890  41.064  28.679  19.071 0.1000000015
4080  39.287  30.316  17.173 0.1000000015
25770  50.176  27.502  12.248 0.1000000015
11756  48.788  27.776  12.234 0.1000000015
4081  40.211  29.274  14.583 0.1000000015
25778  39.444  29.600  15.776 0.1000000015
4075  48.006  28.636  11.290 0.1000000015
29806  46.675  28.930  11.614 0.1000000015
34887  43.931  29.132  12.415 0.1000000015
25777  39.502  30.084  14.285 0.1000000015
8194  42.547  29.231  13.078 0.1000000015
34884  40.561  30.059  13.358 0.1000000015
17989  51.842  27.209  10.768 0.1000000015
34869  53.901  26.341  10.229 0.1000000015
34861  54.717  24.751  9.631 0.1000000015
23200  46.936  24.214  7.379 0.1000000015
23199  46.024  24.751  6.846 0.1000000015
13743  43.930  25.577  6.112 0.1000000015
23223  45.172  25.901  5.355 0.1000000015
29226  41.752  26.416  5.947 0.1000000015
29224  40.629  26.866  5.799 0.1000000015
2661  44.129  26.359  5.177 0.1000000015
29225  43.063  26.719  5.153 0.1000000015
18008  42.287  28.049  20.915 0.1000000015
29811  43.360  28.699  21.850 0.1000000015
6193  42.145  28.790  20.539 0.1000000015
11762  40.778  29.492  18.826 0.1000000015
25776  38.669  30.480  15.550 0.1000000015
4076  50.603  27.676  11.057 0.1000000015
25769  49.343  28.209  11.097 0.1000000015
32309  37.840  31.376  15.261 0.1000000015
14158  45.839  29.983  11.085 0.1000000015
34885  41.851  30.113  12.708 0.1000000015
1463  38.505  30.967  13.922 0.1000000015
8188  52.970  26.809  10.493 0.1000000015
34886  43.198  30.118  12.077 0.1000000015
8193  41.020  31.014  12.316 0.1000000015
18002  39.689  30.904  12.934 0.1000000015
17983  54.585  25.758  8.791 0.1000000015
2649  48.119  24.667  6.991 0.1000000015
2647  46.334  25.584  5.718 0.1000000015
2660  46.884  26.833  3.924 0.1000000015
23221  44.367  26.981  4.390 0.1000000015
13742  43.233  27.344  4.259 0.1000000015
5942  41.914  27.121  4.985 0.1000000015
23219  47.556  27.596  3.042 0.1000000015
29810  43.381  29.552  21.404 0.1000000015
29809  41.969  29.570  20.200 0.1000000015
11760  40.419  30.368  18.457 0.1000000015
173  41.845  30.399  19.700 0.1000000015
32310  38.557  31.231  16.896 0.1000000015
34868  53.517  27.147  9.155 0.1000000015
25767  48.535  29.042  10.259 0.1000000015
29805  47.209  29.590  10.622 0.1000000015
14159  44.530  30.147  11.550 0.1000000015
879  43.846  30.969  11.263 0.1000000015
34860  54.427  24.941  8.563 0.1000000015
1853  52.925  24.591  7.644 0.1000000015
20071  50.629  24.622  7.146 0.1000000015
10328  47.214  25.190  6.328 0.1000000015
10327  47.602  25.891  5.191 0.1000000015
10341  46.490  26.218  4.721 0.1000000015
10339  48.533  27.074  3.275 0.1000000015
10340  47.829  26.452  4.196 0.1000000015
6192  44.735  29.995  21.944 0.1000000015
32311  39.916  31.337  18.152 0.1000000015
7255  37.807  32.033  16.589 0.1000000015
34867  52.484  27.510  9.419 0.1000000015
34866  51.125  27.934  9.721 0.1000000015
25768  49.837  28.515  9.992 0.1000000015
32306  37.578  31.788  13.713 0.1000000015
17984  54.300  26.475  8.997 0.1000000015
878  49.066  29.359  9.228 0.1000000015
6190  46.355  30.532  10.296 0.1000000015
34883  42.439  31.021  11.759 0.1000000015
34882  41.503  31.887  11.354 0.1000000015
18001  39.958  31.776  11.913 0.1000000015
18000  38.500  31.647  12.654 0.1000000015
14155  44.280  31.592  10.415 0.1000000015
23471  43.076  31.822  10.844 0.1000000015
37395  49.592  25.205  6.548 0.1000000015
10329  48.483  25.582  5.902 0.1000000015
23218  49.204  27.793  2.379 0.1000000015
23217  49.710  28.452  1.453 0.1000000015
32322  44.786  30.901  21.380 0.1000000015
29808  43.354  30.346  20.872 0.1000000015
32321  43.150  31.181  20.251 0.1000000015
32312  41.516  31.231  19.153 0.1000000015
15958  39.133  32.180  17.935 0.1000000015
1854  53.838  27.247  8.080 0.1000000015
34865  52.968  27.812  8.319 0.1000000015
32308  37.051  32.172  15.117 0.1000000015
17982  54.318  26.536  7.900 0.1000000015
8187  51.782  28.359  8.485 0.1000000015
17987  50.434  28.844  8.829 0.1000000015
29804  47.731  30.000  9.715 0.1000000015
7254  36.638  32.658  13.615 0.1000000015
8185  54.271  25.871  7.757 0.1000000015
17985  49.753  29.727  8.167 0.1000000015
29801  48.381  30.322  8.830 0.1000000015
14156  45.516  31.309  9.975 0.1000000015
32305  37.593  32.476  12.416 0.1000000015
34859  53.786  25.204  7.679 0.1000000015
29803  46.984  30.843  9.337 0.1000000015
2799  42.025  32.536  10.284 0.1000000015
34881  40.405  32.535  10.859 0.1000000015
7253  38.841  32.472  11.548 0.1000000015
34853  50.051  25.961  5.347 0.1000000015
22  48.940  26.210  4.660 0.1000000015
738  51.160  28.606  0.853 0.1000000015
13735  50.177  28.995  0.340 0.1000000015
15969  47.107  31.183  22.782 0.1000000015
15968  46.051  31.057  21.966 0.1000000015
7259  44.512  31.657  20.761 0.1000000015
32320  42.703  32.060  19.694 0.1000000015
15957  38.451  32.861  17.703 0.1000000015
17980  53.985  27.312  7.095 0.1000000015
25766  53.394  28.059  7.275 0.1000000015
3398  36.395  33.844  16.350 0.1000000015
17981  54.123  26.673  6.937 0.1000000015
17986  51.165  29.144  7.641 0.1000000015
34858  53.727  26.030  6.827 0.1000000015
34856  52.944  25.542  6.852 0.1000000015
29800  49.159  30.644  7.806 0.1000000015
29802  46.200  31.751  8.938 0.1000000015
2798  44.723  32.095  9.485 0.1000000015
34855  52.084  25.853  5.929 0.1000000015
10338  49.529  26.694  3.577 0.1000000015
2658  50.202  27.169  2.708 0.1000000015
7256  40.930  32.246  18.862 0.1000000015
15959  40.210  32.938  18.689 0.1000000015
15956  37.074  32.891  16.473 0.1000000015
24548  35.591  34.298  14.748 0.1000000015
34864  52.455  28.632  7.402 0.1000000015
32307  36.185  33.120  15.018 0.1000000015
34857  53.729  26.732  5.832 0.1000000015
8184  53.049  26.259  5.825 0.1000000015
6188  50.512  30.066  7.139 0.1000000015
6189  47.765  31.212  8.454 0.1000000015
23470  43.452  32.357  9.807 0.1000000015
10478  42.427  32.957  9.130 0.1000000015
10479  40.915  33.073  9.753 0.1000000015
15953  36.546  33.256  12.092 0.1000000015
15954  35.737  33.684  13.342 0.1000000015
14153  48.472  31.543  7.320 0.1000000015
14154  47.002  32.057  7.776 0.1000000015
23468  45.334  32.439  8.257 0.1000000015
23469  43.720  32.743  8.725 0.1000000015
32303  39.301  33.137  10.454 0.1000000015
32304  37.823  33.163  11.147 0.1000000015
34854  51.228  26.209  5.020 0.1000000015
34852  50.203  26.419  4.193 0.1000000015
35011  52.081  29.037  0.650 0.1000000015
1465  46.702  32.166  22.482 0.1000000015
15966  44.072  32.524  20.485 0.1000000015
32319  42.190  32.848  19.574 0.1000000015
15955  37.711  33.639  17.621 0.1000000015
4073  53.909  27.389  5.996 0.1000000015
24550  37.024  34.637  17.597 0.1000000015
24549  35.934  35.060  16.089 0.1000000015
24547  35.395  35.674  14.289 0.1000000015
4074  52.997  28.823  6.303 0.1000000015
34863  51.905  29.456  6.603 0.1000000015
17978  52.295  26.496  4.845 0.1000000015
29798  51.236  30.362  6.163 0.1000000015
29799  49.857  30.972  6.754 0.1000000015
1462  35.177  34.917  12.929 0.1000000015
14152  47.740  32.197  6.577 0.1000000015
877  46.188  32.734  7.088 0.1000000015
23467  44.546  33.134  7.678 0.1000000015
2797  43.009  33.398  8.169 0.1000000015
10477  41.348  33.478  8.676 0.1000000015
52  39.825  33.640  9.269 0.1000000015
18111  51.926  27.056  3.083 0.1000000015
8182  51.419  26.583  3.898 0.1000000015
8238  52.297  27.817  2.333 0.1000000015
35016  50.781  26.856  3.254 0.1000000015
35015  51.343  27.450  2.493 0.1000000015
15967  45.756  31.932  21.541 0.1000000015
32318  41.339  33.474  19.657 0.1000000015
1464  39.498  33.622  18.776 0.1000000015
3397  35.907  36.413  15.704 0.1000000015
11078  36.592  35.791  17.294 0.1000000015
25765  53.710  28.091  6.183 0.1000000015
17979  53.165  26.833  4.797 0.1000000015
1852  53.162  27.341  3.832 0.1000000015
32302  38.279  33.790  9.951 0.1000000015
15952  35.749  34.306  11.680 0.1000000015
15995  35.206  35.753  11.677 0.1000000015
17977  52.495  26.883  3.774 0.1000000015
10491  41.667  34.007  7.694 0.1000000015
32358  37.025  34.640  9.554 0.1000000015
7252  36.843  33.961  10.685 0.1000000015
15996  35.861  35.094  10.481 0.1000000015
18110  52.787  27.500  2.964 0.1000000015
14193  45.030  33.498  6.791 0.1000000015
23493  43.373  33.836  7.301 0.1000000015
10490  40.013  34.107  8.249 0.1000000015
2811  43.836  34.368  6.522 0.1000000015
23492  42.076  34.560  6.829 0.1000000015
2810  40.409  34.680  7.277 0.1000000015
10489  38.755  34.941  7.844 0.1000000015
2808  37.350  35.346  8.516 0.1000000015
29855  44.357  34.927  5.785 0.1000000015
23491  42.596  35.143  6.057 0.1000000015
23489  39.198  35.594  6.915 0.1000000015
23490  40.862  35.315  6.414 0.1000000015
7258  43.271  33.262  20.512 0.1000000015
25764  53.567  28.065  5.042 0.1000000015
25763  53.622  27.377  4.857 0.1000000015
11754  52.367  29.679  5.680 0.1000000015
29797  50.515  31.169  5.660 0.1000000015
6187  49.130  31.686  6.102 0.1000000015
15993  35.208  36.557  12.941 0.1000000015
29859  49.419  32.052  5.184 0.1000000015
14196  48.075  32.543  5.612 0.1000000015
29858  48.412  33.216  4.987 0.1000000015
6213  46.980  33.620  5.514 0.1000000015
14195  46.567  33.072  6.183 0.1000000015
29857  47.351  34.373  5.070 0.1000000015
14194  45.481  34.026  6.087 0.1000000015
32357  36.290  35.865  9.350 0.1000000015
23488  37.845  36.052  7.483 0.1000000015
15965  45.119  32.856  21.401 0.1000000015
172  37.369  37.936  17.731 0.1000000015
11077  36.556  37.155  16.885 0.1000000015
11091  36.364  38.174  15.640 0.1000000015
11752  52.680  29.658  4.639 0.1000000015
382  51.762  30.504  5.184 0.1000000015
24573  35.713  37.401  14.351 0.1000000015
11793  50.758  31.427  4.767 0.1000000015
4113  49.782  32.614  4.381 0.1000000015
7272  35.611  36.623  10.416 0.1000000015
25837  50.130  33.356  3.862 0.1000000015
23486  36.780  36.659  8.212 0.1000000015
32317  42.287  33.886  20.582 0.1000000015
11088  37.702  39.629  17.519 0.1000000015
3411  35.787  38.276  13.032 0.1000000015
11795  51.960  30.690  4.232 0.1000000015
11796  52.715  29.823  3.667 0.1000000015
11794  51.037  31.758  3.864 0.1000000015
25838  51.299  32.355  3.117 0.1000000015
2809  38.270  36.813  6.440 0.1000000015
11079  37.429  36.654  18.303 0.1000000015
4115  52.082  30.951  3.325 0.1000000015
32315  40.371  34.113  19.770 0.1000000015
13708  45.784  20.382  8.671 0.1000000015
5918  41.337  21.301  9.956 0.1000000015
16748  39.590  27.437  5.490 0.1000000015
29223  40.826  27.691  4.710 0.1000000015
23222  45.454  26.625  4.527 0.1000000015
13741  42.113  27.885  3.964 0.1000000015
14157  45.026  30.866  10.784 0.1000000015
8183  51.011  25.578  6.133 0.1000000015
35014  51.783  28.229  1.605 0.1000000015
23216  50.720  27.890  1.855 0.1000000015
10488  38.424  34.369  8.912 0.1000000015
29856  45.889  34.569  5.535 0.1000000015
9070  48.146  2.251  8.494 0.1000000015
37453  47.807  3.551  7.280 0.1000000015
20119  48.851  3.519  6.331 0.1000000015
20118  49.866  3.592  5.430 0.1000000015
9072  51.446  1.291  5.433 0.1000000015
27049  50.723  3.376  4.675 0.1000000015
