#!ascii label  , from subject fsaverage6 vox2ras=TkReg 
546
1994  44.481  -80.345  -7.122 0.2000000030
18876  44.180  -79.461  -6.485 0.2000000030
18878  44.602  -79.442  -7.812 0.2000000030
18874  44.124  -80.323  -5.719 0.2000000030
35979  44.926  -79.603  -9.110 0.1000000015
18875  44.003  -79.526  -4.983 0.3000000119
8564  44.511  -78.526  -8.400 0.1000000015
35954  44.241  -77.601  -9.024 0.1000000015
87  43.958  -76.680  -9.359 0.2000000030
18877  43.890  -78.673  -7.224 0.1000000015
35952  42.947  -77.875  -6.555 0.1000000015
35953  43.626  -77.751  -7.900 0.1000000015
34300  43.969  -75.248  -9.494 0.2000000030
11006  43.361  -75.214  -8.638 0.2000000030
7990  44.319  -73.644  -9.636 0.2000000030
3324  42.633  -76.837  -7.258 0.1000000015
11004  43.433  -76.684  -8.402 0.1000000015
40585  43.754  -73.676  -8.619 0.2000000030
22728  44.249  -72.064  -8.870 0.2000000030
22727  44.588  -72.119  -9.923 0.1000000015
22729  44.581  -70.311  -9.206 0.2000000030
1780  45.019  -70.453  -10.102 0.2000000030
34303  44.817  -72.067  -10.903 0.2000000030
3326  42.863  -73.689  -7.804 0.3000000119
10117  44.002  -70.280  -8.354 0.3000000119
40588  44.286  -68.574  -8.476 0.3000000119
40586  43.594  -72.102  -7.941 0.3000000119
40589  43.707  -68.303  -7.675 0.3000000119
28614  44.845  -68.732  -9.363 0.2000000030
28613  45.128  -68.853  -10.255 0.2000000030
34307  45.302  -68.596  -11.273 0.1000000015
34306  45.245  -70.444  -11.085 0.2000000030
22731  44.118  -66.657  -7.696 0.3000000119
5658  44.636  -66.911  -8.558 0.2000000030
28615  45.024  -67.059  -9.507 0.1000000015
5657  45.168  -67.012  -10.391 0.1000000015
22730  44.678  -65.040  -7.622 0.2000000030
28616  44.936  -65.194  -8.485 0.2000000030
34308  45.299  -66.717  -11.362 0.1000000015
13338  45.050  -65.309  -9.446 0.1000000015
5659  45.122  -63.465  -8.441 0.1000000015
13337  45.230  -65.239  -10.398 0.1000000015
35926  44.748  -70.097  6.326 0.5000000000
39181  45.383  -70.650  7.211 0.5000000000
35927  44.245  -69.667  5.305 0.5000000000
9648  44.588  -70.088  8.092 0.2000000030
21555  45.717  -70.995  8.161 0.2000000030
39180  44.375  -69.495  7.238 0.5000000000
34  44.051  -68.896  6.383 0.5000000000
8555  44.436  -70.270  4.141 0.5000000000
40558  43.611  -68.731  4.522 0.5000000000
35930  45.194  -72.125  2.949 0.5000000000
21553  43.380  -69.416  8.830 0.3000000119
39179  43.353  -68.856  8.001 0.3000000119
10428  43.642  -68.036  5.562 0.5000000000
22705  43.542  -69.304  3.553 0.5000000000
35934  44.487  -73.432  1.569 0.4000000060
35933  44.794  -72.734  2.254 0.5000000000
1991  43.963  -71.586  2.418 0.5000000000
22704  44.291  -70.879  3.157 0.5000000000
18862  45.223  -74.505  1.671 0.4000000060
39099  43.354  -68.174  7.178 0.5000000000
10426  43.445  -67.591  6.397 0.5000000000
22706  43.066  -69.958  2.626 0.5000000000
5263  42.419  -69.031  11.360 0.1000000015
39175  41.484  -67.983  11.187 0.1000000015
21551  42.363  -68.846  10.467 0.1000000015
39176  41.429  -67.712  10.219 0.1000000015
21552  43.450  -69.760  9.735 0.1000000015
39178  42.343  -68.112  8.646 0.4000000060
2746  43.135  -66.287  6.293 0.5000000000
28599  43.652  -72.253  1.638 0.5000000000
35935  44.264  -74.068  1.098 0.4000000060
35943  45.614  -76.412  1.201 0.5000000000
27903  41.637  -69.795  13.733 0.1000000015
5262  42.782  -70.224  12.957 0.1000000015
27904  41.538  -69.041  12.909 0.1000000015
27905  41.545  -68.354  12.167 0.1000000015
2355  40.783  -65.826  8.959 0.2000000030
21482  40.344  -64.383  8.717 0.2000000030
9647  42.355  -68.595  9.561 0.1000000015
39177  41.462  -67.312  9.293 0.1000000015
21486  41.523  -66.750  8.276 0.2000000030
21484  41.186  -65.410  8.034 0.2000000030
9621  42.442  -67.487  7.698 0.3000000119
21485  41.903  -66.293  7.451 0.3000000119
39098  42.717  -66.932  6.957 0.4000000060
40561  42.220  -68.813  2.188 0.5000000000
28600  42.723  -70.721  1.918 0.5000000000
10108  42.723  -68.262  2.976 0.5000000000
8558  44.956  -75.076  1.307 0.4000000060
5261  40.608  -69.346  14.653 0.1000000015
2363  40.516  -67.874  13.050 0.1000000015
21545  39.512  -67.388  14.082 0.1000000015
21549  40.543  -67.165  12.014 0.1000000015
9646  40.529  -66.672  10.960 0.1000000015
39174  40.609  -66.341  10.022 0.1000000015
27867  39.962  -64.802  9.664 0.2000000030
21483  40.933  -64.022  7.861 0.2000000030
9620  41.663  -64.934  7.221 0.2000000030
39097  42.357  -65.619  6.765 0.4000000060
40562  42.216  -66.820  2.450 0.5000000000
40563  42.769  -64.975  2.781 0.5000000000
40560  42.747  -66.390  3.241 0.5000000000
10427  43.452  -66.667  5.574 0.5000000000
23378  43.245  -65.883  4.014 0.5000000000
40559  43.081  -67.713  3.885 0.6000000238
2748  43.382  -67.035  4.710 0.5000000000
35944  44.798  -75.982  0.641 0.4000000060
18863  45.850  -75.700  1.742 0.4000000060
21546  38.580  -65.826  14.212 0.1000000015
21547  39.535  -66.499  13.082 0.1000000015
9645  38.796  -65.093  13.033 0.1000000015
21548  39.638  -65.770  11.947 0.1000000015
39173  39.719  -65.248  10.785 0.1000000015
27866  39.658  -63.515  9.504 0.2000000030
29581  46.424  -62.627  5.303 0.2000000030
29582  46.758  -62.786  4.588 0.2000000030
6096  45.650  -62.906  5.315 0.2000000030
13998  44.288  -63.126  5.792 0.2000000030
29585  46.746  -62.405  3.793 0.2000000030
29584  45.856  -63.013  4.534 0.2000000030
29583  44.725  -63.449  5.171 0.2000000030
23375  43.738  -64.077  5.724 0.4000000060
6097  45.544  -62.773  3.858 0.2000000030
14000  44.716  -63.563  4.394 0.3000000119
2747  44.008  -64.366  4.957 0.3000000119
23374  42.944  -64.944  6.229 0.4000000060
14003  43.961  -63.426  3.065 0.5000000000
828  43.397  -64.661  3.504 0.4000000060
14001  44.399  -63.512  3.689 0.4000000060
13999  43.827  -64.544  4.193 0.4000000060
23377  43.577  -65.713  4.821 0.5000000000
23376  43.415  -65.327  5.623 0.5000000000
39169  37.859  -65.028  15.492 0.1000000015
39170  38.004  -64.338  14.248 0.1000000015
39171  38.282  -63.592  13.025 0.1000000015
39172  39.037  -64.380  11.842 0.1000000015
12921  38.753  -62.868  11.788 0.1000000015
5241  39.310  -63.805  10.591 0.2000000030
5240  40.269  -63.154  8.551 0.2000000030
39095  41.754  -63.555  7.116 0.2000000030
6095  47.174  -62.449  5.251 0.1000000015
29580  45.825  -62.126  5.812 0.1000000015
13997  45.073  -62.453  5.826 0.1000000015
39096  42.358  -64.340  6.622 0.3000000119
13996  43.731  -62.694  6.215 0.1000000015
9642  37.544  -63.471  15.643 0.1000000015
39161  37.784  -61.879  15.719 0.1000000015
39162  37.804  -62.774  14.322 0.1000000015
573  38.302  -62.055  12.999 0.1000000015
27865  39.707  -62.311  9.420 0.2000000030
29579  46.562  -61.725  5.830 0.1000000015
6094  44.463  -62.058  6.261 0.1000000015
39093  42.663  -63.101  6.582 0.1000000015
826  43.147  -63.715  6.178 0.2000000030
6888  38.418  -60.549  15.644 0.1000000015
31434  38.135  -61.337  14.287 0.1000000015
31433  38.726  -60.262  14.239 0.1000000015
5239  39.383  -61.373  10.485 0.1000000015
39094  41.087  -62.808  7.728 0.2000000030
27864  40.524  -62.032  8.496 0.2000000030
11596  46.761  -60.478  6.042 0.1000000015
346  45.881  -60.942  6.283 0.1000000015
9619  42.106  -62.397  7.153 0.2000000030
39090  44.613  -60.745  6.784 0.1000000015
29578  45.198  -61.503  6.303 0.1000000015
39092  43.232  -62.089  6.693 0.1000000015
15320  39.216  -59.556  15.534 0.1000000015
12917  38.611  -60.895  12.915 0.1000000015
27863  40.113  -61.157  9.389 0.2000000030
21481  41.499  -61.763  7.794 0.1000000015
39089  44.190  -60.025  7.244 0.1000000015
9618  43.320  -60.714  7.313 0.1000000015
21479  42.166  -60.831  7.882 0.1000000015
21480  42.665  -61.529  7.221 0.1000000015
39081  45.433  -60.132  6.607 0.1000000015
39091  43.916  -61.429  6.787 0.1000000015
31432  39.474  -59.267  14.152 0.1000000015
5237  39.149  -59.883  12.873 0.1000000015
27861  39.837  -59.572  11.590 0.1000000015
27862  39.902  -60.310  10.502 0.1000000015
39088  43.773  -59.314  7.611 0.1000000015
9617  42.590  -59.179  8.462 0.1000000015
21477  41.816  -59.992  8.648 0.1000000015
2354  41.056  -60.978  8.589 0.1000000015
21471  44.810  -58.758  7.281 0.1000000015
21478  42.880  -59.980  7.919 0.1000000015
9615  45.068  -59.483  6.871 0.1000000015
5238  40.647  -59.356  10.421 0.1000000015
21475  40.789  -60.083  9.454 0.1000000015
39085  41.497  -58.534  10.196 0.1000000015
21476  41.589  -59.228  9.399 0.1000000015
39087  43.558  -58.601  8.108 0.1000000015
39086  42.451  -58.516  9.085 0.1000000015
21543  40.563  -68.711  13.857 0.1000000015
10109  42.287  -65.257  2.098 0.5000000000
17514  47.655  -62.745  4.472 0.2000000030
12920  39.203  -62.536  10.524 0.2000000030
12919  38.826  -61.640  11.775 0.1000000015
39160  38.228  -61.077  17.106 0.1000000015
15321  39.078  -59.972  16.954 0.1000000015
12918  39.157  -60.540  11.679 0.1000000015
11598  47.291  -61.225  5.679 0.1000000015
27860  40.592  -58.694  11.432 0.1000000015
2353  44.694  -58.036  7.812 0.1000000015
39185  48.011  -72.930  8.158 0.1000000015
39183  47.458  -72.628  6.884 0.1000000015
39182  46.432  -71.624  7.110 0.1000000015
21556  45.889  -71.269  9.179 0.1000000015
39186  48.424  -73.703  6.715 0.2000000030
1990  47.633  -73.356  5.528 0.2000000030
18856  46.732  -72.307  5.769 0.2000000030
8554  45.740  -71.264  6.055 0.3000000119
26290  48.295  -74.380  5.539 0.2000000030
26291  47.696  -74.123  4.302 0.2000000030
12047  48.146  -76.562  4.457 0.1000000015
26292  48.115  -75.271  4.367 0.1000000015
18858  47.028  -73.082  4.476 0.2000000030
18857  46.141  -72.072  4.774 0.2000000030
35928  45.127  -70.962  5.026 0.4000000060
4368  47.647  -77.492  3.361 0.1000000015
26293  47.723  -76.173  3.389 0.2000000030
4367  47.455  -74.845  3.272 0.3000000119
35929  45.277  -71.579  3.864 0.4000000060
35931  47.027  -73.685  3.399 0.3000000119
17515  48.495  -62.610  4.483 0.1000000015
8556  46.269  -72.621  3.663 0.4000000060
35932  46.005  -73.249  2.787 0.4000000060
827  47.764  -62.275  3.685 0.1000000015
25485  47.610  -61.597  3.107 0.1000000015
9649  46.817  -71.934  8.203 0.1000000015
21554  44.674  -70.505  9.022 0.1000000015
27909  46.077  -71.524  10.088 0.1000000015
39205  38.662  -80.812  2.333 0.1000000015
23646  39.643  -82.635  1.431 0.1000000015
23644  40.012  -81.580  2.489 0.1000000015
21575  37.276  -80.187  2.328 0.1000000015
9657  35.664  -80.627  1.559 0.1000000015
39206  37.112  -81.135  1.375 0.1000000015
21585  34.854  -85.468  11.901 0.1000000015
39230  33.216  -79.393  4.336 0.1000000015
39231  34.523  -79.299  3.144 0.1000000015
21576  35.954  -79.695  2.502 0.1000000015
23645  40.970  -82.310  2.420 0.1000000015
31480  34.785  -85.939  12.836 0.1000000015
21587  34.521  -84.457  11.020 0.1000000015
31478  36.435  -84.827  13.907 0.1000000015
31479  35.532  -85.397  13.730 0.1000000015
6908  35.767  -85.211  12.886 0.1000000015
39220  34.135  -83.305  10.382 0.1000000015
2369  32.721  -80.811  7.834 0.1000000015
21594  32.991  -79.612  6.854 0.1000000015
9656  38.948  -79.966  3.152 0.1000000015
976  41.689  -81.204  3.529 0.1000000015
14448  42.540  -81.793  3.383 0.1000000015
21586  35.608  -84.375  12.018 0.1000000015
9661  35.261  -83.274  11.377 0.1000000015
21589  33.747  -82.041  9.729 0.1000000015
21590  33.620  -80.740  8.907 0.1000000015
21588  32.813  -82.147  8.618 0.1000000015
21592  33.736  -79.451  7.987 0.1000000015
9664  33.716  -78.903  5.702 0.1000000015
39204  40.334  -80.694  3.368 0.1000000015
21574  37.635  -79.337  3.211 0.1000000015
39221  34.834  -82.005  10.854 0.1000000015
305  36.914  -84.581  15.153 0.1000000015
39217  36.460  -84.248  13.164 0.1000000015
39218  36.199  -83.300  12.443 0.1000000015
9662  34.549  -80.679  10.188 0.1000000015
9663  34.897  -78.240  8.301 0.1000000015
12954  37.120  -84.031  14.265 0.1000000015
21593  34.348  -78.413  6.984 0.1000000015
39227  35.238  -77.973  5.970 0.1000000015
39228  34.936  -78.585  4.525 0.1000000015
2367  36.334  -78.795  3.661 0.1000000015
39201  42.224  -80.471  4.289 0.1000000015
39222  35.412  -80.754  11.470 0.1000000015
5274  37.016  -83.200  13.588 0.1000000015
27926  36.671  -82.189  13.049 0.1000000015
39219  35.770  -82.096  11.938 0.1000000015
21591  34.588  -79.409  9.311 0.1000000015
27921  36.571  -78.035  4.957 0.1000000015
39203  40.781  -79.868  4.119 0.1000000015
39202  41.193  -79.154  4.860 0.1000000015
21573  39.369  -79.165  4.036 0.1000000015
21572  37.971  -78.539  4.290 0.1000000015
9655  42.675  -79.884  5.019 0.1000000015
14446  43.588  -80.828  4.496 0.1000000015
14447  44.395  -81.198  4.124 0.1000000015
5272  38.325  -82.969  16.216 0.1000000015
12952  37.596  -83.870  15.642 0.1000000015
12953  37.691  -83.115  14.764 0.1000000015
27925  37.578  -82.182  14.254 0.1000000015
39223  35.423  -79.464  10.816 0.1000000015
21584  36.173  -79.683  12.107 0.1000000015
39224  35.530  -78.196  9.692 0.1000000015
39226  35.617  -77.531  7.267 0.1000000015
5271  36.810  -77.312  6.257 0.1000000015
39200  44.330  -80.337  5.169 0.1000000015
21580  37.332  -81.144  13.773 0.1000000015
21582  37.103  -79.949  13.272 0.1000000015
2368  36.273  -80.916  12.630 0.1000000015
39216  36.590  -77.185  10.242 0.1000000015
9660  36.263  -78.377  11.276 0.1000000015
12951  37.052  -76.750  7.670 0.1000000015
12950  38.354  -76.879  6.694 0.1000000015
5270  39.722  -78.382  4.984 0.1000000015
27920  38.212  -77.694  5.448 0.1000000015
27918  41.504  -78.320  5.758 0.1000000015
39211  39.249  -80.355  15.519 0.1000000015
27924  38.474  -82.176  15.424 0.1000000015
27923  39.379  -81.409  15.996 0.1000000015
5273  38.385  -81.256  14.874 0.1000000015
9659  38.098  -78.976  13.677 0.1000000015
27922  39.312  -82.060  16.672 0.1000000015
21583  37.032  -78.614  12.519 0.1000000015
39225  36.070  -77.230  8.678 0.1000000015
27919  39.931  -77.506  6.014 0.1000000015
21570  44.752  -79.762  5.887 0.1000000015
21581  38.140  -80.247  14.404 0.1000000015
39214  38.080  -77.588  12.848 0.1000000015
39215  37.251  -77.295  11.638 0.1000000015
31476  37.758  -76.128  10.629 0.1000000015
577  37.366  -76.307  9.121 0.1000000015
12949  38.493  -76.126  8.027 0.1000000015
5269  39.988  -76.572  7.129 0.1000000015
2366  43.198  -78.258  6.719 0.1000000015
21569  44.924  -79.034  6.772 0.1000000015
9654  46.549  -79.112  6.748 0.1000000015
39198  47.602  -78.818  6.299 0.1000000015
21579  40.320  -80.364  16.535 0.1000000015
6906  38.379  -76.295  11.994 0.1000000015
12947  38.630  -75.524  9.467 0.1000000015
12948  39.941  -75.635  8.390 0.1000000015
27917  41.608  -77.346  6.794 0.1000000015
39197  48.007  -78.028  7.319 0.1000000015
39189  48.564  -77.588  6.528 0.1000000015
39212  39.245  -79.193  14.818 0.1000000015
39213  39.245  -77.978  14.038 0.1000000015
15351  39.383  -76.701  13.223 0.1000000015
27916  41.517  -76.293  7.889 0.1000000015
39195  47.932  -76.251  9.525 0.1000000015
9653  46.607  -77.238  8.652 0.1000000015
21566  44.987  -76.810  8.542 0.1000000015
21565  43.245  -77.136  7.672 0.1000000015
39196  48.123  -77.117  8.432 0.1000000015
2365  48.764  -74.994  10.199 0.1000000015
21561  49.174  -75.818  8.990 0.1000000015
21568  46.647  -78.267  7.754 0.1000000015
21559  49.327  -74.517  9.247 0.1000000015
21560  49.469  -75.408  7.827 0.1000000015
9651  49.064  -76.774  7.675 0.1000000015
39188  49.059  -76.247  6.673 0.1000000015
9658  40.355  -79.379  15.878 0.1000000015
39210  40.381  -78.264  15.058 0.1000000015
31475  38.992  -75.265  10.888 0.1000000015
27915  41.514  -75.396  8.953 0.1000000015
5268  43.155  -76.108  8.665 0.1000000015
39194  46.442  -76.328  9.566 0.1000000015
39192  47.514  -75.475  10.471 0.1000000015
9650  49.038  -74.108  8.040 0.1000000015
39209  41.563  -78.512  16.014 0.1000000015
1276  40.526  -77.151  14.204 0.1000000015
15349  40.695  -75.995  13.289 0.1000000015
15350  39.692  -75.490  12.200 0.1000000015
5267  40.049  -74.937  9.728 0.1000000015
9652  45.956  -75.509  10.268 0.1000000015
39193  44.702  -75.910  9.327 0.1000000015
27912  48.029  -74.244  11.145 0.1000000015
21557  48.551  -73.538  10.469 0.1000000015
24186  41.590  -77.479  15.116 0.1000000015
6905  41.058  -75.084  12.302 0.1000000015
31474  40.359  -74.782  11.024 0.1000000015
27914  42.998  -75.251  9.605 0.1000000015
27913  41.525  -74.774  10.091 0.1000000015
15347  41.679  -76.451  14.206 0.1000000015
15348  41.948  -75.557  13.315 0.1000000015
31473  41.836  -74.641  11.377 0.1000000015
21564  44.320  -75.228  10.206 0.1000000015
21558  48.498  -73.211  9.397 0.1000000015
31472  42.409  -74.924  12.522 0.1000000015
1275  42.981  -74.764  10.583 0.1000000015
31470  43.226  -74.698  11.743 0.1000000015
21562  44.261  -74.777  11.205 0.1000000015
21563  45.527  -74.956  10.961 0.1000000015
27911  47.543  -72.903  11.140 0.1000000015
39184  47.197  -72.168  9.348 0.1000000015
39191  46.969  -74.882  11.179 0.1000000015
6903  45.341  -74.628  11.866 0.1000000015
39229  32.183  -79.954  5.684 0.1000000015
2896  38.585  -81.858  1.429 0.1000000015
39232  34.093  -80.230  2.003 0.1000000015
21571  43.025  -79.231  5.764 0.1000000015
39199  46.163  -79.779  5.841 0.1000000015
21567  45.024  -77.900  7.690 0.1000000015
12046  48.493  -77.012  5.512 0.1000000015
18860  46.551  -74.392  2.595 0.3000000119
8557  45.540  -73.911  2.157 0.3000000119
26299  44.857  -80.647  -2.110 0.1000000015
18869  45.562  -78.798  -0.334 0.2000000030
18870  45.335  -77.357  0.300 0.3000000119
28601  42.563  -71.358  1.325 0.4000000060
5649  43.463  -72.920  1.063 0.4000000060
4371  44.190  -81.940  -2.783 0.1000000015
18871  44.922  -78.122  -0.967 0.3000000119
35936  44.085  -74.621  0.664 0.4000000060
1993  45.059  -79.380  -1.555 0.2000000030
13329  43.418  -73.507  0.660 0.4000000060
13330  42.446  -71.957  0.795 0.4000000060
26301  44.421  -81.116  -3.456 0.2000000030
5650  41.984  -69.437  1.544 0.4000000060
28602  41.855  -70.047  1.000 0.5000000000
26300  44.646  -79.929  -2.815 0.2000000030
18873  44.530  -78.673  -2.191 0.2000000030
8561  44.542  -76.863  -0.383 0.4000000060
18872  44.156  -77.596  -1.609 0.2000000030
22708  41.818  -67.316  1.791 0.4000000060
35946  43.752  -76.166  -0.945 0.4000000060
35945  43.948  -75.432  0.006 0.4000000060
443  43.269  -74.089  0.226 0.4000000060
13331  42.403  -72.433  0.388 0.4000000060
35949  44.141  -79.234  -3.464 0.2000000030
4372  44.364  -80.233  -4.168 0.2000000030
22707  41.645  -67.872  1.228 0.5000000000
5651  41.698  -70.669  0.518 0.5000000000
40564  43.361  -63.528  2.529 0.4000000060
14002  45.236  -62.521  3.276 0.2000000030
35947  43.400  -76.689  -2.115 0.4000000060
22709  41.860  -65.635  1.464 0.4000000060
8562  43.887  -78.016  -2.718 0.2000000030
32005  42.433  -73.072  -0.192 0.3000000119
32004  43.204  -74.860  -0.475 0.4000000060
7134  42.910  -75.401  -1.632 0.4000000060
40567  41.562  -71.198  -0.011 0.5000000000
22710  42.839  -63.584  1.897 0.4000000060
28603  41.496  -68.452  0.683 0.5000000000
40568  41.263  -69.106  0.069 0.5000000000
1992  46.716  -76.348  2.106 0.3000000119
18861  46.193  -75.110  2.137 0.3000000119
35939  46.934  -77.806  2.016 0.2000000030
35942  46.423  -77.100  1.689 0.2000000030
24414  42.125  -76.763  -5.844 0.1000000015
18859  47.017  -75.692  2.531 0.2000000030
26294  47.333  -77.029  2.527 0.1000000015
35938  47.139  -78.551  2.659 0.1000000015
26302  44.065  -81.245  -4.899 0.1000000015
8563  43.495  -78.767  -5.640 0.1000000015
35951  42.807  -77.641  -4.914 0.1000000015
1404  42.122  -76.497  -4.211 0.1000000015
15731  41.374  -74.895  -3.728 0.1000000015
32009  40.891  -73.522  -4.486 0.1000000015
35948  43.048  -77.216  -3.297 0.1000000015
32006  42.300  -73.716  -1.091 0.3000000119
7135  41.484  -71.902  -0.782 0.3000000119
15729  42.461  -75.945  -2.884 0.1000000015
15730  41.779  -74.414  -2.359 0.2000000030
32007  41.261  -72.497  -1.984 0.3000000119
7136  40.964  -73.109  -3.217 0.1000000015
24415  41.398  -75.228  -5.112 0.1000000015
32010  40.780  -71.377  -4.038 0.3000000119
39187  48.974  -74.913  6.730 0.1000000015
22713  40.943  -69.633  -0.630 0.4000000060
22712  40.731  -70.322  -1.642 0.4000000060
32008  40.740  -70.877  -2.864 0.3000000119
3325  41.365  -73.681  -5.683 0.1000000015
11005  42.515  -75.238  -7.511 0.1000000015
24416  41.682  -75.337  -6.377 0.1000000015
2518  41.618  -66.070  0.926 0.3000000119
40569  41.326  -66.611  0.295 0.4000000060
10111  40.964  -67.195  -0.436 0.4000000060
1405  40.680  -68.450  -2.418 0.4000000060
22714  40.704  -67.893  -1.331 0.4000000060
15733  41.110  -71.687  -5.062 0.3000000119
32011  40.868  -69.008  -3.602 0.4000000060
24418  42.680  -72.036  -6.928 0.2000000030
15732  41.893  -71.873  -5.965 0.2000000030
24417  41.997  -73.695  -6.673 0.1000000015
34299  44.373  -76.650  -10.316 0.1000000015
7137  41.139  -69.356  -4.666 0.4000000060
22711  42.302  -63.808  1.254 0.3000000119
40571  41.480  -64.727  -0.204 0.4000000060
40570  41.183  -65.303  -1.050 0.4000000060
28604  41.180  -66.588  -3.046 0.4000000060
15736  42.338  -67.953  -5.910 0.3000000119
15734  41.682  -69.778  -5.510 0.3000000119
15735  41.863  -67.574  -5.053 0.3000000119
32012  41.482  -67.198  -4.143 0.3000000119
40587  43.311  -70.281  -7.452 0.2000000030
1406  42.503  -70.040  -6.437 0.3000000119
10110  43.673  -62.131  1.673 0.3000000119
40572  41.809  -64.192  0.542 0.4000000060
22716  42.160  -62.903  -0.832 0.4000000060
5653  41.966  -63.600  -1.664 0.4000000060
28605  41.074  -65.930  -2.023 0.3000000119
40590  43.026  -68.138  -6.751 0.3000000119
40565  44.325  -62.159  2.278 0.3000000119
5652  42.112  -64.808  -3.545 0.2000000030
28606  41.913  -64.198  -2.547 0.2000000030
32014  43.455  -63.795  -4.833 0.2000000030
35950  43.578  -78.458  -4.085 0.1000000015
7138  42.532  -65.690  -5.413 0.2000000030
32013  42.377  -65.302  -4.572 0.2000000030
40573  43.092  -62.105  0.869 0.3000000119
35941  46.487  -78.648  1.380 0.1000000015
8560  46.030  -77.982  0.862 0.1000000015
18868  45.952  -79.491  0.389 0.1000000015
6098  44.929  -62.269  2.766 0.1000000015
29587  46.325  -61.473  2.757 0.1000000015
29588  45.990  -61.145  2.359 0.1000000015
40566  45.448  -61.024  1.919 0.2000000030
10112  42.547  -62.350  0.028 0.2000000030
40574  44.929  -60.825  1.289 0.2000000030
22718  44.423  -60.679  0.332 0.2000000030
10113  46.298  -59.690  0.739 0.2000000030
22717  43.855  -60.938  -0.551 0.2000000030
22715  43.496  -61.532  -1.504 0.1000000015
29586  46.521  -61.959  3.276 0.1000000015
10118  43.545  -66.341  -7.006 0.2000000030
40591  42.961  -66.083  -6.184 0.1000000015
22733  44.072  -64.527  -6.261 0.1000000015
22732  44.378  -64.832  -6.874 0.1000000015
28617  45.225  -63.414  -7.659 0.1000000015
40575  46.723  -59.893  1.383 0.1000000015
11603  48.336  -59.079  0.958 0.1000000015
40592  43.652  -64.178  -5.633 0.1000000015
2521  45.352  -63.315  -6.993 0.1000000015
40576  47.992  -58.922  0.419 0.1000000015
13332  43.425  -63.347  -4.026 0.1000000015
10119  45.251  -62.991  -5.841 0.1000000015
40600  47.037  -62.363  -6.315 0.1000000015
22734  45.400  -63.205  -6.468 0.1000000015
40599  46.823  -62.128  -6.755 0.1000000015
13333  43.284  -62.749  -3.145 0.1000000015
40596  46.589  -62.041  -7.176 0.1000000015
628  44.969  -62.399  -4.388 0.1000000015
34304  44.762  -73.558  -12.641 0.1000000015
25495  44.138  -75.241  -13.249 0.1000000015
25494  43.243  -76.884  -13.757 0.1000000015
3924  42.587  -76.838  -14.550 0.1000000015
7991  44.623  -73.607  -11.630 0.1000000015
34305  45.101  -71.924  -11.903 0.1000000015
34302  44.473  -73.698  -10.611 0.1000000015
17531  44.047  -75.234  -12.165 0.1000000015
17533  45.505  -71.614  -13.018 0.1000000015
7992  45.522  -70.108  -12.221 0.1000000015
