#!ascii label  , from subject fsaverage6 vox2ras=TkReg 
2141
9436  9.707  -100.505  10.848 0.6000000238
38547  10.573  -101.374  9.059 0.6999999881
21028  10.060  -100.972  9.013 0.4000000060
38545  9.838  -99.725  12.200 0.8999999762
38543  10.871  -99.835  11.886 0.8000000119
38546  10.441  -100.746  10.797 0.6999999881
38548  11.119  -101.684  7.142 0.4000000060
21026  9.086  -99.412  12.190 0.6999999881
9435  10.445  -98.786  12.726 0.8999999762
38542  11.519  -98.750  12.132 0.8999999762
21027  9.242  -99.998  10.827 0.5000000000
27584  16.673  -99.714  11.676 1.0000000000
27586  15.073  -99.765  11.221 1.0000000000
27588  12.056  -99.731  11.351 0.8999999762
27585  15.962  -100.579  10.695 0.8999999762
5085  14.402  -100.736  10.662 0.8999999762
2292  11.519  -100.719  10.559 0.8999999762
21029  9.823  -100.340  8.919 0.2000000030
21021  11.353  -101.510  9.197 0.8999999762
9434  11.636  -102.037  7.312 0.5000000000
13239  14.279  -102.506  1.871 0.3000000119
5560  14.867  -102.565  -0.021 0.2000000030
13240  13.447  -102.303  1.805 0.2000000030
5088  8.576  -98.186  13.123 0.8000000119
27591  8.223  -96.784  13.685 1.0000000000
27592  8.022  -97.536  12.855 0.6999999881
21025  8.626  -98.854  12.002 0.8000000119
27593  8.385  -97.995  11.627 0.4000000060
38544  9.404  -98.539  13.099 1.0000000000
21024  10.149  -97.557  13.283 0.8999999762
21023  11.300  -97.633  12.682 1.0000000000
27825  18.565  -98.649  12.817 0.6999999881
12898  16.902  -98.068  12.170 0.6999999881
27826  17.609  -99.176  12.209 0.8000000119
5084  15.913  -98.644  11.484 0.8000000119
21415  18.513  -99.827  11.227 0.8999999762
12765  14.312  -98.661  10.900 1.0000000000
5086  12.757  -98.630  11.251 0.8999999762
21014  18.551  -100.404  9.040 0.8999999762
2290  17.550  -100.363  10.644 1.0000000000
27587  13.502  -99.788  11.026 1.0000000000
21016  16.919  -100.922  9.366 0.8999999762
38535  15.311  -101.231  9.475 0.8999999762
21015  17.950  -100.658  7.653 0.8999999762
21018  13.847  -101.436  9.362 0.8999999762
38533  17.363  -100.698  5.988 0.8999999762
9432  16.328  -101.181  7.829 0.8999999762
38536  14.789  -101.627  7.874 0.8999999762
21020  12.407  -102.129  7.489 0.6999999881
38534  15.789  -101.160  6.025 0.8000000119
38537  14.577  -101.812  5.939 0.6999999881
38539  12.652  -102.367  5.564 0.5000000000
9431  18.534  -100.657  4.135 0.6999999881
2291  15.789  -101.583  4.122 0.6999999881
38538  13.497  -102.250  5.875 0.6000000238
38540  11.961  -102.082  5.449 0.3000000119
22435  17.573  -101.338  2.439 0.6000000238
28436  14.639  -102.189  4.017 0.6000000238
5558  13.699  -102.450  3.854 0.4000000060
10000  19.246  -101.194  0.930 0.5000000000
28437  16.308  -101.946  2.346 0.6000000238
28438  15.235  -102.342  2.170 0.4000000060
40237  18.006  -101.599  0.726 0.5000000000
5559  16.902  -102.200  0.404 0.3000000119
22437  18.364  -101.453  -1.166 0.5000000000
28439  15.784  -102.513  0.051 0.2000000030
40243  14.134  -102.160  0.015 0.2000000030
22436  17.310  -102.072  -1.495 0.2000000030
40244  15.263  -102.297  -1.870 0.2000000030
28440  16.259  -102.359  -1.838 0.2000000030
2482  17.482  -101.742  -3.381 0.2000000030
12768  7.306  -96.170  13.614 0.8000000119
27590  9.123  -97.235  13.646 1.0000000000
5089  7.424  -96.843  12.373 0.4000000060
12769  6.561  -95.686  12.757 0.6000000238
2293  9.040  -99.194  10.564 0.3000000119
21022  11.133  -96.389  13.121 1.0000000000
38541  12.405  -97.622  11.778 1.0000000000
12764  15.337  -97.521  10.905 0.8000000119
12766  13.679  -97.573  10.804 0.8999999762
21417  19.440  -99.951  9.667 0.8999999762
38532  19.004  -100.265  5.838 0.8999999762
38530  20.359  -99.928  5.509 0.8999999762
38531  19.778  -100.343  4.179 0.8999999762
22434  18.885  -101.086  2.579 0.6000000238
40234  19.992  -100.825  2.692 0.6999999881
40236  20.656  -100.705  -0.534 0.6999999881
40235  20.415  -101.038  1.101 0.6000000238
40238  19.490  -100.971  -0.820 0.6000000238
10001  19.542  -100.301  -2.558 0.4000000060
22438  18.451  -101.058  -2.962 0.4000000060
40245  16.541  -102.030  -3.529 0.2000000030
27595  8.141  -97.136  10.956 0.3000000119
12770  6.999  -96.123  11.284 0.3000000119
12771  6.036  -95.074  11.410 0.8000000119
27594  9.136  -98.290  10.166 0.3000000119
31218  11.110  -94.913  13.389 1.0000000000
31217  12.070  -95.095  12.875 0.8999999762
6795  12.156  -96.418  12.353 1.0000000000
5218  19.472  -99.295  11.786 0.8999999762
12897  16.475  -96.945  11.613 0.8000000119
12896  17.532  -96.485  12.611 0.8000000119
31215  13.224  -96.465  11.338 0.8000000119
21416  20.327  -99.492  10.214 0.8000000119
550  14.738  -96.389  10.824 0.8000000119
9591  21.319  -99.478  8.570 0.8999999762
21418  20.472  -99.743  7.969 0.8999999762
9430  19.551  -100.043  7.304 1.0000000000
6  20.835  -99.814  3.965 0.8999999762
5087  7.778  -95.253  13.957 1.0000000000
27589  8.916  -95.765  13.911 1.0000000000
12767  6.756  -94.799  13.700 1.0000000000
1215  10.070  -96.163  13.659 1.0000000000
31221  9.960  -94.590  13.624 1.0000000000
27596  7.719  -96.369  9.773 0.3000000119
5091  6.564  -95.437  9.897 0.4000000060
31216  13.036  -95.031  12.132 0.8000000119
27824  20.324  -98.653  12.324 0.8000000119
12895  15.923  -95.555  11.365 0.8000000119
39011  21.085  -98.847  10.792 0.8000000119
39015  21.226  -99.482  6.180 0.8999999762
10288  20.859  -100.080  2.757 0.8999999762
2608  21.258  -100.472  1.382 0.8999999762
23126  21.732  -100.469  -0.286 0.8999999762
40239  20.721  -99.892  -2.207 0.5000000000
22439  19.452  -99.854  -4.376 0.5000000000
22440  18.472  -100.811  -4.789 0.2000000030
40240  20.817  -99.169  -3.784 0.5000000000
552  5.991  -94.308  12.665 0.8999999762
31222  8.704  -94.256  13.750 1.0000000000
38576  5.452  -93.624  11.492 0.8000000119
5090  9.057  -97.365  9.516 0.3000000119
38577  5.490  -94.182  10.115 0.6999999881
31220  10.969  -93.434  13.095 1.0000000000
27597  7.199  -95.775  8.492 0.4000000060
38578  5.948  -94.646  8.650 0.5000000000
21053  4.893  -93.135  9.134 0.6000000238
15165  13.102  -93.738  12.758 0.6999999881
6794  14.027  -93.658  12.268 0.6999999881
5215  16.991  -95.024  12.270 0.6999999881
31214  14.195  -94.960  11.422 0.8000000119
9590  22.616  -97.957  9.834 0.8000000119
39014  22.083  -99.102  6.835 0.8999999762
9592  22.611  -98.826  5.336 0.8999999762
39016  21.624  -99.228  4.626 0.8000000119
10286  21.580  -99.031  3.094 0.8000000119
10287  21.639  -99.382  1.954 0.8999999762
23125  22.175  -99.650  0.812 0.8999999762
13579  22.498  -99.582  -0.634 0.8000000119
688  21.852  -99.841  -1.868 0.8000000119
13583  22.114  -99.060  -3.232 0.6000000238
5846  22.552  -98.727  -4.664 0.5000000000
40241  20.986  -99.060  -5.614 0.5000000000
10002  19.537  -99.925  -6.239 0.5000000000
29000  22.841  -99.044  -6.402 0.5000000000
40250  19.940  -100.434  -7.891 0.4000000060
40251  21.754  -100.132  -8.677 0.4000000060
31223  7.627  -93.837  13.699 1.0000000000
31224  6.650  -93.349  13.295 1.0000000000
6797  9.814  -93.214  13.206 1.0000000000
9446  4.882  -92.585  10.678 0.8999999762
15168  10.957  -92.074  12.735 0.8000000119
6796  12.082  -93.616  13.048 0.8999999762
21054  4.528  -91.992  8.483 0.6999999881
39012  22.030  -98.927  9.161 0.8000000119
31402  15.299  -94.066  11.759 0.6999999881
39013  22.960  -98.628  7.572 0.8999999762
39260  22.394  -98.488  3.800 0.8000000119
2606  22.354  -98.305  2.436 0.8999999762
13581  22.836  -99.397  -2.062 0.6999999881
17458  5.640  -89.526  -10.607 0.6000000238
17456  4.851  -89.045  -9.520 0.6000000238
13582  23.478  -99.033  -3.428 0.6000000238
28999  24.096  -98.907  -4.682 0.5000000000
11181  24.846  -99.145  -7.676 0.6000000238
11179  24.517  -98.949  -6.186 0.5000000000
3499  25.586  -98.702  -4.251 0.6999999881
208  23.274  -99.413  -7.897 0.5000000000
40252  22.237  -100.304  -9.952 0.4000000060
21052  4.452  -91.382  9.928 0.8999999762
2296  4.351  -90.096  9.574 0.6999999881
21621  23.653  -98.499  6.124 0.8000000119
21620  23.480  -98.339  4.539 0.8000000119
23124  22.330  -98.540  1.256 1.0000000000
2607  22.598  -98.658  0.241 1.0000000000
13580  23.008  -98.705  -0.865 1.0000000000
40338  7.010  -87.789  -9.042 0.8000000119
1764  5.644  -88.575  -9.611 0.8000000119
5845  23.730  -98.830  -1.928 0.8999999762
25452  4.789  -87.482  -8.665 0.6999999881
7955  5.739  -90.322  -11.460 0.5000000000
17459  6.768  -89.152  -11.568 0.6000000238
24729  26.050  -98.238  -2.402 0.8999999762
11180  26.018  -98.731  -5.847 0.6000000238
3501  26.341  -98.739  -7.401 0.6999999881
11182  25.063  -99.136  -8.973 0.5000000000
11183  23.537  -99.676  -9.133 0.5000000000
38567  5.807  -92.652  12.582 1.0000000000
27609  4.091  -89.114  7.833 0.4000000060
27607  4.268  -88.767  9.284 0.6000000238
15298  15.007  -93.067  12.948 0.6999999881
5097  4.134  -87.403  9.150 0.3000000119
39010  23.593  -98.090  8.495 0.8000000119
2344  24.528  -98.048  7.134 0.8000000119
21619  24.635  -98.030  5.412 0.8000000119
39259  23.137  -97.869  3.189 0.6999999881
23122  22.969  -97.375  1.861 0.8999999762
23123  22.785  -97.457  0.743 0.8999999762
40337  7.411  -86.447  -7.329 1.0000000000
40335  5.855  -86.914  -8.197 0.6999999881
28996  23.701  -97.803  -1.146 0.8999999762
28997  24.758  -98.131  -1.743 0.8000000119
17460  6.796  -88.616  -10.546 0.8000000119
28998  24.683  -98.798  -2.997 1.0000000000
24733  27.508  -98.041  -7.209 0.8000000119
24732  27.275  -98.154  -5.641 0.6000000238
24731  26.941  -98.251  -3.927 0.6000000238
12778  3.957  -87.710  7.863 0.3000000119
39009  24.112  -97.252  9.445 0.8000000119
27948  25.027  -97.333  8.436 0.8000000119
9674  24.287  -97.626  3.929 0.8000000119
39258  23.767  -96.889  2.725 0.8999999762
22520  9.389  -85.544  -7.047 1.0000000000
28994  24.835  -96.949  -1.100 0.8000000119
10034  8.806  -86.613  -8.793 0.8999999762
1525  28.271  -96.985  -6.967 0.8000000119
40339  8.446  -87.160  -10.532 0.8999999762
16257  28.273  -97.114  -5.517 0.6000000238
687  26.114  -97.185  -1.423 0.8000000119
24734  27.517  -97.759  -8.472 0.8999999762
3500  28.097  -97.200  -3.890 0.5000000000
32688  28.311  -96.016  -2.411 0.6000000238
24730  27.374  -97.226  -2.214 0.6999999881
34210  6.962  -89.979  -12.334 0.8000000119
24735  26.499  -98.550  -8.758 0.8999999762
24736  25.329  -98.987  -10.204 0.5000000000
3503  23.870  -99.628  -10.416 0.4000000060
12779  4.083  -86.298  7.912 0.3000000119
21618  25.591  -97.204  4.881 0.8000000119
22519  11.256  -84.041  -7.154 0.8999999762
5587  9.537  -83.837  -5.626 1.0000000000
40336  7.751  -84.468  -5.952 1.0000000000
10033  6.279  -84.920  -6.988 0.6999999881
40334  5.027  -85.396  -7.827 0.6000000238
5844  23.815  -96.624  -0.532 0.8000000119
22521  10.667  -85.015  -8.979 1.0000000000
16259  28.777  -95.858  -5.371 0.6999999881
16254  26.087  -96.008  -1.054 0.6999999881
7956  8.172  -87.748  -11.986 0.8000000119
16258  28.775  -95.924  -4.001 0.6000000238
16256  27.222  -96.068  -1.420 0.6000000238
24364  7.371  -90.668  -12.447 0.6000000238
34211  8.236  -88.579  -12.708 0.8000000119
3502  26.635  -98.282  -9.925 0.8000000119
12777  3.964  -86.119  9.187 0.6000000238
7398  28.155  -96.391  -9.243 0.8999999762
16263  28.158  -96.705  -8.177 0.8000000119
32697  27.483  -97.468  -9.642 0.8000000119
7395  27.834  -94.953  -1.725 0.5000000000
32689  28.839  -94.860  -2.818 0.5000000000
1376  6.665  -91.904  -11.698 0.5000000000
3296  8.520  -89.375  -12.967 0.8999999762
16265  26.699  -97.958  -11.137 1.0000000000
7396  29.086  -94.793  -4.100 0.5000000000
16264  25.515  -98.724  -11.470 1.0000000000
16266  25.769  -98.256  -12.614 0.6999999881
24737  24.197  -99.401  -11.633 0.6000000238
1526  24.405  -98.945  -12.859 0.4000000060
12776  4.976  -85.967  10.353 0.8000000119
27606  5.059  -87.211  10.553 0.6999999881
553  3.984  -84.950  9.130 0.8000000119
38595  5.145  -83.837  8.143 0.1000000015
28489  11.447  -82.598  -5.748 1.0000000000
28490  12.617  -82.379  -7.410 0.8999999762
28487  7.882  -82.582  -4.965 1.0000000000
22518  6.400  -82.897  -5.943 0.8000000119
16255  26.878  -95.016  -1.155 0.5000000000
16261  28.565  -95.667  -6.704 0.8000000119
32686  27.387  -93.678  -1.267 0.4000000060
22522  10.083  -85.733  -10.830 1.0000000000
32698  27.656  -97.057  -10.748 0.8000000119
16260  29.048  -94.578  -5.387 0.6999999881
24365  8.046  -91.207  -12.166 0.8000000119
40340  9.830  -86.398  -12.530 0.8999999762
7086  8.455  -93.044  -10.624 0.8000000119
31893  8.785  -91.625  -11.285 0.8999999762
32690  29.146  -93.728  -3.128 0.5000000000
7399  27.030  -97.427  -12.208 1.0000000000
12775  4.658  -84.714  10.434 0.8000000119
31235  4.201  -83.371  10.625 0.4000000060
22516  5.362  -81.485  -5.856 0.8000000119
22517  5.171  -83.163  -6.975 0.8000000119
2493  11.870  -83.269  -9.138 0.8999999762
22523  11.263  -83.991  -10.905 1.0000000000
32696  28.411  -95.877  -10.189 0.8000000119
16262  28.558  -95.438  -7.812 0.8000000119
7397  28.899  -94.245  -6.543 0.6999999881
32691  29.418  -93.591  -4.218 0.4000000060
34212  9.736  -87.390  -13.489 0.8999999762
32699  28.083  -96.499  -11.683 0.8999999762
32687  28.382  -93.642  -2.075 0.4000000060
3297  9.583  -90.281  -11.956 0.8999999762
24366  9.003  -89.990  -12.762 0.8000000119
16267  26.131  -97.488  -13.452 0.8999999762
16268  24.717  -98.246  -13.802 0.5000000000
40257  23.059  -99.208  -13.638 0.4000000060
21048  4.903  -88.486  10.809 1.0000000000
40361  13.079  -80.641  -7.756 0.8999999762
5588  12.722  -80.954  -6.110 0.8999999762
13267  11.562  -80.756  -5.067 0.8999999762
28488  9.796  -81.929  -4.845 1.0000000000
2492  6.648  -81.233  -4.964 1.0000000000
10032  4.259  -82.031  -6.199 0.6000000238
32692  29.392  -93.113  -5.324 0.6000000238
10035  11.158  -84.776  -12.713 0.8999999762
32700  27.414  -96.608  -13.093 0.8999999762
32701  26.424  -96.497  -14.140 1.0000000000
7400  24.955  -97.250  -14.279 1.0000000000
40258  23.364  -98.345  -14.362 0.5000000000
10007  21.722  -99.346  -14.162 0.4000000060
5096  5.987  -87.111  12.029 1.0000000000
27605  6.339  -85.762  11.625 1.0000000000
40360  12.918  -79.332  -6.704 0.8000000119
13268  12.284  -79.222  -5.422 0.8000000119
28486  8.320  -80.907  -4.387 1.0000000000
32694  29.304  -93.822  -7.645 0.6000000238
40362  12.624  -81.486  -9.130 0.8999999762
40365  11.865  -82.090  -10.791 0.8999999762
2899  27.913  -95.727  -13.927 0.8000000119
23649  28.663  -95.670  -12.668 0.6999999881
10579  26.804  -95.398  -14.470 0.8999999762
10976  10.001  -88.237  -13.722 0.8999999762
10977  10.496  -88.879  -13.376 0.8999999762
32702  25.296  -96.076  -14.440 1.0000000000
40259  23.663  -97.308  -14.588 1.0000000000
22454  21.983  -98.424  -14.733 0.5000000000
22453  20.340  -99.259  -14.316 0.4000000060
22455  20.548  -98.287  -14.606 0.6000000238
21049  5.590  -88.313  12.332 1.0000000000
27603  7.218  -84.074  13.664 1.0000000000
5095  6.053  -84.422  11.687 0.8999999762
40359  12.490  -77.711  -6.296 0.6999999881
22540  13.145  -78.982  -8.156 0.6000000238
5586  10.152  -80.246  -4.195 1.0000000000
13266  11.486  -78.982  -4.453 0.8999999762
10042  13.022  -79.806  -9.383 0.6000000238
7394  29.937  -92.176  -4.179 0.5000000000
16253  29.501  -92.517  -3.191 0.5000000000
40364  12.797  -80.299  -10.751 0.8000000119
22514  5.615  -79.953  -4.366 1.0000000000
22515  4.343  -80.303  -4.950 0.6999999881
32693  29.686  -92.719  -6.405 0.6000000238
10031  4.511  -78.755  -3.339 0.6000000238
13254  18.960  -92.700  -7.343 0.8000000119
13255  17.726  -91.751  -6.790 0.8000000119
40341  11.226  -85.974  -14.101 0.8999999762
10580  28.330  -94.731  -14.287 0.8000000119
10581  27.102  -94.154  -14.369 0.6999999881
40289  25.019  -93.034  -11.577 0.6000000238
22479  23.455  -94.512  -11.407 0.5000000000
28465  19.999  -93.524  -8.191 0.8000000119
617  16.253  -92.143  -7.445 0.8000000119
88  25.567  -94.960  -14.185 0.8000000119
10583  25.889  -93.876  -13.536 0.8000000119
13249  14.986  -92.692  -7.782 0.8999999762
5569  13.456  -93.052  -8.207 0.8999999762
31896  12.093  -92.078  -8.121 0.8999999762
154  11.615  -87.217  -14.492 0.8999999762
40288  24.659  -94.127  -12.506 0.6999999881
5573  18.424  -93.811  -8.754 0.8000000119
13253  17.288  -92.958  -8.020 0.8999999762
13251  15.930  -93.378  -8.514 0.8999999762
13250  14.572  -93.699  -9.131 0.8000000119
31894  9.540  -92.041  -10.219 0.8999999762
15650  10.224  -90.577  -10.726 0.8999999762
28463  19.401  -94.626  -9.741 0.8000000119
40260  23.910  -96.231  -14.285 0.8999999762
40285  20.877  -97.352  -14.222 0.6999999881
40284  19.321  -97.954  -14.163 0.6999999881
10008  22.289  -97.397  -14.556 0.8000000119
40283  18.089  -97.389  -13.736 0.6999999881
40282  16.964  -96.529  -13.009 0.6000000238
27604  6.965  -85.479  13.827 1.0000000000
31234  5.445  -83.061  12.085 0.8999999762
6803  4.832  -81.814  12.499 0.6999999881
31237  3.921  -82.063  10.894 0.5000000000
15180  4.319  -80.606  12.729 0.6000000238
22536  16.969  -75.276  -7.596 0.4000000060
10040  15.834  -74.860  -7.531 0.4000000060
22538  14.389  -76.129  -7.671 0.4000000060
10041  13.132  -77.733  -7.405 0.5000000000
40358  13.255  -76.033  -7.034 0.5000000000
22537  15.678  -76.319  -8.326 0.4000000060
619  12.144  -77.580  -5.164 0.8999999762
22539  14.152  -77.584  -8.444 0.6000000238
13265  10.579  -78.589  -3.310 0.8999999762
2495  15.485  -77.393  -9.385 0.4000000060
22512  7.101  -79.731  -3.664 1.0000000000
5585  7.535  -78.393  -2.059 1.0000000000
22541  14.043  -78.506  -9.458 0.6000000238
32684  30.312  -91.693  -5.230 0.5000000000
40366  12.080  -82.899  -12.639 0.8000000119
22546  15.728  -82.557  -13.690 0.6000000238
22545  13.857  -82.522  -13.801 0.6000000238
40367  12.630  -84.241  -14.126 0.8000000119
10044  14.820  -84.209  -14.560 0.5000000000
10018  23.973  -93.333  -10.238 0.5000000000
28464  20.955  -94.237  -9.265 0.6000000238
5574  21.630  -92.985  -7.935 0.8000000119
31899  16.761  -90.602  -6.834 0.8999999762
31898  15.467  -91.264  -7.166 0.8999999762
7088  14.558  -90.029  -7.836 0.8000000119
40368  13.363  -85.716  -14.921 0.6000000238
31897  13.796  -91.642  -7.468 0.8000000119
7087  11.001  -91.111  -9.377 1.0000000000
22478  21.683  -95.686  -11.889 0.6999999881
15651  12.031  -89.806  -9.955 1.0000000000
40287  24.259  -95.115  -13.531 0.8000000119
10017  23.001  -95.468  -12.702 0.6999999881
2487  20.343  -95.398  -10.836 0.8000000119
28461  16.259  -94.967  -10.893 0.8999999762
13252  16.739  -94.036  -9.292 0.8999999762
5571  15.446  -94.303  -10.092 0.8999999762
24367  10.928  -89.294  -12.473 0.8999999762
40286  22.586  -96.337  -13.870 0.8000000119
10016  19.558  -97.074  -13.521 0.8000000119
5572  17.313  -95.766  -11.774 0.6999999881
28460  15.937  -95.708  -12.218 0.6999999881
31233  6.903  -82.637  13.788 0.8999999762
15178  6.269  -81.448  14.162 0.8000000119
6804  4.284  -82.177  9.299 0.3000000119
31238  3.799  -80.797  10.901 0.5000000000
40354  17.789  -74.192  -6.330 0.3000000119
5593  18.153  -75.127  -7.778 0.3000000119
40355  16.950  -73.628  -6.649 0.2000000030
22535  17.049  -76.191  -8.914 0.3000000119
13264  11.794  -77.323  -3.947 0.8999999762
28501  15.440  -77.827  -10.471 0.5000000000
40363  13.933  -78.964  -10.650 0.5000000000
28485  8.803  -79.379  -3.168 1.0000000000
22543  14.209  -79.569  -12.065 0.6999999881
22513  6.018  -78.605  -2.697 1.0000000000
10043  12.905  -81.109  -12.395 0.8000000119
22544  15.013  -80.967  -13.139 0.5000000000
40291  22.811  -93.362  -9.043 0.6000000238
22480  22.181  -94.718  -10.386 0.6999999881
15652  12.740  -90.554  -8.411 0.8999999762
10978  12.163  -87.958  -14.114 0.8000000119
22477  21.251  -96.490  -13.198 0.6999999881
22476  19.909  -96.312  -12.298 0.8000000119
22475  18.332  -96.515  -12.764 0.8999999762
21067  4.813  -81.081  9.538 0.2000000030
40357  14.640  -74.454  -7.118 0.3000000119
40350  12.744  -75.961  -5.839 0.8999999762
28500  17.148  -76.719  -10.007 0.3000000119
28484  9.189  -77.890  -1.704 1.0000000000
28505  17.989  -80.814  -12.158 0.5000000000
2496  16.800  -81.047  -12.901 0.5000000000
40329  3.665  -78.131  -1.641 0.8999999762
15653  13.814  -89.370  -9.136 1.0000000000
10980  13.866  -86.928  -14.710 0.6999999881
15177  6.570  -79.875  16.134 0.8000000119
15179  5.542  -80.191  14.326 0.8000000119
15181  4.811  -78.990  14.395 0.8000000119
31239  3.911  -79.593  10.893 0.5000000000
40356  15.908  -72.965  -7.203 0.2000000030
28497  19.020  -74.235  -6.282 0.2000000030
10038  13.571  -74.361  -6.295 0.4000000060
31919  12.419  -76.027  -4.559 0.8999999762
5595  15.626  -78.404  -11.505 0.5000000000
40328  4.853  -77.672  -1.523 1.0000000000
28504  17.993  -79.592  -11.975 0.4000000060
22542  16.253  -79.602  -12.404 0.5000000000
40326  3.819  -76.793  0.172 0.8999999762
31232  7.282  -82.352  16.152 0.8999999762
6802  6.939  -81.025  16.163 0.8999999762
1219  5.947  -78.575  16.084 0.8999999762
6805  3.804  -79.367  12.716 0.6999999881
1385  20.097  -73.068  -4.729 0.2000000030
22534  18.798  -72.940  -5.072 0.2000000030
10039  17.881  -72.294  -5.787 0.2000000030
28496  20.338  -73.759  -6.017 0.2000000030
28498  19.454  -74.458  -7.785 0.2000000030
5584  10.908  -77.026  -2.163 0.8999999762
28482  9.396  -76.350  -0.302 1.0000000000
28483  7.832  -77.088  -0.403 1.0000000000
28499  18.547  -75.467  -9.205 0.3000000119
5594  18.982  -75.977  -10.379 0.3000000119
28507  19.871  -79.342  -9.549 0.4000000060
28502  17.404  -77.239  -11.024 0.4000000060
28506  19.049  -79.463  -10.967 0.4000000060
10030  4.975  -76.481  0.445 1.0000000000
24084  4.885  -77.410  15.790 0.8999999762
31240  3.890  -77.889  14.283 0.6000000238
31241  3.315  -78.213  12.515 0.5000000000
40353  17.031  -71.685  -6.763 0.2000000030
40349  12.927  -74.521  -5.152 0.6999999881
1382  7.846  -75.200  1.430 1.0000000000
31918  11.925  -75.883  -3.101 0.8999999762
28503  17.657  -78.221  -11.620 0.5000000000
3138  5.100  -78.575  19.303 0.8000000119
24083  5.607  -77.119  17.462 0.8999999762
15183  3.225  -76.645  13.903 0.6000000238
7097  12.439  -74.684  -3.996 0.6999999881
31917  10.795  -75.572  -1.214 0.8999999762
24082  5.245  -77.331  19.147 0.8000000119
24081  4.250  -77.434  20.586 0.8000000119
15175  6.083  -78.451  17.824 0.8000000119
24085  4.464  -75.933  16.900 0.8999999762
3140  3.715  -76.304  15.431 0.8999999762
31242  4.160  -78.479  11.054 0.3000000119
31243  4.650  -77.577  11.523 0.3000000119
6806  3.380  -77.052  12.324 0.3000000119
22530  13.499  -72.909  -6.119 0.6000000238
40348  12.521  -73.195  -5.095 0.6999999881
15667  11.675  -74.644  -2.522 0.8999999762
31916  9.238  -74.525  0.784 0.8999999762
40347  11.675  -72.074  -5.549 0.6000000238
15668  11.870  -73.476  -3.819 0.6999999881
10037  12.801  -71.678  -6.525 0.3000000119
1383  10.769  -72.430  -4.191 0.6000000238
15666  10.878  -73.376  -2.380 0.6999999881
15664  9.788  -72.229  -2.666 0.6999999881
40344  10.882  -70.720  -5.835 0.5000000000
24377  9.932  -71.040  -4.409 0.5000000000
24376  9.064  -70.816  -2.959 0.6000000238
10818  4.364  -76.056  20.116 0.8000000119
3139  4.792  -75.845  18.480 0.8000000119
15185  3.886  -76.010  12.431 0.3000000119
15184  3.206  -75.375  13.497 0.4000000060
7096  10.315  -74.085  -0.693 0.8999999762
15665  9.571  -72.775  -0.768 0.8999999762
31915  8.983  -72.915  1.112 0.8999999762
31913  7.839  -73.222  2.564 0.8999999762
22509  6.544  -74.047  2.955 1.0000000000
3302  8.757  -71.573  -1.313 0.8999999762
10036  12.265  -68.148  -6.784 0.3000000119
7094  5.176  -72.866  3.800 0.8999999762
22510  5.184  -74.849  2.475 0.8000000119
40343  11.009  -68.878  -5.429 0.4000000060
3303  10.251  -69.227  -3.948 0.4000000060
24086  3.426  -74.529  16.456 1.0000000000
15182  3.137  -74.928  14.902 0.8000000119
31244  5.219  -76.798  12.111 0.2000000030
31914  8.393  -71.693  0.502 0.8999999762
7095  7.677  -71.649  2.400 0.8999999762
31912  6.494  -72.083  3.576 0.8000000119
28481  3.212  -76.022  1.889 0.4000000060
40325  4.012  -75.365  2.000 0.6000000238
40346  12.294  -70.154  -6.945 0.3000000119
24374  7.777  -70.436  -0.276 0.8999999762
40324  4.125  -73.633  3.620 0.6999999881
24375  8.442  -69.987  -1.628 0.6999999881
10820  3.821  -74.507  17.833 0.8999999762
10821  3.640  -73.199  19.003 0.8000000119
15186  3.447  -74.000  13.271 0.2000000030
5583  3.348  -74.416  3.552 0.4000000060
15663  7.265  -70.347  1.521 0.8999999762
15662  6.481  -70.414  3.192 0.8000000119
31911  5.173  -71.045  4.183 0.8999999762
31910  3.997  -71.882  4.607 0.6999999881
3141  3.149  -73.090  17.516 0.8999999762
24087  2.878  -73.094  15.902 0.8999999762
6807  4.448  -74.830  12.687 0.2000000030
13263  3.301  -72.841  4.820 0.6000000238
3301  9.417  -68.479  -0.630 0.8000000119
31909  4.072  -70.131  5.051 0.8000000119
15661  6.393  -69.100  2.746 0.8999999762
38667  3.494  -71.759  18.352 0.6999999881
38668  2.916  -71.416  16.832 0.8999999762
1221  3.050  -73.519  14.476 1.0000000000
24373  8.109  -68.918  -0.115 0.8000000119
10982  9.792  -69.129  -2.349 0.5000000000
1381  7.111  -69.125  1.086 0.8999999762
438  3.293  -71.173  5.677 0.6999999881
7093  5.308  -69.358  4.164 0.8999999762
38669  2.918  -71.426  15.200 0.8999999762
38672  3.286  -71.758  14.042 0.3000000119
10981  11.248  -68.015  -1.132 0.5000000000
35868  7.560  -67.828  1.238 0.6999999881
21124  10.200  -69.947  18.113 0.8000000119
35869  8.840  -67.592  0.581 0.6999999881
35867  6.706  -66.548  2.454 0.8999999762
35865  6.494  -67.913  2.508 0.8999999762
35864  5.469  -68.164  4.028 0.8000000119
35862  3.418  -69.505  6.128 0.6999999881
21123  8.734  -68.657  16.928 0.8000000119
2306  6.017  -68.432  16.346 0.8000000119
21129  4.122  -68.891  16.070 0.8999999762
21128  3.570  -70.278  17.300 0.8999999762
9477  3.116  -69.823  15.817 0.8000000119
9478  3.686  -70.135  13.540 0.6000000238
38671  3.207  -69.812  14.451 0.6999999881
8534  7.972  -66.347  1.418 1.0000000000
8533  5.691  -66.775  3.924 0.8000000119
18805  4.887  -65.577  5.055 0.8000000119
18804  4.591  -67.213  5.185 0.8000000119
35870  10.304  -67.205  0.135 0.6000000238
35863  4.284  -68.648  5.217 0.8000000119
27652  7.649  -67.453  15.691 0.8000000119
38670  3.853  -68.362  14.758 0.8000000119
26259  5.293  -64.068  4.561 0.8000000119
18803  4.036  -66.276  6.207 0.6000000238
35866  5.932  -65.209  3.639 1.0000000000
8532  3.618  -67.862  6.256 0.3000000119
10983  11.685  -68.123  -2.894 0.5000000000
1982  4.534  -64.663  5.963 0.8000000119
18801  3.958  -65.590  7.120 0.5000000000
18807  7.023  -65.133  2.254 1.0000000000
84  13.096  -66.816  -1.830 0.5000000000
35871  12.094  -66.415  -0.673 0.5000000000
5122  9.694  -66.494  15.389 0.8000000119
27654  7.302  -66.533  14.587 0.8999999762
12803  9.314  -65.705  14.007 0.8000000119
2307  6.250  -67.290  12.239 0.5000000000
26258  5.217  -63.254  5.621 0.8000000119
12802  11.626  -65.781  15.105 0.8000000119
27655  7.195  -65.969  13.300 0.8000000119
38678  8.139  -66.357  11.394 0.5000000000
21130  5.594  -66.928  12.932 0.6000000238
27656  7.519  -65.951  12.152 0.6000000238
18799  4.748  -64.075  6.818 0.4000000060
26257  5.785  -62.918  6.330 0.4000000060
4348  6.116  -62.135  5.235 0.5000000000
26260  5.887  -62.760  4.308 0.8000000119
18809  9.268  -66.139  0.724 0.6999999881
18808  8.297  -64.937  1.291 0.8999999762
8535  10.752  -65.540  -0.054 0.6000000238
12804  11.181  -65.169  13.556 0.6999999881
5124  9.271  -65.244  12.643 0.8000000119
31276  16.604  -67.103  8.762 0.4000000060
5125  15.090  -67.305  9.752 0.3000000119
27659  13.574  -67.558  10.801 0.2000000030
31275  15.805  -65.899  7.927 0.5000000000
27657  14.264  -66.261  8.912 0.4000000060
27658  12.647  -66.487  9.808 0.3000000119
38679  10.921  -66.789  10.742 0.2000000030
9480  10.094  -65.709  10.433 0.3000000119
31274  15.388  -64.635  8.303 0.5000000000
1228  13.667  -64.947  8.916 0.4000000060
21137  11.948  -65.318  9.576 0.4000000060
38677  9.528  -65.074  11.326 0.6000000238
4349  6.278  -63.873  3.225 1.0000000000
18806  7.336  -63.803  2.034 1.0000000000
18810  9.533  -64.612  0.386 0.6999999881
15208  17.496  -65.666  7.347 0.6000000238
26261  6.747  -62.601  2.919 0.8999999762
1983  8.526  -63.594  0.932 0.8999999762
31271  15.043  -64.077  9.765 0.5000000000
38676  11.219  -64.649  11.984 0.8000000119
15207  18.375  -64.780  7.975 0.8000000119
6820  17.014  -64.618  8.116 0.6999999881
21135  13.338  -64.119  10.031 0.6999999881
21136  11.519  -64.461  10.451 0.6000000238
12028  7.133  -61.282  4.620 0.5000000000
12029  6.600  -61.711  3.904 0.6999999881
26262  7.697  -62.540  1.601 1.0000000000
31270  14.852  -64.146  11.443 0.6999999881
1229  19.552  -64.995  7.868 0.8999999762
15205  19.075  -65.115  9.173 0.8999999762
15206  17.864  -64.782  9.424 0.6000000238
24102  20.491  -64.986  7.803 0.8999999762
15209  18.913  -65.465  6.951 0.8000000119
12030  7.368  -60.803  3.419 0.6999999881
6818  13.157  -64.170  11.672 0.8000000119
31273  16.565  -64.361  9.508 0.8000000119
6819  16.360  -64.460  11.190 0.6999999881
15213  21.774  -65.272  6.902 0.8000000119
3150  21.428  -64.896  7.696 0.8999999762
15214  22.590  -64.803  7.030 0.8999999762
15212  22.200  -64.509  7.805 0.8999999762
4350  7.235  -61.501  2.541 1.0000000000
35892  8.680  -61.888  0.307 1.0000000000
35895  9.764  -62.802  -0.293 0.8000000119
1231  22.774  -63.886  7.926 0.8999999762
35891  8.059  -61.028  1.112 1.0000000000
24105  22.654  -63.632  9.137 0.6999999881
38726  23.110  -63.113  8.146 0.8000000119
2313  22.684  -60.093  8.740 0.6000000238
35894  9.766  -60.753  -1.055 0.8000000119
38723  22.773  -62.704  9.442 0.4000000060
38725  22.705  -61.766  9.628 0.4000000060
21176  22.413  -60.758  9.739 0.5000000000
21175  21.942  -59.796  9.787 0.3000000119
27683  21.278  -58.908  9.926 0.1000000015
38731  20.453  -58.112  9.978 0.1000000015
21181  19.294  -57.406  10.013 0.2000000030
6827  17.262  -56.437  11.149 0.1000000015
38732  22.058  -59.086  8.778 0.4000000060
38734  22.888  -59.106  8.061 0.5000000000
9498  21.254  -58.124  8.874 0.4000000060
21180  18.088  -56.763  9.982 0.2000000030
31291  16.044  -55.829  10.961 0.2000000030
31292  16.749  -56.033  9.910 0.2000000030
31294  15.374  -55.500  9.688 0.2000000030
5138  21.460  -59.277  11.283 0.2000000030
38724  22.070  -60.203  11.243 0.3000000119
27682  20.629  -58.418  11.420 0.2000000030
38730  18.519  -57.162  11.298 0.2000000030
21184  23.771  -58.970  7.682 0.6000000238
5139  19.642  -57.675  11.402 0.1000000015
38733  22.078  -58.096  8.079 0.5000000000
21182  20.210  -57.256  8.906 0.4000000060
1233  19.024  -56.441  8.981 0.2000000030
27680  21.144  -58.534  12.788 0.1000000015
12819  17.979  -56.430  12.483 0.1000000015
5141  22.959  -57.904  7.634 0.4000000060
27685  21.078  -57.090  8.136 0.3000000119
31295  17.658  -55.743  9.026 0.2000000030
27681  20.220  -57.726  12.820 0.1000000015
2314  26.225  -60.266  6.721 0.8999999762
27687  23.872  -57.663  7.339 0.6000000238
12821  22.671  -56.448  7.314 0.5000000000
12818  19.162  -57.031  12.708 0.1000000015
21183  24.724  -58.882  7.368 0.6000000238
27686  21.965  -56.752  7.585 0.4000000060
5140  20.587  -55.718  7.695 0.2000000030
31297  19.005  -54.868  7.859 0.1000000015
27684  19.835  -56.094  8.213 0.2000000030
31296  18.325  -55.282  8.369 0.2000000030
15223  16.803  -54.622  8.348 0.1000000015
6829  16.058  -55.169  8.893 0.2000000030
18826  9.103  -58.047  0.441 0.8000000119
1985  9.857  -56.473  -0.571 0.8000000119
26273  10.066  -56.645  -1.325 0.8000000119
4357  10.821  -57.111  -2.170 0.6999999881
27689  27.038  -60.171  6.054 1.0000000000
27690  26.400  -58.670  6.165 1.0000000000
5142  24.666  -57.517  6.891 0.6000000238
12822  23.450  -56.124  6.900 0.6000000238
12820  21.229  -55.285  7.315 0.1000000015
5143  27.665  -59.851  5.130 1.0000000000
18824  10.105  -56.647  0.079 0.6999999881
18822  10.644  -55.086  -0.759 0.8000000119
12823  25.463  -57.226  6.379 0.6000000238
559  21.913  -54.859  6.887 0.4000000060
31298  19.681  -54.359  7.341 0.1000000015
27691  27.149  -58.375  5.273 1.0000000000
5144  26.014  -56.846  5.567 0.6999999881
21190  28.025  -59.585  4.042 1.0000000000
27692  27.508  -58.047  4.335 1.0000000000
2315  27.918  -59.215  3.022 1.0000000000
26274  10.903  -55.151  -2.196 0.6000000238
12826  22.457  -54.443  6.471 0.3000000119
38757  20.903  -53.357  6.449 0.2000000030
12824  24.087  -55.756  6.398 0.5000000000
31299  20.345  -53.885  6.897 0.2000000030
12825  24.567  -55.332  5.841 0.5000000000
21196  27.518  -58.709  2.179 0.6999999881
27693  27.448  -57.772  3.309 0.6999999881
4356  11.297  -53.462  -2.366 0.8000000119
18823  11.287  -55.398  -0.400 0.6000000238
26271  11.284  -53.456  -1.682 0.6000000238
26272  10.558  -54.979  -1.379 0.6999999881
12036  12.100  -52.027  -3.469 0.3000000119
5146  22.996  -54.015  5.942 0.4000000060
38758  21.313  -52.891  5.943 0.4000000060
27695  25.046  -54.916  5.092 0.6000000238
5145  26.470  -56.118  3.823 0.6000000238
21197  25.185  -54.423  4.389 0.6000000238
21198  26.392  -55.545  3.025 0.6999999881
38751  27.156  -57.269  2.504 0.6999999881
9504  27.077  -58.048  1.418 0.6999999881
26263  20.800  -55.877  -1.202 0.5000000000
12032  19.121  -55.142  -1.957 0.4000000060
4353  17.433  -55.435  -1.786 0.6000000238
35882  15.656  -55.266  -1.531 0.5000000000
4355  11.727  -53.686  -1.190 0.8000000119
26269  12.930  -52.474  -1.954 0.4000000060
440  13.021  -50.708  -4.633 0.3000000119
27696  23.329  -53.545  5.309 0.3000000119
38752  26.769  -56.638  1.777 0.6999999881
38753  26.406  -55.967  1.126 0.6999999881
32651  23.273  -55.787  -1.067 0.6000000238
32652  22.032  -55.800  -1.177 0.5000000000
4351  20.547  -54.714  -2.019 0.4000000060
18820  15.767  -53.580  -2.326 0.4000000060
26270  12.170  -52.125  -2.255 0.6999999881
18821  14.220  -53.100  -1.992 0.5000000000
972  14.377  -51.400  -2.907 0.5000000000
26268  13.353  -50.879  -3.007 0.5000000000
4354  12.794  -50.512  -3.390 0.5000000000
12035  11.991  -51.931  -2.834 0.6000000238
12034  12.719  -50.533  -3.973 0.5000000000
9507  19.724  -51.980  5.716 0.2000000030
38759  21.646  -52.445  5.320 0.2000000030
2316  23.543  -53.047  4.652 0.3000000119
38762  21.859  -51.917  4.626 0.2000000030
38761  19.967  -51.485  5.115 0.1000000015
9508  20.176  -51.001  4.487 0.1000000015
21199  25.168  -53.895  3.666 0.4000000060
21201  23.573  -52.517  3.944 0.4000000060
38763  21.905  -51.386  3.922 0.2000000030
9505  26.168  -55.029  2.273 0.6000000238
21200  25.032  -53.345  2.857 0.5000000000
38754  25.860  -54.350  1.629 0.6999999881
24711  25.268  -55.447  -0.225 0.8000000119
24710  25.964  -55.286  0.488 0.6999999881
16227  23.772  -54.288  -1.474 0.5000000000
7382  22.754  -54.417  -1.801 0.5000000000
32653  21.663  -54.548  -1.939 0.4000000060
12031  20.334  -53.507  -2.894 0.6000000238
12033  18.915  -53.770  -2.836 0.5000000000
35881  17.351  -53.860  -2.655 0.4000000060
204  20.176  -52.134  -3.752 0.5000000000
6356  17.318  -52.263  -3.497 0.5000000000
18819  15.870  -51.927  -3.215 0.5000000000
30191  16.039  -50.302  -4.048 0.4000000060
30196  13.481  -49.262  -4.509 0.4000000060
30197  13.602  -49.323  -5.108 0.3000000119
30199  14.494  -48.112  -6.198 0.2000000030
9506  23.510  -51.957  3.166 0.3000000119
38764  21.821  -50.852  3.148 0.2000000030
9509  20.251  -49.990  2.977 0.1000000015
38755  24.776  -52.703  2.076 0.5000000000
3488  25.386  -53.606  0.917 0.6000000238
24712  25.147  -53.858  -0.085 0.5000000000
3489  24.552  -54.149  -0.888 0.5000000000
32650  24.360  -55.635  -0.795 0.5000000000
16228  23.351  -52.969  -2.199 0.4000000060
16229  22.432  -53.194  -2.567 0.5000000000
32654  21.391  -53.326  -2.784 0.5000000000
30188  18.795  -52.291  -3.716 0.5000000000
30189  18.857  -50.695  -4.620 0.5000000000
30190  17.494  -50.612  -4.377 0.5000000000
30194  14.644  -49.829  -3.854 0.3000000119
30195  13.811  -49.423  -4.090 0.4000000060
30198  14.072  -49.652  -5.776 0.2000000030
6359  14.332  -47.945  -5.658 0.2000000030
30200  15.446  -46.990  -7.262 0.2000000030
38756  23.314  -51.336  2.346 0.3000000119
38765  21.773  -50.343  2.349 0.2000000030
38766  20.228  -49.449  2.205 0.1000000015
203  23.104  -50.710  1.531 0.2000000030
28979  21.597  -49.719  1.524 0.2000000030
11168  24.410  -52.030  1.299 0.4000000060
28981  20.837  -48.729  0.709 0.1000000015
11169  24.652  -52.262  0.299 0.4000000060
11170  23.699  -50.768  0.592 0.4000000060
7383  22.207  -51.858  -3.378 0.5000000000
32655  21.206  -51.964  -3.653 0.6000000238
30187  20.108  -50.552  -4.661 0.4000000060
6357  17.755  -49.005  -5.291 0.4000000060
30193  16.329  -48.730  -4.982 0.3000000119
14437  14.500  -48.103  -5.138 0.3000000119
6358  15.116  -48.392  -4.874 0.3000000119
14439  15.137  -46.697  -6.684 0.2000000030
28980  22.384  -49.663  0.770 0.2000000030
5838  21.539  -48.585  0.049 0.2000000030
3490  24.042  -50.928  -0.426 0.4000000060
24713  24.498  -52.476  -0.714 0.5000000000
16226  24.058  -52.757  -1.514 0.5000000000
16230  23.036  -51.678  -2.923 0.5000000000
32662  22.729  -50.101  -3.545 0.5000000000
32663  22.025  -50.354  -4.068 0.5000000000
32664  21.160  -50.423  -4.453 0.5000000000
6355  20.237  -48.849  -5.478 0.3000000119
14432  19.047  -49.053  -5.503 0.3000000119
14435  16.698  -47.202  -5.879 0.3000000119
14436  15.707  -46.866  -5.902 0.3000000119
30192  18.004  -47.412  -6.135 0.3000000119
14438  15.213  -46.692  -6.205 0.2000000030
32656  22.988  -49.658  -0.103 0.2000000030
32657  23.345  -49.634  -1.041 0.4000000060
16232  22.119  -48.476  -0.777 0.2000000030
24714  24.004  -51.173  -1.372 0.4000000060
32658  23.442  -49.820  -1.982 0.4000000060
1519  23.675  -51.439  -2.247 0.4000000060
32661  23.237  -49.981  -2.839 0.4000000060
32665  21.157  -48.688  -5.218 0.3000000119
973  16.271  -45.393  -6.865 0.1000000015
14440  15.952  -45.303  -7.236 0.2000000030
7384  22.561  -48.404  -1.659 0.2000000030
16233  21.005  -47.215  -1.420 0.2000000030
32660  22.733  -48.377  -2.493 0.4000000060
7385  22.669  -48.355  -3.301 0.4000000060
16237  22.403  -48.377  -4.079 0.3000000119
7386  21.929  -48.563  -4.715 0.3000000119
32659  21.407  -46.973  -2.176 0.3000000119
16235  21.660  -46.747  -2.956 0.3000000119
16236  21.795  -46.602  -3.746 0.3000000119
16239  21.529  -46.574  -5.202 0.3000000119
1520  20.553  -44.768  -4.168 0.2000000030
12781  4.579  -85.169  7.992 0.3000000119
31236  4.058  -83.613  9.050 0.4000000060
31900  16.164  -89.728  -7.588 0.8000000119
22474  18.778  -95.653  -11.367 0.8000000119
15654  15.635  -88.989  -8.782 0.8999999762
40327  6.342  -77.523  -0.951 1.0000000000
22511  6.337  -76.018  1.184 1.0000000000
21019  12.489  -101.527  9.236 0.8999999762
13238  12.941  -102.321  3.744 0.3000000119
21017  12.925  -100.744  10.469 0.8999999762
9433  13.450  -101.983  7.671 0.6999999881
22433  17.122  -100.918  4.187 0.8000000119
5217  17.933  -97.727  13.077 0.6999999881
21414  21.743  -97.916  11.392 0.8000000119
9447  5.357  -93.713  7.649 0.4000000060
40242  21.323  -99.583  -7.265 0.5000000000
38596  6.703  -84.434  8.209 0.1000000015
28466  20.576  -92.299  -6.998 0.8000000119
2903  26.158  -92.842  -12.815 0.6000000238
31895  10.604  -92.645  -8.985 0.6999999881
28462  17.832  -94.946  -10.283 0.8000000119
28458  14.064  -94.588  -10.511 0.8999999762
21068  5.831  -82.690  8.580 0.2000000030
5596  19.303  -78.224  -10.935 0.4000000060
31282  20.903  -65.430  6.929 0.8000000119
15211  19.985  -65.474  6.895 0.8000000119
24101  20.336  -65.215  8.994 0.8000000119
24103  21.353  -64.984  8.916 0.8000000119
24104  22.147  -64.437  8.968 0.6999999881
8542  8.887  -59.993  -0.291 1.0000000000
38722  22.742  -62.296  10.844 0.3000000119
9496  23.173  -62.164  8.438 0.6999999881
21177  23.055  -61.151  8.604 0.6000000238
27688  25.615  -58.765  6.840 0.6999999881
27694  26.393  -56.489  4.744 0.6000000238
35884  12.714  -54.176  -0.973 0.6999999881
5837  20.008  -48.832  1.380 0.1000000015
14434  17.088  -45.608  -6.762 0.3000000119
16238  21.774  -46.511  -4.482 0.3000000119
16240  20.837  -44.601  -4.800 0.2000000030
2901  28.579  -93.535  -14.218 0.5000000000
28459  14.980  -95.096  -11.457 0.6999999881
22472  16.078  -97.248  -12.643 0.1000000015
22473  15.909  -96.540  -12.856 0.4000000060
28457  13.153  -94.102  -9.322 0.8000000119
28456  11.967  -94.898  -9.487 0.2000000030
28449  18.011  -99.181  -13.481 0.2000000030
40280  17.041  -98.317  -13.201 0.1000000015
10015  16.883  -97.439  -13.518 0.5000000000
2484  19.076  -98.947  -14.211 0.4000000060
40281  17.965  -98.303  -14.016 0.5000000000
1377  10.578  -94.339  -9.154 0.2000000030
22466  10.724  -95.679  -9.456 0.3000000119
22464  9.390  -95.072  -9.464 0.3000000119
7085  8.474  -95.219  -8.989 0.2000000030
5565  17.087  -99.089  -12.267 0.1000000015
21617  25.505  -97.451  6.613 0.6999999881
27946  26.911  -95.713  7.423 0.6000000238
5285  26.493  -96.490  6.075 0.6999999881
13578  23.381  -96.342  0.413 0.8000000119
28455  11.998  -93.659  -8.534 0.6000000238
31892  9.373  -93.589  -9.770 0.4000000060
31891  8.283  -94.336  -9.854 0.2000000030
31890  7.434  -94.563  -9.008 0.2000000030
27947  25.970  -96.663  7.963 0.6999999881
5284  27.009  -94.932  8.752 0.5000000000
12965  26.110  -95.767  9.206 0.6000000238
27943  27.586  -94.144  8.276 0.4000000060
27944  27.550  -94.646  6.988 0.4000000060
686  23.464  -96.263  1.549 0.8000000119
28995  23.010  -97.657  -0.306 0.8000000119
13577  24.388  -95.464  0.088 0.6999999881
13576  24.253  -95.250  1.298 0.5000000000
15647  7.401  -93.591  -10.257 0.2000000030
12963  26.720  -94.184  9.811 0.4000000060
39256  26.282  -95.957  4.574 0.6000000238
39257  24.980  -96.623  3.548 0.6999999881
5282  26.625  -93.321  10.836 0.3000000119
27942  27.263  -93.498  9.442 0.3000000119
27945  27.109  -95.249  5.710 0.5000000000
39255  24.354  -95.787  2.498 0.5000000000
2372  27.398  -93.965  5.359 0.4000000060
21616  26.752  -94.618  4.457 0.5000000000
9673  25.613  -95.329  3.372 0.4000000060
5283  27.618  -93.110  7.904 0.3000000119
21610  27.695  -93.553  6.644 0.3000000119
28993  25.069  -95.735  -0.667 0.6999999881
28992  25.431  -94.553  -0.079 0.6000000238
31888  7.015  -94.495  -7.670 0.1000000015
7084  6.572  -93.961  -9.083 0.1000000015
5286  25.248  -96.413  9.601 0.6999999881
12964  25.963  -94.707  10.276 0.5000000000
21615  26.176  -94.167  3.246 0.4000000060
21612  27.366  -92.672  5.206 0.3000000119
21614  26.928  -93.336  4.304 0.3000000119
5842  25.113  -94.398  0.944 0.4000000060
39253  25.817  -93.761  2.017 0.4000000060
15648  7.544  -92.470  -11.332 0.5000000000
15646  6.424  -93.016  -10.497 0.4000000060
21413  23.124  -96.947  10.551 0.6999999881
39254  25.108  -94.731  2.323 0.4000000060
21611  27.480  -92.330  6.349 0.2000000030
21613  27.000  -91.978  4.266 0.4000000060
9672  26.411  -92.846  3.265 0.4000000060
9671  27.202  -91.495  5.167 0.3000000119
28990  25.867  -93.376  0.835 0.4000000060
28991  26.107  -93.443  0.051 0.4000000060
206  26.355  -92.114  0.967 0.4000000060
5843  26.071  -94.776  -0.665 0.5000000000
40297  18.193  -90.150  -6.204 0.6999999881
34204  6.392  -93.881  -7.788 0.1000000015
34206  5.744  -92.319  -10.861 0.2000000030
38575  5.231  -91.952  11.975 0.8999999762
39250  27.190  -90.621  4.259 0.4000000060
39251  26.703  -91.493  3.298 0.4000000060
39252  26.299  -92.487  2.006 0.4000000060
11178  26.716  -92.211  0.207 0.4000000060
7089  17.556  -89.116  -7.155 0.6000000238
34205  5.913  -93.279  -9.373 0.1000000015
21044  5.590  -89.934  14.161 0.8999999762
38574  5.274  -90.412  12.840 0.8999999762
15170  8.690  -92.888  13.283 0.8999999762
38566  6.626  -91.834  13.156 0.8999999762
9443  5.701  -91.173  12.988 0.8999999762
39243  26.612  -91.192  2.041 0.4000000060
11176  27.039  -90.771  1.080 0.4000000060
22487  19.077  -88.565  -6.395 0.5000000000
15655  15.153  -88.636  -10.106 0.6999999881
1378  13.391  -88.904  -10.774 0.8000000119
15649  11.393  -89.423  -11.326 0.8999999762
17454  5.765  -92.923  -7.939 0.1000000015
7954  5.328  -92.269  -9.639 0.1000000015
34209  6.108  -91.218  -11.810 0.3000000119
21042  6.321  -89.239  15.407 0.8000000119
21041  7.084  -88.535  16.570 0.8000000119
21043  6.350  -90.416  13.964 0.8999999762
15169  9.839  -91.617  12.896 0.8000000119
6798  7.645  -92.500  13.199 0.8999999762
9445  5.277  -89.351  12.691 0.8999999762
21050  4.855  -89.719  11.059 0.8999999762
21051  4.928  -90.848  11.505 0.8999999762
38580  5.064  -92.606  7.035 0.4000000060
31901  17.312  -88.594  -8.505 0.6000000238
7090  16.938  -88.130  -9.766 0.6000000238
17453  5.929  -92.354  -5.915 0.1000000015
17455  5.200  -91.846  -7.749 0.1000000015
34208  5.308  -91.347  -10.811 0.3000000119
22486  18.616  -87.822  -7.690 0.5000000000
31904  18.201  -87.198  -10.560 0.4000000060
31902  18.425  -87.480  -9.171 0.5000000000
31903  16.627  -88.003  -11.061 0.4000000060
24369  14.800  -88.478  -11.583 0.6000000238
24368  13.007  -88.805  -12.146 0.6999999881
3298  12.611  -88.609  -13.224 0.6999999881
34207  4.863  -91.096  -9.355 0.1000000015
1763  5.341  -91.274  -5.888 0.1000000015
38563  8.118  -88.613  15.824 0.8000000119
1379  19.734  -86.763  -8.414 0.5000000000
31905  19.607  -86.601  -9.790 0.3000000119
15657  18.069  -87.157  -11.663 0.4000000060
3299  16.420  -87.851  -12.281 0.6000000238
24370  14.618  -88.256  -12.817 0.6000000238
17457  5.022  -90.324  -10.307 0.3000000119
38573  5.397  -89.008  14.093 0.8999999762
9442  7.240  -89.450  14.822 0.8000000119
38564  8.415  -89.570  14.034 0.6999999881
7091  19.544  -86.276  -11.022 0.4000000060
24371  16.235  -87.388  -13.327 0.6000000238
10979  14.233  -87.840  -13.916 0.6000000238
38572  5.703  -87.946  13.951 0.8999999762
15171  8.701  -91.269  13.080 0.8000000119
38565  7.517  -90.744  13.337 0.8000000119
15658  19.354  -86.049  -11.906 0.3000000119
15656  17.849  -86.901  -12.761 0.5000000000
3899  4.519  -89.802  -8.847 0.1000000015
25449  4.780  -90.536  -7.461 0.1000000015
25448  4.840  -89.732  -5.902 0.1000000015
25450  4.276  -88.952  -7.224 0.1000000015
1216  9.591  -89.848  13.455 0.6999999881
15659  20.604  -85.137  -11.178 0.4000000060
1380  19.194  -85.546  -12.940 0.5000000000
24372  17.692  -86.264  -13.733 0.6000000238
25451  4.242  -88.126  -8.179 0.2000000030
3300  15.987  -86.572  -14.297 0.6000000238
40370  17.351  -85.063  -14.249 0.5000000000
9444  5.930  -86.395  15.702 0.8000000119
38571  6.316  -86.806  13.883 0.8999999762
40369  15.513  -85.480  -14.830 0.5000000000
38570  5.379  -87.517  15.606 0.8000000119
21047  6.726  -85.184  15.978 0.8000000119
3900  4.271  -86.284  -7.694 0.1000000015
38569  5.361  -86.074  17.569 0.8000000119
21046  5.980  -84.851  17.794 0.8000000119
1218  7.362  -83.800  16.265 0.8000000119
21045  6.583  -83.542  18.046 0.8000000119
40333  4.200  -84.040  -7.069 0.4000000060
38568  5.583  -84.556  19.402 0.8000000119
11580  3.756  -85.170  -6.245 0.1000000015
6800  5.991  -83.416  19.577 0.6999999881
31226  5.937  -83.191  20.912 0.6999999881
40332  3.628  -83.099  -5.731 0.1000000015
31227  5.728  -82.117  21.066 0.6999999881
31225  5.714  -81.762  22.361 0.6999999881
31228  5.918  -82.109  19.700 0.6999999881
31229  6.562  -82.095  18.177 0.8000000119
15173  5.074  -80.954  20.974 0.6999999881
31231  6.283  -80.785  17.961 0.6999999881
6801  5.392  -80.874  19.416 0.6999999881
6799  5.141  -80.817  22.527 0.6999999881
1220  5.517  -80.097  10.089 0.3000000119
15172  4.372  -79.883  22.406 0.6999999881
40331  3.599  -81.249  -4.679 0.3000000119
33605  4.501  -79.738  23.929 0.6999999881
33606  3.928  -78.729  23.945 0.6999999881
15174  4.409  -79.916  20.778 0.6999999881
31230  5.009  -79.730  19.329 0.6999999881
15176  6.161  -79.680  17.990 0.6999999881
1217  3.825  -78.830  22.323 0.6999999881
24080  4.188  -78.720  20.722 0.6999999881
24079  3.772  -77.343  22.130 0.6999999881
33610  3.918  -75.955  23.058 0.6999999881
40330  3.568  -79.545  -3.246 0.4000000060
10819  4.125  -74.540  19.377 0.6000000238
21132  4.746  -68.553  13.000 0.3000000119
31272  17.644  -64.866  10.842 0.6000000238
3148  18.861  -65.216  10.463 0.6000000238
18802  3.455  -67.230  7.249 0.3000000119
27653  5.430  -67.566  15.181 0.6999999881
5123  5.316  -67.017  14.014 0.6999999881
21131  4.080  -68.233  13.676 0.6000000238
24100  20.242  -65.352  10.191 0.6999999881
24098  18.962  -65.336  11.625 0.4000000060
15204  17.790  -64.993  12.106 0.4000000060
24099  20.374  -65.390  11.270 0.6000000238
15203  16.500  -64.660  12.598 0.6000000238
31269  14.893  -64.523  13.006 0.8000000119
24097  20.971  -65.406  12.336 0.4000000060
10828  21.708  -64.981  11.350 0.5000000000
3149  21.456  -65.026  10.139 0.6000000238
10830  22.256  -64.319  10.321 0.6999999881
1227  19.491  -65.445  12.657 0.4000000060
15202  18.335  -65.131  13.306 0.5000000000
31268  13.041  -64.730  13.277 0.6999999881
6825  23.766  -64.679  7.042 0.6000000238
31283  21.456  -66.451  7.099 0.6999999881
35896  10.968  -63.613  -0.734 0.5000000000
15216  23.146  -64.213  7.212 0.8000000119
38737  25.326  -62.941  6.975 0.8000000119
38728  24.178  -63.689  7.213 0.8000000119
21178  23.824  -62.354  7.744 0.8000000119
38735  23.458  -60.211  8.092 0.5000000000
38736  24.602  -61.437  7.471 0.8000000119
21179  23.774  -61.287  7.895 0.8000000119
21185  25.236  -60.194  7.266 0.8000000119
9499  24.320  -60.229  7.630 0.8000000119
21187  26.413  -61.743  6.580 0.8999999762
9502  27.804  -62.223  2.866 0.6999999881
6828  14.782  -55.355  10.619 0.1000000015
21193  27.464  -61.579  2.020 0.6000000238
439  8.314  -60.546  4.019 0.5000000000
35890  7.914  -60.298  2.068 0.8999999762
35893  9.832  -58.580  -1.357 0.6999999881
21192  27.951  -60.678  2.907 0.8000000119
21194  27.585  -60.100  2.058 0.6999999881
35889  8.342  -59.893  2.877 0.6000000238
8541  8.565  -59.151  1.695 0.6999999881
18827  8.459  -59.474  0.714 0.8999999762
18828  9.237  -58.178  -0.469 0.6999999881
21195  27.035  -59.371  1.241 0.8000000119
38749  26.455  -58.768  0.671 0.8000000119
16225  25.132  -56.968  -0.245 0.5000000000
7381  23.897  -57.153  -0.512 0.5000000000
18825  9.496  -58.209  1.183 0.8000000119
8540  10.817  -57.161  0.469 0.3000000119
38750  26.586  -57.449  0.783 0.6000000238
1517  26.022  -56.714  0.219 0.6000000238
16223  25.786  -58.159  0.219 0.6999999881
32649  22.543  -57.285  -0.538 0.5000000000
35887  10.496  -58.500  1.609 0.4000000060
35885  12.364  -55.996  -0.307 0.5000000000
8539  14.046  -54.748  -1.195 0.4000000060
12037  11.715  -53.705  -3.070 0.6000000238
16231  20.485  -47.464  -0.717 0.1000000015
28982  19.782  -47.658  -0.103 0.1000000015
32666  21.053  -46.904  -5.791 0.2000000030
14431  20.307  -47.134  -6.151 0.2000000030
14433  19.302  -47.393  -6.315 0.2000000030
7387  20.944  -44.599  -5.536 0.1000000015
16234  20.245  -45.090  -3.519 0.1000000015
3492  19.907  -45.444  -2.867 0.1000000015
23636  19.402  -45.625  -7.006 0.2000000030
32667  20.840  -44.939  -6.245 0.1000000015
971  20.308  -45.234  -6.770 0.1000000015
23637  19.424  -43.718  -7.440 0.1000000015
23638  18.466  -44.037  -7.547 0.1000000015
23640  16.946  -43.908  -7.790 0.1000000015
32669  19.880  -42.925  -5.707 0.1000000015
32670  20.123  -42.968  -6.399 0.1000000015
23635  20.003  -43.255  -7.038 0.1000000015
32668  19.471  -42.998  -5.114 0.1000000015
38742  27.820  -61.521  4.975 0.8000000119
2892  18.271  -45.814  -6.915 0.1000000015
12966  25.108  -95.354  10.661 0.5000000000
39008  24.277  -96.274  10.495 0.6999999881
132  4.242  -73.508  20.185 0.6000000238
3147  22.150  -64.894  12.476 0.3000000119
15215  23.129  -65.478  7.016 0.6999999881
38727  23.555  -63.319  7.406 0.8000000119
38729  24.995  -64.134  6.980 0.8000000119
9497  24.532  -62.626  7.314 0.8000000119
21186  25.493  -61.595  7.110 0.8000000119
16224  24.657  -58.451  -0.038 0.6000000238
15164  14.073  -92.570  13.280 0.5000000000
15166  13.108  -92.335  13.168 0.5000000000
31219  12.006  -92.214  12.896 0.6999999881
10856  12.061  -89.978  21.288 0.3000000119
3177  12.530  -90.803  19.309 0.3000000119
10858  12.207  -90.701  17.916 0.2000000030
24153  13.000  -91.418  17.658 0.4000000060
15295  13.770  -91.740  15.232 0.4000000060
15297  14.544  -92.461  14.228 0.5000000000
1214  13.704  -91.466  14.241 0.5000000000
10004  17.711  -101.362  -6.713 0.2000000030
5562  16.296  -101.151  -6.755 0.1000000015
22444  17.108  -101.181  -8.288 0.1000000015
3178  13.696  -92.141  16.230 0.4000000060
24154  12.887  -91.117  16.381 0.5000000000
15296  14.527  -92.718  14.988 0.5000000000
6874  15.353  -93.134  13.895 0.5000000000
27823  19.651  -98.136  13.504 0.6000000238
31401  16.189  -93.755  12.712 0.6000000238
24075  12.947  -90.944  13.609 0.6000000238
3135  11.971  -90.639  13.215 0.6999999881
27822  19.019  -97.256  13.970 0.6000000238
40249  18.507  -100.791  -6.526 0.3000000119
22447  18.752  -100.944  -8.217 0.1000000015
13242  16.304  -99.890  -8.032 0.1000000015
22446  17.796  -101.201  -8.283 0.1000000015
28444  16.557  -100.691  -8.201 0.1000000015
5563  16.715  -100.208  -9.712 0.1000000015
24151  13.515  -91.053  18.984 0.2000000030
10857  11.647  -90.407  19.873 0.4000000060
31398  14.608  -92.902  15.926 0.4000000060
27821  18.407  -96.053  13.691 0.6000000238
31399  15.496  -93.353  14.758 0.5000000000
27819  17.747  -94.836  13.387 0.6000000238
31400  16.575  -93.896  13.756 0.5000000000
2483  18.026  -100.998  -9.873 0.1000000015
28445  17.286  -100.732  -9.838 0.1000000015
28447  17.571  -100.302  -11.299 0.1000000015
28448  17.919  -99.858  -12.517 0.2000000030
33751  11.315  -86.197  27.098 0.1000000015
33750  11.267  -86.117  28.884 0.1000000015
3778  9.959  -86.427  29.955 0.1000000015
3175  11.697  -88.972  23.014 0.2000000030
33753  11.310  -88.162  24.802 0.2000000030
7786  10.735  -87.373  26.433 0.1000000015
24150  12.971  -89.919  20.427 0.2000000030
10855  11.242  -89.855  22.028 0.2000000030
3134  12.189  -90.070  16.655 0.5000000000
24074  13.014  -90.639  15.213 0.5000000000
22448  19.081  -100.988  -9.816 0.2000000030
10005  20.396  -100.774  -9.309 0.2000000030
22450  19.565  -100.885  -11.226 0.1000000015
5564  18.847  -100.344  -12.612 0.1000000015
40255  20.010  -100.568  -12.477 0.1000000015
22451  19.052  -99.756  -13.604 0.1000000015
33752  11.806  -86.846  25.299 0.1000000015
17096  10.153  -86.846  28.079 0.1000000015
24147  12.136  -87.675  23.469 0.2000000030
17098  10.346  -88.520  25.773 0.2000000030
24152  13.992  -92.090  17.389 0.3000000119
24076  12.476  -89.817  14.846 0.5000000000
15167  10.823  -90.211  13.260 0.6000000238
22449  20.900  -100.767  -10.713 0.3000000119
10006  21.295  -100.535  -11.995 0.3000000119
22452  20.200  -100.059  -13.498 0.2000000030
40253  22.600  -100.198  -11.228 0.3000000119
10582  27.311  -93.049  -13.883 0.5000000000
17094  12.844  -86.576  29.458 0.1000000015
25232  11.388  -86.396  30.655 0.1000000015
25231  11.541  -86.477  32.311 0.1000000015
33754  10.862  -89.185  23.933 0.2000000030
17097  9.643  -87.906  27.435 0.1000000015
130  10.731  -89.830  20.404 0.3000000119
10814  11.403  -89.887  18.455 0.5000000000
10815  11.623  -89.208  16.684 0.5000000000
24077  11.501  -89.198  14.758 0.6000000238
17089  14.312  -87.424  32.617 0.1000000015
17090  14.246  -87.406  31.061 0.1000000015
1690  12.861  -86.960  30.931 0.1000000015
25233  10.046  -86.158  31.858 0.1000000015
25234  8.789  -86.385  31.041 0.1000000015
3777  10.352  -85.949  33.598 0.1000000015
17095  9.121  -87.203  29.055 0.1000000015
10816  10.787  -89.066  18.631 0.4000000060
24078  10.388  -88.711  14.897 0.6000000238
23656  27.579  -91.910  -13.317 0.3000000119
7724  9.794  -89.039  24.537 0.2000000030
33584  10.316  -89.460  22.545 0.4000000060
16964  9.177  -88.503  26.480 0.2000000030
33585  10.016  -89.083  20.646 0.4000000060
1664  8.597  -87.888  28.171 0.2000000030
27608  4.320  -90.607  8.060 0.6000000238
25230  11.823  -86.615  33.911 0.1000000015
11458  8.915  -85.852  33.002 0.1000000015
3136  10.797  -88.455  16.863 0.5000000000
25154  8.055  -87.134  29.913 0.1000000015
16965  8.821  -88.663  24.461 0.2000000030
38559  9.993  -88.348  19.003 0.5000000000
5098  4.916  -91.138  6.807 0.4000000060
3776  13.224  -87.183  34.044 0.1000000015
33586  9.498  -88.929  22.566 0.3000000119
38561  9.257  -88.544  15.259 0.6000000238
38560  9.798  -88.016  17.085 0.6000000238
7725  9.342  -88.365  20.938 0.4000000060
21038  9.124  -87.776  19.095 0.5000000000
2295  5.497  -88.662  15.513 0.6999999881
27602  5.304  -87.296  17.319 0.6999999881
21040  6.011  -88.229  17.091 0.6999999881
38562  7.744  -87.845  17.625 0.6000000238
5093  6.637  -87.528  18.341 0.6999999881
27601  5.776  -86.871  18.886 0.6999999881
9441  8.716  -87.918  17.250 0.6000000238
27599  7.344  -86.841  19.426 0.6000000238
21039  8.250  -87.282  19.138 0.6000000238
27600  6.486  -86.247  19.887 0.6999999881
5092  6.701  -84.761  21.380 0.6999999881
27598  7.316  -85.697  21.150 0.6000000238
1665  8.048  -86.585  21.093 0.6000000238
12773  5.940  -85.268  20.309 0.6999999881
5094  5.400  -85.706  19.284 0.6999999881
38666  4.228  -72.179  19.546 0.6000000238
38639  5.371  -72.849  20.456 0.6000000238
38664  7.934  -71.944  19.730 0.6000000238
38665  5.729  -71.750  19.681 0.6000000238
21126  6.353  -70.710  18.668 0.6000000238
9476  4.467  -70.938  18.637 0.6000000238
21125  7.284  -69.672  17.645 0.6999999881
21127  4.969  -69.652  17.444 0.6999999881
5121  11.719  -69.026  17.695 0.6999999881
27651  10.547  -67.711  16.627 0.6999999881
12801  12.519  -66.878  16.539 0.6999999881
556  13.419  -65.210  14.858 0.6000000238
31267  15.319  -64.970  14.479 0.5000000000
21160  22.734  -70.213  5.568 0.1000000015
21164  20.655  -70.663  3.909 0.1000000015
5133  22.719  -70.033  6.657 0.1000000015
2311  22.516  -70.101  4.473 0.1000000015
14423  16.923  -67.853  2.606 0.1000000015
21166  21.932  -69.772  3.501 0.1000000015
9492  20.944  -69.065  2.700 0.1000000015
1230  21.793  -68.611  8.071 0.1000000015
31281  21.056  -67.653  7.945 0.3000000119
15210  19.269  -66.838  7.618 0.4000000060
27671  22.362  -69.526  7.604 0.1000000015
27672  23.432  -68.939  7.022 0.1000000015
27674  23.859  -69.337  5.156 0.1000000015
27675  23.634  -69.165  4.136 0.1000000015
38714  19.865  -68.142  2.218 0.1000000015
38716  22.336  -68.029  2.353 0.1000000015
38717  21.315  -67.146  1.838 0.1000000015
31284  22.092  -67.300  7.601 0.2000000030
5134  24.686  -68.480  5.746 0.1000000015
27673  23.776  -69.307  6.109 0.1000000015
27670  22.786  -68.227  7.661 0.2000000030
27676  24.843  -68.352  4.744 0.1000000015
18800  4.540  -65.226  7.746 0.3000000119
21168  24.266  -67.543  2.858 0.1000000015
38715  23.081  -68.741  3.123 0.1000000015
9493  23.689  -66.831  2.043 0.1000000015
12814  25.231  -67.182  6.263 0.3000000119
12812  24.647  -66.816  6.975 0.2000000030
12813  24.371  -68.129  6.675 0.1000000015
5132  23.754  -67.595  7.272 0.4000000060
31285  22.970  -66.814  7.364 0.4000000060
12815  25.590  -67.355  5.443 0.1000000015
27677  25.740  -67.200  4.442 0.1000000015
5135  24.713  -68.074  3.767 0.1000000015
21167  25.654  -66.729  3.510 0.1000000015
21169  25.327  -66.212  2.512 0.1000000015
38718  22.685  -65.984  1.501 0.1000000015
12816  26.038  -66.109  6.064 0.3000000119
6824  22.287  -66.041  6.981 0.3000000119
5136  26.451  -66.054  5.222 0.2000000030
27678  26.578  -65.811  4.211 0.3000000119
2312  26.585  -65.305  3.215 0.1000000015
21171  26.249  -64.743  2.264 0.2000000030
21170  24.816  -65.463  1.664 0.1000000015
38720  24.932  -63.144  1.013 0.2000000030
38719  23.883  -64.607  1.197 0.1000000015
10568  22.834  -63.726  0.929 0.2000000030
35872  21.365  -61.338  0.536 0.2000000030
558  25.371  -65.774  6.771 0.6000000238
9500  26.324  -63.204  6.552 0.6999999881
38740  27.174  -64.614  5.071 0.5000000000
21188  27.092  -63.293  5.842 0.6999999881
38744  27.340  -63.721  2.960 0.3000000119
9494  25.642  -64.000  1.515 0.2000000030
38746  26.468  -62.372  1.363 0.2000000030
38747  25.731  -61.524  0.815 0.2000000030
32646  23.166  -61.240  0.419 0.2000000030
18812  20.754  -60.067  0.415 0.2000000030
38743  27.881  -62.717  3.902 0.5000000000
9501  27.666  -63.089  4.934 0.6999999881
38745  27.026  -63.140  2.095 0.5000000000
9503  26.856  -60.790  1.251 0.5000000000
32645  24.792  -60.884  0.468 0.3000000119
7380  22.434  -60.033  0.187 0.3000000119
32647  23.988  -59.855  0.183 0.5000000000
32648  23.233  -58.671  -0.118 0.4000000060
18811  21.812  -58.693  -0.050 0.3000000119
18813  20.150  -58.604  0.154 0.2000000030
21189  27.197  -61.728  5.901 0.8000000119
38748  26.171  -60.044  0.715 0.5000000000
12026  8.391  -61.232  5.006 0.4000000060
7379  25.378  -59.519  0.333 0.6000000238
35880  9.519  -59.914  3.243 0.2000000030
35875  18.324  -58.755  0.466 0.1000000015
8538  10.732  -59.370  2.457 0.1000000015
1518  21.176  -57.243  -0.463 0.4000000060
18817  12.598  -59.785  2.130 0.1000000015
26264  19.671  -57.338  -0.279 0.2000000030
4352  17.986  -57.720  -0.079 0.1000000015
18814  15.920  -58.088  0.128 0.1000000015
18816  14.284  -59.104  1.170 0.1000000015
26265  19.321  -56.277  -1.105 0.2000000030
35888  9.314  -59.114  2.312 0.4000000060
18818  12.165  -58.814  1.557 0.1000000015
26267  15.672  -56.898  -0.715 0.3000000119
1984  13.826  -58.059  0.477 0.2000000030
35886  11.979  -57.726  0.713 0.2000000030
40254  22.875  -99.839  -12.500 0.3000000119
4347  5.577  -63.925  7.154 0.3000000119
21191  28.008  -61.076  3.941 0.6999999881
6821  18.103  -66.974  8.131 0.4000000060
31286  23.832  -66.160  7.193 0.5000000000
28443  16.007  -100.394  -6.532 0.1000000015
13244  16.920  -99.716  -11.149 0.1000000015
28446  18.485  -100.693  -11.398 0.1000000015
40256  21.554  -100.093  -13.170 0.3000000119
21162  21.320  -71.007  5.010 0.1000000015
6823  20.446  -66.672  7.301 0.3000000119
31287  24.545  -65.255  7.056 0.6000000238
10570  22.013  -62.518  0.682 0.2000000030
38738  25.986  -64.532  6.653 0.6999999881
38739  26.680  -64.778  5.979 0.5000000000
38741  27.403  -64.264  4.016 0.6000000238
12027  7.100  -62.000  5.717 0.4000000060
83  23.850  -62.373  0.716 0.2000000030
18815  16.361  -59.047  0.771 0.1000000015
2342  24.015  -94.723  17.693 0.4000000060
39001  22.463  -95.284  17.515 0.4000000060
39004  23.069  -95.467  16.236 0.4000000060
21404  24.228  -94.912  16.225 0.4000000060
39005  23.228  -95.277  14.728 0.4000000060
9588  22.274  -95.946  14.759 0.5000000000
21411  22.593  -95.806  13.181 0.6000000238
9589  23.308  -95.951  11.515 0.6000000238
21412  22.250  -96.814  11.990 0.5000000000
2343  21.083  -97.749  12.914 0.6000000238
9586  24.241  -94.582  14.657 0.4000000060
39006  23.515  -95.082  13.070 0.5000000000
21410  21.718  -96.734  13.623 0.5000000000
21408  20.642  -97.420  14.223 0.5000000000
14454  29.591  -94.348  -9.825 0.5000000000
32695  28.824  -95.011  -8.859 0.6000000238
979  29.228  -95.189  -11.148 0.6999999881
21402  25.191  -93.980  17.492 0.2000000030
21400  24.714  -93.499  18.559 0.2000000030
15294  15.061  -92.647  16.939 0.3000000119
27818  23.193  -94.187  18.600 0.3000000119
39000  21.349  -94.632  18.190 0.4000000060
39003  21.834  -95.997  16.127 0.4000000060
38998  24.462  -94.342  13.061 0.4000000060
21409  21.335  -96.647  15.002 0.5000000000
6369  30.016  -93.359  -8.668 0.5000000000
23650  30.138  -94.382  -12.239 0.6000000238
23651  29.354  -94.690  -13.446 0.6999999881
16966  8.117  -88.164  26.368 0.1000000015
24149  12.430  -88.751  21.774 0.1000000015
1257  14.578  -91.421  18.077 0.1000000015
15292  15.788  -91.826  17.267 0.3000000119
5214  22.232  -93.372  18.870 0.3000000119
6873  15.772  -93.426  15.721 0.3000000119
38997  25.390  -93.701  14.447 0.4000000060
21403  25.293  -94.034  16.001 0.3000000119
9587  20.844  -95.588  17.060 0.5000000000
5216  19.917  -96.731  14.904 0.5000000000
39007  24.213  -95.220  11.641 0.6000000238
30219  30.417  -92.288  -7.547 0.5000000000
14455  30.923  -92.876  -9.742 0.4000000060
14456  30.590  -93.676  -10.963 0.5000000000
25155  7.616  -87.590  28.197 0.2000000030
33587  8.885  -88.128  22.739 0.2000000030
24148  12.872  -87.488  21.955 0.1000000015
3176  13.326  -88.611  20.421 0.1000000015
15288  13.917  -90.032  19.159 0.1000000015
21401  25.831  -92.663  18.021 0.2000000030
27817  23.997  -92.746  19.085 0.2000000030
15290  15.093  -90.424  17.829 0.2000000030
12894  21.285  -92.552  18.675 0.3000000119
15293  16.502  -92.988  16.646 0.3000000119
38999  20.295  -93.800  18.389 0.3000000119
31394  19.517  -92.873  18.065 0.2000000030
31393  18.875  -91.931  17.537 0.3000000119
31396  17.434  -93.838  16.091 0.3000000119
6872  18.706  -94.038  17.489 0.3000000119
31397  16.903  -93.939  14.815 0.4000000060
21406  19.727  -94.895  17.399 0.5000000000
27820  19.093  -95.736  14.855 0.5000000000
1258  18.196  -94.686  14.660 0.4000000060
39002  20.478  -96.268  15.889 0.5000000000
568  25.047  -94.344  11.798 0.4000000060
4376  34.190  -89.190  -5.509 0.2000000030
12055  33.421  -89.765  -4.750 0.1000000015
35964  33.313  -89.454  -7.048 0.1000000015
12056  32.492  -90.008  -6.011 0.2000000030
12054  31.748  -90.450  -5.067 0.2000000030
30220  31.834  -90.793  -7.484 0.3000000119
207  30.952  -91.230  -6.385 0.2000000030
30221  31.352  -91.914  -8.582 0.2000000030
23652  29.798  -93.641  -13.849 0.3000000119
22467  13.800  -95.645  -11.164 0.3000000119
33589  7.314  -87.404  26.359 0.2000000030
7726  8.134  -87.805  24.557 0.2000000030
1255  12.759  -86.557  23.839 0.1000000015
31388  13.868  -87.615  20.611 0.1000000015
15289  14.373  -89.043  18.926 0.1000000015
31389  14.999  -88.171  19.149 0.1000000015
6870  15.652  -89.508  17.719 0.2000000030
31390  16.299  -88.626  18.146 0.1000000015
12893  23.103  -92.092  19.128 0.2000000030
15291  16.596  -90.912  17.101 0.2000000030
12892  22.109  -91.506  18.822 0.2000000030
6871  17.441  -92.079  16.973 0.2000000030
12888  19.624  -90.862  17.700 0.2000000030
31392  18.122  -91.014  17.083 0.2000000030
567  20.466  -91.716  18.190 0.1000000015
31395  18.047  -93.086  17.261 0.3000000119
21405  18.426  -94.615  16.098 0.4000000060
21407  19.440  -95.462  16.083 0.5000000000
26307  35.118  -89.243  -4.507 0.1000000015
4375  35.997  -88.938  -3.543 0.1000000015
26306  34.251  -89.615  -3.818 0.1000000015
26308  35.697  -88.281  -5.311 0.1000000015
35965  34.789  -88.271  -6.502 0.1000000015
6370  32.677  -90.413  -8.514 0.2000000030
30222  32.305  -91.409  -9.672 0.2000000030
6371  32.008  -92.352  -10.856 0.3000000119
23657  26.515  -91.661  -12.065 0.2000000030
30224  31.657  -93.115  -12.018 0.2000000030
40290  25.447  -91.684  -10.759 0.2000000030
2900  30.845  -93.516  -13.115 0.2000000030
23655  28.754  -92.353  -13.869 0.3000000119
14457  31.451  -92.593  -13.649 0.2000000030
23653  30.091  -92.512  -13.974 0.2000000030
16968  6.635  -86.487  26.396 0.2000000030
3735  6.692  -86.860  28.243 0.2000000030
33588  8.251  -87.153  22.932 0.3000000119
33590  7.413  -86.919  24.675 0.3000000119
21037  8.687  -87.516  21.011 0.3000000119
15287  13.671  -86.609  22.344 0.1000000015
6869  14.721  -87.024  21.046 0.1000000015
31387  15.785  -87.504  19.691 0.1000000015
31391  17.225  -89.876  17.130 0.1000000015
5208  18.677  -90.001  17.510 0.2000000030
18883  37.635  -87.969  -3.354 0.1000000015
18884  38.145  -87.364  -4.173 0.1000000015
35958  36.681  -87.891  -2.572 0.1000000015
18882  36.710  -88.401  -4.428 0.1000000015
26305  35.100  -88.776  -2.874 0.1000000015
4374  32.559  -90.044  -4.147 0.1000000015
18888  34.019  -88.892  -8.249 0.1000000015
32682  31.745  -90.219  -3.462 0.3000000119
32683  31.032  -90.868  -4.271 0.4000000060
18887  33.596  -89.820  -9.630 0.1000000015
40292  24.490  -91.787  -9.420 0.3000000119
14458  32.586  -92.474  -12.861 0.1000000015
2902  29.015  -91.023  -13.428 0.2000000030
25157  6.311  -86.184  30.282 0.3000000119
25156  7.137  -86.814  30.153 0.2000000030
25158  5.681  -85.236  30.394 0.3000000119
16967  6.033  -85.905  28.383 0.3000000119
7727  6.851  -85.811  24.763 0.4000000060
16969  6.215  -85.337  26.645 0.4000000060
31386  15.656  -86.714  21.611 0.1000000015
27806  17.752  -88.987  17.823 0.2000000030
8566  38.884  -87.006  -2.890 0.1000000015
1995  37.105  -87.390  -5.223 0.1000000015
26304  33.357  -89.515  -3.275 0.1000000015
32685  26.623  -93.659  -0.648 0.3000000119
16249  28.877  -91.044  -1.679 0.3000000119
16251  29.528  -91.219  -2.461 0.3000000119
1524  28.860  -92.419  -2.308 0.4000000060
16252  30.297  -91.197  -3.334 0.3000000119
30223  33.411  -90.953  -10.760 0.1000000015
30225  33.161  -91.927  -11.874 0.1000000015
14464  27.895  -90.658  -12.688 0.2000000030
14459  33.222  -91.456  -13.431 0.1000000015
23654  30.381  -91.305  -13.733 0.2000000030
981  31.853  -91.368  -13.827 0.1000000015
2486  14.851  -95.929  -12.011 0.2000000030
1666  5.663  -84.754  28.745 0.3000000119
16970  6.692  -84.629  25.048 0.4000000060
33592  7.128  -85.048  22.983 0.5000000000
3497  29.243  -89.718  -1.024 0.3000000119
24727  28.151  -90.928  -0.777 0.3000000119
3498  27.225  -92.286  -0.637 0.3000000119
24728  28.072  -92.312  -1.443 0.3000000119
18889  35.095  -88.213  -9.577 0.1000000015
7393  30.829  -90.065  -2.852 0.3000000119
5575  19.405  -91.358  -6.234 0.6000000238
40293  25.970  -90.300  -10.172 0.3000000119
33596  5.541  -84.339  32.370 0.2000000030
7729  5.157  -83.043  32.085 0.2000000030
3736  6.082  -85.350  32.332 0.3000000119
33599  5.054  -82.602  30.404 0.2000000030
33597  5.283  -83.857  30.590 0.3000000119
16971  6.153  -84.145  27.065 0.4000000060
11177  27.476  -90.889  0.117 0.3000000119
33598  5.017  -81.658  31.621 0.2000000030
11415  6.887  -85.987  32.271 0.2000000030
33600  5.547  -83.430  28.849 0.3000000119
7728  6.667  -83.381  25.413 0.4000000060
33593  6.945  -83.949  23.273 0.6000000238
9669  27.039  -90.094  3.096 0.3000000119
24726  28.537  -89.586  -0.143 0.2000000030
40298  20.071  -89.625  -5.883 0.6000000238
16974  5.570  -82.274  33.176 0.1000000015
3738  5.199  -80.443  31.105 0.2000000030
16976  4.876  -81.267  30.093 0.2000000030
33595  6.129  -84.496  34.083 0.1000000015
3734  7.782  -86.204  31.936 0.1000000015
7730  5.358  -82.029  28.773 0.2000000030
33601  6.107  -82.746  27.236 0.4000000060
33594  6.635  -82.772  23.569 0.6000000238
12772  6.528  -83.807  21.679 0.6000000238
12774  5.928  -84.237  20.672 0.6000000238
25160  5.753  -81.093  32.365 0.2000000030
16977  4.967  -80.698  28.487 0.2000000030
16978  5.668  -81.341  27.102 0.3000000119
33603  5.970  -81.614  23.802 0.5000000000
33602  6.294  -82.020  25.483 0.5000000000
285  6.230  -82.775  22.123 0.6000000238
25162  5.677  -79.471  30.357 0.2000000030
16975  4.879  -79.958  29.742 0.2000000030
7731  5.495  -80.857  25.432 0.4000000060
16979  4.964  -80.184  26.903 0.3000000119
1667  4.743  -79.528  28.179 0.3000000119
16980  4.693  -79.825  25.377 0.4000000060
16981  4.481  -79.115  26.863 0.3000000119
33604  5.230  -80.653  23.946 0.6000000238
22548  17.290  -82.237  -13.215 0.5000000000
22547  16.517  -83.869  -14.087 0.5000000000
25163  5.363  -78.892  29.144 0.2000000030
7732  4.163  -78.780  25.463 0.5000000000
25164  4.924  -78.499  27.884 0.2000000030
33607  4.430  -78.012  26.674 0.4000000060
33608  4.002  -77.634  25.264 0.6000000238
33609  3.737  -77.347  23.705 0.6000000238
40372  18.580  -81.924  -12.436 0.5000000000
16983  4.704  -76.840  26.079 0.3000000119
7733  4.233  -76.265  24.611 0.4000000060
3137  3.949  -75.978  21.542 0.6000000238
27616  6.074  -79.203  10.712 0.1000000015
5102  6.575  -78.491  11.514 0.1000000015
31245  5.886  -75.758  12.733 0.1000000015
38673  3.946  -72.419  13.285 0.2000000030
38674  5.050  -73.299  13.101 0.1000000015
21133  4.554  -70.821  13.257 0.2000000030
38661  12.769  -70.170  18.808 0.5000000000
27649  14.396  -69.411  18.302 0.4000000060
21117  19.942  -70.673  16.747 0.1000000015
21116  17.732  -70.153  16.451 0.1000000015
27650  13.467  -68.142  17.470 0.4000000060
27648  15.912  -68.985  17.520 0.1000000015
27647  17.232  -68.720  16.422 0.1000000015
5119  19.215  -69.713  15.822 0.1000000015
5120  15.134  -67.513  17.101 0.3000000119
12800  14.414  -66.202  16.300 0.5000000000
27646  18.647  -68.547  15.430 0.1000000015
12799  16.777  -67.275  16.267 0.4000000060
27644  20.260  -68.191  15.004 0.1000000015
5118  18.242  -67.162  15.245 0.2000000030
12798  16.244  -65.904  15.705 0.3000000119
34214  13.805  -66.595  -3.499 0.3000000119
40342  12.172  -67.538  -4.516 0.4000000060
31265  19.608  -67.041  14.502 0.2000000030
31266  17.751  -65.856  14.938 0.3000000119
7958  14.430  -65.812  -5.119 0.3000000119
6816  21.138  -66.743  14.326 0.2000000030
15201  18.991  -65.859  14.159 0.3000000119
6817  17.041  -64.906  14.029 0.4000000060
15200  20.320  -65.863  13.623 0.1000000015
35897  12.399  -64.328  -1.031 0.4000000060
15198  21.708  -65.578  13.464 0.1000000015
10829  22.605  -63.984  11.569 0.2000000030
26266  17.570  -56.746  -0.896 0.3000000119
35883  13.769  -56.626  -0.459 0.4000000060
26276  13.109  -56.311  -3.510 0.4000000060
26275  11.761  -55.649  -2.926 0.5000000000
4358  12.825  -54.221  -3.839 0.5000000000
12038  12.740  -52.289  -4.204 0.3000000119
12782  7.034  -77.669  12.387 0.1000000015
12890  21.070  -90.857  18.511 0.1000000015
33591  7.570  -86.161  23.018 0.4000000060
33611  4.446  -74.828  22.181 0.6000000238
27941  27.328  -92.577  9.047 0.2000000030
21609  27.209  -91.439  8.903 0.2000000030
1280  27.405  -91.889  10.142 0.1000000015
38996  26.441  -93.114  15.403 0.1000000015
6915  26.617  -92.932  13.990 0.1000000015
31496  26.456  -93.006  12.410 0.1000000015
31495  27.168  -92.676  11.920 0.1000000015
12962  25.881  -93.796  11.295 0.3000000119
21608  27.288  -90.011  8.739 0.2000000030
39247  27.308  -92.006  7.693 0.2000000030
27940  27.180  -92.769  10.460 0.1000000015
9585  26.214  -93.028  16.755 0.2000000030
38995  27.195  -91.940  15.866 0.1000000015
31497  25.626  -93.468  13.011 0.3000000119
5570  12.914  -95.290  -10.398 0.3000000119
40371  18.873  -84.450  -13.540 0.5000000000
10045  18.094  -83.317  -13.510 0.4000000060
40373  19.478  -82.762  -12.589 0.3000000119
5597  18.921  -80.658  -10.931 0.3000000119
22550  19.725  -81.518  -11.176 0.3000000119
40374  20.162  -83.750  -12.439 0.4000000060
13277  20.306  -78.219  -9.618 0.3000000119
13275  19.296  -76.966  -10.912 0.3000000119
13276  20.578  -76.976  -9.919 0.3000000119
22531  14.647  -72.722  -6.906 0.3000000119
22529  14.347  -71.378  -7.206 0.3000000119
10817  4.188  -74.692  20.838 0.5000000000
38637  7.076  -74.290  22.899 0.4000000060
7734  5.429  -74.355  22.635 0.4000000060
21104  9.165  -72.889  20.957 0.3000000119
21103  8.119  -73.652  21.871 0.4000000060
38638  6.345  -73.566  21.490 0.4000000060
33612  4.943  -73.887  21.282 0.4000000060
9466  8.846  -74.465  22.881 0.3000000119
9467  7.064  -72.871  20.667 0.4000000060
22525  13.097  -66.585  -5.972 0.3000000119
38663  10.206  -71.985  20.037 0.4000000060
9475  8.827  -70.934  18.759 0.5000000000
22524  15.320  -64.942  -6.675 0.3000000119
38680  9.087  -67.335  11.605 0.2000000030
38681  7.241  -68.214  12.333 0.2000000030
34213  14.908  -65.208  -2.508 0.3000000119
35898  13.800  -64.845  -1.565 0.3000000119
18832  12.421  -62.171  -1.745 0.3000000119
8543  10.988  -61.569  -1.536 0.3000000119
18830  10.921  -59.243  -2.032 0.4000000060
21203  19.259  -52.442  6.270 0.1000000015
13273  20.024  -74.688  -9.211 0.2000000030
18831  12.304  -59.993  -2.344 0.3000000119
38553  10.098  -98.411  8.675 0.2000000030
38579  6.703  -95.195  7.349 0.2000000030
38581  6.371  -94.127  6.591 0.2000000030
22481  22.362  -91.503  -7.077 0.5000000000
28467  21.269  -90.669  -6.250 0.5000000000
22483  24.130  -90.226  -7.659 0.2000000030
22488  20.146  -87.256  -7.100 0.3000000119
10021  20.936  -88.010  -6.267 0.4000000060
40299  22.052  -89.042  -6.235 0.5000000000
2488  23.171  -89.920  -6.669 0.5000000000
22482  23.498  -91.817  -8.126 0.4000000060
10019  25.108  -90.257  -8.857 0.2000000030
22484  25.488  -88.791  -8.919 0.1000000015
40294  26.261  -88.860  -10.092 0.1000000015
40295  26.446  -87.602  -10.467 0.1000000015
40301  22.756  -87.600  -6.783 0.4000000060
40302  23.724  -88.271  -7.162 0.1000000015
40303  24.940  -87.218  -8.760 0.1000000015
22485  24.588  -88.583  -7.879 0.1000000015
10020  25.642  -87.447  -9.519 0.1000000015
6377  27.435  -87.698  -11.503 0.1000000015
30239  27.635  -86.804  -11.882 0.1000000015
40296  26.665  -86.742  -11.051 0.1000000015
30234  30.695  -89.804  -13.622 0.1000000015
40300  21.873  -86.750  -7.067 0.3000000119
22492  25.264  -86.110  -9.865 0.1000000015
983  26.951  -90.354  -11.419 0.1000000015
14468  27.192  -88.929  -11.262 0.1000000015
14466  28.226  -89.245  -12.385 0.1000000015
40304  25.997  -86.405  -10.370 0.1000000015
30238  28.741  -86.935  -12.637 0.1000000015
446  28.089  -85.821  -12.206 0.1000000015
30235  31.094  -88.488  -13.509 0.1000000015
28469  21.290  -86.200  -7.938 0.2000000030
22490  23.417  -86.433  -7.967 0.2000000030
10022  24.210  -86.904  -8.212 0.2000000030
40305  27.214  -85.725  -11.645 0.1000000015
14467  28.542  -87.867  -12.410 0.1000000015
12064  29.080  -86.040  -12.876 0.1000000015
14465  29.381  -89.518  -13.217 0.1000000015
6376  29.709  -88.156  -13.191 0.1000000015
15660  20.416  -84.704  -11.865 0.3000000119
38662  11.362  -70.996  19.334 0.4000000060
9474  13.746  -71.334  19.664 0.2000000030
21122  15.123  -70.819  18.740 0.1000000015
10029  3.209  -80.693  -2.676 0.1000000015
22506  3.027  -78.635  0.927 0.1000000015
2491  3.055  -77.473  0.357 0.3000000119
22504  2.978  -76.904  2.294 0.1000000015
28480  3.027  -75.336  3.636 0.1000000015
5581  3.058  -73.338  6.485 0.1000000015
13261  2.973  -72.222  6.158 0.1000000015
18794  3.632  -71.385  7.985 0.1000000015
35852  3.080  -71.870  7.232 0.1000000015
35853  3.072  -70.683  6.784 0.3000000119
35861  3.157  -68.938  7.159 0.1000000015
8529  3.162  -70.157  7.818 0.1000000015
35860  3.393  -68.415  8.062 0.1000000015
8531  3.855  -66.781  8.019 0.1000000015
10827  23.005  -63.781  12.891 0.1000000015
35857  5.704  -65.240  7.755 0.1000000015
10825  23.663  -62.101  14.741 0.1000000015
10831  22.888  -62.985  11.878 0.1000000015
26255  6.990  -64.110  6.929 0.1000000015
17008  23.000  -58.752  17.886 0.1000000015
7745  22.924  -59.008  16.534 0.1000000015
24093  24.294  -61.643  17.526 0.1000000015
33639  23.803  -60.112  17.785 0.1000000015
33640  23.631  -60.431  16.332 0.1000000015
3145  24.055  -61.851  16.061 0.1000000015
33642  23.122  -61.193  13.593 0.1000000015
133  23.260  -62.459  13.237 0.1000000015
38721  22.896  -61.761  12.220 0.1000000015
3151  22.682  -63.314  10.572 0.1000000015
30185  9.911  -61.633  4.819 0.1000000015
26254  8.400  -63.331  6.038 0.1000000015
26256  6.985  -62.972  6.429 0.2000000030
33643  22.811  -59.483  15.242 0.1000000015
7746  22.667  -59.984  13.892 0.1000000015
21173  22.562  -60.626  12.463 0.1000000015
4346  8.400  -62.223  5.655 0.2000000030
21172  21.937  -58.799  14.105 0.1000000015
18829  12.017  -57.756  -2.778 0.3000000119
1986  13.512  -58.420  -3.045 0.3000000119
26277  14.803  -56.982  -3.798 0.3000000119
21032  8.737  -96.624  8.499 0.2000000030
13262  3.072  -73.841  5.056 0.2000000030
9495  22.547  -61.211  11.069 0.2000000030
30186  9.717  -60.674  4.193 0.1000000015
26278  14.343  -54.961  -4.321 0.3000000119
16985  4.810  -75.106  23.676 0.4000000060
22508  3.123  -79.066  -1.220 0.1000000015
35859  4.213  -68.102  8.589 0.1000000015
33641  23.382  -60.786  14.922 0.1000000015
30184  10.067  -62.798  4.935 0.1000000015
21174  21.999  -59.567  12.663 0.1000000015
38549  11.584  -101.617  5.298 0.2000000030
22468  12.914  -96.257  -10.551 0.1000000015
40273  12.008  -96.026  -9.911 0.1000000015
27808  19.071  -89.130  18.127 0.1000000015
16986  6.093  -74.910  24.031 0.3000000119
16984  5.308  -75.692  25.166 0.2000000030
1668  6.711  -75.805  25.397 0.2000000030
16982  5.936  -76.625  26.515 0.2000000030
3740  5.339  -77.562  27.357 0.2000000030
38636  7.744  -75.105  24.078 0.2000000030
21102  9.943  -73.727  22.008 0.2000000030
31264  21.785  -67.450  15.123 0.1000000015
1226  22.278  -67.946  16.371 0.1000000015
22528  14.009  -69.823  -7.637 0.2000000030
5590  16.063  -67.810  -8.340 0.2000000030
28494  17.611  -68.149  -7.843 0.2000000030
22527  15.810  -69.884  -7.796 0.2000000030
28495  17.190  -69.996  -7.245 0.2000000030
2494  15.872  -71.386  -7.365 0.2000000030
13270  19.388  -66.595  -7.473 0.2000000030
28493  18.195  -66.173  -8.428 0.2000000030
5591  18.760  -68.428  -6.753 0.2000000030
5589  20.172  -64.688  -8.089 0.2000000030
28491  18.689  -64.423  -8.563 0.2000000030
13269  21.266  -65.118  -7.056 0.2000000030
28492  16.508  -65.761  -8.344 0.2000000030
40345  14.192  -67.679  -7.925 0.2000000030
34222  21.706  -63.540  -7.431 0.2000000030
22526  14.558  -65.787  -7.319 0.2000000030
1766  16.887  -64.568  -7.978 0.2000000030
34221  20.387  -63.457  -8.135 0.2000000030
34220  18.825  -63.766  -8.239 0.2000000030
34217  17.236  -64.155  -7.429 0.2000000030
7960  20.482  -62.849  -7.810 0.2000000030
34216  16.278  -64.393  -5.930 0.2000000030
34215  15.846  -65.060  -4.156 0.2000000030
7959  17.726  -63.499  -6.836 0.2000000030
17462  17.206  -63.532  -5.163 0.2000000030
34218  19.188  -62.680  -7.308 0.2000000030
7957  16.607  -63.582  -3.531 0.2000000030
17463  17.903  -62.403  -6.334 0.2000000030
17461  17.472  -61.999  -4.916 0.2000000030
35900  16.793  -61.731  -3.733 0.2000000030
35899  15.393  -63.307  -2.454 0.2000000030
8544  13.924  -62.743  -1.978 0.2000000030
18834  15.379  -61.303  -2.943 0.2000000030
35901  17.505  -60.316  -5.313 0.2000000030
18833  13.830  -60.645  -2.524 0.2000000030
8545  16.729  -59.829  -4.111 0.2000000030
18835  15.154  -59.100  -3.393 0.2000000030
12039  13.969  -52.977  -4.824 0.2000000030
26279  15.588  -53.890  -5.318 0.2000000030
1987  18.336  -53.983  -7.039 0.2000000030
26280  16.817  -53.014  -6.341 0.2000000030
12040  13.842  -51.177  -5.274 0.2000000030
35909  16.424  -51.167  -6.819 0.2000000030
35908  15.038  -50.269  -6.300 0.2000000030
35910  18.002  -52.203  -7.378 0.2000000030
18842  16.126  -49.315  -7.289 0.1000000015
8548  17.633  -50.310  -7.762 0.1000000015
6360  15.003  -48.537  -6.778 0.1000000015
35912  19.044  -51.343  -8.244 0.1000000015
18845  20.245  -50.362  -8.898 0.1000000015
35911  18.867  -49.508  -8.621 0.1000000015
18843  17.415  -48.398  -8.229 0.1000000015
18841  16.120  -47.512  -7.785 0.1000000015
974  17.457  -46.643  -8.692 0.1000000015
30201  16.529  -45.965  -8.235 0.1000000015
4362  20.248  -48.588  -9.293 0.1000000015
6361  16.018  -45.498  -7.737 0.1000000015
26282  18.793  -47.698  -9.051 0.1000000015
1765  17.971  -60.820  -6.451 0.2000000030
4360  15.147  -52.001  -5.780 0.2000000030
40248  17.532  -101.464  -5.030 0.1000000015
7080  13.885  -101.541  0.141 0.1000000015
551  12.335  -101.930  3.668 0.1000000015
38550  11.481  -100.978  5.274 0.1000000015
38551  11.604  -100.039  5.386 0.1000000015
31878  12.991  -101.781  1.819 0.1000000015
31877  12.172  -101.279  3.590 0.1000000015
7079  12.373  -100.506  3.808 0.1000000015
15638  12.968  -99.484  4.221 0.1000000015
31879  13.029  -101.070  1.997 0.1000000015
15639  13.539  -100.207  2.469 0.1000000015
10003  15.639  -101.925  -3.563 0.1000000015
22442  14.764  -101.852  -1.749 0.1000000015
22441  14.802  -101.156  -1.483 0.1000000015
7081  15.008  -99.619  1.048 0.1000000015
9437  10.717  -101.125  7.078 0.1000000015
31880  14.166  -100.732  0.399 0.1000000015
1374  15.391  -100.638  -3.053 0.1000000015
15640  14.449  -99.019  3.168 0.1000000015
7392  31.919  -87.354  -1.530 0.1000000015
21030  10.614  -100.371  7.040 0.1000000015
9438  10.712  -99.488  7.042 0.1000000015
38554  11.277  -98.409  7.294 0.1000000015
38552  12.125  -99.086  5.669 0.1000000015
32680  31.390  -88.772  -2.169 0.1000000015
16250  29.844  -89.920  -1.959 0.2000000030
31881  15.330  -100.175  -1.024 0.1000000015
31882  15.960  -98.346  1.657 0.1000000015
31884  16.101  -99.668  -2.594 0.1000000015
32678  32.959  -87.737  -2.025 0.1000000015
9670  27.060  -90.751  7.621 0.1000000015
39248  27.125  -91.228  6.323 0.1000000015
21031  9.873  -99.503  8.762 0.1000000015
31883  16.297  -99.009  -0.522 0.1000000015
39242  27.149  -89.730  1.841 0.2000000030
21605  27.288  -88.616  2.799 0.2000000030
18879  34.495  -86.722  -1.814 0.1000000015
31487  29.743  -87.885  9.637 0.1000000015
39246  26.866  -89.746  6.304 0.1000000015
39249  27.085  -90.130  5.155 0.1000000015
21033  10.247  -97.357  8.442 0.1000000015
2371  26.997  -88.498  5.146 0.1000000015
21606  27.293  -89.166  4.133 0.2000000030
32679  30.509  -88.523  -1.395 0.2000000030
3496  27.761  -89.397  0.713 0.2000000030
7391  34.877  -85.197  -1.457 0.1000000015
6912  28.014  -89.273  9.576 0.1000000015
31489  29.206  -88.903  10.165 0.1000000015
39244  27.502  -88.639  8.403 0.1000000015
39245  26.964  -89.227  7.428 0.1000000015
12955  30.317  -86.586  9.135 0.1000000015
31486  30.969  -87.665  10.041 0.1000000015
5275  31.366  -86.340  9.717 0.1000000015
21034  10.227  -96.456  7.791 0.1000000015
27939  26.878  -88.076  6.073 0.1000000015
21602  27.225  -86.837  4.943 0.2000000030
21604  27.382  -87.514  3.904 0.2000000030
21603  27.789  -85.997  3.425 0.2000000030
9668  27.754  -87.097  2.405 0.2000000030
24724  28.734  -88.020  0.220 0.2000000030
39241  27.712  -88.325  1.408 0.2000000030
35956  37.487  -85.271  -1.337 0.1000000015
18880  35.954  -85.978  -1.714 0.1000000015
31488  28.520  -88.152  9.194 0.1000000015
12961  28.043  -87.149  8.144 0.1000000015
578  29.178  -86.842  8.740 0.1000000015
5281  27.233  -87.599  7.203 0.1000000015
12956  30.949  -85.211  8.752 0.1000000015
12957  29.818  -85.430  8.246 0.1000000015
27938  27.163  -86.337  6.010 0.1000000015
27929  32.084  -84.848  9.408 0.1000000015
12959  28.637  -85.579  7.691 0.1000000015
12960  27.678  -85.875  6.983 0.1000000015
2294  8.487  -95.980  7.624 0.1000000015
38582  8.332  -95.173  6.690 0.1000000015
28468  21.023  -85.954  -9.123 0.1000000015
5577  22.713  -85.916  -8.110 0.1000000015
21056  6.128  -92.841  6.202 0.1000000015
9448  7.957  -94.115  6.114 0.1000000015
13256  22.619  -83.990  -9.912 0.1000000015
31907  21.637  -84.516  -10.487 0.1000000015
5576  21.895  -85.026  -9.758 0.1000000015
28470  22.221  -85.422  -8.791 0.1000000015
28471  23.580  -85.122  -9.288 0.1000000015
22489  24.114  -85.456  -9.287 0.1000000015
31908  22.306  -83.480  -10.078 0.1000000015
7092  21.400  -83.989  -11.031 0.2000000030
32681  32.421  -89.115  -2.813 0.1000000015
31906  20.785  -85.584  -10.276 0.1000000015
13257  23.104  -84.617  -9.508 0.1000000015
28472  25.103  -84.360  -10.076 0.1000000015
22491  24.705  -85.809  -9.512 0.1000000015
21055  6.074  -91.447  6.061 0.1000000015
10047  22.669  -81.672  -8.793 0.2000000030
22552  21.388  -82.117  -9.880 0.2000000030
40375  21.092  -83.300  -11.081 0.2000000030
40377  23.215  -82.303  -9.099 0.2000000030
40376  21.973  -82.883  -10.010 0.2000000030
13258  24.117  -83.531  -9.591 0.1000000015
618  23.507  -83.027  -9.374 0.1000000015
5578  24.685  -84.007  -9.741 0.1000000015
27610  4.865  -89.666  6.790 0.1000000015
22553  21.893  -81.014  -8.358 0.2000000030
40386  24.713  -81.765  -8.336 0.1000000015
5099  4.985  -88.249  6.836 0.1000000015
40383  22.973  -79.840  -7.335 0.2000000030
40384  23.664  -80.521  -7.589 0.2000000030
40385  24.402  -81.044  -8.042 0.2000000030
40380  22.461  -79.068  -7.069 0.2000000030
2497  21.212  -80.179  -8.090 0.2000000030
10046  20.560  -82.302  -11.245 0.2000000030
22551  20.689  -81.251  -9.659 0.2000000030
22549  19.991  -80.440  -9.575 0.2000000030
40379  22.216  -77.980  -6.974 0.2000000030
28508  20.883  -79.229  -8.136 0.2000000030
5598  21.018  -78.079  -8.161 0.2000000030
620  21.522  -75.685  -8.815 0.2000000030
13274  20.664  -75.668  -9.962 0.2000000030
31931  22.164  -75.580  -7.423 0.1000000015
31930  22.404  -74.411  -7.600 0.1000000015
31929  22.172  -73.783  -7.013 0.1000000015
13272  21.508  -74.616  -8.667 0.1000000015
5592  20.829  -74.018  -7.514 0.2000000030
2305  16.420  -70.481  17.562 0.1000000015
22443  15.208  -101.441  -3.399 0.1000000015
39240  28.596  -86.831  0.877 0.2000000030
2489  25.574  -84.744  -10.339 0.1000000015
5213  25.303  -92.096  18.772 0.1000000015
27816  24.596  -91.494  19.040 0.1000000015
27814  24.650  -90.002  18.430 0.1000000015
38994  26.645  -91.524  17.019 0.1000000015
38993  26.102  -91.021  17.909 0.1000000015
10048  23.980  -77.619  -6.365 0.1000000015
21069  6.761  -81.746  9.285 0.1000000015
40381  25.901  -76.995  -6.515 0.1000000015
40382  24.455  -78.461  -6.786 0.1000000015
22555  23.524  -76.558  -6.224 0.1000000015
22556  25.441  -76.199  -6.127 0.1000000015
10049  24.999  -79.156  -7.087 0.1000000015
22560  25.675  -79.709  -7.336 0.1000000015
27619  9.913  -81.090  11.292 0.1000000015
27618  8.081  -80.162  10.923 0.1000000015
9453  7.617  -83.473  8.964 0.1000000015
40378  22.067  -76.862  -7.143 0.1000000015
22554  24.981  -75.256  -5.986 0.1000000015
7103  23.230  -75.506  -6.340 0.1000000015
13278  21.242  -77.034  -8.519 0.1000000015
27617  7.584  -80.951  10.134 0.1000000015
31933  24.736  -74.284  -5.956 0.1000000015
27660  13.057  -69.101  12.670 0.1000000015
12806  14.597  -68.571  11.620 0.1000000015
21140  9.942  -70.725  14.153 0.1000000015
21138  11.536  -69.892  13.523 0.1000000015
9481  8.531  -69.422  13.226 0.1000000015
38682  7.013  -70.473  13.597 0.1000000015
5126  11.935  -67.966  11.798 0.1000000015
9479  5.825  -71.799  13.528 0.1000000015
21139  10.304  -68.596  12.611 0.1000000015
21134  5.687  -69.303  12.987 0.1000000015
38598  8.460  -82.593  9.799 0.1000000015
31279  18.721  -68.024  8.944 0.1000000015
5212  23.636  -90.938  18.997 0.1000000015
24725  29.765  -88.172  -0.555 0.1000000015
1522  29.945  -86.523  -0.221 0.1000000015
16248  30.932  -86.859  -0.876 0.1000000015
39237  29.754  -85.402  0.366 0.1000000015
39239  28.522  -85.663  1.852 0.1000000015
5280  27.765  -85.249  4.539 0.1000000015
25165  6.006  -78.181  28.335 0.1000000015
25166  6.647  -77.455  27.427 0.1000000015
3741  8.069  -77.744  27.079 0.1000000015
38632  9.032  -77.395  25.789 0.1000000015
25167  7.367  -76.886  26.370 0.1000000015
9465  9.922  -76.896  24.332 0.1000000015
38633  8.402  -76.308  24.953 0.1000000015
38635  9.403  -75.691  23.598 0.1000000015
21101  10.460  -74.973  22.544 0.1000000015
22532  20.206  -71.304  -4.147 0.1000000015
31923  21.859  -69.538  -3.632 0.1000000015
31924  21.519  -71.423  -3.644 0.1000000015
31927  21.437  -72.732  -4.479 0.1000000015
7100  23.383  -69.494  -3.232 0.1000000015
31928  21.769  -73.349  -5.814 0.1000000015
40352  18.315  -70.287  -6.253 0.1000000015
22533  19.246  -70.852  -5.130 0.1000000015
7099  20.767  -69.337  -4.587 0.1000000015
15670  23.812  -67.763  -3.545 0.1000000015
15671  25.485  -67.769  -3.384 0.1000000015
31926  23.081  -71.115  -3.438 0.1000000015
31921  21.443  -67.387  -5.335 0.1000000015
40351  19.757  -68.919  -5.763 0.1000000015
31922  22.539  -67.623  -4.214 0.1000000015
15669  26.092  -66.054  -3.648 0.1000000015
7098  24.494  -66.025  -4.087 0.1000000015
13271  20.413  -66.911  -6.330 0.1000000015
342  22.182  -65.581  -5.945 0.1000000015
31920  23.229  -65.900  -4.919 0.1000000015
34233  25.023  -64.442  -4.533 0.1000000015
34223  22.844  -63.959  -6.483 0.1000000015
7965  28.475  -62.938  -4.169 0.1000000015
34234  26.510  -64.499  -3.993 0.1000000015
34232  23.870  -64.264  -5.430 0.1000000015
34235  28.104  -64.508  -4.032 0.1000000015
34237  29.764  -62.983  -4.727 0.1000000015
17477  26.841  -62.938  -4.277 0.1000000015
7964  25.468  -62.793  -4.913 0.1000000015
34231  24.207  -62.638  -5.782 0.1000000015
7961  23.087  -62.392  -6.664 0.1000000015
34219  19.052  -63.485  -7.842 0.1000000015
17476  27.152  -61.290  -4.572 0.1000000015
17475  25.777  -61.167  -5.205 0.1000000015
17467  21.836  -62.413  -7.397 0.1000000015
34230  24.443  -61.143  -6.015 0.1000000015
17468  23.215  -61.230  -6.689 0.1000000015
17466  21.962  -61.677  -7.082 0.1000000015
17465  20.683  -62.381  -7.357 0.1000000015
3146  23.496  -64.775  15.040 0.1000000015
25454  19.179  -61.357  -7.280 0.1000000015
24096  22.875  -64.738  13.810 0.1000000015
35902  16.532  -57.837  -4.394 0.1000000015
8536  18.854  -59.962  0.736 0.1000000015
25453  19.212  -59.629  -7.775 0.1000000015
35904  18.186  -59.163  -6.897 0.1000000015
3901  20.729  -58.093  -8.066 0.1000000015
35903  17.635  -58.569  -5.684 0.1000000015
35905  19.401  -57.967  -8.026 0.1000000015
8546  18.455  -57.561  -7.103 0.1000000015
18836  17.281  -54.868  -5.948 0.1000000015
4359  16.056  -55.742  -4.782 0.1000000015
35873  19.305  -61.253  0.801 0.1000000015
18837  17.657  -56.806  -5.782 0.1000000015
18838  18.550  -55.865  -7.046 0.1000000015
