  0  unknown                            25  5   25  0
  1  BA1                                123 186 220 0
  2  BA2                                120 118 14  0
  3  BA3a                               238 130 176 0
  4  BA3b                               218 230 76  0
  5  BA4a                               221 248 164 0
  6  BA4p                               231 148 34  0
  7  BA6                                1   118 14  0
  8  BA44                               199 58  250 0
  9  BA45                               1   148 0   0
 10  V1                                 206 62  78  0
 11  V2                                 121 18  134 0
 12  MT                                 38  213 176 0
