#!ascii label  , from subject fsaverage vox2ras=TkReg 
1912
93  -42.896  6.335  18.503 0.0000000000
181  -55.902  3.722  3.790 0.0000000000
263  -48.874  13.815  21.609 0.0000000000
453  -52.564  3.062  14.173 0.0000000000
454  -51.743  3.349  22.407 0.0000000000
522  -48.314  8.008  9.137 0.0000000000
523  -52.077  14.110  8.658 0.0000000000
524  -46.737  19.204  10.179 0.0000000000
996  -42.759  1.765  26.562 0.0000000000
1147  -46.825  3.389  15.911 0.0000000000
1148  -49.605  4.367  10.802 0.0000000000
1149  -46.271  7.356  14.425 0.0000000000
1150  -52.166  17.617  20.347 0.0000000000
1151  -52.393  14.659  15.588 0.0000000000
1152  -53.621  17.422  15.269 0.0000000000
1153  -48.954  15.777  10.497 0.0000000000
1154  -52.401  20.323  11.753 0.0000000000
1479  -52.661  5.510  1.360 0.0000000000
1624  -40.171  9.371  22.105 0.0000000000
1625  -44.922  10.723  19.332 0.0000000000
2014  -57.859  5.027  16.261 0.0000000000
2015  -52.120  3.455  18.534 0.0000000000
2016  -46.092  2.506  19.704 0.0000000000
2018  -44.817  1.859  23.205 0.0000000000
2209  -52.956  5.521  5.156 0.0000000000
2210  -51.333  8.525  2.980 0.0000000000
2211  -48.299  12.014  15.197 0.0000000000
2212  -50.489  11.599  8.723 0.0000000000
2213  -49.694  11.205  1.859 0.0000000000
2214  -47.176  13.074  3.400 0.0000000000
2215  -44.094  14.489  5.884 0.0000000000
3067  -44.691  4.712  17.120 0.0000000000
3068  -46.245  5.165  14.918 0.0000000000
3069  -44.643  6.960  16.574 0.0000000000
3070  -53.159  19.598  18.636 0.0000000000
3071  -54.022  17.639  18.135 0.0000000000
3072  -54.269  19.390  16.365 0.0000000000
3073  -53.166  19.111  13.760 0.0000000000
3426  -54.486  4.617  2.196 0.0000000000
3667  -38.604  11.829  23.184 0.0000000000
3668  -41.371  11.451  22.706 0.0000000000
4417  -51.971  3.657  20.664 0.0000000000
4418  -49.139  2.727  19.176 0.0000000000
4419  -48.852  2.762  21.096 0.0000000000
4424  -43.826  1.836  24.830 0.0000000000
4427  -39.008  3.766  22.437 0.0000000000
4428  -38.108  6.216  22.359 0.0000000000
4429  -36.682  5.613  23.512 0.0000000000
4884  -53.751  3.748  11.384 0.0000000000
4885  -48.739  5.907  9.938 0.0000000000
4886  -51.125  4.766  8.067 0.0000000000
4887  -49.994  6.155  7.074 0.0000000000
4888  -51.747  7.015  4.120 0.0000000000
4889  -49.830  8.242  6.196 0.0000000000
4890  -46.948  12.273  20.447 0.0000000000
4891  -46.945  11.644  17.477 0.0000000000
4892  -48.662  13.541  18.457 0.0000000000
4893  -53.224  14.241  12.133 0.0000000000
4894  -51.467  13.016  12.205 0.0000000000
4895  -52.063  12.854  8.494 0.0000000000
4896  -50.686  11.470  4.859 0.0000000000
4897  -51.065  12.901  4.799 0.0000000000
4898  -48.689  12.314  2.300 0.0000000000
4899  -49.945  13.679  5.328 0.0000000000
4900  -47.641  17.370  10.991 0.0000000000
4901  -46.689  14.780  7.532 0.0000000000
4902  -45.389  16.166  8.904 0.0000000000
4903  -42.953  15.595  7.494 0.0000000000
4904  -44.337  17.907  9.328 0.0000000000
6673  -49.571  2.806  15.006 0.0000000000
6674  -50.919  3.471  12.326 0.0000000000
6675  -48.303  4.000  13.466 0.0000000000
6676  -47.605  5.655  12.510 0.0000000000
6677  -47.394  7.701  12.091 0.0000000000
6678  -50.829  15.822  21.776 0.0000000000
6679  -50.810  14.974  18.908 0.0000000000
6680  -52.938  16.081  18.884 0.0000000000
6681  -53.740  15.799  15.680 0.0000000000
6682  -52.813  15.584  12.497 0.0000000000
6683  -50.536  14.870  9.463 0.0000000000
6684  -51.450  17.036  13.082 0.0000000000
6685  -50.383  18.555  12.257 0.0000000000
6686  -49.463  20.076  10.720 0.0000000000
7293  -50.617  6.160  1.321 0.0000000000
7630  -41.547  7.879  20.300 0.0000000000
7631  -43.469  8.638  18.634 0.0000000000
7632  -42.650  9.771  20.955 0.0000000000
7633  -44.324  11.380  21.981 0.0000000000
7634  -46.169  12.941  23.037 0.0000000000
7636  -44.606  15.256  22.700 0.0000000000
7637  -47.866  15.153  23.058 0.0000000000
8616  -55.192  3.966  15.332 0.0000000000
8618  -55.058  4.378  17.477 0.0000000000
8619  -52.308  3.093  16.313 0.0000000000
8620  -49.317  2.596  17.094 0.0000000000
8621  -46.457  2.781  17.786 0.0000000000
8625  -51.093  3.204  24.191 0.0000000000
8626  -46.597  2.416  26.283 0.0000000000
8627  -47.568  2.277  24.473 0.0000000000
8628  -48.337  2.397  22.782 0.0000000000
8629  -45.511  2.212  21.500 0.0000000000
8631  -41.516  5.287  19.802 0.0000000000
9188  -56.479  4.354  5.628 0.0000000000
9189  -52.320  3.930  9.594 0.0000000000
9190  -54.194  4.558  6.556 0.0000000000
9191  -55.281  5.154  3.774 0.0000000000
9192  -53.886  6.284  2.353 0.0000000000
9193  -52.212  7.243  1.376 0.0000000000
9194  -50.598  8.030  0.658 0.0000000000
9195  -45.374  9.340  16.742 0.0000000000
9196  -47.134  9.726  14.755 0.0000000000
9197  -48.283  10.168  12.115 0.0000000000
9198  -50.069  13.680  15.361 0.0000000000
9199  -49.413  11.978  12.333 0.0000000000
9200  -49.169  10.264  8.901 0.0000000000
9201  -50.145  9.944  5.393 0.0000000000
9202  -50.475  9.766  1.912 0.0000000000
9203  -49.019  9.082  0.758 0.0000000000
9207  -48.366  14.065  6.264 0.0000000000
9208  -45.449  13.736  4.542 0.0000000000
9209  -42.573  12.823  4.564 0.0000000000
9210  -41.316  13.911  5.964 0.0000000000
9211  -40.399  15.166  7.253 0.0000000000
10747  -43.761  5.515  17.767 0.0000000000
10748  -44.523  5.829  16.817 0.0000000000
10749  -43.781  6.666  17.572 0.0000000000
10751  -54.011  19.606  17.650 0.0000000000
10753  -54.273  20.082  15.288 0.0000000000
11106  -55.276  4.188  2.948 0.0000000000
12097  -51.907  3.516  21.578 0.0000000000
12098  -50.432  3.238  20.865 0.0000000000
12099  -50.305  3.029  21.841 0.0000000000
12107  -38.430  3.438  23.202 0.0000000000
12108  -37.778  4.629  22.982 0.0000000000
12562  -53.942  3.439  13.697 0.0000000000
12564  -53.134  3.413  12.858 0.0000000000
12565  -48.368  6.872  9.549 0.0000000000
12566  -49.254  6.015  8.593 0.0000000000
12567  -48.955  6.906  8.157 0.0000000000
12568  -49.759  7.149  6.660 0.0000000000
12569  -49.039  8.095  7.718 0.0000000000
12570  -47.967  12.908  21.047 0.0000000000
12571  -47.886  12.879  19.556 0.0000000000
12572  -48.825  13.687  20.124 0.0000000000
12573  -52.825  14.240  10.360 0.0000000000
12574  -52.740  13.564  10.351 0.0000000000
12575  -52.369  13.535  8.530 0.0000000000
12576  -51.816  12.927  6.650 0.0000000000
12577  -51.683  13.522  6.776 0.0000000000
12578  -50.619  13.369  4.960 0.0000000000
12579  -51.121  13.955  6.920 0.0000000000
12580  -47.113  18.349  10.738 0.0000000000
12581  -46.487  16.687  9.920 0.0000000000
12582  -45.913  17.663  10.074 0.0000000000
12583  -44.797  17.032  9.277 0.0000000000
12584  -45.464  18.526  9.823 0.0000000000
14962  -48.142  2.969  15.475 0.0000000000
14963  -48.895  3.280  14.228 0.0000000000
14964  -47.541  3.615  14.707 0.0000000000
14965  -46.160  6.295  14.620 0.0000000000
14966  -47.003  5.498  13.701 0.0000000000
14967  -46.905  6.510  13.431 0.0000000000
14968  -47.439  6.590  12.224 0.0000000000
14969  -46.913  7.541  13.287 0.0000000000
14970  -51.580  16.696  21.267 0.0000000000
14971  -51.970  16.099  20.440 0.0000000000
14972  -52.677  16.831  20.004 0.0000000000
14973  -54.078  17.572  16.682 0.0000000000
14974  -53.987  16.714  17.100 0.0000000000
14975  -53.797  16.589  15.575 0.0000000000
14976  -53.566  15.714  14.016 0.0000000000
14977  -53.152  16.459  14.156 0.0000000000
14978  -52.105  16.255  12.844 0.0000000000
14979  -52.663  17.305  14.133 0.0000000000
14980  -52.869  19.740  12.780 0.0000000000
14981  -51.872  18.981  12.889 0.0000000000
14982  -51.373  19.602  12.053 0.0000000000
14983  -49.904  19.305  11.548 0.0000000000
14984  -50.904  20.236  11.182 0.0000000000
16041  -51.637  5.885  1.218 0.0000000000
16762  -40.853  8.590  21.253 0.0000000000
16763  -42.015  8.871  20.513 0.0000000000
16764  -41.353  9.518  21.532 0.0000000000
16765  -42.100  12.502  23.037 0.0000000000
16766  -42.840  11.362  22.420 0.0000000000
16767  -43.648  12.284  22.936 0.0000000000
16768  -45.251  12.158  22.571 0.0000000000
16769  -44.495  13.234  23.342 0.0000000000
16774  -43.958  16.040  21.605 0.0000000000
16776  -46.252  15.165  23.019 0.0000000000
16777  -47.062  16.084  22.447 0.0000000000
16778  -48.656  16.165  22.516 0.0000000000
16779  -47.915  16.867  21.669 0.0000000000
18998  -56.561  4.470  14.768 0.0000000000
18999  -56.524  4.675  15.801 0.0000000000
19004  -55.032  4.619  18.654 0.0000000000
19005  -53.640  3.941  18.047 0.0000000000
19006  -53.675  3.674  16.924 0.0000000000
19007  -52.184  3.273  17.440 0.0000000000
19008  -50.772  2.799  16.766 0.0000000000
19009  -50.695  2.884  17.844 0.0000000000
19010  -47.642  2.518  19.445 0.0000000000
19011  -47.733  2.518  18.436 0.0000000000
19012  -46.297  2.654  18.751 0.0000000000
19025  -44.678  2.094  26.418 0.0000000000
19027  -45.740  2.035  24.675 0.0000000000
19028  -46.154  1.999  23.839 0.0000000000
19029  -47.911  2.300  23.620 0.0000000000
19030  -46.565  2.066  22.954 0.0000000000
19031  -46.917  2.255  22.157 0.0000000000
19032  -45.198  2.044  22.287 0.0000000000
19038  -40.632  6.066  20.476 0.0000000000
19039  -39.849  5.623  21.075 0.0000000000
20413  -56.894  4.121  6.570 0.0000000000
20415  -50.222  3.879  11.523 0.0000000000
20416  -51.565  3.688  10.969 0.0000000000
20417  -50.902  4.079  10.194 0.0000000000
20418  -52.035  5.049  6.570 0.0000000000
20419  -52.705  4.553  7.235 0.0000000000
20420  -53.668  4.938  5.764 0.0000000000
20421  -54.972  4.960  5.091 0.0000000000
20422  -54.313  5.459  4.296 0.0000000000
20423  -54.659  5.734  3.007 0.0000000000
20424  -53.621  6.081  3.611 0.0000000000
20425  -51.519  7.851  3.628 0.0000000000
20426  -52.399  7.403  2.587 0.0000000000
20427  -51.881  8.013  1.997 0.0000000000
20428  -51.396  7.606  0.931 0.0000000000
20429  -51.254  8.377  1.390 0.0000000000
20430  -44.129  9.751  18.915 0.0000000000
20431  -44.436  9.103  17.647 0.0000000000
20432  -45.083  10.226  17.910 0.0000000000
20433  -47.719  11.902  16.386 0.0000000000
20434  -47.060  10.771  16.034 0.0000000000
20435  -47.789  10.945  14.998 0.0000000000
20436  -47.745  9.992  13.520 0.0000000000
20437  -48.361  11.074  13.736 0.0000000000
20438  -51.675  14.973  17.238 0.0000000000
20439  -50.480  14.509  17.165 0.0000000000
20440  -51.257  14.184  15.431 0.0000000000
20441  -50.955  12.259  10.469 0.0000000000
20442  -50.422  12.503  12.295 0.0000000000
20443  -49.949  11.784  10.579 0.0000000000
20444  -49.309  11.207  10.582 0.0000000000
20445  -49.741  11.031  8.855 0.0000000000
20446  -49.657  10.144  7.276 0.0000000000
20447  -50.072  10.816  6.923 0.0000000000
20448  -50.409  11.399  3.077 0.0000000000
20449  -50.377  10.623  3.232 0.0000000000
20450  -50.014  10.503  1.763 0.0000000000
20451  -49.913  9.540  0.979 0.0000000000
20452  -49.300  10.208  0.988 0.0000000000
20453  -48.324  9.675  0.990 0.0000000000
20454  -48.773  10.827  1.278 0.0000000000
20455  -47.918  12.714  2.767 0.0000000000
20456  -47.337  11.862  2.150 0.0000000000
20460  -49.695  15.238  10.000 0.0000000000
20461  -49.511  14.446  7.792 0.0000000000
20462  -48.707  14.735  8.367 0.0000000000
20463  -45.457  14.596  6.544 0.0000000000
20464  -46.105  14.174  5.802 0.0000000000
20465  -44.637  14.071  5.120 0.0000000000
20466  -43.937  13.413  4.267 0.0000000000
20467  -43.231  13.875  4.876 0.0000000000
20468  -41.906  13.347  5.227 0.0000000000
20469  -42.615  14.325  5.682 0.0000000000
20470  -42.531  16.280  8.104 0.0000000000
20471  -41.660  15.459  7.198 0.0000000000
20472  -41.284  16.075  7.793 0.0000000000
20473  -39.996  15.810  7.844 0.0000000000
23953  -45.683  4.022  16.538 0.0000000000
23954  -46.378  4.202  15.362 0.0000000000
23955  -45.410  5.003  16.080 0.0000000000
23956  -45.328  6.033  15.739 0.0000000000
23957  -45.502  7.140  15.550 0.0000000000
23959  -53.308  17.741  19.407 0.0000000000
23960  -53.740  18.704  18.643 0.0000000000
23961  -54.190  18.560  17.357 0.0000000000
23962  -54.014  18.441  16.030 0.0000000000
23963  -53.377  18.335  14.665 0.0000000000
23964  -53.967  19.279  14.958 0.0000000000
23965  -53.893  19.847  13.792 0.0000000000
24600  -53.575  5.127  1.622 0.0000000000
25033  -39.417  10.496  22.800 0.0000000000
25034  -40.699  10.411  22.358 0.0000000000
25035  -39.960  11.644  22.970 0.0000000000
26381  -52.096  3.618  19.585 0.0000000000
26382  -50.639  3.016  18.908 0.0000000000
26383  -50.571  3.157  19.899 0.0000000000
26384  -48.997  2.761  20.158 0.0000000000
26385  -47.466  2.489  20.436 0.0000000000
26392  -43.253  1.914  25.674 0.0000000000
26394  -42.459  1.733  24.223 0.0000000000
26399  -39.596  4.062  21.666 0.0000000000
26400  -39.146  5.296  21.615 0.0000000000
26401  -38.415  4.988  22.240 0.0000000000
26402  -37.344  6.006  22.943 0.0000000000
27225  -49.114  5.107  10.270 0.0000000000
27226  -50.288  4.571  9.506 0.0000000000
27227  -49.737  5.207  9.000 0.0000000000
27228  -50.495  5.406  7.578 0.0000000000
27229  -51.405  5.704  5.979 0.0000000000
27230  -52.237  6.155  4.556 0.0000000000
27231  -50.943  6.476  5.596 0.0000000000
27232  -50.678  7.510  5.153 0.0000000000
27233  -50.669  8.480  4.651 0.0000000000
27234  -45.899  11.548  19.835 0.0000000000
27235  -45.931  11.218  18.351 0.0000000000
27236  -46.947  12.146  18.957 0.0000000000
27237  -47.789  12.620  17.948 0.0000000000
27238  -48.387  12.994  16.764 0.0000000000
27239  -52.963  14.403  13.876 0.0000000000
27240  -51.989  13.893  13.801 0.0000000000
27241  -52.535  13.601  12.101 0.0000000000
27242  -51.954  12.851  10.391 0.0000000000
27243  -51.326  12.193  8.532 0.0000000000
27244  -50.681  11.516  6.738 0.0000000000
27245  -51.383  12.237  6.645 0.0000000000
27246  -51.086  12.252  4.752 0.0000000000
27247  -50.338  12.098  3.070 0.0000000000
27248  -49.317  11.801  2.033 0.0000000000
27249  -49.991  12.631  3.171 0.0000000000
27250  -49.350  13.059  3.601 0.0000000000
27251  -48.600  13.388  4.030 0.0000000000
27252  -48.289  16.500  10.768 0.0000000000
27253  -47.868  15.149  8.831 0.0000000000
27254  -47.140  15.828  9.482 0.0000000000
27255  -46.057  15.312  8.193 0.0000000000
27256  -44.873  15.113  7.381 0.0000000000
27257  -43.558  14.999  6.783 0.0000000000
27258  -44.267  15.739  8.079 0.0000000000
27259  -43.716  16.569  8.615 0.0000000000
27260  -43.283  17.362  8.742 0.0000000000
30931  -51.094  2.871  14.565 0.0000000000
30932  -51.747  3.191  13.234 0.0000000000
30933  -50.367  3.087  13.647 0.0000000000
30934  -49.583  3.629  12.870 0.0000000000
30935  -49.003  4.237  12.121 0.0000000000
30936  -47.191  4.492  14.124 0.0000000000
30937  -47.920  4.793  12.839 0.0000000000
30938  -48.518  4.950  11.593 0.0000000000
30939  -48.183  5.790  11.216 0.0000000000
30940  -47.938  6.763  11.033 0.0000000000
30941  -47.802  7.847  10.695 0.0000000000
30942  -49.763  14.824  21.888 0.0000000000
30943  -49.806  14.582  20.457 0.0000000000
30944  -50.953  15.342  20.573 0.0000000000
30945  -51.997  15.573  19.030 0.0000000000
30946  -52.781  15.385  17.262 0.0000000000
30947  -53.617  16.833  18.589 0.0000000000
30948  -53.589  15.946  17.326 0.0000000000
30949  -53.292  15.125  15.584 0.0000000000
30950  -53.525  15.001  13.978 0.0000000000
30951  -53.264  14.948  12.265 0.0000000000
30952  -52.431  14.796  10.613 0.0000000000
30953  -51.356  14.566  9.003 0.0000000000
30954  -51.738  15.321  11.083 0.0000000000
30955  -50.845  15.818  11.538 0.0000000000
30956  -50.087  16.386  11.878 0.0000000000
30957  -52.285  18.225  13.645 0.0000000000
30958  -50.854  17.863  12.914 0.0000000000
30959  -49.472  17.201  12.000 0.0000000000
30960  -49.009  18.032  11.671 0.0000000000
30961  -48.551  18.918  11.120 0.0000000000
30962  -48.112  19.721  10.414 0.0000000000
33328  -42.169  7.082  19.348 0.0000000000
33329  -43.054  7.492  18.476 0.0000000000
33330  -42.515  8.211  19.483 0.0000000000
33331  -43.065  9.239  19.756 0.0000000000
33332  -43.828  10.165  20.162 0.0000000000
33333  -42.037  10.427  21.938 0.0000000000
33334  -43.406  10.602  21.476 0.0000000000
33335  -44.745  10.933  20.697 0.0000000000
33336  -45.765  11.693  21.287 0.0000000000
33337  -46.787  12.354  21.824 0.0000000000
33338  -47.641  13.115  22.391 0.0000000000
33344  -43.719  14.442  23.114 0.0000000000
33345  -45.392  14.123  23.385 0.0000000000
33346  -46.991  13.898  23.328 0.0000000000
33347  -48.485  14.212  22.740 0.0000000000
33348  -49.383  15.376  22.602 0.0000000000
33349  -50.230  16.458  22.096 0.0000000000
33350  -50.904  17.356  21.224 0.0000000000
36101  -55.275  3.885  14.195 0.0000000000
36102  -53.942  3.399  14.714 0.0000000000
36107  -56.466  5.134  18.032 0.0000000000
36108  -56.488  4.861  16.893 0.0000000000
36109  -55.114  4.168  16.400 0.0000000000
36110  -53.818  3.480  15.768 0.0000000000
36111  -52.443  2.986  15.198 0.0000000000
36112  -50.925  2.732  15.622 0.0000000000
36113  -49.468  2.670  16.092 0.0000000000
36114  -47.998  2.749  16.467 0.0000000000
36115  -49.240  2.653  18.190 0.0000000000
36116  -47.893  2.633  17.433 0.0000000000
36117  -46.645  3.017  16.850 0.0000000000
36118  -45.420  3.590  17.350 0.0000000000
36132  -48.435  2.731  26.135 0.0000000000
36133  -45.220  2.086  25.496 0.0000000000
36134  -47.080  2.306  25.404 0.0000000000
36135  -48.879  2.671  25.325 0.0000000000
36136  -49.311  2.677  24.431 0.0000000000
36137  -49.707  2.703  23.497 0.0000000000
36138  -50.061  2.833  22.668 0.0000000000
36139  -48.604  2.554  21.942 0.0000000000
36140  -47.246  2.408  21.345 0.0000000000
36141  -45.819  2.394  20.632 0.0000000000
36147  -42.253  5.763  19.135 0.0000000000
36148  -41.399  6.562  19.971 0.0000000000
36149  -40.641  7.356  20.867 0.0000000000
36150  -39.911  8.176  21.737 0.0000000000
36153  -39.103  9.173  22.432 0.0000000000
37806  -57.204  3.325  6.383 0.0000000000
37807  -56.954  3.695  5.429 0.0000000000
37808  -56.441  4.055  4.533 0.0000000000
37809  -52.291  3.508  11.829 0.0000000000
37810  -52.967  3.769  10.432 0.0000000000
37812  -51.743  4.294  8.759 0.0000000000
37813  -53.247  4.235  8.105 0.0000000000
37814  -54.803  4.440  7.459 0.0000000000
37815  -55.613  4.596  5.915 0.0000000000
37816  -55.931  4.691  4.657 0.0000000000
37817  -55.852  4.553  3.615 0.0000000000
37818  -55.164  5.082  2.805 0.0000000000
37819  -54.369  5.592  2.079 0.0000000000
37820  -53.479  6.005  1.548 0.0000000000
37821  -52.894  6.706  3.132 0.0000000000
37822  -53.042  6.766  1.897 0.0000000000
37823  -52.481  6.403  1.133 0.0000000000
37824  -51.516  6.799  0.852 0.0000000000
37825  -50.593  7.136  0.859 0.0000000000
37826  -49.681  7.565  0.921 0.0000000000
37827  -43.971  7.904  17.542 0.0000000000
37828  -44.920  8.153  16.564 0.0000000000
37829  -45.799  8.356  15.583 0.0000000000
37830  -46.012  10.485  17.010 0.0000000000
37831  -46.266  9.546  15.756 0.0000000000
37832  -46.546  8.551  14.537 0.0000000000
37833  -47.139  8.752  13.417 0.0000000000
37834  -47.654  8.924  12.008 0.0000000000
37835  -48.166  9.132  10.526 0.0000000000
37836  -49.638  14.373  18.801 0.0000000000
37837  -49.314  13.914  17.068 0.0000000000
37838  -49.009  13.014  15.377 0.0000000000
37839  -50.794  13.312  13.815 0.0000000000
37840  -49.729  12.757  13.913 0.0000000000
37841  -48.843  12.036  13.846 0.0000000000
37842  -48.833  11.166  12.252 0.0000000000
37843  -48.719  10.270  10.528 0.0000000000
37844  -48.673  9.254  8.988 0.0000000000
37845  -49.317  9.255  7.406 0.0000000000
37847  -50.604  9.142  4.119 0.0000000000
37848  -50.314  10.663  5.065 0.0000000000
37849  -50.527  9.782  3.613 0.0000000000
37850  -50.953  9.055  2.300 0.0000000000
37851  -50.564  8.871  1.019 0.0000000000
37852  -49.717  8.505  0.603 0.0000000000
37857  -48.101  11.348  1.650 0.0000000000
37863  -50.313  14.243  7.299 0.0000000000
37864  -49.243  13.895  5.787 0.0000000000
37865  -47.743  13.635  4.599 0.0000000000
37866  -47.527  14.381  6.917 0.0000000000
37867  -46.891  13.897  5.200 0.0000000000
37868  -46.261  13.384  3.963 0.0000000000
37869  -44.831  13.018  3.785 0.0000000000
37870  -43.383  12.391  3.999 0.0000000000
37871  -42.543  11.615  5.037 0.0000000000
37875  -42.122  14.856  6.517 0.0000000000
37876  -40.799  14.539  6.558 0.0000000000
37943  -47.725  20.304  9.409 0.0000000000
37952  -46.277  19.795  9.245 0.0000000000
37953  -45.060  19.251  9.104 0.0000000000
37954  -43.961  18.681  8.914 0.0000000000
37955  -42.820  18.274  8.730 0.0000000000
41467  -43.318  5.927  18.134 0.0000000000
41468  -43.729  6.083  17.677 0.0000000000
41469  -43.352  6.505  18.043 0.0000000000
41826  -55.616  3.982  3.356 0.0000000000
42815  -52.556  3.625  22.239 0.0000000000
42816  -52.626  3.732  21.798 0.0000000000
42817  -51.834  3.423  21.997 0.0000000000
42818  -51.126  3.243  21.767 0.0000000000
42819  -51.016  3.177  22.155 0.0000000000
42827  -38.080  3.288  23.595 0.0000000000
43282  -53.260  3.221  13.950 0.0000000000
43283  -53.563  3.392  13.331 0.0000000000
43284  -52.926  3.213  13.542 0.0000000000
43285  -48.269  7.411  9.331 0.0000000000
43286  -48.610  6.890  8.818 0.0000000000
43287  -48.590  7.420  8.654 0.0000000000
43288  -48.914  7.457  7.944 0.0000000000
43289  -48.676  8.050  8.428 0.0000000000
43290  -48.415  13.318  21.347 0.0000000000
43291  -48.416  13.282  20.604 0.0000000000
43292  -48.913  13.721  20.859 0.0000000000
43293  -52.476  14.201  9.483 0.0000000000
43294  -52.608  13.883  9.441 0.0000000000
43295  -52.286  13.850  8.580 0.0000000000
43296  -52.043  13.548  7.652 0.0000000000
43297  -51.901  13.800  7.677 0.0000000000
43298  -51.438  13.748  6.810 0.0000000000
43299  -51.607  14.033  7.773 0.0000000000
43300  -46.892  18.804  10.500 0.0000000000
43301  -46.501  18.010  10.389 0.0000000000
43302  -46.300  18.466  10.257 0.0000000000
43303  -45.698  18.110  9.953 0.0000000000
43304  -46.107  18.866  10.022 0.0000000000
45682  -47.474  3.136  15.614 0.0000000000
45683  -47.801  3.287  15.072 0.0000000000
45684  -47.154  3.511  15.296 0.0000000000
45685  -46.209  6.859  14.513 0.0000000000
45686  -46.558  6.416  14.022 0.0000000000
45687  -46.569  6.941  13.932 0.0000000000
45688  -46.868  7.020  13.349 0.0000000000
45689  -46.623  7.447  13.862 0.0000000000
45690  -51.875  17.131  20.837 0.0000000000
45691  -52.147  16.794  20.605 0.0000000000
45692  -52.476  17.221  20.301 0.0000000000
45693  -53.919  17.510  15.984 0.0000000000
45694  -53.946  17.087  16.184 0.0000000000
45695  -53.728  17.020  15.489 0.0000000000
45696  -53.532  16.530  14.802 0.0000000000
45697  -53.391  16.967  14.774 0.0000000000
45698  -52.920  16.884  14.204 0.0000000000
45699  -53.175  17.390  14.705 0.0000000000
45700  -52.645  20.026  12.277 0.0000000000
45701  -52.160  19.683  12.366 0.0000000000
45702  -51.916  19.981  11.902 0.0000000000
45703  -51.120  19.905  11.622 0.0000000000
45704  -51.669  20.289  11.469 0.0000000000
46757  -52.792  4.960  1.621 0.0000000000
46759  -52.229  5.081  1.545 0.0000000000
46760  -51.739  5.270  1.523 0.0000000000
46761  -52.166  5.696  1.266 0.0000000000
47482  -40.495  8.901  21.722 0.0000000000
47483  -41.089  9.048  21.364 0.0000000000
47484  -40.742  9.429  21.832 0.0000000000
47485  -42.490  13.016  23.110 0.0000000000
47486  -42.883  12.399  22.989 0.0000000000
47487  -43.293  12.901  23.186 0.0000000000
47488  -44.060  12.789  23.133 0.0000000000
47489  -43.675  13.424  23.294 0.0000000000
47497  -46.651  16.447  21.933 0.0000000000
47498  -47.467  16.478  22.091 0.0000000000
49717  -57.846  4.895  15.742 0.0000000000
49718  -57.223  4.802  15.475 0.0000000000
49719  -57.227  4.940  16.041 0.0000000000
49726  -52.899  3.584  17.736 0.0000000000
49727  -52.131  3.381  18.023 0.0000000000
49728  -51.440  3.078  17.650 0.0000000000
49729  -51.397  3.153  18.202 0.0000000000
49730  -46.873  2.484  19.566 0.0000000000
49731  -46.990  2.522  19.083 0.0000000000
49732  -46.198  2.577  19.253 0.0000000000
49733  -45.578  2.776  18.948 0.0000000000
49734  -45.444  2.670  19.408 0.0000000000
49745  -43.688  1.925  26.516 0.0000000000
49747  -45.247  1.909  23.957 0.0000000000
49748  -45.488  1.881  23.515 0.0000000000
49749  -46.353  2.029  23.396 0.0000000000
49750  -45.698  1.947  23.098 0.0000000000
49751  -45.896  2.032  22.662 0.0000000000
49752  -45.013  1.941  22.750 0.0000000000
49757  -40.543  4.625  20.691 0.0000000000
49758  -40.334  5.234  20.697 0.0000000000
49759  -39.987  5.027  21.008 0.0000000000
51134  -55.770  4.494  7.676 0.0000000000
51135  -49.904  4.140  11.161 0.0000000000
51136  -50.545  3.994  10.848 0.0000000000
51137  -50.232  4.232  10.483 0.0000000000
51138  -52.517  5.269  5.852 0.0000000000
51139  -52.870  4.964  6.170 0.0000000000
51140  -53.320  5.219  5.455 0.0000000000
51141  -54.067  5.215  5.002 0.0000000000
51142  -53.686  5.508  4.695 0.0000000000
51143  -53.981  5.788  3.933 0.0000000000
51144  -53.327  5.823  4.340 0.0000000000
51145  -51.438  8.223  3.338 0.0000000000
51146  -51.788  7.963  2.814 0.0000000000
51147  -51.661  8.279  2.497 0.0000000000
51148  -51.534  8.180  1.628 0.0000000000
51149  -51.415  8.489  2.149 0.0000000000
51150  -44.505  10.278  19.087 0.0000000000
51151  -44.614  10.005  18.431 0.0000000000
51152  -44.990  10.521  18.602 0.0000000000
51153  -48.039  12.003  15.819 0.0000000000
51154  -47.770  11.448  15.702 0.0000000000
51155  -48.069  11.524  15.135 0.0000000000
51156  -48.088  11.021  14.394 0.0000000000
51157  -48.329  11.536  14.468 0.0000000000
51158  -52.049  14.825  16.414 0.0000000000
51159  -51.469  14.602  16.335 0.0000000000
51160  -51.852  14.434  15.513 0.0000000000
51161  -50.715  11.938  9.598 0.0000000000
51162  -50.451  12.041  10.542 0.0000000000
51163  -50.228  11.703  9.674 0.0000000000
51164  -49.845  11.430  9.712 0.0000000000
51165  -50.063  11.336  8.790 0.0000000000
51166  -49.931  10.933  7.948 0.0000000000
51167  -50.264  11.228  7.838 0.0000000000
51168  -50.034  11.313  2.312 0.0000000000
51169  -50.171  10.949  2.368 0.0000000000
51170  -49.822  10.842  1.748 0.0000000000
51171  -49.692  10.377  1.326 0.0000000000
51172  -49.487  10.704  1.362 0.0000000000
51173  -49.042  10.517  1.139 0.0000000000
51174  -49.269  11.039  1.492 0.0000000000
51175  -47.583  12.946  3.075 0.0000000000
51176  -47.243  12.537  2.669 0.0000000000
51177  -46.873  12.714  2.960 0.0000000000
51179  -46.441  12.875  3.280 0.0000000000
51180  -49.311  15.479  10.279 0.0000000000
51181  -49.196  14.984  9.165 0.0000000000
51182  -48.792  15.186  9.456 0.0000000000
51183  -44.783  14.533  6.167 0.0000000000
51184  -45.070  14.327  5.792 0.0000000000
51185  -44.358  14.269  5.473 0.0000000000
51186  -43.914  13.993  4.909 0.0000000000
51187  -43.645  14.204  5.301 0.0000000000
51188  -42.933  14.077  5.285 0.0000000000
51189  -43.375  14.426  5.736 0.0000000000
51190  -42.340  16.629  8.264 0.0000000000
51191  -41.925  16.166  7.901 0.0000000000
55283  -45.524  4.482  16.291 0.0000000000
55284  -45.032  4.865  16.625 0.0000000000
55285  -44.523  6.408  16.689 0.0000000000
55286  -44.917  5.925  16.285 0.0000000000
55287  -44.973  6.474  16.155 0.0000000000
55288  -45.401  6.594  15.631 0.0000000000
55289  -45.067  7.033  16.078 0.0000000000
55291  -53.372  18.662  19.244 0.0000000000
55292  -53.490  19.165  18.689 0.0000000000
55293  -54.209  19.482  17.037 0.0000000000
55294  -54.141  19.086  17.534 0.0000000000
55295  -54.238  18.999  16.875 0.0000000000
55296  -54.210  18.493  16.653 0.0000000000
55297  -54.186  18.913  16.162 0.0000000000
55298  -53.982  18.863  15.509 0.0000000000
55299  -54.193  19.311  15.656 0.0000000000
55300  -54.259  20.384  14.669 0.0000000000
55301  -54.151  19.946  14.493 0.0000000000
55303  -53.828  20.174  13.232 0.0000000000
56357  -54.549  4.062  2.571 0.0000000000
56359  -54.128  4.275  2.261 0.0000000000
56361  -54.034  4.861  1.903 0.0000000000
57082  -39.006  11.135  23.068 0.0000000000
57083  -39.679  11.052  22.881 0.0000000000
57084  -39.286  11.722  23.068 0.0000000000
59325  -52.741  3.915  20.500 0.0000000000
59327  -52.024  3.664  20.142 0.0000000000
59328  -51.315  3.383  19.770 0.0000000000
59329  -51.259  3.431  20.267 0.0000000000
59330  -49.650  2.955  20.977 0.0000000000
59331  -49.713  2.982  20.513 0.0000000000
59332  -48.922  2.760  20.616 0.0000000000
59333  -48.221  2.594  20.278 0.0000000000
59334  -48.158  2.598  20.759 0.0000000000
59354  -40.239  2.834  22.487 0.0000000000
59355  -39.736  3.342  22.245 0.0000000000
59356  -39.995  3.501  21.873 0.0000000000
59357  -39.308  3.898  22.021 0.0000000000
59358  -38.984  4.493  21.943 0.0000000000
59359  -38.678  4.325  22.289 0.0000000000
59361  -37.530  5.329  22.931 0.0000000000
59362  -37.006  5.824  23.227 0.0000000000
60735  -48.926  5.471  10.085 0.0000000000
60736  -49.420  5.163  9.627 0.0000000000
60737  -49.199  5.543  9.450 0.0000000000
60738  -49.607  6.078  7.840 0.0000000000
60739  -49.817  5.678  8.117 0.0000000000
60740  -50.217  5.775  7.307 0.0000000000
60741  -50.891  5.527  6.771 0.0000000000
60742  -50.666  5.890  6.522 0.0000000000
60743  -51.146  6.040  5.752 0.0000000000
60744  -50.450  6.275  6.325 0.0000000000
60745  -49.788  7.711  6.429 0.0000000000
60746  -50.223  7.312  5.921 0.0000000000
60747  -50.199  7.883  5.644 0.0000000000
60748  -50.667  8.029  4.910 0.0000000000
60749  -50.247  8.362  5.434 0.0000000000
60750  -46.435  11.929  20.144 0.0000000000
60751  -46.449  11.859  19.403 0.0000000000
60752  -46.946  12.215  19.715 0.0000000000
60753  -48.300  13.237  19.041 0.0000000000
60754  -47.838  12.803  18.757 0.0000000000
60755  -48.220  13.099  18.219 0.0000000000
60756  -48.121  12.818  17.364 0.0000000000
60757  -48.529  13.327  17.605 0.0000000000
60758  -53.196  14.291  12.991 0.0000000000
60759  -52.781  14.000  12.959 0.0000000000
60760  -52.966  13.904  12.080 0.0000000000
60761  -52.435  13.196  9.440 0.0000000000
60762  -52.394  13.198  10.369 0.0000000000
60763  -52.068  12.844  9.454 0.0000000000
60764  -51.667  12.485  9.487 0.0000000000
60765  -51.701  12.511  8.495 0.0000000000
60766  -51.337  12.196  7.556 0.0000000000
60767  -51.701  12.549  7.556 0.0000000000
60768  -51.500  12.941  5.727 0.0000000000
60769  -51.474  12.603  5.695 0.0000000000
60770  -51.134  12.591  4.765 0.0000000000
60771  -50.764  12.192  3.862 0.0000000000
60772  -50.698  12.510  3.856 0.0000000000
60773  -50.205  12.379  3.101 0.0000000000
60774  -50.538  12.786  3.857 0.0000000000
60775  -50.318  13.566  5.172 0.0000000000
60776  -49.956  13.227  4.149 0.0000000000
60777  -49.648  13.391  4.424 0.0000000000
60778  -48.973  13.242  3.788 0.0000000000
60779  -49.286  13.531  4.621 0.0000000000
60780  -47.968  16.905  10.897 0.0000000000
60781  -47.686  16.122  10.192 0.0000000000
60782  -47.366  16.545  10.337 0.0000000000
60783  -45.924  16.362  9.443 0.0000000000
60784  -46.264  15.936  9.119 0.0000000000
60785  -45.729  15.709  8.574 0.0000000000
60786  -45.476  15.212  7.767 0.0000000000
60787  -45.174  15.542  8.166 0.0000000000
60788  -44.569  15.412  7.708 0.0000000000
60789  -44.843  15.905  8.451 0.0000000000
60790  -44.535  17.504  9.357 0.0000000000
60791  -44.287  16.750  8.961 0.0000000000
60792  -44.044  17.206  9.032 0.0000000000
60793  -43.490  16.960  8.760 0.0000000000
60794  -43.848  17.605  9.036 0.0000000000
67927  -50.349  2.801  14.766 0.0000000000
67928  -50.720  2.952  14.114 0.0000000000
67929  -49.977  2.925  14.331 0.0000000000
67930  -48.586  3.609  13.835 0.0000000000
67931  -49.250  3.447  13.545 0.0000000000
67932  -48.913  3.796  13.152 0.0000000000
67933  -49.274  3.928  12.461 0.0000000000
67934  -48.649  4.130  12.754 0.0000000000
67935  -46.311  4.675  15.119 0.0000000000
67936  -46.794  4.347  14.758 0.0000000000
67937  -46.709  4.820  14.516 0.0000000000
67938  -47.320  5.602  13.108 0.0000000000
67939  -47.427  5.130  13.260 0.0000000000
67940  -47.750  5.229  12.645 0.0000000000
67941  -48.232  4.871  12.195 0.0000000000
67942  -48.040  5.285  11.996 0.0000000000
67943  -48.328  5.358  11.379 0.0000000000
67944  -47.899  5.697  11.863 0.0000000000
67945  -47.376  7.114  12.139 0.0000000000
67946  -47.674  6.671  11.624 0.0000000000
67947  -47.607  7.218  11.518 0.0000000000
67948  -47.835  7.291  10.878 0.0000000000
67949  -47.579  7.774  11.394 0.0000000000
67950  -50.314  15.343  21.887 0.0000000000
67951  -50.406  15.133  21.280 0.0000000000
67952  -50.935  15.551  21.246 0.0000000000
67953  -52.490  16.078  19.707 0.0000000000
67954  -52.023  15.822  19.831 0.0000000000
67955  -52.499  15.799  18.958 0.0000000000
67956  -52.414  15.502  18.122 0.0000000000
67957  -52.906  15.733  18.108 0.0000000000
67958  -53.715  17.732  18.780 0.0000000000
67959  -53.491  17.281  19.088 0.0000000000
67960  -53.830  17.234  18.376 0.0000000000
67961  -53.882  16.241  16.406 0.0000000000
67962  -53.829  16.313  17.227 0.0000000000
67963  -53.700  15.867  16.468 0.0000000000
67964  -53.462  15.504  16.418 0.0000000000
67965  -53.565  15.446  15.670 0.0000000000
67966  -53.470  15.044  14.829 0.0000000000
67967  -53.637  15.383  14.839 0.0000000000
67968  -53.270  15.643  13.245 0.0000000000
67969  -53.453  15.333  13.184 0.0000000000
67970  -53.087  15.261  12.377 0.0000000000
67971  -52.882  14.884  11.428 0.0000000000
67972  -52.602  15.177  11.587 0.0000000000
67973  -52.106  15.073  10.813 0.0000000000
67974  -52.271  15.478  11.776 0.0000000000
67975  -51.763  16.611  12.955 0.0000000000
67976  -51.460  16.046  12.220 0.0000000000
67977  -51.106  16.410  12.401 0.0000000000
67978  -50.422  16.040  11.756 0.0000000000
67979  -50.768  16.744  12.507 0.0000000000
67980  -53.305  18.752  14.242 0.0000000000
67981  -52.929  18.303  14.154 0.0000000000
67982  -52.748  18.702  13.737 0.0000000000
67983  -51.114  18.818  12.582 0.0000000000
67984  -51.352  18.481  12.958 0.0000000000
67985  -50.627  18.216  12.602 0.0000000000
67986  -50.167  17.520  12.387 0.0000000000
67987  -49.921  17.914  12.215 0.0000000000
67988  -49.233  17.599  11.858 0.0000000000
67989  -49.656  18.289  11.992 0.0000000000
67990  -49.700  19.706  11.132 0.0000000000
67991  -49.241  19.150  11.331 0.0000000000
67992  -49.036  19.553  10.973 0.0000000000
67993  -48.330  19.355  10.819 0.0000000000
67994  -48.810  19.911  10.547 0.0000000000
71162  -50.751  5.592  1.628 0.0000000000
71166  -50.118  6.314  1.436 0.0000000000
73327  -41.847  7.491  19.819 0.0000000000
73328  -42.300  7.658  19.397 0.0000000000
73329  -42.025  8.064  19.907 0.0000000000
73330  -42.311  9.332  20.687 0.0000000000
73331  -42.551  9.043  20.161 0.0000000000
73332  -42.868  9.490  20.367 0.0000000000
73333  -43.437  9.721  19.951 0.0000000000
73334  -43.239  9.936  20.590 0.0000000000
73335  -41.038  10.913  22.532 0.0000000000
73336  -41.397  10.398  22.155 0.0000000000
73337  -41.733  10.898  22.356 0.0000000000
73338  -43.581  11.353  22.269 0.0000000000
73339  -43.131  10.940  21.999 0.0000000000
73340  -43.852  10.973  21.709 0.0000000000
73341  -44.076  10.702  21.053 0.0000000000
73342  -44.567  11.069  21.365 0.0000000000
73343  -45.235  11.312  20.990 0.0000000000
73344  -45.047  11.464  21.662 0.0000000000
73345  -45.717  12.539  22.842 0.0000000000
73346  -46.038  12.167  22.263 0.0000000000
73347  -46.505  12.555  22.496 0.0000000000
73348  -47.215  12.620  22.104 0.0000000000
73349  -46.934  12.930  22.788 0.0000000000
73361  -44.290  15.656  22.152 0.0000000000
73364  -43.360  14.900  22.688 0.0000000000
73365  -44.138  14.843  22.984 0.0000000000
73366  -44.531  14.319  23.322 0.0000000000
73367  -44.972  14.738  23.136 0.0000000000
73368  -47.070  15.149  23.106 0.0000000000
73369  -46.648  14.570  23.289 0.0000000000
73370  -47.458  14.592  23.234 0.0000000000
73371  -47.804  14.076  23.073 0.0000000000
73372  -48.201  14.647  23.121 0.0000000000
73373  -48.906  14.802  22.728 0.0000000000
73374  -48.619  15.226  22.899 0.0000000000
73375  -49.068  16.647  22.109 0.0000000000
73376  -49.479  16.286  22.374 0.0000000000
73377  -49.878  16.781  21.941 0.0000000000
73378  -50.610  17.003  21.737 0.0000000000
73379  -50.257  17.269  21.487 0.0000000000
80029  -57.195  4.462  13.939 0.0000000000
80030  -55.879  4.255  15.069 0.0000000000
80031  -55.918  4.163  14.505 0.0000000000
80032  -55.255  3.913  14.758 0.0000000000
80033  -54.616  3.625  14.450 0.0000000000
80034  -54.575  3.647  15.000 0.0000000000
80046  -55.055  4.501  18.065 0.0000000000
80047  -55.733  4.907  18.401 0.0000000000
80048  -55.779  4.776  17.781 0.0000000000
80049  -56.502  4.977  17.452 0.0000000000
80050  -55.796  4.637  17.162 0.0000000000
80051  -55.777  4.510  16.578 0.0000000000
80052  -55.074  4.285  16.969 0.0000000000
80053  -52.954  3.351  16.653 0.0000000000
80054  -53.736  3.548  16.327 0.0000000000
80055  -53.057  3.287  16.082 0.0000000000
80056  -53.157  3.232  15.505 0.0000000000
80057  -52.355  3.008  15.764 0.0000000000
80058  -51.676  2.840  15.427 0.0000000000
80059  -51.589  2.842  15.960 0.0000000000
80060  -50.027  2.697  16.960 0.0000000000
80061  -50.109  2.676  16.414 0.0000000000
80062  -49.394  2.626  16.578 0.0000000000
80063  -48.724  2.694  16.284 0.0000000000
80064  -48.680  2.633  16.745 0.0000000000
80065  -49.896  2.863  19.043 0.0000000000
80066  -49.941  2.793  18.550 0.0000000000
80067  -49.190  2.694  18.690 0.0000000000
80068  -47.082  2.614  18.088 0.0000000000
80069  -47.815  2.579  17.939 0.0000000000
80070  -47.171  2.691  17.602 0.0000000000
80071  -47.237  2.756  17.106 0.0000000000
80072  -46.542  2.888  17.321 0.0000000000
80073  -46.002  3.304  17.104 0.0000000000
80074  -45.887  3.143  17.546 0.0000000000
80102  -51.261  3.205  23.747 0.0000000000
80106  -46.344  2.420  26.748 0.0000000000
80108  -47.283  2.589  26.655 0.0000000000
80109  -48.193  2.769  26.553 0.0000000000
80110  -47.519  2.555  26.207 0.0000000000
80111  -43.546  1.872  25.237 0.0000000000
80112  -44.287  1.978  25.559 0.0000000000
80113  -44.524  1.940  25.138 0.0000000000
80114  -46.679  2.136  24.601 0.0000000000
80115  -46.399  2.166  25.039 0.0000000000
80116  -47.329  2.276  24.935 0.0000000000
80117  -47.980  2.472  25.324 0.0000000000
80118  -48.237  2.473  24.889 0.0000000000
80119  -49.105  2.659  24.892 0.0000000000
80120  -48.448  2.478  24.464 0.0000000000
80121  -48.127  2.339  23.198 0.0000000000
80122  -48.814  2.485  23.572 0.0000000000
80123  -49.037  2.525  23.132 0.0000000000
80124  -49.913  2.757  23.070 0.0000000000
80125  -49.234  2.588  22.711 0.0000000000
80126  -49.368  2.667  22.328 0.0000000000
80127  -48.484  2.440  22.359 0.0000000000
80128  -46.219  2.213  21.828 0.0000000000
80129  -47.077  2.346  21.766 0.0000000000
80130  -46.387  2.290  21.427 0.0000000000
80131  -46.553  2.347  21.002 0.0000000000
80132  -45.677  2.298  21.109 0.0000000000
80143  -41.798  4.638  19.740 0.0000000000
80144  -42.430  4.233  19.451 0.0000000000
80145  -42.106  4.891  19.388 0.0000000000
80146  -42.441  5.117  19.067 0.0000000000
80147  -41.897  5.521  19.462 0.0000000000
80148  -41.807  6.157  19.540 0.0000000000
80149  -41.431  5.903  19.847 0.0000000000
80150  -40.205  6.475  20.904 0.0000000000
80151  -40.624  6.736  20.632 0.0000000000
80155  -38.618  5.735  21.981 0.0000000000
80156  -39.014  5.897  21.686 0.0000000000
80157  -38.521  6.359  22.090 0.0000000000
80160  -38.505  8.349  22.525 0.0000000000
80161  -39.026  8.499  22.319 0.0000000000
80162  -38.572  9.054  22.632 0.0000000000
80163  -38.679  9.710  22.777 0.0000000000
84278  -57.326  3.118  6.876 0.0000000000
84279  -57.275  3.632  6.943 0.0000000000
84280  -56.723  4.240  6.062 0.0000000000
84281  -56.957  3.912  5.941 0.0000000000
84282  -56.773  4.066  5.506 0.0000000000
84283  -56.706  3.863  5.003 0.0000000000
84284  -56.550  4.233  5.066 0.0000000000
84285  -51.315  3.329  12.775 0.0000000000
84286  -51.980  3.340  12.548 0.0000000000
84287  -51.588  3.466  12.079 0.0000000000
84288  -51.886  3.808  10.284 0.0000000000
84289  -52.257  3.683  10.707 0.0000000000
84293  -50.680  4.662  8.774 0.0000000000
84294  -51.000  4.405  9.113 0.0000000000
84295  -51.431  4.485  8.356 0.0000000000
84296  -53.449  4.520  6.892 0.0000000000
84297  -52.980  4.386  7.661 0.0000000000
84298  -53.744  4.396  7.322 0.0000000000
84299  -54.050  4.338  7.775 0.0000000000
84300  -54.501  4.498  7.000 0.0000000000
84301  -55.219  4.536  6.703 0.0000000000
84302  -54.931  4.596  6.221 0.0000000000
84303  -55.186  5.084  4.408 0.0000000000
84304  -55.516  4.864  4.821 0.0000000000
84305  -55.647  4.917  4.213 0.0000000000
84306  -55.965  4.648  4.080 0.0000000000
84307  -55.622  4.878  3.649 0.0000000000
84308  -55.524  4.821  3.170 0.0000000000
84309  -55.280  5.152  3.259 0.0000000000
84310  -54.254  6.014  2.666 0.0000000000
84311  -54.571  5.726  2.480 0.0000000000
84312  -54.178  5.982  2.125 0.0000000000
84313  -53.966  5.800  1.777 0.0000000000
84314  -53.768  6.192  1.885 0.0000000000
84315  -51.965  6.584  4.319 0.0000000000
84316  -52.610  6.477  3.807 0.0000000000
84317  -52.314  6.852  3.634 0.0000000000
84318  -52.390  7.382  1.915 0.0000000000
84319  -52.744  7.098  2.214 0.0000000000
84320  -52.661  6.996  1.637 0.0000000000
84321  -52.833  6.635  1.427 0.0000000000
84322  -52.361  6.845  1.212 0.0000000000
84323  -52.001  6.617  0.998 0.0000000000
84324  -51.900  7.060  0.994 0.0000000000
84325  -51.024  7.804  0.801 0.0000000000
84326  -51.015  7.372  0.795 0.0000000000
84327  -50.588  7.573  0.732 0.0000000000
84328  -50.129  7.362  0.883 0.0000000000
84329  -50.163  7.794  0.721 0.0000000000
84330  -43.237  8.073  18.538 0.0000000000
84331  -43.524  7.695  17.993 0.0000000000
84332  -43.694  8.288  18.062 0.0000000000
84333  -44.914  9.263  17.196 0.0000000000
84334  -44.653  8.684  17.124 0.0000000000
84335  -45.123  8.772  16.669 0.0000000000
84336  -45.359  8.247  16.091 0.0000000000
84337  -45.570  8.852  16.170 0.0000000000
84338  -46.401  11.455  17.946 0.0000000000
84339  -45.942  10.927  17.654 0.0000000000
84340  -46.434  11.081  17.241 0.0000000000
84341  -47.114  10.237  15.389 0.0000000000
84342  -46.614  10.161  15.872 0.0000000000
84343  -46.745  9.628  15.274 0.0000000000
84344  -46.422  9.048  15.155 0.0000000000
84345  -46.815  9.154  14.652 0.0000000000
84346  -46.880  8.658  13.998 0.0000000000
84347  -47.118  9.255  14.076 0.0000000000
84348  -48.024  10.067  12.826 0.0000000000
84349  -47.673  9.443  12.759 0.0000000000
84350  -47.955  9.564  12.033 0.0000000000
84351  -47.922  9.051  11.243 0.0000000000
84352  -48.209  9.676  11.298 0.0000000000
84353  -50.340  14.889  19.761 0.0000000000
84354  -49.783  14.523  19.649 0.0000000000
84355  -50.220  14.730  18.886 0.0000000000
84356  -50.276  14.134  16.244 0.0000000000
84357  -49.878  14.235  17.126 0.0000000000
84358  -49.688  13.839  16.199 0.0000000000
84359  -49.128  13.539  16.169 0.0000000000
84360  -49.518  13.371  15.382 0.0000000000
84361  -51.705  13.434  13.017 0.0000000000
84362  -51.375  13.581  13.786 0.0000000000
84363  -51.131  13.156  13.042 0.0000000000
84364  -49.883  12.262  12.340 0.0000000000
84365  -50.063  12.624  13.133 0.0000000000
84366  -49.565  12.352  13.153 0.0000000000
84367  -49.251  12.428  13.937 0.0000000000
84368  -49.135  12.042  13.131 0.0000000000
84369  -48.832  11.586  13.034 0.0000000000
84370  -49.080  11.624  12.292 0.0000000000
84371  -49.232  10.752  9.729 0.0000000000
84372  -49.013  10.746  10.554 0.0000000000
84373  -48.933  10.285  9.693 0.0000000000
84374  -48.665  9.785  9.713 0.0000000000
84375  -48.922  9.797  8.934 0.0000000000
84376  -49.005  9.280  8.212 0.0000000000
84377  -49.172  9.760  8.138 0.0000000000
84378  -49.904  10.041  6.311 0.0000000000
84379  -49.808  9.667  6.515 0.0000000000
84380  -50.082  9.591  5.591 0.0000000000
84382  -50.356  9.533  4.748 0.0000000000
84383  -50.757  11.495  5.806 0.0000000000
84384  -50.461  11.126  5.890 0.0000000000
84385  -50.518  11.066  4.958 0.0000000000
84386  -50.397  10.210  2.546 0.0000000000
84387  -50.418  10.187  3.404 0.0000000000
84388  -50.574  9.787  2.719 0.0000000000
84389  -50.749  9.402  2.936 0.0000000000
84390  -50.715  9.383  2.082 0.0000000000
84391  -50.823  8.972  1.530 0.0000000000
84392  -50.520  9.312  1.406 0.0000000000
84393  -49.503  9.311  0.750 0.0000000000
84394  -49.833  9.020  0.718 0.0000000000
84395  -49.359  8.795  0.685 0.0000000000
84396  -49.266  8.308  0.769 0.0000000000
84399  -48.548  8.827  0.928 0.0000000000
84405  -49.025  12.067  2.150 0.0000000000
84406  -48.689  11.625  1.746 0.0000000000
84407  -48.379  11.866  1.925 0.0000000000
84408  -46.664  11.584  2.268 0.0000000000
84409  -47.099  11.356  1.989 0.0000000000
84420  -50.956  14.741  9.219 0.0000000000
84421  -50.826  14.414  8.109 0.0000000000
84422  -50.421  14.549  8.356 0.0000000000
84423  -48.982  14.222  6.963 0.0000000000
84424  -49.400  14.145  6.765 0.0000000000
84425  -48.811  13.974  6.037 0.0000000000
84426  -48.515  13.748  5.140 0.0000000000
84427  -48.102  13.838  5.396 0.0000000000
84428  -47.294  14.986  8.204 0.0000000000
84429  -47.726  14.731  7.845 0.0000000000
84430  -47.094  14.588  7.255 0.0000000000
84431  -45.761  13.953  5.058 0.0000000000
84432  -46.509  14.041  5.526 0.0000000000
84433  -46.156  13.811  4.832 0.0000000000
84434  -46.544  13.668  4.513 0.0000000000
84435  -45.823  13.557  4.254 0.0000000000
84436  -45.554  13.231  3.815 0.0000000000
84437  -45.130  13.405  4.115 0.0000000000
84438  -43.191  13.173  4.288 0.0000000000
84440  -43.003  12.596  4.295 0.0000000000
84441  -42.922  11.998  4.449 0.0000000000
84442  -42.522  12.198  4.678 0.0000000000
84444  -42.149  12.477  5.032 0.0000000000
84445  -41.587  13.638  5.596 0.0000000000
84446  -41.445  13.017  5.643 0.0000000000
84447  -41.130  13.285  6.008 0.0000000000
84449  -40.781  13.578  6.280 0.0000000000
84450  -43.256  15.287  7.197 0.0000000000
84451  -42.854  14.930  6.625 0.0000000000
84452  -42.539  15.219  6.972 0.0000000000
84453  -41.010  15.361  7.154 0.0000000000
84454  -41.228  15.049  6.839 0.0000000000
84455  -40.595  14.837  6.925 0.0000000000
84457  -39.982  14.610  7.136 0.0000000000
84645  -46.042  20.024  8.790 0.0000000000
84646  -45.647  19.536  9.220 0.0000000000
84647  -45.431  19.792  8.770 0.0000000000
84649  -44.317  19.299  8.705 0.0000000000
84651  -43.393  18.462  8.764 0.0000000000
93073  -44.217  5.115  17.425 0.0000000000
93074  -44.578  5.265  16.970 0.0000000000
93075  -44.149  5.682  17.311 0.0000000000
93076  -44.143  6.254  17.196 0.0000000000
93077  -44.224  6.854  17.060 0.0000000000
93079  -53.639  19.635  18.178 0.0000000000
93081  -54.099  20.008  17.131 0.0000000000
93083  -54.321  19.767  15.888 0.0000000000
93084  -54.317  20.251  16.005 0.0000000000
93085  -54.317  20.533  15.434 0.0000000000
93086  -54.281  20.877  14.809 0.0000000000
93720  -54.899  4.405  2.568 0.0000000000
94153  -38.247  12.484  23.199 0.0000000000
94154  -38.898  12.393  23.143 0.0000000000
95500  -52.675  3.817  21.388 0.0000000000
95501  -51.924  3.605  21.163 0.0000000000
95502  -51.224  3.431  20.795 0.0000000000
95503  -51.179  3.375  21.299 0.0000000000
95504  -50.363  3.146  21.359 0.0000000000
95505  -49.548  2.894  21.446 0.0000000000
95519  -38.727  3.604  22.825 0.0000000000
95520  -38.357  4.190  22.707 0.0000000000
95521  -38.074  4.020  23.058 0.0000000000
96340  -54.679  3.681  13.394 0.0000000000
96342  -54.261  3.632  13.064 0.0000000000
96343  -53.834  3.652  12.608 0.0000000000
96344  -53.417  3.611  12.122 0.0000000000
96345  -48.538  6.371  9.749 0.0000000000
96346  -48.962  5.971  9.270 0.0000000000
96347  -48.773  6.423  9.036 0.0000000000
96348  -49.065  6.442  8.354 0.0000000000
96349  -49.417  6.504  7.609 0.0000000000
96350  -49.840  6.617  6.863 0.0000000000
96351  -49.326  7.026  7.397 0.0000000000
96352  -49.352  7.583  7.184 0.0000000000
96353  -49.447  8.172  6.950 0.0000000000
96354  -47.464  12.564  20.732 0.0000000000
96355  -47.431  12.541  20.014 0.0000000000
96356  -47.933  12.896  20.300 0.0000000000
96357  -48.357  13.266  19.834 0.0000000000
96358  -48.760  13.650  19.298 0.0000000000
96359  -53.067  14.252  11.241 0.0000000000
96360  -52.993  13.920  11.240 0.0000000000
96361  -52.858  13.919  10.330 0.0000000000
96362  -52.624  13.533  9.416 0.0000000000
96363  -52.326  13.194  8.491 0.0000000000
96364  -52.018  12.897  7.575 0.0000000000
96365  -52.084  13.238  7.599 0.0000000000
96366  -51.782  13.247  6.699 0.0000000000
96367  -51.395  13.243  5.791 0.0000000000
96368  -50.917  13.179  4.824 0.0000000000
96369  -51.219  13.463  5.837 0.0000000000
96370  -50.949  13.673  5.976 0.0000000000
96371  -50.582  13.853  6.138 0.0000000000
96372  -47.378  17.853  10.860 0.0000000000
96373  -47.047  17.028  10.465 0.0000000000
96374  -46.748  17.523  10.524 0.0000000000
96375  -46.183  17.188  10.042 0.0000000000
96376  -45.628  16.872  9.556 0.0000000000
96377  -45.068  16.560  9.161 0.0000000000
96378  -45.351  17.341  9.665 0.0000000000
96379  -45.084  17.788  9.676 0.0000000000
96380  -44.880  18.202  9.535 0.0000000000
100660  -48.830  2.860  15.251 0.0000000000
100661  -49.189  2.992  14.623 0.0000000000
100662  -48.488  3.099  14.898 0.0000000000
100663  -48.208  3.420  14.498 0.0000000000
100664  -48.001  3.749  14.147 0.0000000000
100665  -46.147  5.732  14.774 0.0000000000
100666  -46.633  5.301  14.321 0.0000000000
100667  -46.582  5.880  14.155 0.0000000000
100668  -46.949  6.002  13.535 0.0000000000
100669  -47.253  6.073  12.948 0.0000000000
100670  -47.530  6.084  12.344 0.0000000000
100671  -47.196  6.544  12.815 0.0000000000
100672  -47.162  7.067  12.744 0.0000000000
100673  -47.206  7.615  12.667 0.0000000000
100674  -51.257  16.277  21.568 0.0000000000
100675  -51.470  15.982  21.151 0.0000000000
100676  -51.847  16.409  20.884 0.0000000000
100677  -52.345  16.444  20.216 0.0000000000
100678  -52.855  16.439  19.517 0.0000000000
100679  -54.107  17.609  17.412 0.0000000000
100680  -54.035  17.171  17.680 0.0000000000
100681  -54.060  17.143  16.945 0.0000000000
100682  -53.943  16.641  16.309 0.0000000000
100683  -53.850  16.177  15.593 0.0000000000
100684  -53.735  15.746  14.825 0.0000000000
100685  -53.656  16.111  14.790 0.0000000000
100686  -53.380  16.068  14.057 0.0000000000
100687  -53.007  16.003  13.348 0.0000000000
100688  -52.498  15.951  12.708 0.0000000000
100689  -52.699  16.405  13.539 0.0000000000
100690  -52.374  16.765  13.613 0.0000000000
100691  -52.094  17.182  13.516 0.0000000000
100692  -53.044  19.435  13.252 0.0000000000
100693  -52.549  19.047  13.262 0.0000000000
100694  -52.390  19.389  12.809 0.0000000000
100695  -51.644  19.288  12.471 0.0000000000
100696  -50.867  19.126  12.192 0.0000000000
100697  -50.132  18.925  11.956 0.0000000000
100698  -50.599  19.454  11.776 0.0000000000
100699  -50.363  19.830  11.346 0.0000000000
100700  -50.178  20.165  10.902 0.0000000000
102602  -51.251  5.467  1.512 0.0000000000
102603  -51.116  6.053  1.187 0.0000000000
103900  -41.222  8.224  20.799 0.0000000000
103901  -41.766  8.382  20.371 0.0000000000
103902  -41.440  8.699  20.867 0.0000000000
103903  -41.721  9.171  21.006 0.0000000000
103904  -42.000  9.629  21.209 0.0000000000
103905  -41.723  11.971  22.850 0.0000000000
103906  -42.101  11.401  22.582 0.0000000000
103907  -42.507  11.893  22.772 0.0000000000
103908  -43.245  11.817  22.698 0.0000000000
103909  -44.005  11.788  22.522 0.0000000000
103910  -44.797  11.761  22.278 0.0000000000
103911  -44.448  12.195  22.789 0.0000000000
103912  -44.905  12.626  23.040 0.0000000000
103913  -45.337  13.058  23.222 0.0000000000
103923  -45.058  15.660  22.396 0.0000000000
103924  -45.395  15.240  22.909 0.0000000000
103925  -45.851  15.645  22.611 0.0000000000
103926  -46.665  15.670  22.771 0.0000000000
103927  -47.469  15.646  22.827 0.0000000000
103928  -48.285  15.672  22.830 0.0000000000
103929  -47.852  16.113  22.551 0.0000000000
103930  -48.243  16.539  22.159 0.0000000000
107922  -57.204  4.544  14.449 0.0000000000
107923  -57.212  4.654  14.942 0.0000000000
107924  -56.549  4.576  15.278 0.0000000000
107925  -55.836  4.340  15.574 0.0000000000
107934  -54.337  4.285  18.335 0.0000000000
107935  -54.356  4.154  17.778 0.0000000000
107936  -54.371  4.041  17.249 0.0000000000
107937  -53.654  3.807  17.493 0.0000000000
107938  -52.889  3.442  17.189 0.0000000000
107939  -52.251  3.181  16.868 0.0000000000
107940  -51.549  2.929  16.529 0.0000000000
107941  -51.493  3.004  17.093 0.0000000000
107942  -50.728  2.837  17.297 0.0000000000
107943  -49.977  2.691  17.485 0.0000000000
107944  -48.399  2.585  19.302 0.0000000000
107945  -48.453  2.574  18.800 0.0000000000
107946  -47.732  2.525  18.937 0.0000000000
107947  -47.006  2.561  18.576 0.0000000000
107948  -46.364  2.726  18.262 0.0000000000
107949  -45.782  2.994  18.000 0.0000000000
107950  -45.719  2.883  18.464 0.0000000000
107972  -44.088  1.809  24.440 0.0000000000
107973  -44.788  1.919  24.731 0.0000000000
107974  -45.030  1.915  24.346 0.0000000000
107975  -45.960  2.013  24.265 0.0000000000
107976  -46.846  2.118  24.145 0.0000000000
107977  -47.709  2.285  24.044 0.0000000000
107978  -47.026  2.135  23.702 0.0000000000
107979  -47.224  2.178  23.269 0.0000000000
107980  -47.405  2.277  22.821 0.0000000000
107981  -47.605  2.332  22.437 0.0000000000
107982  -46.744  2.154  22.544 0.0000000000
107983  -46.078  2.125  22.216 0.0000000000
107984  -45.363  2.127  21.886 0.0000000000
107991  -41.815  3.828  20.209 0.0000000000
107992  -41.491  4.408  20.088 0.0000000000
107993  -41.231  5.040  20.078 0.0000000000
107994  -41.062  5.660  20.125 0.0000000000
107995  -40.704  5.449  20.401 0.0000000000
107996  -40.236  5.837  20.778 0.0000000000
107997  -39.815  6.230  21.172 0.0000000000
110471  -57.110  4.047  7.061 0.0000000000
110473  -56.581  4.337  6.751 0.0000000000
110474  -56.357  4.433  6.286 0.0000000000
110475  -50.570  3.652  11.905 0.0000000000
110476  -51.217  3.583  11.628 0.0000000000
110477  -50.878  3.774  11.230 0.0000000000
110478  -51.220  3.863  10.565 0.0000000000
110479  -51.602  3.978  9.888 0.0000000000
110480  -51.580  4.871  7.309 0.0000000000
110481  -51.889  4.612  7.618 0.0000000000
110482  -52.373  4.763  6.895 0.0000000000
110483  -53.156  4.704  6.502 0.0000000000
110484  -53.919  4.697  6.137 0.0000000000
110485  -54.640  4.758  5.799 0.0000000000
110486  -54.376  4.960  5.403 0.0000000000
110487  -54.631  5.179  4.674 0.0000000000
110488  -54.851  5.343  3.985 0.0000000000
110489  -54.958  5.422  3.393 0.0000000000
110490  -54.534  5.639  3.615 0.0000000000
110491  -54.203  5.953  3.262 0.0000000000
110492  -53.840  6.249  2.943 0.0000000000
110493  -51.618  7.427  3.928 0.0000000000
110494  -52.112  7.245  3.415 0.0000000000
110495  -51.951  7.600  3.106 0.0000000000
110496  -52.114  7.699  2.323 0.0000000000
110497  -52.034  7.635  1.621 0.0000000000
110498  -51.799  7.437  1.094 0.0000000000
110499  -51.657  7.816  1.271 0.0000000000
110500  -51.318  8.009  1.051 0.0000000000
110501  -51.004  8.210  0.906 0.0000000000
110502  -43.785  9.182  18.741 0.0000000000
110503  -43.953  8.853  18.154 0.0000000000
110504  -44.274  9.453  18.276 0.0000000000
110505  -44.743  9.671  17.785 0.0000000000
110506  -45.186  9.843  17.300 0.0000000000
110507  -47.375  11.785  16.951 0.0000000000
110508  -46.988  11.264  16.749 0.0000000000
110509  -47.403  11.354  16.223 0.0000000000
110510  -47.474  10.868  15.540 0.0000000000
110511  -47.468  10.340  14.876 0.0000000000
110512  -47.401  9.825  14.131 0.0000000000
110513  -47.779  10.451  14.267 0.0000000000
110514  -48.080  10.557  13.619 0.0000000000
110515  -48.363  10.617  12.902 0.0000000000
110516  -51.264  15.032  18.113 0.0000000000
110517  -50.663  14.783  18.069 0.0000000000
110518  -51.093  14.754  17.179 0.0000000000
110519  -50.862  14.371  16.264 0.0000000000
110520  -50.652  13.947  15.415 0.0000000000
110521  -51.218  12.624  11.344 0.0000000000
110522  -50.952  12.751  12.264 0.0000000000
110523  -50.708  12.385  11.410 0.0000000000
110524  -50.209  12.151  11.484 0.0000000000
110525  -49.724  11.885  11.472 0.0000000000
110526  -49.357  11.585  11.435 0.0000000000
110527  -49.591  11.508  10.590 0.0000000000
110528  -49.541  11.142  9.732 0.0000000000
110529  -49.434  10.693  8.895 0.0000000000
110530  -49.410  10.175  8.093 0.0000000000
110531  -49.660  10.601  8.043 0.0000000000
110532  -49.863  10.497  7.110 0.0000000000
110533  -49.998  10.369  6.089 0.0000000000
110534  -50.611  11.445  3.921 0.0000000000
110535  -50.459  11.031  3.986 0.0000000000
110536  -50.373  11.009  3.126 0.0000000000
110537  -50.289  10.590  2.411 0.0000000000
110538  -50.244  10.152  1.816 0.0000000000
110539  -50.216  9.697  1.335 0.0000000000
110540  -49.940  10.051  1.332 0.0000000000
110541  -49.588  9.871  0.988 0.0000000000
110542  -49.155  9.638  0.808 0.0000000000
110543  -48.673  9.361  0.816 0.0000000000
110544  -48.833  9.949  0.906 0.0000000000
110545  -48.518  10.244  1.064 0.0000000000
110547  -48.299  12.513  2.545 0.0000000000
110548  -48.010  12.123  2.136 0.0000000000
110549  -47.610  12.337  2.395 0.0000000000
110550  -46.936  12.081  2.410 0.0000000000
110556  -50.109  15.054  9.726 0.0000000000
110557  -50.002  14.652  8.620 0.0000000000
110558  -49.599  14.793  8.866 0.0000000000
110559  -49.103  14.575  8.052 0.0000000000
110560  -48.558  14.361  7.245 0.0000000000
110561  -46.062  14.639  6.952 0.0000000000
110562  -46.416  14.439  6.619 0.0000000000
110563  -45.760  14.359  6.146 0.0000000000
110564  -45.379  14.127  5.421 0.0000000000
110565  -45.018  13.882  4.825 0.0000000000
110566  -44.693  13.595  4.350 0.0000000000
110567  -44.265  13.794  4.618 0.0000000000
110568  -43.498  13.661  4.504 0.0000000000
110570  -42.211  13.086  4.872 0.0000000000
110571  -42.543  13.657  4.953 0.0000000000
110572  -42.204  13.888  5.341 0.0000000000
110573  -41.949  14.154  5.771 0.0000000000
110574  -42.722  15.930  7.826 0.0000000000
110575  -42.305  15.518  7.300 0.0000000000
110576  -42.094  15.840  7.623 0.0000000000
110577  -41.467  15.762  7.518 0.0000000000
110578  -40.828  15.645  7.482 0.0000000000
110579  -40.205  15.499  7.542 0.0000000000
110580  -40.621  15.957  7.765 0.0000000000
110581  -40.429  16.280  8.042 0.0000000000
117331  -46.242  3.684  16.226 0.0000000000
117332  -46.554  3.780  15.619 0.0000000000
117333  -46.019  4.107  15.992 0.0000000000
117334  -45.884  4.582  15.731 0.0000000000
117335  -45.834  5.050  15.502 0.0000000000
117336  -44.941  5.368  16.438 0.0000000000
117337  -45.355  5.482  15.895 0.0000000000
117338  -45.784  5.531  15.325 0.0000000000
117339  -45.759  6.159  15.199 0.0000000000
117340  -45.809  6.734  15.078 0.0000000000
117341  -45.921  7.292  14.994 0.0000000000
117343  -52.780  17.684  19.930 0.0000000000
117344  -53.060  18.163  19.575 0.0000000000
117345  -53.553  18.223  19.066 0.0000000000
117346  -53.921  18.199  18.487 0.0000000000
117347  -53.889  19.173  18.161 0.0000000000
117348  -54.038  18.644  18.040 0.0000000000
117349  -54.105  18.112  17.772 0.0000000000
117350  -54.170  18.043  17.091 0.0000000000
117351  -54.097  18.002  16.374 0.0000000000
117352  -53.828  17.909  15.687 0.0000000000
117353  -53.474  17.866  15.032 0.0000000000
117354  -53.740  18.376  15.307 0.0000000000
117355  -53.710  18.818  14.820 0.0000000000
117356  -53.634  19.167  14.301 0.0000000000
117357  -54.153  19.674  15.121 0.0000000000
117358  -53.924  19.568  14.378 0.0000000000
117359  -53.567  19.484  13.764 0.0000000000
117360  -53.508  19.809  13.260 0.0000000000
117361  -53.300  20.085  12.723 0.0000000000
117362  -53.099  20.333  12.173 0.0000000000
118842  -53.133  5.334  1.478 0.0000000000
119851  -39.807  9.912  22.464 0.0000000000
119852  -40.416  9.892  22.226 0.0000000000
119853  -40.062  10.433  22.582 0.0000000000
119854  -40.338  10.984  22.693 0.0000000000
119855  -40.663  11.541  22.837 0.0000000000
119856  -39.577  12.310  23.103 0.0000000000
119857  -40.256  12.211  23.012 0.0000000000
119858  -40.989  12.070  22.959 0.0000000000
122992  -52.841  3.864  19.381 0.0000000000
122993  -52.115  3.530  19.045 0.0000000000
122994  -51.356  3.218  18.741 0.0000000000
122995  -51.333  3.299  19.259 0.0000000000
122996  -50.602  3.083  19.405 0.0000000000
122997  -49.860  2.920  19.558 0.0000000000
122998  -50.531  3.242  20.390 0.0000000000
122999  -49.796  2.966  20.043 0.0000000000
123000  -49.080  2.756  19.701 0.0000000000
123001  -48.286  2.593  19.821 0.0000000000
123002  -47.526  2.504  19.946 0.0000000000
123003  -46.763  2.439  20.034 0.0000000000
123016  -42.971  1.875  26.136 0.0000000000
123017  -42.356  1.790  25.758 0.0000000000
123018  -42.596  1.800  25.343 0.0000000000
123019  -42.852  1.784  24.932 0.0000000000
123021  -42.155  1.741  24.612 0.0000000000
123022  -43.119  1.759  24.550 0.0000000000
123023  -43.395  1.735  24.173 0.0000000000
123035  -39.890  4.253  21.355 0.0000000000
123036  -39.661  4.858  21.306 0.0000000000
123037  -39.311  4.679  21.614 0.0000000000
123038  -38.763  5.137  21.929 0.0000000000
123039  -38.249  5.604  22.259 0.0000000000
123040  -38.071  4.830  22.583 0.0000000000
123041  -37.875  5.485  22.590 0.0000000000
123042  -37.732  6.080  22.596 0.0000000000
124965  -49.342  4.716  10.520 0.0000000000
124966  -49.942  4.488  10.180 0.0000000000
124967  -49.648  4.801  9.863 0.0000000000
124968  -50.001  4.890  9.189 0.0000000000
124969  -50.407  4.983  8.540 0.0000000000
124970  -49.503  5.603  8.803 0.0000000000
124971  -50.115  5.313  8.325 0.0000000000
124972  -50.809  5.072  7.817 0.0000000000
124973  -51.237  5.198  7.052 0.0000000000
124974  -51.684  5.366  6.271 0.0000000000
124975  -52.183  5.593  5.489 0.0000000000
124976  -52.589  5.848  4.801 0.0000000000
124977  -51.865  5.917  5.250 0.0000000000
124978  -51.611  6.282  5.048 0.0000000000
124979  -51.355  6.753  4.826 0.0000000000
124980  -50.280  6.752  6.163 0.0000000000
124981  -50.751  6.975  5.397 0.0000000000
124982  -51.202  7.231  4.628 0.0000000000
124983  -51.126  7.704  4.413 0.0000000000
124984  -51.088  8.145  4.145 0.0000000000
124985  -51.064  8.543  3.867 0.0000000000
124986  -45.395  11.155  19.591 0.0000000000
124987  -45.421  10.983  18.821 0.0000000000
124988  -45.913  11.421  19.097 0.0000000000
124989  -46.452  11.722  18.655 0.0000000000
124990  -46.941  11.985  18.212 0.0000000000
124991  -47.419  12.508  19.259 0.0000000000
124992  -47.401  12.457  18.487 0.0000000000
124993  -47.382  12.157  17.715 0.0000000000
124994  -47.735  12.319  17.152 0.0000000000
124995  -48.055  12.440  16.550 0.0000000000
124996  -48.298  12.495  15.950 0.0000000000
124997  -52.685  14.524  14.726 0.0000000000
124998  -52.174  14.289  14.692 0.0000000000
124999  -52.491  14.135  13.837 0.0000000000
125000  -52.274  13.724  12.987 0.0000000000
125001  -52.028  13.302  12.159 0.0000000000
125002  -52.686  13.552  11.201 0.0000000000
125003  -52.246  13.217  11.247 0.0000000000
125004  -51.718  12.878  11.249 0.0000000000
125005  -51.457  12.517  10.397 0.0000000000
125006  -51.192  12.191  9.517 0.0000000000
125007  -50.904  11.886  8.618 0.0000000000
125008  -50.586  11.559  7.731 0.0000000000
125009  -50.971  11.873  7.615 0.0000000000
125010  -51.049  11.872  6.664 0.0000000000
125011  -51.049  11.880  5.746 0.0000000000
125012  -51.693  12.609  6.660 0.0000000000
125013  -51.309  12.269  5.723 0.0000000000
125014  -50.922  11.863  4.788 0.0000000000
125015  -50.731  11.841  3.829 0.0000000000
125016  -50.394  11.767  3.043 0.0000000000
125017  -49.978  11.668  2.422 0.0000000000
125018  -49.494  11.535  1.947 0.0000000000
125019  -49.867  11.963  2.477 0.0000000000
125020  -49.667  12.229  2.551 0.0000000000
125021  -49.369  12.469  2.694 0.0000000000
125022  -50.288  13.015  4.001 0.0000000000
125023  -49.689  12.852  3.352 0.0000000000
125024  -49.033  12.681  2.865 0.0000000000
125025  -48.624  12.865  3.086 0.0000000000
125026  -48.264  13.065  3.335 0.0000000000
125027  -47.921  13.275  3.641 0.0000000000
125028  -48.595  16.092  10.701 0.0000000000
125029  -48.411  15.447  9.657 0.0000000000
125030  -48.043  15.791  9.871 0.0000000000
125031  -47.484  15.479  9.175 0.0000000000
125032  -46.933  15.242  8.522 0.0000000000
125033  -46.800  16.199  9.735 0.0000000000
125034  -46.602  15.571  8.823 0.0000000000
125035  -46.346  15.042  7.858 0.0000000000
125036  -45.782  14.899  7.350 0.0000000000
125037  -45.159  14.832  6.976 0.0000000000
125038  -44.505  14.782  6.591 0.0000000000
125039  -43.851  14.733  6.259 0.0000000000
125040  -44.254  15.044  6.963 0.0000000000
125041  -43.939  15.349  7.420 0.0000000000
125042  -43.633  15.685  7.797 0.0000000000
125043  -44.540  16.329  8.728 0.0000000000
125044  -43.982  16.163  8.384 0.0000000000
125045  -43.347  16.012  8.110 0.0000000000
125046  -43.117  16.401  8.333 0.0000000000
125047  -42.910  16.795  8.469 0.0000000000
125048  -42.694  17.150  8.562 0.0000000000
134425  -51.845  2.957  14.370 0.0000000000
134426  -52.168  3.109  13.704 0.0000000000
134427  -51.451  3.023  13.913 0.0000000000
134428  -51.070  3.129  13.457 0.0000000000
134429  -50.644  3.338  13.021 0.0000000000
134430  -49.615  3.170  13.933 0.0000000000
134431  -49.959  3.362  13.269 0.0000000000
134432  -50.269  3.547  12.604 0.0000000000
134433  -49.933  3.774  12.189 0.0000000000
134434  -49.596  4.047  11.821 0.0000000000
134435  -49.299  4.323  11.507 0.0000000000
134436  -46.920  3.894  15.005 0.0000000000
134437  -47.394  4.000  14.450 0.0000000000
134438  -47.769  4.165  13.812 0.0000000000
134439  -47.073  4.969  13.872 0.0000000000
134440  -47.572  4.652  13.502 0.0000000000
134441  -48.102  4.372  13.135 0.0000000000
134442  -48.442  4.483  12.447 0.0000000000
134443  -48.746  4.532  11.864 0.0000000000
134444  -49.036  4.644  11.203 0.0000000000
134445  -48.800  5.035  10.930 0.0000000000
134446  -48.631  5.444  10.723 0.0000000000
134447  -48.478  5.849  10.586 0.0000000000
134448  -47.760  6.148  11.726 0.0000000000
134449  -48.051  6.254  11.111 0.0000000000
134450  -48.326  6.316  10.463 0.0000000000
134451  -48.162  6.821  10.343 0.0000000000
134452  -48.031  7.357  10.149 0.0000000000
134453  -48.047  7.919  9.922 0.0000000000
134454  -49.319  14.323  21.815 0.0000000000
134455  -49.328  14.221  21.058 0.0000000000
134456  -49.833  14.692  21.228 0.0000000000
134457  -50.389  14.998  20.594 0.0000000000
134458  -50.928  15.190  19.784 0.0000000000
134459  -51.494  15.684  20.593 0.0000000000
134460  -51.494  15.505  19.805 0.0000000000
134461  -51.407  15.281  18.986 0.0000000000
134462  -51.861  15.299  18.174 0.0000000000
134463  -52.266  15.186  17.262 0.0000000000
134464  -52.606  15.025  16.451 0.0000000000
134465  -53.030  17.275  19.714 0.0000000000
134466  -53.226  16.857  19.351 0.0000000000
134467  -53.358  16.431  18.841 0.0000000000
134468  -53.885  16.773  17.866 0.0000000000
134469  -53.646  16.385  18.001 0.0000000000
134470  -53.322  16.025  18.079 0.0000000000
134471  -53.217  15.631  17.267 0.0000000000
134472  -53.067  15.244  16.421 0.0000000000
134473  -52.889  14.878  15.603 0.0000000000
134474  -53.129  14.766  14.745 0.0000000000
134475  -53.355  14.685  13.914 0.0000000000
134476  -53.395  14.625  13.077 0.0000000000
134477  -53.607  15.345  14.014 0.0000000000
134478  -53.472  14.967  13.134 0.0000000000
134479  -53.279  14.597  12.184 0.0000000000
134480  -53.026  14.579  11.276 0.0000000000
134481  -52.684  14.535  10.470 0.0000000000
134482  -52.246  14.449  9.639 0.0000000000
134483  -51.751  14.329  8.815 0.0000000000
134484  -51.931  14.701  9.828 0.0000000000
134485  -51.532  14.959  10.071 0.0000000000
134486  -51.124  15.123  10.297 0.0000000000
134487  -51.896  15.767  12.001 0.0000000000
134488  -51.307  15.549  11.311 0.0000000000
134489  -50.667  15.299  10.543 0.0000000000
134490  -50.238  15.519  10.784 0.0000000000
134491  -49.845  15.770  11.020 0.0000000000
134492  -49.466  16.101  11.297 0.0000000000
134493  -53.020  17.829  14.458 0.0000000000
134494  -52.472  17.743  13.924 0.0000000000
134495  -51.830  17.675  13.458 0.0000000000
134496  -52.081  18.641  13.296 0.0000000000
134497  -51.584  18.113  13.276 0.0000000000
134498  -51.158  17.453  13.012 0.0000000000
134499  -50.439  17.113  12.562 0.0000000000
134500  -49.772  16.805  11.963 0.0000000000
134501  -49.176  16.460  11.365 0.0000000000
134502  -48.874  16.855  11.441 0.0000000000
134503  -48.604  17.252  11.426 0.0000000000
134504  -48.337  17.702  11.293 0.0000000000
134505  -49.451  18.706  11.671 0.0000000000
134506  -48.766  18.474  11.429 0.0000000000
134507  -48.044  18.175  11.141 0.0000000000
134508  -47.794  18.646  10.957 0.0000000000
134509  -47.586  19.085  10.656 0.0000000000
134510  -47.394  19.559  10.357 0.0000000000
141142  -42.538  6.714  18.897 0.0000000000
141143  -42.970  6.915  18.475 0.0000000000
141144  -42.628  7.289  18.919 0.0000000000
141145  -42.783  7.854  18.941 0.0000000000
141146  -42.992  8.415  19.055 0.0000000000
141147  -42.269  8.554  20.011 0.0000000000
141148  -42.762  8.752  19.601 0.0000000000
141149  -43.260  8.963  19.184 0.0000000000
141150  -43.604  9.477  19.351 0.0000000000
141151  -43.985  9.977  19.531 0.0000000000
141152  -44.406  10.442  19.728 0.0000000000
141153  -41.032  9.928  21.973 0.0000000000
141154  -41.659  9.967  21.718 0.0000000000
141155  -42.312  10.054  21.476 0.0000000000
141156  -42.435  10.875  22.186 0.0000000000
141157  -42.709  10.503  21.736 0.0000000000
141158  -42.995  10.194  21.197 0.0000000000
141159  -43.640  10.329  20.826 0.0000000000
141160  -44.256  10.540  20.377 0.0000000000
141161  -44.851  10.843  20.018 0.0000000000
141162  -45.353  11.231  20.287 0.0000000000
141163  -45.893  11.610  20.509 0.0000000000
141164  -46.420  11.988  20.830 0.0000000000
141165  -45.544  11.848  21.973 0.0000000000
141166  -46.302  12.058  21.549 0.0000000000
141167  -46.989  12.318  21.097 0.0000000000
141168  -47.415  12.582  21.407 0.0000000000
141169  -47.856  12.947  21.719 0.0000000000
141170  -48.321  13.406  22.016 0.0000000000
141189  -44.110  13.894  23.372 0.0000000000
141190  -44.936  13.680  23.390 0.0000000000
141191  -45.790  13.479  23.400 0.0000000000
141192  -45.826  14.641  23.264 0.0000000000
141193  -46.196  13.979  23.360 0.0000000000
141194  -46.563  13.382  23.202 0.0000000000
141195  -47.353  13.439  22.975 0.0000000000
141196  -48.074  13.646  22.629 0.0000000000
141197  -48.726  13.956  22.224 0.0000000000
141198  -49.150  14.464  22.352 0.0000000000
141199  -49.612  15.030  22.352 0.0000000000
141200  -50.113  15.609  22.230 0.0000000000
141201  -49.071  15.768  22.685 0.0000000000
141202  -49.829  15.932  22.386 0.0000000000
141203  -50.579  16.110  22.076 0.0000000000
141204  -50.961  16.627  21.760 0.0000000000
141205  -51.264  17.035  21.339 0.0000000000
141206  -51.557  17.462  20.875 0.0000000000
141213  -50.527  17.671  20.944 0.0000000000
149275  -56.554  4.369  14.267 0.0000000000
149276  -55.926  4.134  13.961 0.0000000000
149277  -55.273  3.893  13.665 0.0000000000
149278  -54.591  3.612  13.891 0.0000000000
149279  -53.920  3.394  14.207 0.0000000000
149280  -53.230  3.172  14.448 0.0000000000
149300  -55.796  4.424  16.069 0.0000000000
149301  -55.155  4.061  15.852 0.0000000000
149302  -54.409  3.919  16.691 0.0000000000
149303  -54.474  3.793  16.098 0.0000000000
149304  -54.512  3.693  15.548 0.0000000000
149305  -53.883  3.429  15.231 0.0000000000
149306  -53.213  3.169  14.937 0.0000000000
149307  -52.504  3.003  14.676 0.0000000000
149308  -51.771  2.880  14.901 0.0000000000
149309  -51.038  2.798  15.107 0.0000000000
149310  -50.225  2.709  15.349 0.0000000000
149311  -50.835  2.735  16.176 0.0000000000
149312  -50.183  2.656  15.861 0.0000000000
149313  -49.476  2.705  15.558 0.0000000000
149314  -48.762  2.759  15.774 0.0000000000
149315  -48.053  2.847  15.981 0.0000000000
149316  -47.385  2.975  16.152 0.0000000000
149317  -50.670  2.940  18.385 0.0000000000
149318  -49.965  2.732  18.033 0.0000000000
149319  -49.246  2.599  17.656 0.0000000000
149320  -48.469  2.571  18.327 0.0000000000
149321  -48.543  2.579  17.814 0.0000000000
149322  -48.611  2.599  17.277 0.0000000000
149323  -47.961  2.677  16.914 0.0000000000
149324  -47.305  2.854  16.640 0.0000000000
149325  -46.759  3.175  16.378 0.0000000000
149326  -46.126  3.477  16.662 0.0000000000
149327  -45.531  3.809  16.960 0.0000000000
149328  -44.996  4.127  17.233 0.0000000000
149331  -44.495  4.440  17.486 0.0000000000
149332  -43.979  4.837  17.754 0.0000000000
149334  -43.055  5.623  18.433 0.0000000000
149361  -51.651  3.285  22.828 0.0000000000
149368  -48.882  3.020  26.974 0.0000000000
149369  -49.088  3.005  26.507 0.0000000000
149370  -49.303  2.973  26.106 0.0000000000
149371  -43.983  1.977  26.035 0.0000000000
149372  -44.971  2.115  25.940 0.0000000000
149373  -45.892  2.259  25.869 0.0000000000
149374  -45.449  2.034  25.088 0.0000000000
149375  -46.127  2.214  25.453 0.0000000000
149376  -46.845  2.372  25.851 0.0000000000
149377  -47.771  2.510  25.771 0.0000000000
149378  -48.664  2.696  25.735 0.0000000000
149379  -49.529  2.941  25.677 0.0000000000
149380  -49.749  2.917  25.232 0.0000000000
149381  -49.946  2.938  24.781 0.0000000000
149382  -50.215  2.949  24.330 0.0000000000
149383  -48.603  2.484  24.025 0.0000000000
149384  -49.512  2.699  23.971 0.0000000000
149385  -50.422  2.953  23.868 0.0000000000
149386  -50.583  2.967  23.417 0.0000000000
149387  -50.766  3.008  22.997 0.0000000000
149388  -50.896  3.094  22.566 0.0000000000
149389  -50.185  2.937  22.265 0.0000000000
149390  -49.438  2.800  21.902 0.0000000000
149391  -48.714  2.682  21.527 0.0000000000
149392  -47.778  2.395  22.065 0.0000000000
149393  -47.910  2.497  21.679 0.0000000000
149394  -48.060  2.571  21.225 0.0000000000
149395  -47.378  2.456  20.893 0.0000000000
149396  -46.635  2.384  20.503 0.0000000000
149397  -45.953  2.453  20.167 0.0000000000
149398  -44.296  2.002  22.412 0.0000000000
149399  -44.490  2.106  21.974 0.0000000000
149400  -44.684  2.203  21.553 0.0000000000
149402  -44.033  2.352  21.270 0.0000000000
149403  -44.788  2.325  21.159 0.0000000000
149404  -45.016  2.423  20.746 0.0000000000
149405  -45.193  2.506  20.301 0.0000000000
149406  -45.314  2.565  19.852 0.0000000000
149414  -42.751  5.362  18.756 0.0000000000
149415  -42.583  6.018  18.821 0.0000000000
149416  -42.177  6.400  19.214 0.0000000000
149417  -41.790  6.801  19.661 0.0000000000
149418  -41.455  7.242  20.109 0.0000000000
149419  -41.021  6.310  20.222 0.0000000000
149420  -41.055  7.008  20.413 0.0000000000
149421  -41.107  7.618  20.593 0.0000000000
149423  -40.390  8.373  21.498 0.0000000000
149424  -39.994  8.758  21.918 0.0000000000
149425  -39.488  5.454  21.350 0.0000000000
149426  -39.411  6.066  21.419 0.0000000000
149431  -39.452  7.982  21.977 0.0000000000
149432  -39.506  8.645  22.111 0.0000000000
149433  -39.635  9.272  22.248 0.0000000000
149434  -39.240  9.822  22.605 0.0000000000
149435  -38.825  10.443  22.937 0.0000000000
149436  -38.408  11.107  23.183 0.0000000000
149437  -37.754  10.331  23.235 0.0000000000
149438  -37.898  11.043  23.272 0.0000000000
149439  -38.049  11.755  23.274 0.0000000000
154382  -57.038  2.990  5.895 0.0000000000
154383  -57.127  3.799  6.432 0.0000000000
154384  -57.061  3.493  5.892 0.0000000000
154385  -56.929  3.156  5.439 0.0000000000
154386  -56.730  3.399  5.007 0.0000000000
154387  -56.503  3.640  4.549 0.0000000000
154388  -56.203  3.910  4.116 0.0000000000
154389  -52.441  3.271  13.049 0.0000000000
154390  -52.672  3.426  12.363 0.0000000000
154391  -53.016  3.579  11.566 0.0000000000
154392  -51.913  3.569  11.394 0.0000000000
154393  -52.615  3.632  11.140 0.0000000000
154394  -53.366  3.751  10.895 0.0000000000
154398  -50.592  4.315  9.862 0.0000000000
154399  -51.303  4.183  9.489 0.0000000000
154400  -52.050  4.079  9.203 0.0000000000
154401  -52.208  4.422  8.011 0.0000000000
154404  -53.547  4.156  8.527 0.0000000000
154405  -54.363  4.279  8.229 0.0000000000
154407  -55.516  4.499  7.177 0.0000000000
154408  -55.855  4.521  6.466 0.0000000000
154409  -56.087  4.535  5.795 0.0000000000
154410  -55.274  4.745  5.500 0.0000000000
154411  -55.796  4.668  5.275 0.0000000000
154412  -56.229  4.529  5.123 0.0000000000
154413  -56.237  4.416  4.563 0.0000000000
154414  -56.138  4.306  4.082 0.0000000000
154415  -55.927  4.191  3.661 0.0000000000
154416  -55.610  4.434  3.215 0.0000000000
154417  -55.273  4.661  2.796 0.0000000000
154418  -54.918  4.909  2.412 0.0000000000
154419  -54.961  5.439  2.896 0.0000000000
154420  -54.816  5.385  2.421 0.0000000000
154421  -54.469  5.128  2.099 0.0000000000
154422  -54.026  5.367  1.774 0.0000000000
154423  -53.550  5.580  1.540 0.0000000000
154424  -53.103  5.778  1.364 0.0000000000
154425  -52.954  6.146  4.036 0.0000000000
154426  -53.254  6.395  3.316 0.0000000000
154427  -53.429  6.520  2.710 0.0000000000
154428  -52.601  7.048  2.909 0.0000000000
154429  -53.048  6.793  2.476 0.0000000000
154430  -53.466  6.523  2.114 0.0000000000
154431  -53.295  6.416  1.643 0.0000000000
154432  -52.977  6.217  1.344 0.0000000000
154433  -52.619  5.973  1.194 0.0000000000
154434  -52.099  6.176  1.087 0.0000000000
154435  -51.600  6.382  0.978 0.0000000000
154436  -51.097  6.529  0.975 0.0000000000
154437  -51.453  7.206  0.857 0.0000000000
154438  -51.049  6.963  0.843 0.0000000000
154439  -50.606  6.682  1.030 0.0000000000
154440  -50.124  6.864  1.101 0.0000000000
154443  -43.428  7.094  17.981 0.0000000000
154444  -43.846  7.301  17.484 0.0000000000
154445  -44.308  7.463  17.044 0.0000000000
154446  -44.166  8.494  17.612 0.0000000000
154447  -44.440  8.073  17.094 0.0000000000
154448  -44.762  7.565  16.529 0.0000000000
154449  -45.202  7.629  16.047 0.0000000000
154450  -45.654  7.728  15.510 0.0000000000
154451  -46.049  7.849  14.993 0.0000000000
154452  -45.479  10.726  18.097 0.0000000000
154453  -45.547  10.346  17.445 0.0000000000
154454  -45.656  9.882  16.834 0.0000000000
154455  -46.518  10.646  16.542 0.0000000000
154456  -46.117  10.030  16.369 0.0000000000
154457  -45.810  9.409  16.225 0.0000000000
154458  -45.997  8.973  15.663 0.0000000000
154459  -46.202  8.462  15.065 0.0000000000
154460  -46.401  7.937  14.445 0.0000000000
154461  -46.721  8.010  13.859 0.0000000000
154462  -46.992  8.136  13.325 0.0000000000
154463  -47.252  8.231  12.739 0.0000000000
154464  -47.392  9.340  13.450 0.0000000000
154465  -47.414  8.842  12.781 0.0000000000
154466  -47.457  8.320  12.063 0.0000000000
154467  -47.691  8.395  11.317 0.0000000000
154468  -47.942  8.465  10.571 0.0000000000
154469  -48.198  8.559  9.834 0.0000000000
154470  -49.293  14.155  20.298 0.0000000000
154471  -49.236  14.098  19.512 0.0000000000
154472  -49.128  14.013  18.677 0.0000000000
154473  -50.042  14.502  18.018 0.0000000000
154474  -49.479  14.176  17.934 0.0000000000
154475  -48.970  13.831  17.788 0.0000000000
154476  -48.804  13.500  16.961 0.0000000000
154477  -48.674  13.033  16.114 0.0000000000
154478  -48.593  12.512  15.298 0.0000000000
154479  -51.615  14.002  14.595 0.0000000000
154480  -51.021  13.730  14.536 0.0000000000
154481  -50.455  13.502  14.628 0.0000000000
154482  -50.600  12.892  13.071 0.0000000000
154483  -50.253  13.053  13.880 0.0000000000
154484  -49.900  13.214  14.645 0.0000000000
154485  -49.378  12.890  14.658 0.0000000000
154486  -48.892  12.515  14.632 0.0000000000
154487  -48.549  12.037  14.542 0.0000000000
154488  -48.580  11.563  13.770 0.0000000000
154489  -48.599  11.108  12.988 0.0000000000
154490  -48.589  10.686  12.208 0.0000000000
154491  -49.053  11.190  11.423 0.0000000000
154492  -48.794  10.724  11.394 0.0000000000
154493  -48.525  10.250  11.383 0.0000000000
154494  -48.406  9.771  10.511 0.0000000000
154495  -48.411  9.199  9.774 0.0000000000
154496  -48.499  8.640  9.059 0.0000000000
154497  -48.837  8.685  8.271 0.0000000000
154498  -49.184  8.739  7.531 0.0000000000
154499  -49.533  8.726  6.777 0.0000000000
154500  -49.482  9.685  7.323 0.0000000000
154504  -50.675  8.861  4.422 0.0000000000
154505  -50.967  8.833  3.468 0.0000000000
154506  -50.372  11.169  6.836 0.0000000000
154507  -50.222  10.732  5.990 0.0000000000
154508  -50.189  10.281  5.219 0.0000000000
154509  -50.387  10.616  4.134 0.0000000000
154510  -50.375  10.213  4.320 0.0000000000
154511  -50.382  9.875  4.553 0.0000000000
154512  -50.573  9.450  3.863 0.0000000000
154513  -50.845  9.108  3.191 0.0000000000
154514  -51.138  8.792  2.597 0.0000000000
154515  -51.133  8.731  1.816 0.0000000000
154516  -50.914  8.597  1.125 0.0000000000
154517  -50.600  8.436  0.759 0.0000000000
154518  -50.222  9.204  0.944 0.0000000000
154519  -50.196  8.703  0.687 0.0000000000
154520  -50.171  8.247  0.638 0.0000000000
154521  -49.711  8.024  0.720 0.0000000000
154533  -49.008  11.342  1.609 0.0000000000
154534  -48.437  11.076  1.467 0.0000000000
154536  -47.758  11.586  1.826 0.0000000000
154537  -47.486  11.091  1.697 0.0000000000
154551  -51.234  14.236  7.940 0.0000000000
154552  -50.743  14.116  7.088 0.0000000000
154553  -50.178  13.947  6.288 0.0000000000
154554  -49.899  14.337  7.519 0.0000000000
154555  -49.783  14.054  6.512 0.0000000000
154556  -49.564  13.792  5.539 0.0000000000
154557  -48.947  13.682  4.863 0.0000000000
154558  -48.179  13.520  4.324 0.0000000000
154559  -47.463  13.386  3.955 0.0000000000
154560  -48.279  14.941  8.603 0.0000000000
154561  -48.151  14.534  7.571 0.0000000000
154562  -47.972  14.183  6.598 0.0000000000
154563  -46.851  14.273  6.312 0.0000000000
154564  -47.243  14.111  6.023 0.0000000000
154565  -47.635  13.968  5.680 0.0000000000
154566  -47.312  13.759  4.876 0.0000000000
154567  -47.015  13.526  4.223 0.0000000000
154568  -46.729  13.227  3.673 0.0000000000
154569  -45.985  13.053  3.542 0.0000000000
154570  -45.272  12.844  3.530 0.0000000000
154571  -44.522  12.578  3.544 0.0000000000
154572  -44.402  13.208  4.014 0.0000000000
154573  -44.046  12.734  3.790 0.0000000000
154574  -43.805  12.209  3.742 0.0000000000
154575  -43.308  11.801  4.174 0.0000000000
154581  -41.763  12.742  5.311 0.0000000000
154582  -41.431  12.384  5.914 0.0000000000
154587  -43.122  14.663  6.202 0.0000000000
154588  -42.386  14.578  6.125 0.0000000000
154589  -41.693  14.464  6.098 0.0000000000
154590  -41.888  15.173  6.861 0.0000000000
154591  -41.443  14.751  6.490 0.0000000000
154592  -41.057  14.216  6.286 0.0000000000
154599  -39.614  15.291  7.742 0.0000000000
154775  -52.809  20.700  11.549 0.0000000000
154787  -49.941  20.510  10.353 0.0000000000
154790  -49.262  20.401  10.164 0.0000000000
154791  -48.626  20.298  10.003 0.0000000000
154792  -47.927  20.070  9.942 0.0000000000
154793  -47.225  19.860  9.853 0.0000000000
154818  -47.459  20.472  8.867 0.0000000000
154819  -47.022  20.087  9.313 0.0000000000
154820  -46.517  19.599  9.774 0.0000000000
154821  -45.869  19.230  9.626 0.0000000000
154822  -45.264  18.924  9.478 0.0000000000
154823  -44.683  18.634  9.314 0.0000000000
154824  -44.861  19.562  8.721 0.0000000000
154825  -44.494  18.979  8.991 0.0000000000
154826  -44.158  18.323  9.115 0.0000000000
154827  -43.615  18.032  8.887 0.0000000000
154828  -43.049  17.829  8.743 0.0000000000
