#!ascii label  , from subject fsaverage vox2ras=TkReg 
1504
45  -38.684  -27.386  49.089 0.0000000000
47  -22.002  -29.462  52.238 0.0000000000
168  -29.683  -29.683  49.549 0.0000000000
225  -45.135  -9.033  27.465 0.0000000000
226  -50.489  -8.596  21.767 0.0000000000
378  -15.549  -29.550  57.064 0.0000000000
704  -42.226  -10.772  30.911 0.0000000000
852  -39.617  -24.627  46.840 0.0000000000
860  -34.316  -29.354  49.385 0.0000000000
869  -18.703  -29.340  54.505 0.0000000000
870  -18.550  -33.044  57.854 0.0000000000
1447  -34.773  -27.151  46.440 0.0000000000
1448  -35.245  -24.574  45.114 0.0000000000
1452  -25.695  -28.879  50.410 0.0000000000
1454  -30.957  -26.676  48.126 0.0000000000
1551  -38.628  -19.799  33.680 0.0000000000
1553  -41.493  -16.732  31.034 0.0000000000
1554  -44.495  -14.309  28.644 0.0000000000
1577  -11.019  -34.578  60.967 0.0000000000
1578  -7.939  -35.267  64.288 0.0000000000
1818  -33.281  -22.424  43.265 0.0000000000
1819  -33.714  -21.434  39.704 0.0000000000
1820  -36.015  -21.185  36.195 0.0000000000
1841  -14.671  -34.126  59.100 0.0000000000
2777  -22.010  -31.294  54.256 0.0000000000
2779  -23.874  -30.586  53.328 0.0000000000
2780  -36.636  -28.548  49.282 0.0000000000
2787  -21.203  -27.055  53.030 0.0000000000
2789  -20.302  -29.344  53.230 0.0000000000
2790  -20.224  -31.470  54.754 0.0000000000
3370  -34.181  -25.653  47.719 0.0000000000
3383  -32.891  -27.222  47.102 0.0000000000
3543  -38.447  -16.783  32.992 0.0000000000
3544  -40.064  -18.394  32.379 0.0000000000
3545  -39.856  -15.152  31.616 0.0000000000
3547  -42.554  -12.423  28.925 0.0000000000
3548  -44.137  -11.577  27.530 0.0000000000
3549  -46.237  -13.510  27.710 0.0000000000
3550  -45.808  -11.074  26.157 0.0000000000
3551  -47.410  -10.950  25.027 0.0000000000
3993  -33.096  -22.019  46.203 0.0000000000
3994  -34.210  -23.350  44.422 0.0000000000
3995  -32.050  -20.999  44.746 0.0000000000
3997  -32.288  -19.554  40.593 0.0000000000
3998  -33.288  -19.224  38.569 0.0000000000
3999  -34.655  -21.241  37.913 0.0000000000
4000  -34.586  -19.035  36.835 0.0000000000
4001  -35.933  -18.716  35.370 0.0000000000
4015  -27.624  -29.175  49.890 0.0000000000
4045  -13.064  -32.230  58.592 0.0000000000
4046  -14.789  -32.040  57.416 0.0000000000
4645  -7.734  -38.238  66.233 0.0000000000
4647  -5.814  -38.469  67.663 0.0000000000
5872  -40.843  -12.107  32.273 0.0000000000
6140  -39.183  -23.219  45.791 0.0000000000
6154  -31.965  -29.736  49.440 0.0000000000
6171  -17.076  -29.412  55.725 0.0000000000
6172  -16.643  -31.845  56.356 0.0000000000
6173  -18.417  -31.693  55.533 0.0000000000
6466  -52.129  -8.839  20.754 0.0000000000
7213  -36.464  -27.785  47.138 0.0000000000
7214  -37.263  -26.615  46.077 0.0000000000
7215  -35.530  -26.087  45.635 0.0000000000
7223  -22.623  -27.319  51.568 0.0000000000
7224  -23.838  -28.978  51.194 0.0000000000
7225  -24.501  -26.857  50.491 0.0000000000
7226  -26.385  -27.129  49.550 0.0000000000
7227  -28.189  -27.616  48.855 0.0000000000
7229  -29.325  -26.105  49.191 0.0000000000
7230  -30.023  -28.188  48.217 0.0000000000
7231  -32.165  -28.508  47.844 0.0000000000
7232  -34.323  -28.420  47.420 0.0000000000
7455  -39.901  -22.120  35.674 0.0000000000
7460  -41.114  -13.598  30.271 0.0000000000
7461  -42.854  -15.345  29.765 0.0000000000
7468  -49.024  -10.878  24.003 0.0000000000
7519  -9.358  -34.999  62.539 0.0000000000
7520  -9.505  -37.480  64.898 0.0000000000
8082  -37.425  -25.184  45.061 0.0000000000
8083  -36.673  -23.779  44.107 0.0000000000
8084  -35.953  -22.724  43.207 0.0000000000
8085  -31.766  -20.144  42.826 0.0000000000
8086  -33.093  -21.716  41.622 0.0000000000
8087  -35.851  -22.283  41.893 0.0000000000
8088  -36.498  -22.354  40.324 0.0000000000
8089  -37.458  -22.695  38.654 0.0000000000
8090  -38.538  -22.654  36.990 0.0000000000
8091  -37.381  -20.750  34.866 0.0000000000
8092  -37.231  -17.914  34.108 0.0000000000
8110  -25.645  -30.124  52.696 0.0000000000
8147  -11.531  -32.240  60.080 0.0000000000
8148  -12.808  -34.391  59.904 0.0000000000
8150  -16.641  -33.616  58.429 0.0000000000
8900  -4.206  -38.463  68.306 0.0000000000
10457  -21.931  -30.525  53.062 0.0000000000
10458  -22.961  -30.943  53.724 0.0000000000
10459  -22.884  -30.229  52.541 0.0000000000
10460  -37.689  -28.022  49.196 0.0000000000
10467  -21.406  -28.301  52.322 0.0000000000
10468  -20.613  -28.232  52.996 0.0000000000
10469  -21.123  -29.434  52.746 0.0000000000
10470  -21.035  -30.584  53.474 0.0000000000
11223  -38.838  -15.159  33.144 0.0000000000
11224  -39.181  -15.996  32.331 0.0000000000
11225  -39.515  -14.376  32.438 0.0000000000
11226  -44.363  -9.327  28.399 0.0000000000
11227  -43.670  -10.594  28.148 0.0000000000
11228  -44.438  -10.270  27.362 0.0000000000
11229  -44.944  -11.291  26.848 0.0000000000
11230  -45.258  -10.043  26.573 0.0000000000
11231  -45.953  -9.879  25.927 0.0000000000
11674  -32.505  -21.499  45.615 0.0000000000
11677  -33.040  -18.151  39.306 0.0000000000
11679  -33.898  -19.077  37.666 0.0000000000
11680  -34.266  -17.947  37.538 0.0000000000
11681  -34.960  -17.838  36.737 0.0000000000
11695  -28.669  -29.440  49.737 0.0000000000
11696  -28.533  -29.967  50.773 0.0000000000
11697  -29.625  -30.158  50.608 0.0000000000
11725  -14.260  -30.901  57.732 0.0000000000
11726  -15.093  -30.799  57.058 0.0000000000
12213  -50.506  -9.760  22.311 0.0000000000
12326  -6.812  -38.451  66.988 0.0000000000
14068  -40.655  -24.904  48.495 0.0000000000
14072  -39.509  -23.870  46.307 0.0000000000
14095  -33.051  -29.564  49.346 0.0000000000
14097  -34.511  -29.718  50.730 0.0000000000
14120  -19.163  -28.051  54.432 0.0000000000
14122  -18.433  -28.069  55.121 0.0000000000
14123  -17.707  -28.084  55.846 0.0000000000
14124  -17.926  -29.336  55.071 0.0000000000
14125  -17.624  -30.641  55.356 0.0000000000
14126  -18.488  -30.556  54.844 0.0000000000
14127  -21.220  -31.987  55.692 0.0000000000
14128  -20.303  -32.175  55.980 0.0000000000
15865  -35.549  -27.652  46.554 0.0000000000
15866  -35.976  -27.118  46.118 0.0000000000
15867  -35.218  -26.672  46.042 0.0000000000
15887  -23.225  -26.210  51.758 0.0000000000
15888  -23.517  -27.065  51.015 0.0000000000
15889  -24.089  -26.036  51.173 0.0000000000
15891  -26.032  -26.151  50.018 0.0000000000
15892  -26.981  -26.276  49.659 0.0000000000
15893  -27.348  -27.393  49.155 0.0000000000
15894  -27.843  -26.543  49.159 0.0000000000
15898  -31.057  -25.713  49.387 0.0000000000
15900  -30.128  -26.452  48.589 0.0000000000
15901  -29.558  -27.153  48.392 0.0000000000
15902  -30.456  -27.414  48.043 0.0000000000
15903  -31.069  -28.337  48.021 0.0000000000
15904  -31.404  -27.717  47.676 0.0000000000
15905  -33.701  -27.145  46.798 0.0000000000
15906  -33.440  -27.900  47.046 0.0000000000
15907  -34.539  -27.829  46.854 0.0000000000
15908  -35.405  -28.196  47.258 0.0000000000
16383  -39.140  -21.101  34.473 0.0000000000
16384  -40.686  -21.590  34.986 0.0000000000
16385  -39.882  -20.520  33.833 0.0000000000
16386  -40.795  -17.516  31.714 0.0000000000
16387  -41.346  -19.038  32.565 0.0000000000
16391  -41.477  -11.404  31.598 0.0000000000
16392  -40.762  -12.788  31.063 0.0000000000
16393  -41.409  -12.161  30.397 0.0000000000
16394  -43.314  -13.410  28.563 0.0000000000
16395  -42.534  -13.904  29.156 0.0000000000
16396  -43.658  -14.795  29.183 0.0000000000
16397  -44.257  -16.140  30.160 0.0000000000
16409  -48.205  -10.894  24.492 0.0000000000
16410  -48.084  -9.730  23.964 0.0000000000
16411  -48.817  -9.710  23.329 0.0000000000
16517  -10.400  -33.414  61.108 0.0000000000
16518  -9.695  -33.510  62.068 0.0000000000
16519  -10.151  -34.793  61.750 0.0000000000
16521  -10.349  -37.057  64.349 0.0000000000
16523  -9.702  -38.056  66.773 0.0000000000
17733  -36.415  -25.851  45.211 0.0000000000
17734  -37.458  -25.973  45.563 0.0000000000
17735  -36.223  -25.124  44.735 0.0000000000
17736  -33.657  -22.883  43.929 0.0000000000
17737  -35.485  -23.727  44.015 0.0000000000
17738  -34.853  -23.188  43.581 0.0000000000
17739  -36.423  -23.192  43.778 0.0000000000
17740  -34.528  -22.765  43.010 0.0000000000
17743  -31.862  -18.821  42.709 0.0000000000
17744  -32.752  -20.522  40.056 0.0000000000
17745  -32.447  -20.769  41.037 0.0000000000
17746  -33.300  -21.507  40.646 0.0000000000
17747  -34.368  -22.187  41.522 0.0000000000
17748  -34.557  -22.075  40.682 0.0000000000
17749  -36.137  -22.285  41.144 0.0000000000
17750  -34.969  -22.086  39.819 0.0000000000
17751  -35.340  -21.284  37.002 0.0000000000
17752  -35.892  -22.141  38.041 0.0000000000
17753  -36.506  -22.187  37.174 0.0000000000
17754  -38.046  -22.748  37.790 0.0000000000
17755  -37.048  -22.110  36.411 0.0000000000
17756  -37.813  -21.905  35.734 0.0000000000
17757  -36.667  -21.016  35.507 0.0000000000
17758  -36.300  -17.412  35.332 0.0000000000
17759  -36.560  -18.378  34.724 0.0000000000
17760  -36.943  -16.971  34.749 0.0000000000
17800  -24.739  -28.989  50.855 0.0000000000
17801  -24.716  -29.706  51.791 0.0000000000
17802  -25.664  -29.631  51.526 0.0000000000
17892  -13.730  -33.320  58.548 0.0000000000
17893  -12.842  -33.424  59.066 0.0000000000
17894  -13.723  -34.262  59.484 0.0000000000
17897  -17.571  -32.694  56.910 0.0000000000
17898  -16.571  -32.888  57.241 0.0000000000
17899  -17.586  -33.352  58.185 0.0000000000
23429  -22.166  -31.769  55.614 0.0000000000
23431  -23.141  -31.401  55.262 0.0000000000
23432  -24.025  -30.991  54.860 0.0000000000
23433  -24.934  -30.638  54.588 0.0000000000
23434  -35.407  -29.074  49.299 0.0000000000
23435  -35.685  -29.302  50.716 0.0000000000
23449  -20.514  -27.006  53.849 0.0000000000
23450  -19.879  -28.144  53.712 0.0000000000
23451  -19.508  -29.390  53.886 0.0000000000
23452  -19.316  -30.554  54.350 0.0000000000
23453  -20.170  -30.572  53.874 0.0000000000
23454  -21.097  -31.421  54.457 0.0000000000
24496  -34.204  -26.374  46.740 0.0000000000
24497  -34.712  -25.971  46.402 0.0000000000
24518  -31.825  -25.969  48.683 0.0000000000
24519  -31.924  -26.936  47.645 0.0000000000
24521  -33.406  -26.455  47.257 0.0000000000
24807  -38.431  -18.318  33.175 0.0000000000
24808  -39.370  -19.136  33.008 0.0000000000
24809  -39.152  -17.631  32.517 0.0000000000
24810  -39.853  -16.776  31.873 0.0000000000
24811  -40.543  -15.931  31.142 0.0000000000
24813  -42.164  -11.572  29.721 0.0000000000
24814  -42.944  -11.038  28.959 0.0000000000
24815  -43.330  -11.999  28.267 0.0000000000
24816  -44.142  -12.958  27.962 0.0000000000
24817  -45.319  -13.867  28.162 0.0000000000
24818  -44.965  -12.588  27.394 0.0000000000
24819  -45.896  -12.341  26.791 0.0000000000
24820  -46.837  -12.178  26.233 0.0000000000
24822  -46.586  -10.996  25.598 0.0000000000
24823  -46.667  -9.782  25.263 0.0000000000
24887  -11.970  -35.402  61.469 0.0000000000
24888  -11.050  -35.698  62.097 0.0000000000
24889  -12.139  -36.184  63.112 0.0000000000
25617  -34.032  -23.303  45.610 0.0000000000
25618  -34.782  -23.945  44.761 0.0000000000
25619  -33.423  -22.760  45.162 0.0000000000
25620  -32.804  -22.332  44.580 0.0000000000
25621  -32.432  -21.817  43.934 0.0000000000
25623  -32.132  -18.531  41.523 0.0000000000
25624  -32.516  -18.300  40.386 0.0000000000
25625  -32.705  -19.330  39.600 0.0000000000
25626  -33.268  -20.357  39.028 0.0000000000
25627  -34.169  -21.325  38.773 0.0000000000
25628  -33.865  -20.284  38.065 0.0000000000
25629  -34.480  -20.183  37.190 0.0000000000
25630  -35.154  -20.131  36.373 0.0000000000
25631  -35.788  -19.975  35.678 0.0000000000
25632  -35.231  -18.914  36.103 0.0000000000
25657  -26.670  -28.962  50.146 0.0000000000
25658  -26.581  -29.598  51.209 0.0000000000
25659  -27.541  -29.724  50.981 0.0000000000
25713  -13.920  -32.161  57.964 0.0000000000
25714  -14.667  -33.227  58.113 0.0000000000
26791  -7.688  -36.835  64.897 0.0000000000
26792  -7.298  -35.318  65.417 0.0000000000
26793  -6.899  -36.909  65.851 0.0000000000
26794  -6.203  -36.752  66.832 0.0000000000
26795  -5.421  -36.768  67.689 0.0000000000
29684  -38.903  -22.650  45.277 0.0000000000
29716  -30.823  -29.785  49.526 0.0000000000
29717  -30.816  -30.243  50.611 0.0000000000
29756  -16.915  -28.192  56.614 0.0000000000
29757  -16.306  -29.502  56.343 0.0000000000
29758  -15.927  -30.706  56.438 0.0000000000
29759  -16.787  -30.712  55.862 0.0000000000
29760  -17.513  -31.758  55.931 0.0000000000
29761  -18.495  -32.504  56.612 0.0000000000
29762  -19.318  -31.617  55.189 0.0000000000
29763  -19.422  -32.326  56.275 0.0000000000
29764  -19.491  -32.812  57.604 0.0000000000
30442  -51.282  -8.713  21.305 0.0000000000
32191  -37.588  -27.659  48.010 0.0000000000
32192  -38.076  -27.139  47.551 0.0000000000
32193  -37.012  -27.263  46.661 0.0000000000
32194  -36.233  -26.491  45.639 0.0000000000
32195  -35.519  -25.370  45.377 0.0000000000
32196  -35.043  -25.388  46.258 0.0000000000
32197  -35.015  -24.678  46.092 0.0000000000
32198  -34.647  -23.966  45.799 0.0000000000
32199  -33.803  -22.576  46.670 0.0000000000
32219  -22.172  -28.421  51.746 0.0000000000
32220  -22.911  -29.237  51.658 0.0000000000
32221  -23.127  -28.167  51.124 0.0000000000
32222  -24.060  -28.071  50.687 0.0000000000
32223  -25.024  -28.013  50.249 0.0000000000
32224  -25.085  -26.015  50.609 0.0000000000
32225  -25.446  -26.980  49.955 0.0000000000
32226  -25.962  -28.048  49.816 0.0000000000
32227  -26.937  -28.286  49.478 0.0000000000
32228  -27.882  -28.457  49.242 0.0000000000
32229  -28.783  -28.808  48.962 0.0000000000
32235  -28.493  -25.875  49.613 0.0000000000
32236  -28.684  -26.944  48.789 0.0000000000
32237  -29.100  -27.944  48.505 0.0000000000
32238  -29.799  -29.079  48.788 0.0000000000
32239  -30.854  -29.171  48.582 0.0000000000
32240  -31.984  -29.174  48.514 0.0000000000
32241  -33.144  -29.128  48.432 0.0000000000
32242  -32.311  -27.828  47.297 0.0000000000
32243  -33.193  -28.510  47.614 0.0000000000
32244  -34.378  -28.963  48.389 0.0000000000
32245  -35.458  -28.648  48.273 0.0000000000
32246  -36.640  -28.218  48.251 0.0000000000
32274  -21.893  -27.111  52.278 0.0000000000
32852  -40.622  -19.782  33.151 0.0000000000
32858  -40.144  -13.537  31.767 0.0000000000
32859  -40.474  -14.322  30.947 0.0000000000
32860  -41.166  -15.169  30.469 0.0000000000
32861  -41.775  -12.990  29.586 0.0000000000
32862  -41.804  -14.445  29.806 0.0000000000
32863  -42.120  -15.985  30.389 0.0000000000
32864  -43.443  -16.784  30.708 0.0000000000
32883  -49.867  -10.870  23.584 0.0000000000
32884  -49.639  -9.708  22.813 0.0000000000
32885  -49.679  -8.504  22.348 0.0000000000
33020  -9.054  -33.631  63.082 0.0000000000
33021  -8.611  -35.148  63.379 0.0000000000
33022  -10.155  -36.037  62.792 0.0000000000
33023  -9.328  -36.351  63.444 0.0000000000
33024  -8.495  -36.667  64.146 0.0000000000
33025  -8.637  -37.906  65.563 0.0000000000
34554  -38.475  -26.518  46.964 0.0000000000
34555  -38.519  -25.832  46.333 0.0000000000
34556  -38.522  -25.058  45.803 0.0000000000
34557  -35.842  -24.400  44.362 0.0000000000
34558  -37.128  -24.467  44.581 0.0000000000
34559  -38.332  -24.279  45.278 0.0000000000
34560  -38.057  -23.609  44.795 0.0000000000
34561  -37.662  -22.985  44.372 0.0000000000
34562  -37.478  -22.489  43.923 0.0000000000
34564  -31.777  -20.558  43.784 0.0000000000
34565  -32.261  -21.406  43.003 0.0000000000
34566  -31.974  -19.841  41.704 0.0000000000
34567  -32.216  -21.021  42.052 0.0000000000
34568  -33.107  -22.055  42.512 0.0000000000
34569  -34.307  -22.372  42.297 0.0000000000
34570  -35.856  -22.445  42.629 0.0000000000
34575  -35.349  -22.089  38.931 0.0000000000
34576  -36.947  -22.517  39.494 0.0000000000
34581  -39.246  -22.458  36.329 0.0000000000
34582  -38.430  -21.548  35.079 0.0000000000
34583  -38.014  -20.329  34.233 0.0000000000
34584  -36.496  -19.725  34.975 0.0000000000
34585  -37.182  -19.390  34.323 0.0000000000
34586  -37.810  -18.895  33.767 0.0000000000
34587  -37.844  -17.408  33.543 0.0000000000
34588  -38.231  -15.863  33.684 0.0000000000
34636  -23.827  -29.965  52.157 0.0000000000
34637  -24.766  -30.352  53.063 0.0000000000
34639  -26.605  -30.036  52.502 0.0000000000
34747  -11.156  -33.416  60.306 0.0000000000
34748  -12.247  -32.269  59.316 0.0000000000
34749  -11.966  -33.470  59.663 0.0000000000
34750  -11.924  -34.530  60.411 0.0000000000
34751  -12.898  -35.205  61.044 0.0000000000
34754  -15.691  -31.998  56.879 0.0000000000
34755  -15.612  -33.006  57.609 0.0000000000
34756  -15.657  -33.880  58.748 0.0000000000
36944  -5.595  -39.644  69.201 0.0000000000
36945  -4.910  -38.444  68.189 0.0000000000
36946  -4.664  -36.768  68.197 0.0000000000
41172  -38.903  -27.107  48.829 0.0000000000
41177  -21.957  -30.006  52.604 0.0000000000
41178  -22.419  -30.348  52.789 0.0000000000
41179  -22.437  -29.898  52.309 0.0000000000
41180  -38.128  -27.737  49.092 0.0000000000
41187  -21.686  -28.907  52.201 0.0000000000
41188  -21.237  -28.880  52.500 0.0000000000
41189  -21.573  -29.620  52.515 0.0000000000
41190  -21.514  -30.061  52.812 0.0000000000
41943  -39.149  -14.437  33.304 0.0000000000
41944  -39.187  -14.732  32.786 0.0000000000
41945  -39.482  -14.032  32.980 0.0000000000
41946  -44.729  -9.170  27.956 0.0000000000
41947  -44.363  -9.781  27.818 0.0000000000
41948  -44.738  -9.667  27.406 0.0000000000
41949  -44.807  -10.159  26.990 0.0000000000
41950  -45.128  -9.530  26.982 0.0000000000
41951  -45.471  -9.436  26.615 0.0000000000
42399  -33.952  -18.009  37.929 0.0000000000
42415  -29.103  -29.534  49.598 0.0000000000
42416  -29.017  -29.826  50.009 0.0000000000
42417  -29.679  -29.992  50.121 0.0000000000
42444  -15.127  -29.630  57.435 0.0000000000
42445  -14.869  -30.254  57.373 0.0000000000
42446  -15.301  -30.181  57.015 0.0000000000
42933  -50.457  -9.209  21.991 0.0000000000
42934  -50.958  -9.820  22.076 0.0000000000
42935  -50.872  -9.255  21.764 0.0000000000
44790  -40.161  -24.363  47.394 0.0000000000
44791  -40.007  -24.040  47.024 0.0000000000
44792  -39.551  -24.285  46.534 0.0000000000
44815  -33.795  -29.478  49.478 0.0000000000
44816  -33.842  -29.707  50.088 0.0000000000
44817  -34.365  -29.566  50.030 0.0000000000
44840  -18.907  -28.675  54.440 0.0000000000
44841  -18.733  -28.154  54.764 0.0000000000
44842  -18.464  -28.849  54.725 0.0000000000
44843  -18.171  -28.705  55.034 0.0000000000
44844  -18.333  -29.387  54.757 0.0000000000
44845  -18.214  -29.975  54.869 0.0000000000
44846  -18.551  -29.980  54.632 0.0000000000
46585  -35.151  -27.445  46.447 0.0000000000
46586  -35.308  -27.181  46.194 0.0000000000
46587  -34.889  -26.920  46.175 0.0000000000
46608  -23.650  -26.128  51.389 0.0000000000
46610  -27.232  -25.395  50.367 0.0000000000
46611  -26.833  -25.810  49.934 0.0000000000
46612  -27.318  -25.922  49.779 0.0000000000
46613  -27.435  -26.369  49.451 0.0000000000
46614  -27.729  -26.031  49.592 0.0000000000
46618  -30.931  -26.191  48.685 0.0000000000
46619  -30.545  -25.990  49.016 0.0000000000
46620  -30.645  -26.486  48.475 0.0000000000
46621  -30.231  -26.855  48.292 0.0000000000
46622  -30.708  -27.136  48.057 0.0000000000
46623  -30.896  -27.548  47.882 0.0000000000
46624  -31.150  -27.240  47.798 0.0000000000
46625  -34.276  -27.162  46.554 0.0000000000
46626  -34.114  -27.533  46.777 0.0000000000
46627  -34.609  -27.465  46.553 0.0000000000
46628  -35.091  -27.739  46.713 0.0000000000
47103  -38.855  -20.471  34.026 0.0000000000
47104  -39.529  -20.823  34.160 0.0000000000
47105  -39.315  -20.196  33.694 0.0000000000
47106  -41.163  -17.122  31.376 0.0000000000
47107  -41.378  -17.895  31.767 0.0000000000
47110  -42.073  -17.105  31.122 0.0000000000
47111  -41.847  -11.090  31.254 0.0000000000
47112  -41.391  -11.760  30.918 0.0000000000
47113  -41.763  -11.430  30.575 0.0000000000
47114  -43.862  -13.886  28.540 0.0000000000
47115  -43.446  -14.119  28.823 0.0000000000
47116  -44.070  -14.553  28.900 0.0000000000
47117  -44.343  -15.227  29.377 0.0000000000
47131  -48.083  -9.104  23.799 0.0000000000
47237  -10.643  -34.055  60.965 0.0000000000
47238  -10.239  -34.109  61.375 0.0000000000
47239  -10.575  -34.687  61.357 0.0000000000
48453  -35.783  -25.214  45.011 0.0000000000
48454  -36.330  -25.426  44.977 0.0000000000
48455  -35.699  -24.880  44.862 0.0000000000
48456  -33.384  -22.639  43.616 0.0000000000
48457  -34.222  -23.080  43.684 0.0000000000
48458  -34.010  -22.836  43.378 0.0000000000
48459  -34.636  -22.951  43.302 0.0000000000
48460  -33.881  -22.642  43.119 0.0000000000
48464  -33.208  -20.972  39.784 0.0000000000
48465  -32.967  -21.053  40.333 0.0000000000
48466  -33.511  -21.466  40.171 0.0000000000
48467  -33.872  -21.826  40.606 0.0000000000
48468  -34.098  -21.821  40.136 0.0000000000
48469  -34.748  -22.093  40.226 0.0000000000
48470  -34.294  -21.787  39.700 0.0000000000
48471  -35.707  -21.260  36.588 0.0000000000
48472  -35.855  -21.754  37.043 0.0000000000
48473  -36.174  -21.767  36.635 0.0000000000
48474  -36.763  -22.165  36.807 0.0000000000
48475  -36.514  -21.691  36.264 0.0000000000
48476  -36.841  -21.610  35.942 0.0000000000
48477  -36.322  -21.089  35.840 0.0000000000
48520  -25.233  -28.922  50.646 0.0000000000
48521  -25.180  -29.318  51.101 0.0000000000
48522  -25.640  -29.245  50.856 0.0000000000
48612  -14.174  -33.789  58.814 0.0000000000
48613  -13.692  -33.812  58.979 0.0000000000
48614  -14.207  -34.205  59.293 0.0000000000
48615  -14.241  -34.577  59.880 0.0000000000
48616  -14.715  -34.477  59.702 0.0000000000
48617  -18.052  -32.915  57.329 0.0000000000
48618  -17.584  -33.089  57.547 0.0000000000
48619  -18.085  -33.189  58.010 0.0000000000
50410  -8.207  -34.490  64.175 0.0000000000
50412  -7.904  -34.529  64.756 0.0000000000
54391  -40.126  -25.567  48.210 0.0000000000
54407  -22.094  -31.563  54.880 0.0000000000
54408  -22.609  -31.603  55.369 0.0000000000
54409  -22.545  -31.395  54.648 0.0000000000
54410  -23.403  -30.771  53.584 0.0000000000
54411  -23.466  -30.990  54.210 0.0000000000
54412  -23.946  -30.819  54.069 0.0000000000
54413  -24.478  -30.775  54.682 0.0000000000
54414  -24.422  -30.648  54.042 0.0000000000
54415  -36.152  -28.770  49.429 0.0000000000
54416  -36.067  -28.958  49.933 0.0000000000
54437  -21.226  -26.459  53.587 0.0000000000
54439  -20.864  -27.010  53.417 0.0000000000
54440  -20.394  -28.833  53.070 0.0000000000
54441  -20.241  -28.210  53.347 0.0000000000
54442  -20.033  -28.832  53.427 0.0000000000
54443  -19.697  -28.718  53.721 0.0000000000
54444  -19.902  -29.445  53.572 0.0000000000
54445  -19.814  -29.999  53.779 0.0000000000
54446  -20.220  -29.979  53.524 0.0000000000
54447  -21.495  -30.992  53.760 0.0000000000
54448  -21.043  -31.050  53.948 0.0000000000
54449  -21.563  -31.375  54.370 0.0000000000
54450  -21.644  -31.678  55.012 0.0000000000
56185  -34.127  -26.027  47.110 0.0000000000
56186  -34.397  -25.769  47.159 0.0000000000
56223  -32.190  -26.154  48.210 0.0000000000
56225  -33.895  -25.663  48.195 0.0000000000
56227  -33.820  -26.037  47.556 0.0000000000
56228  -33.826  -26.425  47.029 0.0000000000
56703  -38.392  -17.571  33.063 0.0000000000
56704  -38.794  -17.994  32.843 0.0000000000
56705  -38.773  -17.184  32.708 0.0000000000
56706  -39.532  -15.536  31.976 0.0000000000
56707  -39.489  -16.318  32.036 0.0000000000
56708  -39.851  -15.906  31.680 0.0000000000
56709  -40.202  -16.342  31.517 0.0000000000
56710  -40.141  -15.511  31.352 0.0000000000
56712  -42.899  -10.615  29.476 0.0000000000
56713  -43.289  -10.358  29.030 0.0000000000
56714  -43.877  -11.103  27.764 0.0000000000
56715  -43.478  -11.289  28.160 0.0000000000
56716  -43.736  -11.770  27.875 0.0000000000
56717  -43.697  -12.474  28.054 0.0000000000
56718  -44.129  -12.268  27.703 0.0000000000
56719  -44.565  -12.755  27.669 0.0000000000
56720  -44.544  -12.076  27.363 0.0000000000
56721  -45.360  -11.153  26.496 0.0000000000
56722  -45.398  -11.840  26.742 0.0000000000
56723  -45.834  -11.721  26.424 0.0000000000
56725  -46.277  -11.644  26.138 0.0000000000
56726  -46.698  -11.614  25.876 0.0000000000
56727  -46.203  -11.039  25.884 0.0000000000
56728  -46.132  -9.283  25.915 0.0000000000
56729  -46.283  -9.828  25.589 0.0000000000
58053  -33.572  -22.643  46.006 0.0000000000
58054  -33.782  -23.089  45.377 0.0000000000
58055  -33.220  -22.395  45.699 0.0000000000
58056  -32.201  -21.236  45.241 0.0000000000
58057  -32.606  -21.918  45.099 0.0000000000
58058  -32.352  -21.656  44.767 0.0000000000
58059  -32.636  -22.089  44.286 0.0000000000
58060  -32.177  -21.433  44.340 0.0000000000
58064  -33.099  -18.664  38.957 0.0000000000
58065  -32.831  -18.749  39.455 0.0000000000
58066  -33.003  -19.271  39.072 0.0000000000
58067  -32.956  -19.841  39.295 0.0000000000
58068  -33.198  -19.758  38.825 0.0000000000
58069  -33.541  -20.296  38.544 0.0000000000
58070  -33.539  -19.742  38.280 0.0000000000
58071  -34.236  -19.041  37.255 0.0000000000
58072  -34.162  -19.666  37.383 0.0000000000
58073  -34.505  -19.623  36.959 0.0000000000
58074  -34.830  -20.158  36.766 0.0000000000
58075  -34.837  -19.578  36.580 0.0000000000
58076  -35.153  -19.535  36.213 0.0000000000
58077  -34.903  -18.968  36.460 0.0000000000
58079  -35.303  -17.741  36.355 0.0000000000
58120  -27.145  -29.013  49.925 0.0000000000
58121  -27.086  -29.325  50.426 0.0000000000
58122  -27.531  -29.456  50.385 0.0000000000
58123  -29.076  -30.248  51.331 0.0000000000
58124  -28.540  -30.122  51.390 0.0000000000
58212  -14.466  -31.530  57.497 0.0000000000
58213  -14.054  -31.547  57.811 0.0000000000
58214  -14.309  -32.170  57.705 0.0000000000
58215  -14.203  -32.764  58.000 0.0000000000
58216  -14.712  -32.660  57.735 0.0000000000
60010  -7.673  -37.617  65.482 0.0000000000
60011  -7.273  -36.878  65.358 0.0000000000
60012  -7.232  -37.692  65.869 0.0000000000
60013  -6.298  -38.478  67.325 0.0000000000
60014  -6.406  -37.654  66.743 0.0000000000
60015  -5.993  -37.628  67.170 0.0000000000
60016  -5.825  -36.780  67.295 0.0000000000
60017  -5.583  -37.630  67.546 0.0000000000
65248  -39.794  -23.341  46.546 0.0000000000
65250  -39.676  -23.021  46.275 0.0000000000
65251  -39.576  -22.733  46.009 0.0000000000
65252  -39.051  -22.934  45.544 0.0000000000
65320  -31.311  -29.730  49.348 0.0000000000
65321  -31.343  -30.025  49.913 0.0000000000
65322  -31.865  -29.958  49.971 0.0000000000
65405  -17.368  -28.754  55.740 0.0000000000
65406  -17.275  -28.160  56.256 0.0000000000
65407  -16.981  -28.805  56.099 0.0000000000
65408  -16.603  -28.830  56.415 0.0000000000
65409  -16.711  -29.485  56.021 0.0000000000
65410  -16.508  -30.099  56.033 0.0000000000
65411  -16.906  -30.100  55.761 0.0000000000
65412  -18.019  -31.127  55.333 0.0000000000
65413  -17.553  -31.210  55.600 0.0000000000
65414  -17.997  -31.700  55.735 0.0000000000
65415  -18.011  -32.204  56.193 0.0000000000
65416  -18.450  -32.108  56.025 0.0000000000
65417  -19.760  -31.030  54.470 0.0000000000
65418  -19.310  -31.081  54.699 0.0000000000
65419  -19.793  -31.482  54.921 0.0000000000
65420  -20.353  -32.387  56.678 0.0000000000
65421  -19.858  -32.264  56.115 0.0000000000
65422  -19.901  -32.506  56.761 0.0000000000
65423  -19.469  -32.589  56.904 0.0000000000
70630  -37.010  -27.746  47.550 0.0000000000
70631  -37.194  -27.519  47.234 0.0000000000
70632  -36.739  -27.564  46.861 0.0000000000
70633  -35.791  -26.668  45.831 0.0000000000
70634  -36.208  -26.857  45.912 0.0000000000
70635  -35.864  -26.341  45.596 0.0000000000
70636  -35.958  -25.991  45.377 0.0000000000
70637  -35.569  -25.724  45.536 0.0000000000
70638  -34.863  -25.308  46.901 0.0000000000
70639  -34.950  -25.672  46.429 0.0000000000
70640  -34.991  -25.009  46.652 0.0000000000
70641  -34.729  -23.551  46.977 0.0000000000
70643  -34.754  -23.961  46.423 0.0000000000
70644  -34.872  -24.249  46.017 0.0000000000
70645  -34.506  -23.600  46.279 0.0000000000
70646  -34.203  -23.254  46.238 0.0000000000
70697  -22.376  -27.880  51.616 0.0000000000
70698  -22.674  -28.248  51.449 0.0000000000
70699  -22.836  -27.593  51.291 0.0000000000
70700  -23.982  -27.101  50.725 0.0000000000
70701  -23.775  -27.576  50.756 0.0000000000
70702  -24.251  -27.503  50.545 0.0000000000
70703  -24.527  -27.945  50.418 0.0000000000
70704  -24.710  -27.540  50.300 0.0000000000
70708  -26.252  -26.591  49.747 0.0000000000
70709  -25.748  -26.591  49.947 0.0000000000
70710  -25.923  -27.213  49.719 0.0000000000
70711  -25.680  -27.612  49.858 0.0000000000
70712  -26.178  -27.521  49.648 0.0000000000
70713  -26.436  -28.133  49.621 0.0000000000
70714  -26.651  -27.696  49.443 0.0000000000
70715  -27.731  -27.527  48.960 0.0000000000
70716  -27.608  -28.025  49.133 0.0000000000
70717  -28.081  -28.014  49.011 0.0000000000
70718  -28.340  -28.635  49.069 0.0000000000
70719  -28.498  -28.206  48.843 0.0000000000
70731  -29.707  -25.701  49.501 0.0000000000
70732  -29.795  -25.239  50.293 0.0000000000
70733  -29.348  -25.478  49.866 0.0000000000
70734  -28.922  -25.479  50.050 0.0000000000
70735  -28.976  -25.938  49.494 0.0000000000
70736  -28.572  -26.317  49.177 0.0000000000
70737  -29.002  -26.438  48.990 0.0000000000
70738  -29.788  -27.798  48.241 0.0000000000
70739  -29.315  -27.492  48.430 0.0000000000
70740  -29.536  -28.044  48.330 0.0000000000
70741  -29.443  -28.494  48.572 0.0000000000
70742  -29.880  -28.599  48.412 0.0000000000
70743  -30.310  -29.060  48.635 0.0000000000
70744  -30.383  -28.739  48.374 0.0000000000
70745  -31.612  -28.521  47.880 0.0000000000
70746  -31.531  -28.863  48.237 0.0000000000
70747  -32.019  -28.827  48.075 0.0000000000
70748  -32.496  -29.120  48.360 0.0000000000
70749  -32.578  -28.813  48.015 0.0000000000
70750  -32.332  -26.985  47.417 0.0000000000
70751  -32.107  -27.399  47.416 0.0000000000
70752  -32.550  -27.440  47.202 0.0000000000
70753  -33.892  -28.208  47.229 0.0000000000
70754  -33.368  -28.302  47.294 0.0000000000
70755  -33.857  -28.551  47.574 0.0000000000
70756  -33.773  -28.768  47.933 0.0000000000
70757  -34.332  -28.692  47.892 0.0000000000
70758  -34.899  -28.791  48.313 0.0000000000
70759  -34.897  -28.589  47.839 0.0000000000
70760  -36.005  -28.026  47.239 0.0000000000
70761  -36.016  -28.238  47.735 0.0000000000
70762  -36.437  -28.020  47.564 0.0000000000
70763  -37.012  -27.948  48.070 0.0000000000
70827  -22.581  -26.584  51.981 0.0000000000
70828  -22.235  -26.562  52.372 0.0000000000
70829  -22.252  -27.221  51.907 0.0000000000
70830  -22.041  -27.746  51.921 0.0000000000
72183  -40.368  -22.446  36.424 0.0000000000
72186  -41.093  -21.288  34.667 0.0000000000
72187  -41.504  -21.732  35.383 0.0000000000
72191  -39.691  -18.771  32.696 0.0000000000
72192  -39.962  -19.481  33.033 0.0000000000
72193  -40.287  -19.131  32.725 0.0000000000
72206  -40.504  -12.527  32.640 0.0000000000
72207  -40.114  -13.217  32.315 0.0000000000
72208  -40.440  -12.794  31.972 0.0000000000
72209  -40.889  -13.202  30.585 0.0000000000
72210  -40.578  -13.510  30.949 0.0000000000
72211  -40.797  -13.938  30.599 0.0000000000
72212  -40.777  -14.716  30.662 0.0000000000
72213  -41.090  -14.345  30.336 0.0000000000
72214  -42.301  -12.014  29.266 0.0000000000
72215  -41.922  -12.259  29.613 0.0000000000
72216  -42.166  -12.704  29.240 0.0000000000
72217  -42.681  -14.616  29.410 0.0000000000
72218  -42.155  -14.149  29.483 0.0000000000
72219  -42.283  -14.887  29.720 0.0000000000
72220  -41.949  -15.221  30.061 0.0000000000
72221  -42.516  -15.645  30.070 0.0000000000
72222  -42.805  -16.406  30.507 0.0000000000
72223  -43.171  -16.060  30.191 0.0000000000
72225  -44.595  -16.714  30.759 0.0000000000
72236  -45.761  -13.684  27.933 0.0000000000
72260  -47.914  -11.504  25.136 0.0000000000
72261  -48.628  -10.907  24.233 0.0000000000
72263  -49.225  -11.409  24.444 0.0000000000
72267  -49.440  -10.868  23.795 0.0000000000
72268  -48.784  -9.050  23.137 0.0000000000
72269  -49.231  -9.705  23.072 0.0000000000
72270  -49.176  -9.039  22.831 0.0000000000
72271  -49.597  -9.098  22.537 0.0000000000
72590  -9.502  -34.265  62.227 0.0000000000
72591  -9.364  -33.575  62.541 0.0000000000
72592  -9.141  -34.330  62.677 0.0000000000
72593  -8.806  -34.401  63.151 0.0000000000
72594  -8.980  -35.096  62.960 0.0000000000
72595  -11.137  -36.174  62.865 0.0000000000
72596  -10.611  -35.869  62.465 0.0000000000
72597  -10.708  -36.386  63.200 0.0000000000
72598  -9.934  -37.284  64.647 0.0000000000
72599  -9.841  -36.787  63.811 0.0000000000
72600  -9.417  -36.960  64.097 0.0000000000
72601  -8.907  -36.512  63.781 0.0000000000
72602  -8.975  -37.164  64.437 0.0000000000
72603  -8.549  -37.318  64.770 0.0000000000
72604  -9.072  -37.693  65.216 0.0000000000
72606  -9.255  -38.319  67.156 0.0000000000
76233  -37.685  -26.928  46.720 0.0000000000
76234  -38.155  -26.849  47.065 0.0000000000
76235  -37.874  -26.596  46.474 0.0000000000
76236  -37.496  -25.631  45.318 0.0000000000
76237  -38.007  -25.926  45.909 0.0000000000
76238  -38.019  -25.574  45.662 0.0000000000
76239  -38.552  -25.446  46.073 0.0000000000
76240  -38.007  -25.189  45.392 0.0000000000
76241  -34.552  -23.648  44.558 0.0000000000
76242  -35.342  -24.239  44.456 0.0000000000
76243  -35.062  -23.865  44.330 0.0000000000
76244  -36.101  -23.803  44.003 0.0000000000
76245  -36.232  -24.105  44.179 0.0000000000
76246  -36.935  -24.099  44.376 0.0000000000
76247  -37.765  -24.399  44.885 0.0000000000
76248  -37.609  -24.049  44.667 0.0000000000
76249  -38.193  -23.933  45.029 0.0000000000
76250  -37.423  -23.731  44.395 0.0000000000
76251  -36.121  -22.940  43.515 0.0000000000
76252  -37.022  -23.141  43.979 0.0000000000
76253  -36.889  -22.855  43.809 0.0000000000
76254  -37.551  -22.748  44.175 0.0000000000
76255  -36.721  -22.626  43.503 0.0000000000
76259  -31.725  -19.666  43.250 0.0000000000
76260  -31.705  -19.902  43.711 0.0000000000
76261  -31.771  -20.365  43.248 0.0000000000
76262  -31.994  -20.966  43.426 0.0000000000
76263  -31.898  -20.772  42.903 0.0000000000
76264  -32.178  -19.087  40.988 0.0000000000
76265  -32.007  -19.158  41.644 0.0000000000
76266  -32.129  -19.678  41.184 0.0000000000
76267  -32.688  -21.267  41.327 0.0000000000
76268  -32.293  -20.848  41.590 0.0000000000
76269  -32.626  -21.414  41.774 0.0000000000
76270  -32.580  -21.547  42.275 0.0000000000
76271  -33.050  -21.836  42.086 0.0000000000
76272  -33.668  -22.276  42.349 0.0000000000
76273  -33.647  -22.114  41.962 0.0000000000
76274  -35.115  -22.279  41.669 0.0000000000
76275  -35.026  -22.371  42.046 0.0000000000
76276  -35.836  -22.340  42.264 0.0000000000
76277  -36.558  -22.367  42.901 0.0000000000
76278  -36.523  -22.268  42.550 0.0000000000
76281  -36.246  -22.307  40.722 0.0000000000
76286  -34.376  -21.256  38.338 0.0000000000
76287  -34.672  -21.696  38.775 0.0000000000
76288  -35.006  -21.730  38.324 0.0000000000
76289  -36.681  -22.468  38.291 0.0000000000
76290  -36.397  -22.436  38.722 0.0000000000
76291  -37.184  -22.608  39.067 0.0000000000
76296  -38.238  -22.702  37.360 0.0000000000
76297  -38.812  -22.811  38.250 0.0000000000
76298  -39.107  -22.803  37.850 0.0000000000
76300  -39.466  -22.770  37.422 0.0000000000
76301  -39.679  -22.695  37.100 0.0000000000
76302  -38.883  -22.589  36.658 0.0000000000
76303  -37.528  -21.331  35.250 0.0000000000
76304  -38.103  -21.730  35.405 0.0000000000
76305  -37.881  -21.179  34.941 0.0000000000
76306  -38.170  -20.969  34.611 0.0000000000
76307  -37.722  -20.557  34.545 0.0000000000
76308  -35.829  -19.354  35.505 0.0000000000
76309  -36.154  -19.866  35.299 0.0000000000
76310  -36.153  -19.241  35.166 0.0000000000
76311  -36.888  -18.172  34.425 0.0000000000
76312  -36.848  -18.878  34.496 0.0000000000
76313  -37.164  -18.671  34.203 0.0000000000
76314  -37.518  -19.172  34.036 0.0000000000
76315  -37.472  -18.424  33.907 0.0000000000
76316  -37.776  -18.155  33.626 0.0000000000
76317  -37.525  -17.688  33.840 0.0000000000
76319  -37.890  -16.195  33.953 0.0000000000
76435  -23.372  -29.217  51.490 0.0000000000
76436  -23.310  -29.631  51.823 0.0000000000
76437  -23.827  -29.500  51.664 0.0000000000
76438  -25.138  -29.961  52.174 0.0000000000
76439  -24.738  -30.084  52.402 0.0000000000
76440  -25.217  -30.177  52.857 0.0000000000
76441  -25.312  -30.383  53.649 0.0000000000
76442  -25.741  -30.281  53.405 0.0000000000
76443  -27.088  -29.892  51.717 0.0000000000
76444  -26.595  -29.888  51.920 0.0000000000
76445  -27.104  -30.083  52.427 0.0000000000
76459  -30.878  -30.462  51.251 0.0000000000
76710  -10.944  -32.819  60.575 0.0000000000
76711  -11.300  -32.844  60.164 0.0000000000
76712  -12.856  -31.647  58.863 0.0000000000
76713  -12.489  -31.626  59.258 0.0000000000
76714  -12.634  -32.262  58.948 0.0000000000
76715  -12.815  -33.922  59.454 0.0000000000
76716  -12.393  -33.452  59.385 0.0000000000
76717  -12.362  -33.993  59.732 0.0000000000
76718  -11.905  -34.028  60.013 0.0000000000
76719  -12.361  -34.498  60.189 0.0000000000
76720  -12.386  -34.905  60.664 0.0000000000
76721  -12.851  -34.820  60.440 0.0000000000
76727  -16.228  -31.347  56.342 0.0000000000
76728  -15.777  -31.395  56.612 0.0000000000
76729  -16.164  -31.918  56.620 0.0000000000
76730  -16.584  -33.296  57.809 0.0000000000
76731  -16.136  -32.976  57.425 0.0000000000
76732  -16.147  -33.381  57.943 0.0000000000
76733  -15.634  -33.500  58.168 0.0000000000
76734  -16.145  -33.757  58.538 0.0000000000
81116  -51.698  -8.786  21.050 0.0000000000
82131  -4.372  -39.261  68.610 0.0000000000
82132  -4.751  -39.192  68.649 0.0000000000
82133  -4.536  -38.461  68.270 0.0000000000
82134  -4.740  -37.610  68.066 0.0000000000
82135  -4.405  -37.571  68.182 0.0000000000
92549  -21.957  -30.957  53.661 0.0000000000
92550  -22.489  -31.130  53.970 0.0000000000
92551  -22.433  -30.759  53.340 0.0000000000
92552  -22.914  -30.608  53.095 0.0000000000
92553  -23.356  -30.437  52.930 0.0000000000
92554  -37.194  -28.314  49.279 0.0000000000
92567  -21.303  -27.599  52.609 0.0000000000
92568  -20.889  -27.640  52.976 0.0000000000
92569  -21.051  -28.194  52.651 0.0000000000
92570  -20.829  -28.908  52.799 0.0000000000
92571  -20.717  -29.504  52.998 0.0000000000
92572  -20.666  -30.015  53.243 0.0000000000
92573  -21.052  -30.042  53.053 0.0000000000
92574  -21.484  -30.479  53.200 0.0000000000
93616  -34.288  -25.365  48.341 0.0000000000
93927  -38.602  -15.986  33.044 0.0000000000
93928  -38.824  -16.419  32.663 0.0000000000
93929  -38.950  -15.550  32.716 0.0000000000
93930  -39.306  -15.134  32.348 0.0000000000
93931  -39.620  -14.749  32.007 0.0000000000
93933  -43.652  -10.111  28.605 0.0000000000
93934  -43.977  -9.942  28.181 0.0000000000
93935  -44.055  -10.419  27.741 0.0000000000
93936  -44.236  -10.920  27.413 0.0000000000
93937  -44.552  -11.427  27.182 0.0000000000
93938  -44.635  -10.788  27.034 0.0000000000
93939  -45.049  -10.672  26.659 0.0000000000
93940  -45.482  -10.562  26.304 0.0000000000
93941  -45.846  -10.491  26.008 0.0000000000
93942  -45.611  -9.952  26.252 0.0000000000
93943  -45.807  -9.362  26.257 0.0000000000
94738  -32.763  -21.716  45.981 0.0000000000
94739  -32.444  -21.028  46.117 0.0000000000
94740  -32.219  -20.739  45.733 0.0000000000
94741  -31.988  -20.540  45.213 0.0000000000
94746  -33.423  -18.610  38.425 0.0000000000
94747  -33.581  -19.175  38.093 0.0000000000
94748  -33.711  -18.555  38.003 0.0000000000
94749  -34.081  -18.542  37.504 0.0000000000
94750  -34.403  -18.494  37.131 0.0000000000
94751  -34.742  -18.437  36.740 0.0000000000
94752  -34.595  -17.905  37.149 0.0000000000
94777  -28.162  -29.357  49.904 0.0000000000
94778  -28.046  -29.673  50.336 0.0000000000
94779  -28.595  -29.797  50.343 0.0000000000
94780  -29.087  -30.033  50.658 0.0000000000
94781  -29.577  -30.331  51.177 0.0000000000
94833  -14.664  -30.873  57.389 0.0000000000
94834  -14.914  -31.450  57.202 0.0000000000
95709  -50.659  -10.355  22.713 0.0000000000
95711  -51.121  -10.398  22.500 0.0000000000
95911  -7.785  -38.724  67.180 0.0000000000
95912  -7.263  -38.374  66.604 0.0000000000
95913  -7.280  -38.903  67.521 0.0000000000
95914  -6.735  -39.011  67.881 0.0000000000
95915  -6.211  -39.091  68.154 0.0000000000
99055  -39.935  -23.664  46.797 0.0000000000
99056  -39.303  -23.546  46.025 0.0000000000
99097  -32.496  -29.695  49.364 0.0000000000
99098  -32.518  -29.903  49.921 0.0000000000
99099  -33.184  -29.799  50.012 0.0000000000
99100  -33.844  -29.863  50.688 0.0000000000
99101  -34.535  -29.879  51.324 0.0000000000
99142  -19.487  -27.392  54.511 0.0000000000
99144  -19.015  -27.570  54.886 0.0000000000
99145  -18.783  -27.397  55.263 0.0000000000
99146  -18.355  -27.488  55.651 0.0000000000
99148  -18.006  -28.097  55.507 0.0000000000
99149  -17.706  -28.801  55.396 0.0000000000
99150  -17.526  -29.391  55.372 0.0000000000
99151  -17.358  -29.990  55.437 0.0000000000
99152  -17.749  -29.995  55.173 0.0000000000
99153  -18.061  -30.600  55.049 0.0000000000
99154  -18.438  -31.171  55.166 0.0000000000
99155  -20.723  -31.883  55.306 0.0000000000
99156  -20.258  -31.859  55.321 0.0000000000
99157  -20.770  -32.130  55.909 0.0000000000
99158  -20.821  -32.305  56.551 0.0000000000
102283  -35.953  -27.762  46.752 0.0000000000
102284  -36.236  -27.528  46.538 0.0000000000
102285  -35.779  -27.395  46.322 0.0000000000
102286  -35.553  -26.944  46.031 0.0000000000
102287  -35.398  -26.384  45.848 0.0000000000
102323  -22.918  -26.710  51.621 0.0000000000
102324  -23.086  -27.086  51.269 0.0000000000
102325  -23.337  -26.621  51.293 0.0000000000
102326  -23.771  -26.552  51.048 0.0000000000
102327  -24.226  -26.577  50.763 0.0000000000
102329  -25.950  -25.646  50.543 0.0000000000
102330  -26.409  -25.634  50.297 0.0000000000
102331  -26.575  -26.138  49.815 0.0000000000
102332  -26.619  -26.735  49.521 0.0000000000
102333  -26.901  -27.242  49.324 0.0000000000
102334  -27.108  -26.855  49.308 0.0000000000
102335  -27.565  -26.964  49.104 0.0000000000
102336  -27.995  -27.018  48.969 0.0000000000
102344  -30.595  -25.521  49.678 0.0000000000
102345  -30.147  -25.755  49.353 0.0000000000
102346  -29.754  -26.161  48.992 0.0000000000
102347  -29.413  -26.641  48.660 0.0000000000
102348  -29.844  -26.781  48.524 0.0000000000
102349  -29.987  -27.216  48.223 0.0000000000
102350  -30.205  -27.796  48.122 0.0000000000
102351  -30.524  -28.381  48.089 0.0000000000
102352  -30.704  -28.054  47.932 0.0000000000
102353  -31.189  -27.992  47.745 0.0000000000
102354  -31.733  -28.147  47.705 0.0000000000
102355  -33.326  -27.167  47.025 0.0000000000
102356  -33.076  -27.582  46.955 0.0000000000
102357  -33.652  -27.596  46.905 0.0000000000
102358  -34.123  -28.021  46.928 0.0000000000
102359  -34.509  -28.166  47.156 0.0000000000
102360  -34.970  -28.327  47.441 0.0000000000
102361  -34.991  -28.058  47.020 0.0000000000
102362  -35.572  -27.933  46.967 0.0000000000
103215  -39.388  -21.656  35.013 0.0000000000
103216  -40.250  -21.878  35.323 0.0000000000
103217  -39.862  -21.387  34.674 0.0000000000
103218  -40.290  -21.093  34.361 0.0000000000
103219  -40.662  -20.775  34.056 0.0000000000
103220  -40.431  -17.965  32.053 0.0000000000
103221  -40.673  -18.735  32.399 0.0000000000
103222  -41.048  -18.316  32.088 0.0000000000
103229  -41.154  -11.729  31.932 0.0000000000
103230  -40.753  -12.429  31.608 0.0000000000
103231  -41.072  -12.082  31.267 0.0000000000
103232  -41.092  -12.452  30.707 0.0000000000
103233  -41.216  -12.874  30.268 0.0000000000
103234  -42.906  -12.881  28.683 0.0000000000
103235  -42.512  -13.160  28.990 0.0000000000
103236  -42.923  -13.630  28.833 0.0000000000
103237  -43.062  -14.375  29.121 0.0000000000
103238  -43.272  -15.061  29.468 0.0000000000
103239  -43.560  -15.773  29.911 0.0000000000
103240  -43.951  -15.508  29.650 0.0000000000
103241  -44.664  -15.839  29.932 0.0000000000
103260  -47.367  -10.358  24.781 0.0000000000
103261  -47.794  -10.915  24.760 0.0000000000
103262  -47.746  -10.313  24.489 0.0000000000
103263  -48.127  -10.302  24.194 0.0000000000
103264  -48.511  -10.311  23.893 0.0000000000
103265  -48.921  -10.347  23.644 0.0000000000
103266  -48.451  -9.754  23.643 0.0000000000
103267  -48.433  -9.086  23.448 0.0000000000
103459  -10.037  -33.457  61.593 0.0000000000
103460  -9.858  -34.175  61.800 0.0000000000
103461  -9.744  -34.866  62.124 0.0000000000
103467  -9.616  -37.847  65.822 0.0000000000
105645  -36.886  -26.288  45.581 0.0000000000
105646  -37.432  -26.321  45.841 0.0000000000
105647  -36.916  -25.964  45.324 0.0000000000
105648  -36.951  -25.571  45.104 0.0000000000
105649  -36.822  -25.191  44.852 0.0000000000
105650  -33.906  -23.108  44.158 0.0000000000
105651  -34.788  -23.567  44.143 0.0000000000
105652  -34.498  -23.337  43.952 0.0000000000
105653  -35.142  -23.428  43.835 0.0000000000
105654  -35.832  -23.437  43.814 0.0000000000
105655  -36.477  -23.511  43.946 0.0000000000
105656  -35.615  -23.213  43.597 0.0000000000
105657  -35.385  -22.997  43.318 0.0000000000
105658  -35.206  -22.767  43.058 0.0000000000
105663  -31.778  -19.505  42.743 0.0000000000
105664  -32.517  -20.068  40.216 0.0000000000
105665  -32.299  -20.186  40.798 0.0000000000
105666  -32.598  -20.622  40.503 0.0000000000
105667  -32.841  -21.146  40.791 0.0000000000
105668  -33.164  -21.595  41.113 0.0000000000
105669  -33.709  -21.987  41.512 0.0000000000
105670  -33.792  -21.924  41.077 0.0000000000
105671  -34.446  -22.135  41.114 0.0000000000
105672  -35.182  -22.240  41.230 0.0000000000
105673  -35.984  -22.241  41.514 0.0000000000
105674  -35.316  -22.233  40.884 0.0000000000
105675  -35.493  -22.236  40.437 0.0000000000
105676  -35.678  -22.285  40.021 0.0000000000
105677  -34.986  -21.258  37.439 0.0000000000
105678  -35.249  -21.727  37.909 0.0000000000
105679  -35.558  -21.755  37.478 0.0000000000
105680  -36.210  -22.192  37.607 0.0000000000
105681  -36.928  -22.536  37.841 0.0000000000
105682  -37.740  -22.713  38.233 0.0000000000
105683  -37.257  -22.547  37.444 0.0000000000
105684  -37.519  -22.512  37.032 0.0000000000
105685  -37.775  -22.435  36.670 0.0000000000
105686  -38.123  -22.340  36.289 0.0000000000
105687  -37.435  -22.051  36.066 0.0000000000
105688  -37.176  -21.470  35.552 0.0000000000
105689  -37.023  -20.886  35.184 0.0000000000
105690  -36.051  -18.043  35.338 0.0000000000
105691  -36.263  -18.551  35.029 0.0000000000
105692  -36.369  -17.901  35.036 0.0000000000
105693  -36.698  -17.682  34.704 0.0000000000
105694  -37.032  -17.461  34.388 0.0000000000
105695  -37.359  -17.220  34.095 0.0000000000
105766  -24.300  -28.948  51.022 0.0000000000
105767  -24.255  -29.410  51.438 0.0000000000
105768  -24.701  -29.300  51.228 0.0000000000
105769  -25.143  -29.683  51.606 0.0000000000
105770  -25.621  -29.912  52.125 0.0000000000
105932  -13.363  -32.789  58.486 0.0000000000
105933  -12.932  -32.844  58.792 0.0000000000
105934  -13.291  -33.328  58.791 0.0000000000
105935  -13.280  -33.834  59.163 0.0000000000
105936  -13.274  -34.325  59.684 0.0000000000
105937  -13.295  -34.750  60.233 0.0000000000
105938  -13.766  -34.678  60.058 0.0000000000
105941  -17.062  -32.277  56.489 0.0000000000
105942  -16.599  -32.403  56.768 0.0000000000
105943  -17.056  -32.803  57.081 0.0000000000
105944  -17.077  -33.222  57.711 0.0000000000
105945  -17.096  -33.526  58.344 0.0000000000
116083  -40.173  -25.170  47.953 0.0000000000
116084  -39.638  -25.047  47.102 0.0000000000
116105  -22.246  -31.919  56.456 0.0000000000
116107  -22.694  -31.740  56.120 0.0000000000
116108  -23.192  -31.509  56.016 0.0000000000
116109  -23.621  -31.320  55.836 0.0000000000
116110  -23.038  -31.218  54.445 0.0000000000
116111  -23.547  -31.183  55.007 0.0000000000
116116  -34.978  -29.181  49.476 0.0000000000
116117  -35.006  -29.338  50.031 0.0000000000
116151  -20.121  -26.957  54.249 0.0000000000
116152  -20.524  -27.573  53.343 0.0000000000
116153  -20.186  -27.552  53.745 0.0000000000
116154  -19.772  -27.589  54.093 0.0000000000
116155  -19.513  -28.140  54.049 0.0000000000
116156  -19.286  -28.731  54.068 0.0000000000
116157  -19.086  -29.348  54.198 0.0000000000
116158  -18.975  -29.954  54.385 0.0000000000
116159  -19.350  -30.042  54.098 0.0000000000
116160  -19.773  -30.547  54.105 0.0000000000
116161  -20.191  -31.034  54.266 0.0000000000
116162  -20.648  -30.454  53.577 0.0000000000
116163  -20.647  -30.994  54.086 0.0000000000
116164  -20.680  -31.485  54.664 0.0000000000
116165  -21.153  -31.728  55.023 0.0000000000
116166  -21.723  -31.901  55.690 0.0000000000
118594  -34.390  -26.724  46.517 0.0000000000
118595  -34.681  -26.571  46.315 0.0000000000
118596  -34.531  -26.177  46.638 0.0000000000
118597  -34.678  -25.661  46.745 0.0000000000
118645  -31.305  -25.909  48.783 0.0000000000
118646  -31.385  -26.276  48.373 0.0000000000
118647  -31.479  -26.758  47.946 0.0000000000
118648  -31.811  -26.511  47.990 0.0000000000
118649  -32.232  -26.509  47.811 0.0000000000
118650  -32.737  -26.636  47.550 0.0000000000
118652  -32.998  -26.321  47.567 0.0000000000
118653  -33.075  -26.695  47.227 0.0000000000
118654  -33.510  -26.796  46.959 0.0000000000
118655  -34.032  -26.825  46.715 0.0000000000
119319  -38.519  -19.109  33.398 0.0000000000
119320  -39.042  -19.477  33.323 0.0000000000
119321  -38.873  -18.752  33.056 0.0000000000
119322  -39.213  -18.412  32.735 0.0000000000
119323  -39.579  -18.015  32.412 0.0000000000
119324  -39.145  -16.780  32.378 0.0000000000
119325  -39.515  -17.185  32.196 0.0000000000
119326  -39.953  -17.595  32.081 0.0000000000
119327  -40.292  -17.181  31.761 0.0000000000
119328  -40.629  -16.762  31.424 0.0000000000
119329  -40.954  -16.329  31.065 0.0000000000
119331  -42.124  -11.147  30.279 0.0000000000
119332  -42.501  -10.854  29.903 0.0000000000
119333  -42.524  -11.286  29.377 0.0000000000
119334  -42.722  -11.708  28.891 0.0000000000
119335  -43.308  -10.804  28.553 0.0000000000
119336  -43.089  -11.487  28.551 0.0000000000
119337  -42.947  -12.199  28.598 0.0000000000
119338  -43.323  -12.680  28.368 0.0000000000
119339  -43.682  -13.175  28.266 0.0000000000
119340  -44.255  -13.656  28.260 0.0000000000
119341  -44.905  -14.078  28.388 0.0000000000
119342  -44.681  -13.425  27.996 0.0000000000
119343  -45.140  -13.253  27.751 0.0000000000
119344  -45.566  -13.081  27.503 0.0000000000
119345  -44.954  -11.921  27.055 0.0000000000
119346  -45.442  -12.464  27.102 0.0000000000
119347  -46.014  -12.939  27.239 0.0000000000
119353  -47.123  -11.591  25.604 0.0000000000
119354  -46.967  -10.952  25.295 0.0000000000
119355  -46.210  -10.441  25.720 0.0000000000
119356  -46.597  -10.415  25.404 0.0000000000
119357  -46.990  -10.391  25.087 0.0000000000
119358  -47.018  -9.758  24.947 0.0000000000
119507  -11.461  -35.068  61.173 0.0000000000
119508  -11.017  -35.184  61.485 0.0000000000
119509  -11.521  -35.572  61.804 0.0000000000
119510  -11.588  -35.981  62.525 0.0000000000
121209  -34.643  -23.957  45.302 0.0000000000
121210  -35.037  -24.294  44.891 0.0000000000
121211  -34.374  -23.644  45.141 0.0000000000
121212  -34.065  -23.357  44.995 0.0000000000
121213  -33.823  -23.115  44.776 0.0000000000
121214  -32.885  -22.175  45.461 0.0000000000
121215  -33.170  -22.586  44.912 0.0000000000
121216  -33.432  -22.827  44.542 0.0000000000
121217  -33.224  -22.670  44.173 0.0000000000
121218  -32.945  -22.389  43.894 0.0000000000
121219  -32.816  -22.169  43.540 0.0000000000
121223  -32.320  -18.433  40.903 0.0000000000
121224  -32.360  -18.889  40.485 0.0000000000
121225  -32.756  -18.218  39.903 0.0000000000
121226  -32.593  -18.839  39.943 0.0000000000
121227  -32.483  -19.450  40.139 0.0000000000
121228  -32.675  -19.922  39.802 0.0000000000
121229  -32.987  -20.411  39.525 0.0000000000
121230  -33.421  -20.925  39.345 0.0000000000
121231  -33.901  -21.345  39.207 0.0000000000
121232  -33.675  -20.851  38.834 0.0000000000
121233  -33.925  -20.805  38.388 0.0000000000
121234  -34.248  -20.792  37.916 0.0000000000
121235  -33.853  -19.707  37.822 0.0000000000
121236  -34.187  -20.226  37.581 0.0000000000
121237  -34.566  -20.793  37.488 0.0000000000
121238  -34.899  -20.748  37.051 0.0000000000
121239  -35.217  -20.682  36.632 0.0000000000
121240  -35.571  -20.647  36.227 0.0000000000
121241  -35.891  -20.591  35.869 0.0000000000
121242  -35.470  -20.066  36.028 0.0000000000
121243  -35.466  -19.455  35.878 0.0000000000
121244  -35.602  -18.827  35.717 0.0000000000
121245  -35.083  -18.384  36.378 0.0000000000
121246  -35.414  -18.297  36.026 0.0000000000
121247  -35.744  -18.176  35.645 0.0000000000
121248  -35.978  -17.552  35.650 0.0000000000
121249  -36.255  -16.868  35.783 0.0000000000
121303  -26.192  -28.906  50.258 0.0000000000
121304  -26.134  -29.268  50.664 0.0000000000
121305  -26.610  -29.277  50.623 0.0000000000
121306  -27.053  -29.666  51.040 0.0000000000
121307  -27.536  -29.938  51.642 0.0000000000
121308  -28.013  -29.824  50.743 0.0000000000
121309  -28.059  -30.019  51.568 0.0000000000
121432  -13.226  -31.646  58.464 0.0000000000
121433  -13.843  -31.018  58.075 0.0000000000
121434  -13.655  -31.593  58.125 0.0000000000
121435  -13.477  -32.189  58.264 0.0000000000
121436  -13.809  -32.774  58.212 0.0000000000
121437  -14.160  -33.297  58.382 0.0000000000
121438  -14.663  -33.683  58.551 0.0000000000
121439  -19.049  -33.036  58.485 0.0000000000
123949  -7.775  -36.051  64.526 0.0000000000
123950  -7.621  -35.322  64.828 0.0000000000
123951  -7.407  -36.101  65.013 0.0000000000
123952  -7.064  -36.091  65.551 0.0000000000
123953  -6.753  -36.023  66.096 0.0000000000
123954  -6.819  -37.703  66.286 0.0000000000
123955  -6.546  -36.854  66.349 0.0000000000
123956  -6.436  -35.970  66.711 0.0000000000
123957  -6.115  -35.958  67.210 0.0000000000
123958  -5.758  -35.935  67.663 0.0000000000
129331  -41.038  -11.869  32.953 0.0000000000
129335  -41.676  -11.146  32.296 0.0000000000
129336  -42.074  -10.788  31.954 0.0000000000
129337  -42.460  -10.476  31.599 0.0000000000
131036  -38.777  -22.424  45.051 0.0000000000
131122  -30.152  -29.693  49.433 0.0000000000
131123  -30.174  -29.995  49.939 0.0000000000
131124  -30.718  -30.055  49.967 0.0000000000
131125  -31.410  -30.234  50.650 0.0000000000
131133  -34.944  -29.545  50.565 0.0000000000
131233  -16.587  -28.175  57.028 0.0000000000
131234  -16.214  -28.860  56.819 0.0000000000
131235  -15.939  -29.493  56.676 0.0000000000
131236  -15.680  -30.187  56.658 0.0000000000
131237  -16.101  -30.106  56.352 0.0000000000
131238  -16.325  -30.776  56.157 0.0000000000
131239  -16.689  -31.256  56.036 0.0000000000
131240  -17.228  -30.624  55.581 0.0000000000
131241  -17.134  -31.253  55.840 0.0000000000
131242  -17.074  -31.830  56.163 0.0000000000
131243  -17.531  -32.270  56.400 0.0000000000
131244  -18.023  -32.580  56.708 0.0000000000
131245  -18.533  -32.838  57.244 0.0000000000
131246  -18.903  -30.598  54.636 0.0000000000
131247  -18.866  -31.201  54.953 0.0000000000
131248  -18.887  -31.683  55.415 0.0000000000
131249  -19.820  -31.921  55.512 0.0000000000
131250  -19.355  -32.030  55.726 0.0000000000
131251  -18.905  -32.100  55.928 0.0000000000
131252  -18.945  -32.431  56.420 0.0000000000
131253  -18.996  -32.698  57.064 0.0000000000
131254  -19.027  -32.900  57.782 0.0000000000
133090  -50.885  -8.628  21.527 0.0000000000
137845  -38.113  -27.536  48.514 0.0000000000
137846  -38.281  -27.295  48.225 0.0000000000
137847  -37.736  -27.425  47.716 0.0000000000
137848  -37.557  -27.235  47.099 0.0000000000
137849  -37.177  -26.954  46.384 0.0000000000
137850  -36.496  -27.220  46.341 0.0000000000
137851  -36.686  -26.934  46.092 0.0000000000
137852  -36.700  -26.601  45.792 0.0000000000
137853  -36.350  -26.167  45.402 0.0000000000
137854  -35.912  -25.620  45.254 0.0000000000
137855  -35.389  -24.963  45.199 0.0000000000
137856  -34.936  -26.349  46.170 0.0000000000
137857  -35.116  -26.052  46.031 0.0000000000
137858  -35.222  -25.712  45.912 0.0000000000
137859  -35.003  -24.665  46.613 0.0000000000
137860  -35.050  -24.980  46.152 0.0000000000
137861  -35.264  -25.375  45.774 0.0000000000
137862  -35.223  -25.052  45.602 0.0000000000
137863  -35.096  -24.655  45.522 0.0000000000
137864  -34.874  -24.258  45.466 0.0000000000
137865  -34.368  -23.652  45.715 0.0000000000
137866  -33.886  -23.022  46.035 0.0000000000
137867  -33.480  -22.229  46.523 0.0000000000
137868  -33.767  -22.162  47.286 0.0000000000
137927  -22.067  -28.904  51.948 0.0000000000
137928  -22.445  -29.320  51.867 0.0000000000
137929  -22.537  -28.853  51.641 0.0000000000
137930  -22.971  -28.690  51.322 0.0000000000
137931  -23.466  -28.688  51.165 0.0000000000
137932  -23.309  -27.620  51.039 0.0000000000
137933  -23.577  -28.132  50.903 0.0000000000
137934  -23.913  -28.584  50.911 0.0000000000
137935  -24.379  -28.395  50.653 0.0000000000
137936  -24.868  -28.504  50.519 0.0000000000
137937  -25.329  -28.490  50.280 0.0000000000
137938  -24.463  -25.542  51.372 0.0000000000
137939  -24.553  -26.045  50.883 0.0000000000
137940  -24.773  -26.426  50.529 0.0000000000
137941  -25.536  -26.082  50.331 0.0000000000
137942  -25.244  -26.461  50.215 0.0000000000
137943  -24.931  -27.040  50.237 0.0000000000
137944  -25.177  -27.476  50.036 0.0000000000
137945  -25.496  -28.038  50.047 0.0000000000
137946  -25.815  -28.531  50.063 0.0000000000
137947  -26.293  -28.489  49.891 0.0000000000
137948  -26.799  -28.596  49.756 0.0000000000
137949  -27.270  -28.666  49.543 0.0000000000
137950  -27.148  -27.900  49.250 0.0000000000
137951  -27.397  -28.277  49.308 0.0000000000
137952  -27.759  -28.926  49.537 0.0000000000
137953  -28.230  -29.037  49.442 0.0000000000
137954  -28.761  -29.266  49.402 0.0000000000
137955  -29.205  -29.210  49.225 0.0000000000
137973  -28.088  -25.663  49.836 0.0000000000
137974  -28.194  -26.096  49.444 0.0000000000
137975  -28.230  -26.717  48.988 0.0000000000
137976  -28.422  -27.274  48.778 0.0000000000
137977  -29.076  -27.015  48.588 0.0000000000
137978  -28.867  -27.405  48.607 0.0000000000
137979  -28.662  -27.823  48.622 0.0000000000
137980  -28.924  -28.360  48.682 0.0000000000
137981  -29.322  -28.942  48.872 0.0000000000
137982  -29.741  -29.365  49.075 0.0000000000
137983  -30.237  -29.445  49.036 0.0000000000
137984  -30.740  -29.411  48.897 0.0000000000
137985  -31.329  -29.461  48.897 0.0000000000
137986  -30.862  -28.703  48.160 0.0000000000
137987  -31.405  -29.101  48.533 0.0000000000
137988  -31.979  -29.510  48.968 0.0000000000
137989  -32.531  -29.398  48.905 0.0000000000
137990  -33.139  -29.317  48.903 0.0000000000
137991  -33.814  -29.265  48.988 0.0000000000
137992  -31.625  -27.245  47.618 0.0000000000
137993  -31.896  -27.854  47.481 0.0000000000
137994  -32.213  -28.154  47.513 0.0000000000
137995  -32.885  -27.880  47.168 0.0000000000
137996  -32.717  -28.169  47.449 0.0000000000
137997  -32.650  -28.465  47.687 0.0000000000
137998  -33.214  -28.819  48.047 0.0000000000
137999  -33.676  -29.004  48.336 0.0000000000
138000  -34.255  -29.117  48.791 0.0000000000
138001  -34.859  -29.055  48.799 0.0000000000
138002  -35.545  -28.809  48.874 0.0000000000
138003  -36.070  -28.625  48.763 0.0000000000
138004  -35.452  -28.436  47.769 0.0000000000
138005  -36.069  -28.476  48.257 0.0000000000
138006  -36.647  -28.412  48.759 0.0000000000
138007  -37.161  -28.141  48.705 0.0000000000
138008  -37.597  -27.852  48.597 0.0000000000
138085  -21.533  -26.492  53.174 0.0000000000
138087  -21.863  -26.499  52.743 0.0000000000
138088  -21.569  -27.034  52.643 0.0000000000
138089  -21.597  -27.705  52.224 0.0000000000
138090  -21.841  -28.330  52.026 0.0000000000
139748  -41.136  -21.987  35.711 0.0000000000
139754  -39.628  -19.836  33.356 0.0000000000
139755  -40.286  -20.144  33.473 0.0000000000
139756  -41.000  -20.450  33.746 0.0000000000
139757  -41.004  -19.437  32.856 0.0000000000
139772  -39.782  -13.640  32.651 0.0000000000
139773  -39.852  -13.939  32.085 0.0000000000
139774  -39.966  -14.329  31.632 0.0000000000
139775  -40.455  -13.151  31.423 0.0000000000
139776  -40.267  -13.900  31.295 0.0000000000
139777  -40.173  -14.713  31.281 0.0000000000
139778  -40.464  -15.113  31.005 0.0000000000
139779  -40.830  -15.564  30.835 0.0000000000
139780  -41.281  -15.969  30.737 0.0000000000
139781  -41.787  -11.854  30.056 0.0000000000
139782  -41.547  -12.567  29.952 0.0000000000
139783  -41.455  -13.273  29.926 0.0000000000
139784  -42.123  -13.438  29.320 0.0000000000
139785  -41.768  -13.712  29.654 0.0000000000
139786  -41.433  -14.032  29.981 0.0000000000
139787  -41.478  -14.794  30.149 0.0000000000
139788  -41.604  -15.576  30.393 0.0000000000
139789  -41.802  -16.369  30.720 0.0000000000
139791  -43.090  -17.110  30.990 0.0000000000
139793  -43.819  -16.439  30.425 0.0000000000
139847  -50.362  -10.881  23.380 0.0000000000
139848  -49.331  -10.339  23.395 0.0000000000
139849  -49.756  -10.329  23.155 0.0000000000
139850  -50.202  -10.333  22.924 0.0000000000
139851  -50.052  -9.743  22.554 0.0000000000
139852  -50.018  -9.159  22.257 0.0000000000
139853  -50.094  -8.560  22.053 0.0000000000
139879  -49.827  -7.872  22.278 0.0000000000
140245  -8.780  -33.682  63.602 0.0000000000
140246  -8.490  -34.462  63.648 0.0000000000
140247  -8.269  -35.217  63.815 0.0000000000
140248  -10.553  -35.318  61.861 0.0000000000
140249  -10.122  -35.462  62.225 0.0000000000
140250  -9.704  -35.583  62.579 0.0000000000
140251  -10.254  -36.606  63.514 0.0000000000
140252  -9.758  -36.210  63.119 0.0000000000
140253  -9.281  -35.696  62.934 0.0000000000
140254  -8.902  -35.839  63.310 0.0000000000
140255  -8.509  -35.925  63.707 0.0000000000
140256  -8.153  -36.000  64.096 0.0000000000
140257  -8.102  -36.761  64.502 0.0000000000
140258  -8.116  -37.443  65.091 0.0000000000
140259  -8.201  -38.093  65.879 0.0000000000
140260  -9.177  -38.097  66.166 0.0000000000
140261  -8.734  -38.331  66.463 0.0000000000
140262  -8.260  -38.547  66.828 0.0000000000
144690  -38.607  -27.000  48.013 0.0000000000
144693  -37.926  -26.292  46.166 0.0000000000
144694  -38.445  -26.184  46.599 0.0000000000
144697  -39.079  -25.258  46.562 0.0000000000
144698  -39.074  -24.855  46.307 0.0000000000
144699  -35.490  -24.520  44.659 0.0000000000
144700  -36.063  -24.709  44.555 0.0000000000
144701  -36.714  -24.823  44.585 0.0000000000
144702  -35.629  -24.009  44.199 0.0000000000
144703  -36.460  -24.478  44.406 0.0000000000
144704  -37.287  -24.807  44.832 0.0000000000
144705  -37.924  -24.755  45.190 0.0000000000
144706  -38.483  -24.656  45.563 0.0000000000
144707  -39.070  -24.501  46.038 0.0000000000
144708  -38.946  -24.108  45.786 0.0000000000
144709  -38.737  -23.774  45.490 0.0000000000
144710  -38.637  -23.463  45.243 0.0000000000
144711  -37.155  -23.418  44.230 0.0000000000
144712  -37.822  -23.272  44.597 0.0000000000
144713  -38.470  -23.087  45.042 0.0000000000
144714  -38.318  -22.841  44.804 0.0000000000
144715  -38.101  -22.578  44.528 0.0000000000
144719  -31.846  -20.334  44.748 0.0000000000
144720  -31.770  -19.397  44.216 0.0000000000
144721  -31.762  -20.080  44.250 0.0000000000
144722  -31.925  -20.767  44.333 0.0000000000
144723  -32.058  -21.201  43.900 0.0000000000
144724  -32.313  -21.588  43.456 0.0000000000
144725  -32.693  -21.958  43.164 0.0000000000
144727  -31.846  -19.358  42.244 0.0000000000
144728  -31.855  -19.980  42.302 0.0000000000
144729  -32.179  -20.310  41.269 0.0000000000
144730  -32.002  -20.456  41.937 0.0000000000
144731  -31.916  -20.579  42.427 0.0000000000
144732  -32.193  -21.152  42.566 0.0000000000
144733  -32.617  -21.758  42.689 0.0000000000
144734  -33.157  -22.248  42.915 0.0000000000
144735  -33.688  -22.401  42.723 0.0000000000
144736  -34.373  -22.556  42.685 0.0000000000
144737  -35.169  -22.631  42.724 0.0000000000
144738  -34.286  -22.295  41.961 0.0000000000
144739  -35.052  -22.457  42.402 0.0000000000
144740  -35.893  -22.604  42.951 0.0000000000
144741  -36.592  -22.501  43.222 0.0000000000
144742  -37.332  -22.347  43.612 0.0000000000
144743  -38.001  -22.160  44.041 0.0000000000
144747  -36.723  -22.171  41.850 0.0000000000
144753  -34.488  -21.766  39.244 0.0000000000
144754  -35.181  -22.084  39.380 0.0000000000
144755  -35.953  -22.321  39.602 0.0000000000
144756  -35.627  -22.105  38.474 0.0000000000
144757  -36.147  -22.359  39.165 0.0000000000
144772  -40.018  -22.586  36.774 0.0000000000
144773  -39.602  -22.308  36.001 0.0000000000
144774  -38.512  -22.217  35.967 0.0000000000
144775  -38.840  -22.048  35.667 0.0000000000
144776  -39.058  -21.847  35.329 0.0000000000
144777  -38.798  -21.344  34.773 0.0000000000
144778  -38.512  -20.718  34.321 0.0000000000
144779  -38.336  -20.067  33.957 0.0000000000
144780  -36.235  -20.528  35.525 0.0000000000
144781  -36.554  -20.379  35.192 0.0000000000
144782  -36.893  -20.275  34.889 0.0000000000
144783  -36.499  -19.062  34.818 0.0000000000
144784  -36.817  -19.574  34.668 0.0000000000
144785  -37.218  -20.084  34.566 0.0000000000
144786  -37.556  -19.870  34.255 0.0000000000
144787  -37.878  -19.622  33.956 0.0000000000
144788  -38.178  -19.372  33.693 0.0000000000
144789  -38.126  -18.598  33.462 0.0000000000
144790  -38.092  -17.859  33.337 0.0000000000
144791  -38.148  -17.086  33.271 0.0000000000
144792  -37.664  -16.946  33.840 0.0000000000
144793  -37.984  -16.598  33.584 0.0000000000
144794  -38.304  -16.312  33.300 0.0000000000
144795  -38.527  -15.499  33.427 0.0000000000
144796  -38.860  -14.792  33.602 0.0000000000
144934  -22.887  -29.759  52.062 0.0000000000
144935  -23.320  -30.045  52.325 0.0000000000
144936  -23.813  -30.299  52.657 0.0000000000
144937  -24.209  -29.768  51.891 0.0000000000
144938  -24.268  -30.120  52.541 0.0000000000
144939  -24.345  -30.424  53.259 0.0000000000
144940  -24.864  -30.513  53.806 0.0000000000
144943  -26.100  -29.604  51.316 0.0000000000
144944  -26.120  -29.892  51.978 0.0000000000
144945  -26.165  -30.113  52.663 0.0000000000
144946  -27.158  -30.215  53.152 0.0000000000
144947  -26.678  -30.207  53.266 0.0000000000
144948  -26.228  -30.255  53.343 0.0000000000
144949  -26.324  -30.377  54.140 0.0000000000
144961  -30.141  -30.187  50.532 0.0000000000
144962  -30.192  -30.392  51.175 0.0000000000
145265  -10.618  -32.783  61.014 0.0000000000
145266  -10.755  -33.448  60.715 0.0000000000
145267  -11.062  -34.009  60.604 0.0000000000
145270  -11.892  -32.218  59.667 0.0000000000
145271  -12.466  -32.858  59.120 0.0000000000
145272  -12.094  -32.889  59.443 0.0000000000
145273  -11.685  -32.843  59.796 0.0000000000
145274  -11.551  -33.447  60.000 0.0000000000
145275  -11.497  -34.007  60.259 0.0000000000
145276  -11.451  -34.568  60.686 0.0000000000
145277  -11.942  -35.009  60.907 0.0000000000
145278  -12.440  -35.301  61.232 0.0000000000
145280  -13.347  -35.119  60.892 0.0000000000
145286  -15.495  -30.785  56.744 0.0000000000
145287  -15.327  -31.386  56.918 0.0000000000
145288  -15.248  -31.989  57.127 0.0000000000
145289  -16.138  -32.493  56.977 0.0000000000
145290  -15.634  -32.494  57.202 0.0000000000
145291  -15.188  -32.548  57.440 0.0000000000
145292  -15.139  -33.072  57.837 0.0000000000
145293  -15.115  -33.595  58.342 0.0000000000
145294  -15.155  -34.017  58.927 0.0000000000
145295  -18.092  -33.384  58.731 0.0000000000
145296  -17.610  -33.539  58.842 0.0000000000
145301  -16.165  -34.029  59.185 0.0000000000
145302  -15.693  -34.202  59.348 0.0000000000
145303  -15.197  -34.336  59.566 0.0000000000
150579  -51.337  -9.328  21.531 0.0000000000
151797  -6.115  -39.542  69.069 0.0000000000
151798  -5.704  -39.141  68.376 0.0000000000
151799  -5.132  -39.730  69.213 0.0000000000
151800  -5.212  -39.179  68.571 0.0000000000
151801  -5.345  -38.494  67.969 0.0000000000
151802  -5.171  -37.593  67.856 0.0000000000
151803  -5.030  -36.801  68.011 0.0000000000
151807  -3.862  -38.522  68.158 0.0000000000
151809  -3.789  -37.597  68.029 0.0000000000
151810  -4.061  -37.618  68.137 0.0000000000
151811  -4.304  -36.827  68.232 0.0000000000
