#!ascii label  , from subject fsaverage vox2ras=TkReg 
1151
120  -53.786  21.350  16.670 0.0000000000
266  -44.462  34.844  5.623 0.0000000000
525  -42.822  26.629  12.559 0.0000000000
526  -52.441  26.880  6.260 0.0000000000
1158  -49.395  32.541  1.269 0.0000000000
1159  -50.090  31.834  6.698 0.0000000000
1160  -51.058  28.879  3.061 0.0000000000
1161  -48.015  25.655  5.811 0.0000000000
1627  -46.326  16.781  21.354 0.0000000000
1628  -48.649  20.786  18.296 0.0000000000
1631  -39.982  38.821  3.852 0.0000000000
1632  -44.751  37.742  0.872 0.0000000000
1633  -49.155  34.788  -2.689 0.0000000000
2219  -49.653  24.560  14.858 0.0000000000
2220  -42.786  31.870  9.507 0.0000000000
2221  -49.325  27.773  9.536 0.0000000000
2222  -53.418  23.913  10.554 0.0000000000
2223  -50.514  22.277  7.287 0.0000000000
2224  -44.790  21.957  8.112 0.0000000000
3074  -54.248  20.714  14.044 0.0000000000
3078  -50.545  31.264  -0.510 0.0000000000
3079  -51.244  30.596  1.994 0.0000000000
3080  -50.025  29.274  0.924 0.0000000000
3081  -48.238  28.215  2.820 0.0000000000
3673  -47.662  18.574  19.698 0.0000000000
3674  -45.633  20.527  19.070 0.0000000000
3676  -37.976  39.691  5.503 0.0000000000
3681  -47.013  36.539  -0.815 0.0000000000
4911  -46.839  24.297  16.091 0.0000000000
4912  -46.419  25.164  13.036 0.0000000000
4913  -41.116  35.061  6.587 0.0000000000
4915  -43.672  33.514  7.827 0.0000000000
4916  -52.009  29.648  6.489 0.0000000000
4917  -49.651  30.592  8.655 0.0000000000
4918  -51.747  27.778  7.951 0.0000000000
4919  -51.776  25.797  9.766 0.0000000000
4920  -52.864  25.001  7.707 0.0000000000
4921  -52.858  22.866  8.248 0.0000000000
4922  -51.890  24.144  6.462 0.0000000000
4924  -46.334  23.911  7.088 0.0000000000
6692  -46.821  33.364  3.366 0.0000000000
6693  -47.226  33.259  6.674 0.0000000000
6694  -49.915  31.982  4.127 0.0000000000
6695  -51.850  30.401  4.511 0.0000000000
6696  -52.133  28.331  4.933 0.0000000000
6697  -50.823  25.954  5.618 0.0000000000
6698  -49.665  27.514  4.521 0.0000000000
6699  -46.454  26.966  4.701 0.0000000000
7638  -49.503  17.099  21.636 0.0000000000
7639  -50.570  19.022  19.502 0.0000000000
7640  -51.490  21.403  17.821 0.0000000000
7643  -36.616  37.581  6.896 0.0000000000
7644  -38.980  37.000  5.487 0.0000000000
7645  -42.048  36.687  4.485 0.0000000000
7648  -44.490  35.834  2.788 0.0000000000
7649  -47.058  35.086  0.863 0.0000000000
7650  -49.449  33.931  -0.986 0.0000000000
7651  -49.876  32.326  -2.363 0.0000000000
7653  -49.291  33.463  -3.744 0.0000000000
9219  -46.551  22.973  18.596 0.0000000000
9220  -49.383  23.349  17.370 0.0000000000
9221  -52.118  23.560  15.938 0.0000000000
9224  -42.647  29.310  11.155 0.0000000000
9225  -46.672  32.306  8.505 0.0000000000
9226  -46.219  30.061  10.031 0.0000000000
9227  -46.246  27.154  10.997 0.0000000000
9228  -49.202  25.701  11.707 0.0000000000
9229  -51.947  24.643  13.029 0.0000000000
9230  -53.805  22.887  13.891 0.0000000000
9231  -53.745  22.007  11.269 0.0000000000
9232  -51.450  21.552  9.342 0.0000000000
9233  -48.547  20.987  8.540 0.0000000000
9234  -49.321  23.933  6.490 0.0000000000
9235  -47.535  22.163  7.474 0.0000000000
9236  -45.799  20.284  8.375 0.0000000000
10750  -53.496  20.542  17.702 0.0000000000
10752  -54.193  20.402  16.604 0.0000000000
10754  -54.222  21.077  15.497 0.0000000000
10758  -50.094  30.594  -1.012 0.0000000000
10759  -50.526  30.154  0.081 0.0000000000
10760  -49.506  29.575  -0.176 0.0000000000
10761  -48.546  28.925  0.805 0.0000000000
12592  -44.656  25.811  12.722 0.0000000000
12593  -42.776  35.029  6.086 0.0000000000
12596  -52.371  28.400  6.456 0.0000000000
12597  -51.778  28.928  7.277 0.0000000000
12598  -52.395  27.390  7.034 0.0000000000
12599  -52.403  26.363  7.766 0.0000000000
12600  -52.594  25.876  6.842 0.0000000000
12601  -52.653  24.497  6.965 0.0000000000
12602  -52.257  25.422  6.266 0.0000000000
14993  -48.215  32.925  2.276 0.0000000000
14994  -48.343  32.680  3.883 0.0000000000
14995  -49.675  32.087  2.746 0.0000000000
14996  -51.327  29.618  2.487 0.0000000000
14997  -51.558  30.393  3.307 0.0000000000
14998  -51.810  29.496  3.661 0.0000000000
14999  -52.244  29.408  4.762 0.0000000000
15000  -51.632  28.663  4.119 0.0000000000
15001  -51.106  27.810  4.626 0.0000000000
15002  -50.430  28.232  3.803 0.0000000000
15004  -47.260  27.629  3.790 0.0000000000
16780  -48.145  19.635  18.865 0.0000000000
16781  -49.188  18.722  19.691 0.0000000000
16782  -49.603  19.897  18.691 0.0000000000
16783  -51.011  20.288  18.517 0.0000000000
16784  -50.143  21.133  18.057 0.0000000000
16788  -38.850  39.213  4.624 0.0000000000
16789  -38.268  38.276  5.444 0.0000000000
16790  -39.646  37.981  4.805 0.0000000000
16791  -40.632  36.835  5.085 0.0000000000
16792  -41.120  37.767  4.156 0.0000000000
16798  -43.728  38.257  1.842 0.0000000000
16799  -43.648  37.262  2.816 0.0000000000
16800  -44.739  36.907  1.986 0.0000000000
16801  -45.654  35.362  1.880 0.0000000000
16802  -45.916  36.557  1.058 0.0000000000
16803  -48.187  35.707  -1.799 0.0000000000
16804  -48.372  35.525  -0.911 0.0000000000
16805  -49.349  34.501  -1.925 0.0000000000
16806  -50.031  33.134  -1.827 0.0000000000
16807  -49.808  33.555  -2.618 0.0000000000
16808  -49.557  32.874  -3.056 0.0000000000
16809  -49.476  34.036  -3.273 0.0000000000
20488  -42.814  24.224  18.033 0.0000000000
20489  -42.680  23.464  18.793 0.0000000000
20490  -44.047  23.469  18.492 0.0000000000
20491  -45.074  22.702  19.006 0.0000000000
20492  -45.328  23.636  18.037 0.0000000000
20493  -48.360  24.352  15.438 0.0000000000
20494  -48.242  23.971  16.887 0.0000000000
20495  -49.678  24.090  16.257 0.0000000000
20496  -50.781  23.498  16.617 0.0000000000
20497  -50.943  24.249  15.445 0.0000000000
20503  -40.931  31.631  10.076 0.0000000000
20504  -40.884  30.336  11.099 0.0000000000
20505  -42.649  30.660  10.487 0.0000000000
20506  -48.684  32.524  6.673 0.0000000000
20507  -47.035  32.858  7.816 0.0000000000
20508  -48.479  32.209  7.801 0.0000000000
20509  -49.456  29.235  9.061 0.0000000000
20510  -47.957  30.425  9.443 0.0000000000
20511  -47.843  28.964  9.735 0.0000000000
20512  -46.181  28.598  10.319 0.0000000000
20513  -47.783  27.493  10.242 0.0000000000
20514  -47.738  26.346  11.085 0.0000000000
20515  -49.157  26.567  10.365 0.0000000000
20516  -52.698  24.882  10.192 0.0000000000
20517  -51.814  25.182  11.347 0.0000000000
20518  -52.851  24.415  11.885 0.0000000000
20519  -53.029  23.888  13.516 0.0000000000
20520  -53.631  23.471  12.282 0.0000000000
20521  -54.013  22.457  12.550 0.0000000000
20522  -53.755  22.929  10.878 0.0000000000
20523  -51.847  22.533  7.642 0.0000000000
20524  -52.275  22.152  8.803 0.0000000000
20525  -50.977  21.846  8.210 0.0000000000
20526  -49.947  21.332  8.805 0.0000000000
20527  -49.519  21.623  7.840 0.0000000000
20528  -49.428  25.765  5.712 0.0000000000
20529  -50.126  24.897  6.010 0.0000000000
20530  -48.671  24.784  6.162 0.0000000000
20531  -45.565  22.984  7.680 0.0000000000
20532  -47.004  23.059  7.356 0.0000000000
20533  -46.109  22.123  7.750 0.0000000000
20534  -46.574  21.213  7.760 0.0000000000
20535  -45.169  21.036  8.011 0.0000000000
20536  -44.593  19.855  8.454 0.0000000000
23958  -52.726  18.570  19.607 0.0000000000
23966  -53.645  20.440  12.696 0.0000000000
23972  -50.272  32.004  0.294 0.0000000000
23973  -50.562  31.580  1.655 0.0000000000
23974  -50.859  30.936  0.697 0.0000000000
23975  -50.946  29.816  1.306 0.0000000000
23976  -50.478  29.040  1.982 0.0000000000
23977  -49.806  28.480  2.816 0.0000000000
23978  -49.152  28.680  1.838 0.0000000000
25043  -47.100  17.588  20.490 0.0000000000
25044  -46.129  18.504  19.631 0.0000000000
25046  -47.197  20.656  18.592 0.0000000000
25051  -38.966  39.916  3.765 0.0000000000
25057  -45.752  37.197  0.003 0.0000000000
25060  -47.870  35.731  -2.643 0.0000000000
25061  -48.684  35.028  -3.461 0.0000000000
27271  -45.379  24.270  16.839 0.0000000000
27273  -46.671  24.563  14.604 0.0000000000
27274  -48.188  24.792  13.936 0.0000000000
27279  -43.208  32.810  8.614 0.0000000000
27280  -51.156  30.880  6.684 0.0000000000
27281  -49.830  31.397  7.773 0.0000000000
27282  -50.908  30.274  7.620 0.0000000000
27283  -50.738  29.185  8.249 0.0000000000
27284  -50.598  27.843  8.730 0.0000000000
27285  -50.589  26.660  9.538 0.0000000000
27286  -51.750  26.663  8.672 0.0000000000
27287  -52.555  25.473  8.740 0.0000000000
27288  -53.175  24.350  8.973 0.0000000000
27289  -53.396  23.309  9.322 0.0000000000
27290  -53.027  23.818  7.893 0.0000000000
27291  -52.404  23.341  7.174 0.0000000000
27292  -51.330  23.091  6.876 0.0000000000
27294  -47.159  24.693  6.470 0.0000000000
30973  -41.038  27.704  12.688 0.0000000000
30974  -45.584  34.136  4.588 0.0000000000
30975  -45.729  34.001  6.233 0.0000000000
30976  -47.012  33.280  5.026 0.0000000000
30977  -48.581  32.644  5.352 0.0000000000
30978  -50.146  32.010  5.379 0.0000000000
30979  -50.861  31.322  3.018 0.0000000000
30980  -51.121  31.261  4.334 0.0000000000
30981  -51.232  31.207  5.590 0.0000000000
30982  -52.024  30.207  5.663 0.0000000000
30983  -52.509  29.030  5.634 0.0000000000
30984  -52.364  27.733  5.699 0.0000000000
30985  -51.902  26.241  5.741 0.0000000000
30986  -51.603  27.162  5.274 0.0000000000
30987  -50.244  26.796  5.236 0.0000000000
30988  -48.745  26.659  5.378 0.0000000000
30989  -48.858  27.926  3.744 0.0000000000
30990  -47.985  27.263  4.651 0.0000000000
33351  -48.688  17.761  20.682 0.0000000000
33352  -50.091  18.013  20.531 0.0000000000
33353  -51.446  18.272  20.210 0.0000000000
33354  -51.953  19.442  19.175 0.0000000000
33355  -52.368  20.477  18.247 0.0000000000
33356  -52.816  21.457  17.444 0.0000000000
33361  -37.110  36.157  7.099 0.0000000000
33363  -37.615  37.254  6.103 0.0000000000
33364  -38.441  36.059  6.431 0.0000000000
33365  -39.994  35.949  5.937 0.0000000000
33366  -41.571  35.864  5.439 0.0000000000
33367  -43.173  35.708  4.901 0.0000000000
33373  -41.181  38.629  3.265 0.0000000000
33374  -42.419  37.502  3.506 0.0000000000
33375  -43.378  36.298  3.623 0.0000000000
33376  -44.327  35.176  3.991 0.0000000000
33377  -45.513  34.485  2.994 0.0000000000
33378  -46.856  33.968  1.868 0.0000000000
33379  -48.254  33.727  0.877 0.0000000000
33380  -47.176  36.135  0.122 0.0000000000
33381  -48.450  34.720  -0.044 0.0000000000
33382  -49.389  33.219  -0.008 0.0000000000
33383  -50.147  32.468  -0.868 0.0000000000
33384  -50.294  31.706  -1.609 0.0000000000
33387  -49.195  31.706  -2.589 0.0000000000
33388  -48.861  32.376  -3.214 0.0000000000
33390  -49.109  34.456  -4.045 0.0000000000
37900  -46.165  21.744  18.931 0.0000000000
37901  -47.617  21.952  18.438 0.0000000000
37902  -46.756  23.862  17.554 0.0000000000
37903  -47.953  23.181  18.057 0.0000000000
37904  -49.085  22.248  18.041 0.0000000000
37905  -50.483  22.433  17.540 0.0000000000
37906  -51.779  22.558  17.045 0.0000000000
37907  -53.043  22.484  16.438 0.0000000000
37916  -42.738  27.870  11.796 0.0000000000
37917  -45.599  33.573  7.504 0.0000000000
37918  -45.213  32.973  8.266 0.0000000000
37919  -44.652  32.146  9.023 0.0000000000
37920  -48.158  31.521  8.704 0.0000000000
37921  -46.386  31.433  9.445 0.0000000000
37922  -44.531  31.028  9.956 0.0000000000
37923  -44.420  29.703  10.511 0.0000000000
37924  -44.420  28.202  11.056 0.0000000000
37925  -44.572  26.841  11.768 0.0000000000
37926  -46.285  26.055  11.849 0.0000000000
37927  -47.920  25.413  12.357 0.0000000000
37928  -49.463  25.048  13.198 0.0000000000
37929  -50.539  25.827  10.835 0.0000000000
37930  -50.672  25.198  12.359 0.0000000000
37931  -50.912  24.720  14.007 0.0000000000
37932  -52.094  24.175  14.585 0.0000000000
37933  -53.079  23.284  15.044 0.0000000000
37934  -53.805  22.264  15.347 0.0000000000
37935  -54.183  21.826  14.058 0.0000000000
37936  -54.022  21.384  12.689 0.0000000000
37937  -53.157  21.080  11.416 0.0000000000
37938  -53.279  22.481  9.719 0.0000000000
37939  -52.771  21.703  10.122 0.0000000000
37940  -51.842  21.019  10.538 0.0000000000
37941  -50.415  20.893  9.965 0.0000000000
37942  -49.041  20.665  9.596 0.0000000000
37944  -51.415  25.027  5.880 0.0000000000
37945  -50.762  23.999  6.343 0.0000000000
37946  -49.934  22.995  6.817 0.0000000000
37947  -47.807  23.917  6.817 0.0000000000
37948  -48.443  23.023  7.089 0.0000000000
37949  -48.951  22.165  7.231 0.0000000000
37950  -48.046  21.367  7.655 0.0000000000
37951  -47.181  20.629  8.354 0.0000000000
41470  -53.661  20.952  17.197 0.0000000000
41471  -53.911  20.494  17.194 0.0000000000
41472  -54.034  20.867  16.664 0.0000000000
41473  -54.235  20.741  16.074 0.0000000000
41474  -54.080  21.228  16.107 0.0000000000
41478  -49.547  30.324  -1.132 0.0000000000
41479  -49.851  30.056  -0.632 0.0000000000
41480  -49.205  29.792  -0.716 0.0000000000
43311  -43.845  25.761  13.125 0.0000000000
43312  -43.738  26.198  12.598 0.0000000000
43313  -43.709  34.988  5.953 0.0000000000
43314  -43.468  34.690  6.494 0.0000000000
43315  -44.385  34.625  6.316 0.0000000000
43316  -52.446  27.679  6.366 0.0000000000
43317  -52.361  27.985  6.800 0.0000000000
43318  -52.509  27.203  6.621 0.0000000000
43319  -52.547  26.628  6.908 0.0000000000
43320  -52.518  26.377  6.523 0.0000000000
43321  -52.487  25.633  6.519 0.0000000000
43322  -52.371  26.089  6.223 0.0000000000
45713  -48.847  32.762  1.776 0.0000000000
45714  -48.976  32.509  2.564 0.0000000000
45715  -49.523  32.299  2.023 0.0000000000
45716  -51.216  29.217  2.724 0.0000000000
45717  -51.553  29.551  3.075 0.0000000000
45718  -51.476  29.164  3.317 0.0000000000
45719  -51.764  29.101  3.848 0.0000000000
45720  -51.312  28.785  3.615 0.0000000000
45721  -51.086  28.415  3.934 0.0000000000
45722  -50.770  28.552  3.437 0.0000000000
47499  -47.086  16.802  21.550 0.0000000000
47500  -48.396  20.188  18.518 0.0000000000
47501  -48.863  19.728  18.765 0.0000000000
47502  -49.140  20.343  18.386 0.0000000000
47503  -49.876  20.528  18.335 0.0000000000
47504  -49.399  20.960  18.176 0.0000000000
47508  -39.442  38.997  4.204 0.0000000000
47509  -39.229  38.599  4.691 0.0000000000
47510  -39.922  38.421  4.342 0.0000000000
47511  -40.415  37.853  4.499 0.0000000000
47512  -40.553  38.315  4.025 0.0000000000
47516  -43.935  38.106  0.737 0.0000000000
47517  -43.434  38.297  1.190 0.0000000000
47518  -44.201  37.981  1.345 0.0000000000
47519  -44.317  37.632  1.941 0.0000000000
47520  -44.864  37.419  1.460 0.0000000000
47521  -45.302  36.740  1.531 0.0000000000
47522  -45.378  37.215  0.994 0.0000000000
47523  -48.697  35.313  -2.258 0.0000000000
47524  -48.793  35.218  -1.842 0.0000000000
47525  -49.233  34.685  -2.305 0.0000000000
47526  -49.647  34.028  -2.309 0.0000000000
47527  -49.591  34.157  -2.685 0.0000000000
47528  -49.613  33.809  -2.949 0.0000000000
47529  -49.334  34.370  -3.003 0.0000000000
51207  -42.734  24.611  17.571 0.0000000000
51208  -43.448  24.248  17.759 0.0000000000
51209  -43.436  23.841  18.192 0.0000000000
51210  -44.086  23.885  18.016 0.0000000000
51211  -44.673  23.533  18.292 0.0000000000
51213  -49.042  24.428  15.169 0.0000000000
51214  -49.035  24.243  15.903 0.0000000000
51215  -49.700  24.345  15.636 0.0000000000
51216  -50.343  24.190  15.879 0.0000000000
51217  -50.330  24.453  15.203 0.0000000000
51221  -42.006  32.226  9.271 0.0000000000
51223  -41.835  31.730  9.763 0.0000000000
51224  -41.762  31.154  10.314 0.0000000000
51225  -42.690  31.312  10.021 0.0000000000
51226  -49.410  32.225  6.708 0.0000000000
51227  -48.642  32.386  7.266 0.0000000000
51228  -49.316  32.063  7.284 0.0000000000
51229  -49.359  28.483  9.267 0.0000000000
51230  -48.657  29.098  9.414 0.0000000000
51231  -48.585  28.356  9.611 0.0000000000
51232  -47.798  28.239  9.920 0.0000000000
51233  -48.558  27.637  9.896 0.0000000000
51234  -48.473  27.003  10.331 0.0000000000
51235  -49.222  27.113  9.917 0.0000000000
51236  -53.098  24.403  10.419 0.0000000000
51237  -52.760  24.648  11.077 0.0000000000
51238  -53.181  24.171  11.235 0.0000000000
51239  -53.312  23.947  12.080 0.0000000000
51240  -53.529  23.678  11.364 0.0000000000
51241  -53.786  23.189  11.592 0.0000000000
51242  -53.630  23.404  10.679 0.0000000000
51243  -51.204  22.372  7.422 0.0000000000
51244  -51.447  22.121  7.914 0.0000000000
51245  -50.753  22.046  7.669 0.0000000000
51246  -50.238  21.756  7.969 0.0000000000
51247  -50.028  21.947  7.540 0.0000000000
51248  -48.759  25.716  5.765 0.0000000000
51249  -49.060  25.267  5.916 0.0000000000
51250  -48.335  25.207  5.979 0.0000000000
51251  -45.172  22.474  7.934 0.0000000000
51252  -45.856  22.556  7.753 0.0000000000
51253  -45.441  22.053  7.929 0.0000000000
51254  -45.647  21.624  7.865 0.0000000000
51255  -44.994  21.506  8.058 0.0000000000
51256  -44.561  20.910  8.175 0.0000000000
51257  -44.359  21.385  8.228 0.0000000000
55290  -52.983  19.091  19.169 0.0000000000
55302  -54.131  20.245  13.877 0.0000000000
55304  -54.031  20.558  13.327 0.0000000000
55313  -50.461  31.646  -0.143 0.0000000000
55314  -50.593  31.427  0.441 0.0000000000
55315  -50.655  31.075  0.072 0.0000000000
55316  -50.341  29.673  0.463 0.0000000000
55317  -50.756  29.954  0.669 0.0000000000
55318  -50.560  29.506  1.077 0.0000000000
55319  -50.752  29.382  1.653 0.0000000000
55320  -50.227  29.143  1.488 0.0000000000
55321  -49.861  28.836  1.900 0.0000000000
55322  -49.597  28.945  1.396 0.0000000000
55324  -48.066  28.686  1.298 0.0000000000
57099  -45.336  18.544  19.700 0.0000000000
57103  -46.938  20.122  18.827 0.0000000000
57104  -46.410  20.604  18.790 0.0000000000
57111  -38.679  40.222  4.225 0.0000000000
57126  -47.309  36.109  -2.236 0.0000000000
57128  -47.624  35.719  -3.100 0.0000000000
57129  -46.880  35.970  -3.191 0.0000000000
60813  -45.632  25.076  13.481 0.0000000000
60814  -45.792  24.753  14.193 0.0000000000
60815  -46.546  24.852  13.783 0.0000000000
60816  -47.447  24.675  14.210 0.0000000000
60817  -47.317  24.955  13.420 0.0000000000
60818  -40.285  35.068  6.830 0.0000000000
60825  -43.413  33.167  8.239 0.0000000000
60826  -51.623  30.272  6.611 0.0000000000
60827  -51.082  30.591  7.175 0.0000000000
60828  -51.532  29.985  7.059 0.0000000000
60829  -51.750  28.346  7.626 0.0000000000
60830  -51.330  29.043  7.781 0.0000000000
60831  -51.264  28.476  8.079 0.0000000000
60832  -50.645  28.578  8.501 0.0000000000
60833  -51.221  27.894  8.359 0.0000000000
60834  -51.199  27.255  8.658 0.0000000000
60835  -51.758  27.217  8.250 0.0000000000
60836  -52.646  25.662  7.694 0.0000000000
60837  -52.493  25.849  8.192 0.0000000000
60838  -52.769  25.224  8.179 0.0000000000
60839  -52.896  24.877  8.853 0.0000000000
60840  -53.015  24.643  8.262 0.0000000000
60841  -53.168  24.089  8.375 0.0000000000
60842  -53.044  24.376  7.808 0.0000000000
60843  -52.307  24.328  6.671 0.0000000000
60844  -52.561  23.893  7.048 0.0000000000
60845  -52.171  23.715  6.788 0.0000000000
60846  -51.916  23.187  6.975 0.0000000000
60847  -51.652  23.579  6.657 0.0000000000
68018  -46.194  33.693  3.975 0.0000000000
68019  -46.267  33.688  4.822 0.0000000000
68020  -46.832  33.280  4.216 0.0000000000
68021  -49.173  32.312  4.044 0.0000000000
68022  -48.473  32.639  4.622 0.0000000000
68023  -49.277  32.319  4.708 0.0000000000
68024  -49.366  32.358  5.324 0.0000000000
68025  -50.026  32.015  4.772 0.0000000000
68026  -50.947  31.119  1.816 0.0000000000
68027  -50.696  31.424  2.356 0.0000000000
68028  -51.111  30.978  2.475 0.0000000000
68029  -51.725  30.417  3.886 0.0000000000
68030  -51.424  30.779  3.829 0.0000000000
68031  -51.539  30.832  4.413 0.0000000000
68032  -51.240  31.260  4.946 0.0000000000
68033  -51.612  30.819  5.041 0.0000000000
68034  -51.643  30.702  5.642 0.0000000000
68035  -51.957  30.340  5.105 0.0000000000
68036  -52.224  28.860  4.793 0.0000000000
68037  -52.368  29.251  5.196 0.0000000000
68038  -52.401  28.666  5.227 0.0000000000
68039  -52.475  28.402  5.654 0.0000000000
68040  -52.308  28.072  5.314 0.0000000000
68041  -52.099  27.431  5.414 0.0000000000
68042  -51.936  27.767  5.101 0.0000000000
68043  -50.419  27.638  4.528 0.0000000000
68044  -50.708  27.334  4.933 0.0000000000
68045  -49.946  27.190  4.918 0.0000000000
68046  -49.475  26.714  5.294 0.0000000000
68048  -49.078  28.347  2.790 0.0000000000
68049  -49.335  28.215  3.280 0.0000000000
68050  -48.506  28.071  3.294 0.0000000000
68051  -46.822  27.297  4.264 0.0000000000
68052  -47.613  27.443  4.216 0.0000000000
73380  -47.428  18.070  20.054 0.0000000000
73381  -47.885  17.656  20.580 0.0000000000
73382  -48.191  18.145  20.151 0.0000000000
73383  -49.916  18.831  19.600 0.0000000000
73384  -49.676  18.328  20.120 0.0000000000
73385  -50.367  18.479  20.040 0.0000000000
73386  -50.784  18.123  20.418 0.0000000000
73387  -51.071  18.626  19.884 0.0000000000
73388  -51.707  18.840  19.690 0.0000000000
73389  -51.269  19.226  19.353 0.0000000000
73390  -51.253  20.870  18.134 0.0000000000
73391  -51.675  20.391  18.360 0.0000000000
73392  -51.929  20.935  18.012 0.0000000000
73393  -52.611  20.976  17.862 0.0000000000
73394  -52.189  21.463  17.689 0.0000000000
73398  -36.242  37.663  7.381 0.0000000000
73399  -35.784  36.995  7.861 0.0000000000
73400  -36.299  36.893  7.370 0.0000000000
73401  -36.449  36.196  7.458 0.0000000000
73402  -36.790  36.839  6.942 0.0000000000
73403  -37.586  39.950  5.922 0.0000000000
73405  -37.642  39.254  5.847 0.0000000000
73406  -38.593  37.615  5.449 0.0000000000
73407  -37.935  37.831  5.759 0.0000000000
73408  -38.263  37.164  5.797 0.0000000000
73409  -38.011  36.642  6.239 0.0000000000
73410  -38.678  36.553  5.899 0.0000000000
73411  -39.168  36.045  6.131 0.0000000000
73412  -39.468  36.462  5.671 0.0000000000
73413  -41.335  36.760  4.835 0.0000000000
73414  -41.088  36.326  5.242 0.0000000000
73415  -41.833  36.282  4.996 0.0000000000
73416  -42.444  35.817  5.232 0.0000000000
73417  -42.582  36.200  4.663 0.0000000000
73434  -41.844  38.125  3.387 0.0000000000
73435  -42.506  38.065  3.099 0.0000000000
73436  -44.058  36.543  2.792 0.0000000000
73437  -43.470  36.701  3.167 0.0000000000
73438  -43.932  36.093  3.222 0.0000000000
73439  -43.849  35.782  3.825 0.0000000000
73440  -44.395  35.426  3.347 0.0000000000
73441  -44.916  34.812  3.530 0.0000000000
73442  -44.969  35.126  2.881 0.0000000000
73443  -46.363  35.211  1.394 0.0000000000
73444  -46.277  34.601  1.820 0.0000000000
73445  -46.978  34.491  1.317 0.0000000000
73446  -47.577  33.840  1.358 0.0000000000
73447  -47.704  34.354  0.804 0.0000000000
73448  -46.379  36.877  -0.388 0.0000000000
73449  -46.497  36.729  0.095 0.0000000000
73450  -47.129  36.473  -0.323 0.0000000000
73451  -49.006  34.722  -0.955 0.0000000000
73452  -48.432  35.153  -0.440 0.0000000000
73453  -48.993  34.367  -0.500 0.0000000000
73454  -48.921  33.941  -0.086 0.0000000000
73455  -49.410  33.563  -0.547 0.0000000000
73456  -49.842  32.855  -0.434 0.0000000000
73457  -49.823  33.177  -0.956 0.0000000000
73458  -50.097  32.711  -2.179 0.0000000000
73459  -50.220  32.410  -1.749 0.0000000000
73460  -50.122  32.043  -2.008 0.0000000000
73461  -50.002  31.358  -1.807 0.0000000000
73462  -49.765  31.723  -2.182 0.0000000000
73464  -49.597  31.997  -2.511 0.0000000000
73465  -49.412  33.173  -3.408 0.0000000000
73466  -49.293  32.604  -3.158 0.0000000000
73467  -49.135  32.940  -3.506 0.0000000000
73468  -48.765  32.732  -3.599 0.0000000000
73469  -49.061  33.278  -3.845 0.0000000000
73471  -48.942  34.730  -3.771 0.0000000000
84512  -44.129  22.091  19.367 0.0000000000
84513  -45.843  22.810  18.791 0.0000000000
84514  -45.608  22.240  19.046 0.0000000000
84515  -46.384  22.396  18.831 0.0000000000
84516  -46.885  21.845  18.669 0.0000000000
84517  -47.089  22.486  18.594 0.0000000000
84518  -46.066  24.299  16.479 0.0000000000
84519  -46.093  24.079  17.234 0.0000000000
84520  -46.835  24.124  16.879 0.0000000000
84521  -48.819  23.707  17.175 0.0000000000
84522  -48.101  23.652  17.527 0.0000000000
84523  -48.662  23.273  17.732 0.0000000000
84524  -48.523  22.727  18.099 0.0000000000
84525  -49.238  22.822  17.792 0.0000000000
84526  -49.803  22.346  17.797 0.0000000000
84527  -49.929  22.905  17.483 0.0000000000
84528  -51.468  23.529  16.290 0.0000000000
84529  -51.286  23.069  16.864 0.0000000000
84530  -51.966  23.079  16.567 0.0000000000
84531  -52.449  22.556  16.781 0.0000000000
84532  -52.595  23.048  16.243 0.0000000000
84551  -41.734  29.849  11.131 0.0000000000
84554  -41.846  28.460  11.846 0.0000000000
84556  -46.454  33.620  6.489 0.0000000000
84557  -45.667  33.813  6.958 0.0000000000
84558  -46.470  33.463  7.176 0.0000000000
84559  -46.896  32.610  8.130 0.0000000000
84560  -46.171  32.938  8.064 0.0000000000
84561  -45.964  32.638  8.410 0.0000000000
84562  -44.935  32.626  8.610 0.0000000000
84563  -45.686  32.287  8.794 0.0000000000
84564  -49.726  31.083  8.278 0.0000000000
84565  -49.040  31.519  8.278 0.0000000000
84566  -48.917  31.098  8.739 0.0000000000
84567  -47.090  30.250  9.785 0.0000000000
84568  -47.169  30.955  9.521 0.0000000000
84569  -46.306  30.792  9.822 0.0000000000
84570  -45.439  31.232  9.721 0.0000000000
84571  -45.375  30.582  10.070 0.0000000000
84572  -44.455  30.389  10.252 0.0000000000
84573  -45.291  29.891  10.284 0.0000000000
84574  -46.224  27.866  10.614 0.0000000000
84575  -45.292  28.380  10.704 0.0000000000
84576  -45.356  27.658  11.029 0.0000000000
84577  -44.510  27.481  11.424 0.0000000000
84578  -45.473  26.951  11.379 0.0000000000
84579  -45.447  26.415  11.793 0.0000000000
84580  -46.269  26.546  11.388 0.0000000000
84581  -48.488  25.979  11.355 0.0000000000
84582  -47.805  25.843  11.688 0.0000000000
84583  -48.588  25.534  11.996 0.0000000000
84584  -48.727  25.218  12.780 0.0000000000
84585  -49.370  25.310  12.405 0.0000000000
84586  -51.201  26.202  9.652 0.0000000000
84587  -50.559  26.226  10.115 0.0000000000
84588  -51.166  25.820  10.312 0.0000000000
84589  -51.872  24.910  12.182 0.0000000000
84590  -51.275  25.223  11.878 0.0000000000
84591  -51.341  24.968  12.682 0.0000000000
84592  -50.833  24.933  13.142 0.0000000000
84593  -51.455  24.675  13.502 0.0000000000
84594  -51.521  24.487  14.356 0.0000000000
84595  -52.055  24.404  13.818 0.0000000000
84596  -53.476  23.426  13.756 0.0000000000
84597  -53.069  23.616  14.300 0.0000000000
84598  -53.471  23.130  14.502 0.0000000000
84599  -53.494  22.790  15.234 0.0000000000
84600  -53.825  22.592  14.626 0.0000000000
84601  -54.020  22.083  14.733 0.0000000000
84602  -54.023  22.359  13.991 0.0000000000
84603  -53.974  22.200  11.885 0.0000000000
84604  -54.072  21.935  12.644 0.0000000000
84605  -53.880  21.715  11.989 0.0000000000
84606  -53.681  21.229  12.031 0.0000000000
84607  -53.494  21.531  11.338 0.0000000000
84608  -53.182  23.009  8.756 0.0000000000
84609  -53.395  22.876  9.526 0.0000000000
84610  -53.073  22.621  8.931 0.0000000000
84611  -51.873  21.828  9.058 0.0000000000
84612  -52.501  21.968  9.425 0.0000000000
84613  -52.113  21.642  9.646 0.0000000000
84614  -52.298  21.404  10.266 0.0000000000
84615  -51.604  21.328  9.899 0.0000000000
84616  -51.156  20.962  10.250 0.0000000000
84617  -50.938  21.244  9.629 0.0000000000
84618  -49.247  21.175  8.670 0.0000000000
84619  -49.476  20.993  9.212 0.0000000000
84620  -48.789  20.850  9.107 0.0000000000
84621  -48.365  20.491  9.533 0.0000000000
84622  -48.124  20.676  8.991 0.0000000000
84623  -51.433  26.109  5.640 0.0000000000
84624  -51.707  25.577  5.806 0.0000000000
84625  -51.139  25.499  5.772 0.0000000000
84626  -49.738  24.408  6.238 0.0000000000
84627  -50.459  24.458  6.159 0.0000000000
84628  -50.058  23.945  6.400 0.0000000000
84629  -50.363  23.477  6.593 0.0000000000
84630  -49.631  23.445  6.658 0.0000000000
84631  -46.758  24.298  6.777 0.0000000000
84633  -47.070  23.908  6.965 0.0000000000
84634  -47.272  22.642  7.464 0.0000000000
84635  -47.741  23.064  7.217 0.0000000000
84636  -48.004  22.604  7.307 0.0000000000
84637  -48.710  22.571  7.187 0.0000000000
84638  -48.264  22.162  7.343 0.0000000000
84639  -48.495  21.773  7.431 0.0000000000
84640  -47.768  21.742  7.528 0.0000000000
84641  -46.180  20.746  8.004 0.0000000000
84642  -46.872  20.854  7.958 0.0000000000
84643  -46.473  20.452  8.321 0.0000000000
84644  -46.713  20.247  8.795 0.0000000000
93078  -53.325  20.077  18.156 0.0000000000
93080  -53.791  20.097  17.719 0.0000000000
93082  -54.268  19.877  16.520 0.0000000000
93092  -50.440  30.917  -0.815 0.0000000000
93093  -50.597  30.700  -0.225 0.0000000000
93094  -50.351  30.362  -0.471 0.0000000000
93095  -50.138  29.824  -0.117 0.0000000000
93096  -49.754  29.371  0.400 0.0000000000
93097  -49.309  29.070  0.852 0.0000000000
93098  -49.072  29.208  0.321 0.0000000000
96393  -44.741  25.374  13.283 0.0000000000
96394  -45.557  25.451  12.850 0.0000000000
96395  -41.947  35.065  6.321 0.0000000000
96397  -42.572  34.644  6.700 0.0000000000
96399  -43.900  33.888  7.379 0.0000000000
96400  -52.226  29.055  6.463 0.0000000000
96401  -51.887  29.369  6.932 0.0000000000
96402  -52.152  28.705  6.842 0.0000000000
96403  -52.107  28.179  7.157 0.0000000000
96404  -52.120  27.622  7.513 0.0000000000
96405  -52.114  27.073  7.860 0.0000000000
96406  -52.419  26.858  7.402 0.0000000000
96407  -52.553  26.138  7.269 0.0000000000
96408  -52.716  25.418  7.254 0.0000000000
96409  -52.836  24.746  7.316 0.0000000000
96410  -52.675  25.142  6.883 0.0000000000
96411  -52.416  24.957  6.578 0.0000000000
96412  -52.075  24.784  6.333 0.0000000000
100715  -47.506  33.080  2.777 0.0000000000
100716  -47.530  32.991  3.628 0.0000000000
100717  -48.297  32.743  3.119 0.0000000000
100718  -49.066  32.357  3.316 0.0000000000
100719  -49.765  32.001  3.460 0.0000000000
100720  -51.366  30.080  2.229 0.0000000000
100721  -51.427  30.472  2.649 0.0000000000
100722  -51.539  29.984  2.863 0.0000000000
100723  -51.744  29.933  3.463 0.0000000000
100724  -51.931  29.881  4.054 0.0000000000
100725  -52.100  29.879  4.631 0.0000000000
100726  -52.033  29.445  4.234 0.0000000000
100727  -52.020  29.007  4.378 0.0000000000
100728  -51.899  28.508  4.518 0.0000000000
100729  -51.718  28.061  4.760 0.0000000000
100730  -51.416  28.244  4.354 0.0000000000
100731  -50.796  28.043  4.216 0.0000000000
100732  -50.067  27.888  4.154 0.0000000000
100734  -47.694  27.936  3.318 0.0000000000
103931  -48.697  16.966  21.700 0.0000000000
103932  -47.914  19.102  19.306 0.0000000000
103933  -48.448  18.632  19.704 0.0000000000
103934  -48.671  19.171  19.258 0.0000000000
103935  -49.340  19.296  19.155 0.0000000000
103936  -50.078  19.450  19.082 0.0000000000
103937  -50.766  19.628  18.989 0.0000000000
103938  -50.323  20.091  18.605 0.0000000000
103939  -50.591  20.775  18.230 0.0000000000
103940  -50.813  21.287  17.950 0.0000000000
103945  -36.585  38.343  6.945 0.0000000000
103946  -38.338  39.452  5.054 0.0000000000
103947  -38.068  39.005  5.460 0.0000000000
103948  -38.591  38.755  5.073 0.0000000000
103949  -38.934  38.104  5.108 0.0000000000
103950  -39.328  37.483  5.159 0.0000000000
103951  -39.778  36.903  5.264 0.0000000000
103952  -40.114  37.378  4.919 0.0000000000
103953  -40.892  37.296  4.661 0.0000000000
103954  -41.581  37.194  4.319 0.0000000000
103963  -42.978  38.565  1.633 0.0000000000
103965  -43.198  37.975  2.776 0.0000000000
103966  -43.822  37.824  2.416 0.0000000000
103967  -44.260  37.102  2.443 0.0000000000
103968  -44.597  36.342  2.360 0.0000000000
103969  -45.059  35.614  2.351 0.0000000000
103970  -45.143  36.145  1.960 0.0000000000
103971  -45.782  35.972  1.507 0.0000000000
103972  -46.459  35.815  1.033 0.0000000000
103973  -47.653  36.091  -1.336 0.0000000000
103974  -47.734  36.132  -0.844 0.0000000000
103975  -48.289  35.629  -1.357 0.0000000000
103976  -48.891  34.999  -1.426 0.0000000000
103977  -49.415  34.267  -1.454 0.0000000000
103978  -49.817  33.520  -1.393 0.0000000000
103979  -49.737  33.837  -1.877 0.0000000000
103980  -49.925  33.406  -2.259 0.0000000000
103981  -49.887  32.923  -2.509 0.0000000000
103982  -49.723  32.573  -2.708 0.0000000000
103983  -49.732  33.214  -2.881 0.0000000000
103984  -49.572  33.478  -3.223 0.0000000000
103985  -49.442  33.714  -3.567 0.0000000000
110604  -42.018  24.984  17.358 0.0000000000
110605  -42.159  24.668  17.855 0.0000000000
110606  -42.205  24.262  18.268 0.0000000000
110608  -42.778  23.856  18.403 0.0000000000
110611  -44.378  22.611  19.114 0.0000000000
110612  -44.601  23.069  18.792 0.0000000000
110613  -45.261  23.180  18.566 0.0000000000
110614  -45.959  23.288  18.373 0.0000000000
110615  -47.625  24.298  15.731 0.0000000000
110616  -47.610  24.164  16.516 0.0000000000
110617  -48.344  24.192  16.171 0.0000000000
110618  -48.985  24.034  16.587 0.0000000000
110619  -49.572  23.790  16.849 0.0000000000
110620  -50.066  23.440  17.020 0.0000000000
110621  -50.259  23.850  16.462 0.0000000000
110622  -50.931  23.900  16.024 0.0000000000
110623  -51.553  23.928  15.627 0.0000000000
110635  -40.880  31.008  10.623 0.0000000000
110636  -41.742  30.507  10.758 0.0000000000
110637  -42.632  30.007  10.824 0.0000000000
110638  -47.944  32.901  6.731 0.0000000000
110639  -47.189  33.103  7.308 0.0000000000
110640  -47.920  32.733  7.303 0.0000000000
110641  -47.805  32.559  7.781 0.0000000000
110642  -47.597  32.275  8.152 0.0000000000
110643  -49.568  29.960  8.900 0.0000000000
110644  -48.873  30.526  9.100 0.0000000000
110645  -48.753  29.851  9.262 0.0000000000
110646  -47.905  29.703  9.608 0.0000000000
110647  -47.049  29.520  9.893 0.0000000000
110648  -46.154  29.366  10.122 0.0000000000
110649  -47.038  28.815  9.965 0.0000000000
110650  -47.027  28.068  10.225 0.0000000000
110651  -47.030  27.335  10.584 0.0000000000
110652  -47.025  26.723  10.988 0.0000000000
110653  -47.738  26.884  10.650 0.0000000000
110654  -48.449  26.470  10.779 0.0000000000
110655  -49.171  26.106  10.990 0.0000000000
110656  -52.280  25.375  9.929 0.0000000000
110657  -51.774  25.512  10.471 0.0000000000
110658  -52.282  25.109  10.810 0.0000000000
110659  -52.348  24.827  11.639 0.0000000000
110660  -52.420  24.574  12.464 0.0000000000
110661  -52.518  24.341  13.298 0.0000000000
110662  -52.945  24.167  12.710 0.0000000000
110663  -53.391  23.707  12.950 0.0000000000
110664  -53.713  23.226  13.126 0.0000000000
110665  -53.961  22.677  13.202 0.0000000000
110666  -53.861  22.970  12.440 0.0000000000
110667  -53.927  22.719  11.782 0.0000000000
110668  -53.802  22.470  11.106 0.0000000000
110669  -52.408  22.708  7.889 0.0000000000
110670  -52.625  22.496  8.497 0.0000000000
110671  -52.062  22.330  8.182 0.0000000000
110672  -51.648  21.990  8.477 0.0000000000
110673  -51.196  21.710  8.761 0.0000000000
110674  -50.738  21.467  9.045 0.0000000000
110675  -50.450  21.614  8.470 0.0000000000
110676  -49.710  21.495  8.336 0.0000000000
110677  -49.012  21.302  8.169 0.0000000000
110678  -50.126  25.842  5.650 0.0000000000
110679  -50.483  25.413  5.802 0.0000000000
110680  -49.787  25.389  5.841 0.0000000000
110681  -49.395  24.840  6.080 0.0000000000
110682  -48.997  24.393  6.341 0.0000000000
110683  -45.937  23.469  7.396 0.0000000000
110684  -46.665  23.497  7.257 0.0000000000
110685  -46.279  23.036  7.509 0.0000000000
110686  -46.562  22.604  7.563 0.0000000000
110687  -46.819  22.149  7.589 0.0000000000
110688  -47.050  21.699  7.617 0.0000000000
110689  -46.361  21.673  7.703 0.0000000000
110690  -45.907  21.169  7.876 0.0000000000
110691  -45.492  20.621  8.121 0.0000000000
110692  -45.180  20.091  8.399 0.0000000000
110693  -44.848  20.426  8.214 0.0000000000
110694  -44.297  20.290  8.350 0.0000000000
117342  -52.455  18.080  19.998 0.0000000000
117374  -49.904  32.241  0.748 0.0000000000
117375  -50.003  32.055  1.502 0.0000000000
117376  -50.402  31.730  0.922 0.0000000000
117377  -50.812  31.285  1.121 0.0000000000
117378  -51.090  30.791  1.361 0.0000000000
117379  -50.782  30.536  0.356 0.0000000000
117380  -50.989  30.354  0.978 0.0000000000
117381  -51.253  30.188  1.584 0.0000000000
117382  -51.170  29.704  1.897 0.0000000000
117383  -50.975  29.302  2.134 0.0000000000
117384  -50.790  28.965  2.469 0.0000000000
117385  -50.522  28.666  2.870 0.0000000000
117386  -50.185  28.725  2.388 0.0000000000
117387  -49.480  28.571  2.334 0.0000000000
117388  -48.763  28.461  2.315 0.0000000000
117389  -48.832  28.791  1.321 0.0000000000
117390  -48.343  28.539  1.832 0.0000000000
119873  -46.711  17.134  20.954 0.0000000000
119874  -46.309  17.522  20.358 0.0000000000
119875  -46.635  18.021  20.002 0.0000000000
119876  -46.910  18.538  19.653 0.0000000000
119877  -45.620  19.050  19.480 0.0000000000
119878  -46.403  19.034  19.403 0.0000000000
119879  -47.147  19.055  19.356 0.0000000000
119880  -47.419  19.605  19.010 0.0000000000
119881  -47.674  20.148  18.653 0.0000000000
119882  -47.930  20.675  18.425 0.0000000000
119890  -38.265  40.090  5.112 0.0000000000
119891  -38.593  39.837  4.634 0.0000000000
119892  -38.986  39.566  4.182 0.0000000000
119893  -39.435  39.344  3.771 0.0000000000
119905  -45.235  37.529  0.425 0.0000000000
119911  -46.891  36.466  -1.295 0.0000000000
119912  -47.493  36.102  -1.781 0.0000000000
119913  -48.062  35.759  -2.207 0.0000000000
119914  -48.576  35.298  -2.654 0.0000000000
119915  -48.905  34.897  -3.059 0.0000000000
119916  -48.360  35.394  -3.082 0.0000000000
119917  -48.102  35.409  -3.509 0.0000000000
125076  -45.912  24.519  15.006 0.0000000000
125077  -46.776  24.387  15.377 0.0000000000
125078  -47.580  24.452  14.989 0.0000000000
125079  -48.303  24.537  14.691 0.0000000000
125080  -48.936  24.654  14.419 0.0000000000
125090  -42.219  32.668  8.831 0.0000000000
125091  -42.977  32.372  9.023 0.0000000000
125092  -50.658  31.392  6.693 0.0000000000
125093  -49.989  31.645  7.256 0.0000000000
125094  -50.549  31.197  7.269 0.0000000000
125095  -50.405  30.898  7.738 0.0000000000
125096  -50.331  30.535  8.160 0.0000000000
125097  -51.451  29.557  7.423 0.0000000000
125098  -50.858  29.798  7.975 0.0000000000
125099  -50.262  29.990  8.469 0.0000000000
125100  -50.111  29.277  8.683 0.0000000000
125101  -50.052  28.539  8.886 0.0000000000
125102  -49.989  27.837  9.152 0.0000000000
125103  -49.924  27.195  9.507 0.0000000000
125104  -50.583  27.220  9.084 0.0000000000
125105  -51.213  26.672  9.094 0.0000000000
125106  -51.780  26.171  9.193 0.0000000000
125107  -52.118  26.562  8.211 0.0000000000
125108  -52.193  26.069  8.696 0.0000000000
125109  -52.238  25.694  9.232 0.0000000000
125110  -52.637  25.143  9.415 0.0000000000
125111  -52.994  24.619  9.595 0.0000000000
125112  -53.277  24.108  9.755 0.0000000000
125113  -53.471  23.611  9.917 0.0000000000
125114  -53.313  23.815  9.123 0.0000000000
125115  -53.206  23.532  8.474 0.0000000000
125116  -52.979  23.306  8.043 0.0000000000
125117  -52.857  24.127  7.394 0.0000000000
125118  -52.768  23.571  7.494 0.0000000000
125119  -52.660  23.075  7.635 0.0000000000
125120  -52.168  22.890  7.373 0.0000000000
125121  -51.586  22.747  7.200 0.0000000000
125122  -50.910  22.638  7.070 0.0000000000
125124  -47.595  25.150  6.085 0.0000000000
125125  -46.851  25.107  6.206 0.0000000000
125126  -46.433  24.691  6.547 0.0000000000
125127  -46.026  24.287  6.879 0.0000000000
125130  -45.595  23.894  7.237 0.0000000000
125131  -45.234  23.427  7.532 0.0000000000
125132  -44.875  22.902  7.813 0.0000000000
125133  -44.479  22.371  8.062 0.0000000000
134540  -45.063  34.551  5.164 0.0000000000
134541  -45.087  34.413  5.939 0.0000000000
134542  -45.672  34.109  5.432 0.0000000000
134543  -46.379  33.706  5.698 0.0000000000
134544  -47.157  33.322  5.916 0.0000000000
134545  -47.636  32.962  4.431 0.0000000000
134546  -47.834  32.914  5.207 0.0000000000
134547  -47.909  32.980  6.023 0.0000000000
134548  -48.653  32.642  6.037 0.0000000000
134549  -49.405  32.314  6.058 0.0000000000
134550  -50.145  31.981  6.109 0.0000000000
134551  -50.154  31.862  2.213 0.0000000000
134552  -50.305  31.723  2.922 0.0000000000
134553  -50.419  31.661  3.580 0.0000000000
134554  -51.266  30.866  3.159 0.0000000000
134555  -51.012  31.271  3.695 0.0000000000
134556  -50.564  31.692  4.246 0.0000000000
134557  -50.687  31.699  4.874 0.0000000000
134558  -50.758  31.650  5.493 0.0000000000
134559  -50.756  31.560  6.112 0.0000000000
134560  -51.209  31.080  6.146 0.0000000000
134561  -51.648  30.538  6.136 0.0000000000
134562  -52.031  29.921  6.064 0.0000000000
134563  -52.216  29.818  5.167 0.0000000000
134564  -52.311  29.661  5.634 0.0000000000
134565  -52.298  29.311  6.031 0.0000000000
134566  -52.424  28.724  6.065 0.0000000000
134567  -52.448  28.075  6.051 0.0000000000
134568  -52.400  27.359  6.001 0.0000000000
134569  -52.251  26.546  5.959 0.0000000000
134570  -52.174  27.011  5.732 0.0000000000
134571  -51.739  26.758  5.525 0.0000000000
134572  -51.168  26.562  5.461 0.0000000000
134573  -51.411  27.512  5.001 0.0000000000
134574  -50.954  26.952  5.244 0.0000000000
134575  -50.511  26.377  5.459 0.0000000000
134576  -49.774  26.269  5.510 0.0000000000
134577  -49.084  26.224  5.585 0.0000000000
134578  -48.398  26.164  5.607 0.0000000000
134579  -50.111  28.378  3.309 0.0000000000
134580  -49.673  28.125  3.778 0.0000000000
134581  -49.322  27.809  4.201 0.0000000000
134582  -48.043  27.767  3.751 0.0000000000
134583  -48.425  27.611  4.191 0.0000000000
134584  -48.851  27.431  4.637 0.0000000000
141207  -47.515  17.199  21.053 0.0000000000
141208  -48.310  17.299  21.166 0.0000000000
141209  -49.093  17.418  21.219 0.0000000000
141210  -48.968  18.211  20.185 0.0000000000
141211  -49.393  17.878  20.619 0.0000000000
141212  -49.817  17.569  21.057 0.0000000000
141214  -51.182  17.771  20.712 0.0000000000
141215  -51.822  17.959  20.326 0.0000000000
141216  -52.091  18.445  19.951 0.0000000000
141217  -52.350  18.992  19.491 0.0000000000
141218  -52.595  19.536  18.965 0.0000000000
141219  -51.461  19.835  18.837 0.0000000000
141220  -52.168  19.978  18.680 0.0000000000
141221  -52.792  20.039  18.495 0.0000000000
141222  -52.984  20.521  18.056 0.0000000000
141223  -53.188  20.993  17.586 0.0000000000
141224  -53.372  21.414  17.108 0.0000000000
141238  -36.959  38.158  6.496 0.0000000000
141239  -37.724  38.539  5.773 0.0000000000
141240  -37.378  37.948  6.069 0.0000000000
141241  -37.094  37.408  6.480 0.0000000000
141242  -37.368  36.727  6.573 0.0000000000
141243  -37.759  36.102  6.760 0.0000000000
141244  -38.158  35.496  6.978 0.0000000000
141245  -38.898  35.506  6.701 0.0000000000
141246  -39.745  35.535  6.473 0.0000000000
141247  -40.548  35.467  6.249 0.0000000000
141248  -40.312  36.381  5.472 0.0000000000
141249  -40.789  35.872  5.693 0.0000000000
141250  -41.345  35.463  5.999 0.0000000000
141251  -42.159  35.446  5.741 0.0000000000
141252  -43.062  35.368  5.584 0.0000000000
141253  -43.787  35.214  5.283 0.0000000000
141271  -40.558  38.724  3.547 0.0000000000
141272  -41.200  38.221  3.683 0.0000000000
141273  -41.779  37.651  3.810 0.0000000000
141274  -42.270  37.074  3.945 0.0000000000
141275  -43.058  37.416  3.167 0.0000000000
141276  -42.907  36.856  3.523 0.0000000000
141277  -42.727  36.543  4.064 0.0000000000
141278  -43.250  36.043  4.245 0.0000000000
141279  -43.814  35.503  4.520 0.0000000000
141280  -44.436  35.000  4.843 0.0000000000
141281  -44.937  34.617  4.323 0.0000000000
141282  -45.521  34.241  3.747 0.0000000000
141283  -46.177  33.859  3.162 0.0000000000
141284  -45.598  34.871  2.372 0.0000000000
141285  -46.200  34.168  2.434 0.0000000000
141286  -46.849  33.561  2.557 0.0000000000
141287  -47.507  33.400  2.025 0.0000000000
141288  -48.183  33.282  1.510 0.0000000000
141289  -48.810  33.117  1.046 0.0000000000
141290  -45.918  37.072  0.558 0.0000000000
141291  -46.563  36.331  0.553 0.0000000000
141292  -47.133  35.633  0.499 0.0000000000
141293  -47.786  35.874  -0.375 0.0000000000
141294  -47.794  35.459  0.052 0.0000000000
141295  -47.747  34.925  0.392 0.0000000000
141296  -48.369  34.201  0.313 0.0000000000
141297  -48.873  33.502  0.387 0.0000000000
141298  -49.391  32.852  0.570 0.0000000000
141299  -49.859  32.578  0.146 0.0000000000
141300  -50.200  32.240  -0.298 0.0000000000
141301  -50.408  31.811  -0.724 0.0000000000
141302  -50.114  32.803  -1.360 0.0000000000
141303  -50.321  32.067  -1.306 0.0000000000
141304  -50.427  31.457  -1.107 0.0000000000
141305  -50.239  31.075  -1.364 0.0000000000
141306  -49.801  30.780  -1.515 0.0000000000
141312  -49.431  32.270  -2.834 0.0000000000
141313  -49.013  32.010  -2.883 0.0000000000
141318  -49.126  34.534  -3.383 0.0000000000
141319  -49.281  34.238  -3.682 0.0000000000
141320  -49.329  33.934  -3.939 0.0000000000
154661  -45.109  21.058  19.206 0.0000000000
154662  -44.831  22.154  19.205 0.0000000000
154663  -45.348  21.655  19.132 0.0000000000
154664  -45.905  21.115  18.983 0.0000000000
154665  -46.678  21.217  18.716 0.0000000000
154666  -47.421  21.305  18.432 0.0000000000
154667  -48.142  21.387  18.298 0.0000000000
154668  -45.410  23.989  17.502 0.0000000000
154669  -46.009  23.731  17.817 0.0000000000
154670  -46.628  23.432  18.156 0.0000000000
154671  -47.517  23.932  17.228 0.0000000000
154672  -47.375  23.581  17.863 0.0000000000
154673  -47.252  23.116  18.399 0.0000000000
154674  -47.813  22.588  18.398 0.0000000000
154675  -48.366  22.089  18.232 0.0000000000
154676  -48.851  21.512  18.134 0.0000000000
154677  -49.599  21.715  17.998 0.0000000000
154678  -50.316  21.798  17.824 0.0000000000
154679  -50.950  21.891  17.608 0.0000000000
154680  -50.558  23.007  17.133 0.0000000000
154681  -51.062  22.510  17.255 0.0000000000
154682  -51.626  21.988  17.451 0.0000000000
154683  -52.314  22.020  17.256 0.0000000000
154684  -52.927  21.983  16.961 0.0000000000
154685  -53.447  21.918  16.570 0.0000000000
154710  -41.018  28.313  12.288 0.0000000000
154711  -41.879  27.792  12.217 0.0000000000
154712  -42.778  27.209  12.162 0.0000000000
154713  -45.033  34.191  6.651 0.0000000000
154715  -44.683  33.563  7.676 0.0000000000
154716  -46.338  33.227  7.695 0.0000000000
154717  -45.427  33.272  7.904 0.0000000000
154718  -44.443  33.240  8.067 0.0000000000
154719  -44.199  32.927  8.436 0.0000000000
154720  -43.966  32.508  8.788 0.0000000000
154721  -43.757  31.989  9.275 0.0000000000
154722  -49.169  31.821  7.786 0.0000000000
154723  -48.301  31.896  8.201 0.0000000000
154724  -47.429  31.907  8.591 0.0000000000
154725  -48.001  31.057  9.187 0.0000000000
154726  -47.310  31.471  9.111 0.0000000000
154727  -46.491  31.906  8.974 0.0000000000
154728  -45.481  31.823  9.272 0.0000000000
154729  -44.571  31.607  9.527 0.0000000000
154730  -43.659  31.428  9.798 0.0000000000
154731  -43.584  30.867  10.184 0.0000000000
154732  -43.557  30.202  10.530 0.0000000000
154733  -43.536  29.500  10.820 0.0000000000
154734  -45.297  29.139  10.438 0.0000000000
154735  -44.407  28.953  10.751 0.0000000000
154736  -43.535  28.746  11.093 0.0000000000
154737  -43.580  27.996  11.420 0.0000000000
154738  -43.643  27.325  11.771 0.0000000000
154739  -43.701  26.709  12.121 0.0000000000
154740  -44.593  26.298  12.204 0.0000000000
154741  -45.486  25.915  12.278 0.0000000000
154742  -46.336  25.599  12.402 0.0000000000
154743  -47.038  26.196  11.487 0.0000000000
154744  -47.092  25.747  11.998 0.0000000000
154745  -47.192  25.316  12.694 0.0000000000
154746  -48.046  25.091  13.125 0.0000000000
154747  -48.838  24.938  13.587 0.0000000000
154748  -49.547  24.799  14.003 0.0000000000
154749  -49.854  26.655  9.999 0.0000000000
154750  -49.875  26.187  10.593 0.0000000000
154751  -49.876  25.790  11.302 0.0000000000
154752  -51.193  25.502  11.073 0.0000000000
154753  -50.577  25.469  11.578 0.0000000000
154754  -49.942  25.419  12.042 0.0000000000
154755  -50.112  25.107  12.847 0.0000000000
154756  -50.202  24.895  13.603 0.0000000000
154757  -50.309  24.694  14.448 0.0000000000
154758  -50.956  24.529  14.833 0.0000000000
154759  -51.539  24.243  15.047 0.0000000000
154760  -52.109  23.868  15.283 0.0000000000
154761  -52.600  24.053  14.072 0.0000000000
154762  -52.638  23.769  14.827 0.0000000000
154763  -52.629  23.418  15.539 0.0000000000
154764  -53.083  22.919  15.762 0.0000000000
154765  -53.497  22.422  15.963 0.0000000000
154766  -53.815  21.843  16.030 0.0000000000
154767  -54.036  21.686  15.441 0.0000000000
154768  -54.195  21.493  14.802 0.0000000000
154769  -54.289  21.267  14.070 0.0000000000
154770  -54.106  22.180  13.323 0.0000000000
154771  -54.172  21.595  13.352 0.0000000000
154772  -54.147  21.047  13.353 0.0000000000
154773  -53.874  20.884  12.669 0.0000000000
154774  -53.414  20.755  12.054 0.0000000000
154776  -53.595  23.120  10.076 0.0000000000
154777  -53.608  22.704  10.310 0.0000000000
154778  -53.495  22.256  10.480 0.0000000000
154779  -52.808  22.293  9.189 0.0000000000
154780  -53.034  22.073  9.892 0.0000000000
154781  -53.281  21.823  10.643 0.0000000000
154782  -52.951  21.433  10.775 0.0000000000
154783  -52.524  21.064  10.906 0.0000000000
154784  -52.122  20.667  11.157 0.0000000000
154785  -51.393  20.626  10.876 0.0000000000
154786  -50.657  20.592  10.573 0.0000000000
154788  -50.178  21.137  9.371 0.0000000000
154789  -49.719  20.788  9.766 0.0000000000
154794  -52.095  25.853  5.998 0.0000000000
154795  -51.888  25.226  6.058 0.0000000000
154796  -51.634  24.611  6.147 0.0000000000
154797  -50.802  24.927  5.940 0.0000000000
154798  -51.111  24.514  6.087 0.0000000000
154799  -51.372  24.000  6.342 0.0000000000
154800  -51.078  23.507  6.609 0.0000000000
154801  -50.637  23.024  6.804 0.0000000000
154802  -50.196  22.588  7.012 0.0000000000
154803  -47.932  24.740  6.304 0.0000000000
154806  -47.410  23.491  7.120 0.0000000000
154807  -48.152  23.484  6.939 0.0000000000
154808  -48.885  23.438  6.784 0.0000000000
154809  -49.175  22.986  6.936 0.0000000000
154810  -49.444  22.550  7.042 0.0000000000
154811  -49.761  22.202  7.239 0.0000000000
154812  -49.287  21.847  7.462 0.0000000000
154813  -48.778  21.464  7.709 0.0000000000
154814  -48.292  21.126  8.033 0.0000000000
154815  -47.289  21.279  7.708 0.0000000000
154816  -47.584  20.971  7.914 0.0000000000
154817  -47.870  20.808  8.430 0.0000000000
