#!ascii label  , from subject fsaverage vox2ras=TkReg 
1996
46  -41.863  -22.613  39.018 0.0000000000
100  -55.262  -12.414  31.328 0.0000000000
224  -47.902  -18.094  34.228 0.0000000000
237  -15.026  -35.031  65.333 0.0000000000
369  -38.638  -22.200  44.776 0.0000000000
373  -30.875  -30.470  62.233 0.0000000000
374  -39.669  -28.861  61.102 0.0000000000
850  -43.000  -25.082  54.141 0.0000000000
851  -43.520  -22.097  51.654 0.0000000000
857  -22.312  -32.005  57.288 0.0000000000
858  -26.666  -30.439  63.395 0.0000000000
859  -26.050  -30.573  56.054 0.0000000000
861  -34.910  -30.465  55.030 0.0000000000
862  -39.454  -28.403  54.869 0.0000000000
1023  -45.879  -20.195  46.624 0.0000000000
1025  -49.431  -20.308  44.484 0.0000000000
1026  -51.176  -15.314  32.504 0.0000000000
1552  -44.775  -20.843  36.416 0.0000000000
1556  -51.930  -12.265  25.527 0.0000000000
1579  -11.546  -37.014  67.836 0.0000000000
1816  -43.809  -20.382  49.033 0.0000000000
1817  -39.604  -21.854  42.010 0.0000000000
1828  -30.080  -30.796  55.220 0.0000000000
1829  -35.428  -30.825  61.583 0.0000000000
2055  -51.772  -18.958  41.368 0.0000000000
2065  -60.566  -9.976  22.101 0.0000000000
2770  -40.984  -26.475  51.488 0.0000000000
2771  -41.616  -25.051  50.289 0.0000000000
2778  -24.153  -31.131  56.585 0.0000000000
2781  -36.965  -29.115  52.057 0.0000000000
2782  -39.185  -27.899  51.961 0.0000000000
2783  -41.408  -26.951  54.560 0.0000000000
2943  -43.948  -21.531  42.856 0.0000000000
2944  -47.856  -20.280  45.694 0.0000000000
2945  -45.572  -21.572  41.711 0.0000000000
2946  -53.119  -13.950  31.861 0.0000000000
2947  -54.799  -13.990  35.584 0.0000000000
2952  -57.099  -10.854  30.672 0.0000000000
3587  -13.028  -35.759  62.427 0.0000000000
3589  -13.278  -36.014  66.449 0.0000000000
3988  -41.208  -22.315  47.911 0.0000000000
3989  -43.369  -21.080  50.283 0.0000000000
3990  -41.082  -21.424  46.797 0.0000000000
3991  -41.524  -20.995  45.482 0.0000000000
3992  -38.771  -21.747  43.483 0.0000000000
4010  -28.765  -30.298  62.840 0.0000000000
4011  -28.928  -30.028  66.378 0.0000000000
4012  -31.008  -30.042  65.647 0.0000000000
4014  -32.968  -30.265  65.044 0.0000000000
4016  -27.576  -30.131  52.344 0.0000000000
4017  -29.673  -30.433  51.941 0.0000000000
4018  -37.684  -30.110  58.170 0.0000000000
4019  -35.305  -30.814  58.319 0.0000000000
4020  -37.746  -30.102  61.522 0.0000000000
4021  -37.467  -30.118  64.248 0.0000000000
4048  -18.596  -33.293  61.098 0.0000000000
4049  -20.686  -32.180  65.020 0.0000000000
4050  -20.845  -31.529  69.274 0.0000000000
4511  -46.162  -19.469  35.290 0.0000000000
4512  -48.295  -20.104  38.983 0.0000000000
4513  -49.690  -18.617  38.038 0.0000000000
4539  -62.168  -9.567  20.479 0.0000000000
5898  -14.927  -33.841  70.109 0.0000000000
6136  -44.287  -23.209  56.985 0.0000000000
6137  -44.869  -21.581  55.683 0.0000000000
6138  -43.563  -23.420  52.948 0.0000000000
6139  -41.485  -23.550  49.058 0.0000000000
6149  -22.492  -31.814  60.968 0.0000000000
6150  -24.650  -30.942  64.039 0.0000000000
6151  -24.335  -31.050  60.144 0.0000000000
6152  -26.307  -30.579  59.581 0.0000000000
6153  -28.458  -30.622  59.215 0.0000000000
6155  -32.115  -30.518  51.943 0.0000000000
6156  -34.582  -30.018  52.001 0.0000000000
6157  -37.296  -29.617  55.027 0.0000000000
6158  -39.610  -28.709  58.020 0.0000000000
6160  -41.376  -27.027  57.779 0.0000000000
6161  -43.006  -25.262  57.437 0.0000000000
6174  -20.404  -32.534  57.449 0.0000000000
6447  -47.701  -18.816  49.919 0.0000000000
6448  -51.060  -17.719  51.444 0.0000000000
6449  -49.615  -18.632  48.884 0.0000000000
6450  -51.509  -18.820  47.634 0.0000000000
6452  -49.558  -16.668  33.390 0.0000000000
6453  -51.431  -17.153  37.320 0.0000000000
6454  -53.231  -15.600  36.415 0.0000000000
6532  -7.185  -39.420  73.081 0.0000000000
7456  -43.303  -22.018  37.600 0.0000000000
7458  -42.823  -19.453  33.200 0.0000000000
7462  -45.829  -16.571  30.964 0.0000000000
7463  -47.617  -15.417  30.171 0.0000000000
7464  -49.500  -14.389  29.583 0.0000000000
7465  -51.572  -13.307  29.045 0.0000000000
7466  -53.321  -12.332  28.538 0.0000000000
7467  -50.001  -12.628  26.130 0.0000000000
7522  -13.101  -34.853  71.361 0.0000000000
7523  -11.086  -36.091  72.438 0.0000000000
7524  -8.917  -37.560  73.250 0.0000000000
8075  -47.901  -18.303  54.429 0.0000000000
8076  -45.083  -20.344  54.175 0.0000000000
8077  -45.544  -19.542  52.589 0.0000000000
8078  -46.454  -19.044  51.253 0.0000000000
8079  -44.586  -20.110  47.843 0.0000000000
8080  -42.622  -21.155  44.100 0.0000000000
8081  -40.765  -22.401  40.550 0.0000000000
8104  -26.771  -30.267  67.021 0.0000000000
8111  -28.013  -30.521  55.483 0.0000000000
8112  -30.519  -30.800  58.550 0.0000000000
8113  -32.417  -30.907  55.026 0.0000000000
8114  -32.848  -31.052  58.407 0.0000000000
8115  -33.000  -30.811  61.690 0.0000000000
8116  -35.152  -30.465  64.531 0.0000000000
8149  -14.875  -35.107  61.805 0.0000000000
8151  -16.726  -34.228  61.357 0.0000000000
8152  -16.788  -33.910  64.783 0.0000000000
8733  -46.939  -21.098  40.240 0.0000000000
8734  -50.697  -20.074  42.789 0.0000000000
8735  -54.030  -18.466  44.331 0.0000000000
8736  -53.254  -17.403  40.607 0.0000000000
8760  -55.281  -11.416  27.899 0.0000000000
8761  -57.365  -10.461  26.996 0.0000000000
8762  -59.443  -9.316  26.028 0.0000000000
8764  -58.532  -10.888  23.471 0.0000000000
8765  -61.398  -8.816  24.685 0.0000000000
10450  -39.751  -27.020  50.155 0.0000000000
10451  -40.293  -26.359  49.668 0.0000000000
10452  -39.134  -26.819  48.491 0.0000000000
10461  -37.893  -28.277  50.554 0.0000000000
10462  -38.841  -27.704  50.369 0.0000000000
10463  -40.094  -27.247  51.684 0.0000000000
10623  -42.907  -22.197  40.891 0.0000000000
10624  -44.792  -21.619  42.307 0.0000000000
10625  -43.658  -22.171  40.270 0.0000000000
10626  -54.185  -13.207  31.638 0.0000000000
10627  -54.929  -13.224  33.225 0.0000000000
10628  -56.018  -12.452  32.924 0.0000000000
10630  -57.008  -11.569  32.496 0.0000000000
10632  -56.218  -11.612  31.016 0.0000000000
11267  -14.063  -35.613  63.692 0.0000000000
11268  -13.198  -36.049  64.325 0.0000000000
11269  -14.147  -35.532  65.877 0.0000000000
11668  -39.959  -22.258  46.274 0.0000000000
11669  -41.113  -21.813  47.382 0.0000000000
11670  -39.863  -21.853  45.740 0.0000000000
11671  -39.896  -21.539  45.114 0.0000000000
11672  -38.616  -21.880  44.172 0.0000000000
11687  -22.838  -31.377  66.964 0.0000000000
11690  -29.879  -30.370  62.603 0.0000000000
11691  -29.986  -30.104  64.403 0.0000000000
11692  -30.965  -30.224  64.105 0.0000000000
11693  -31.943  -30.113  65.329 0.0000000000
11694  -31.957  -30.318  63.676 0.0000000000
11698  -38.809  -29.603  59.691 0.0000000000
11699  -37.767  -30.182  59.868 0.0000000000
11700  -38.766  -29.511  61.441 0.0000000000
11701  -38.611  -29.515  62.786 0.0000000000
11727  -21.613  -32.047  63.007 0.0000000000
11729  -21.710  -31.852  65.065 0.0000000000
11730  -21.779  -31.642  67.103 0.0000000000
12183  -49.607  -18.041  54.131 0.0000000000
12191  -47.023  -18.780  34.768 0.0000000000
12192  -47.925  -19.113  36.648 0.0000000000
12193  -48.758  -18.353  36.230 0.0000000000
14065  -43.707  -24.217  55.501 0.0000000000
14066  -44.069  -23.309  54.995 0.0000000000
14067  -43.383  -24.260  53.558 0.0000000000
14069  -41.646  -24.284  49.646 0.0000000000
14070  -40.610  -24.111  47.955 0.0000000000
14071  -40.380  -23.442  47.319 0.0000000000
14087  -22.394  -31.956  58.980 0.0000000000
14088  -23.402  -31.435  60.451 0.0000000000
14089  -23.356  -31.544  58.658 0.0000000000
14090  -25.054  -30.772  56.112 0.0000000000
14091  -25.193  -30.771  58.005 0.0000000000
14092  -26.179  -30.602  57.715 0.0000000000
14093  -27.365  -30.545  59.368 0.0000000000
14094  -27.219  -30.585  57.586 0.0000000000
14096  -33.145  -30.022  50.548 0.0000000000
14098  -38.191  -28.821  53.344 0.0000000000
14099  -37.176  -29.352  53.530 0.0000000000
14100  -38.374  -29.076  54.912 0.0000000000
14101  -38.576  -29.288  56.493 0.0000000000
14102  -39.615  -28.533  56.509 0.0000000000
14103  -40.492  -27.861  57.925 0.0000000000
14104  -40.523  -27.806  56.337 0.0000000000
14105  -42.303  -26.031  54.371 0.0000000000
14106  -42.361  -26.184  56.009 0.0000000000
14107  -43.060  -25.254  55.726 0.0000000000
14108  -43.703  -24.250  57.236 0.0000000000
14129  -21.344  -32.273  57.283 0.0000000000
14583  -46.829  -19.488  48.371 0.0000000000
14584  -48.689  -18.640  49.412 0.0000000000
14585  -47.814  -19.430  47.851 0.0000000000
14586  -48.638  -20.303  45.136 0.0000000000
14587  -49.713  -19.541  46.854 0.0000000000
14588  -50.563  -19.561  46.224 0.0000000000
14589  -52.305  -18.849  46.847 0.0000000000
14590  -51.341  -19.510  45.497 0.0000000000
14591  -50.404  -15.956  32.954 0.0000000000
14592  -51.358  -16.270  34.825 0.0000000000
14593  -52.213  -15.540  34.356 0.0000000000
14594  -56.509  -13.242  37.042 0.0000000000
16399  -46.674  -15.969  30.586 0.0000000000
16400  -45.971  -15.055  29.216 0.0000000000
16402  -47.798  -14.165  28.506 0.0000000000
16403  -48.814  -13.782  28.199 0.0000000000
16404  -50.504  -13.880  29.315 0.0000000000
16405  -49.846  -13.386  27.816 0.0000000000
16406  -50.735  -13.074  27.530 0.0000000000
16520  -11.411  -37.028  65.599 0.0000000000
16524  -10.641  -37.540  68.506 0.0000000000
16525  -14.670  -33.312  72.146 0.0000000000
16526  -14.021  -34.345  70.707 0.0000000000
16527  -13.665  -33.797  72.795 0.0000000000
16529  -11.786  -35.140  73.613 0.0000000000
16530  -10.840  -36.008  73.989 0.0000000000
16531  -10.025  -36.772  72.898 0.0000000000
16532  -9.887  -36.928  74.193 0.0000000000
16533  -9.019  -37.830  74.269 0.0000000000
17718  -44.301  -21.789  53.679 0.0000000000
17719  -44.984  -20.922  54.966 0.0000000000
17720  -44.291  -21.232  52.948 0.0000000000
17721  -43.544  -20.672  49.679 0.0000000000
17722  -44.465  -20.327  51.478 0.0000000000
17723  -44.760  -19.993  50.799 0.0000000000
17724  -45.962  -19.215  51.873 0.0000000000
17725  -45.214  -19.705  50.180 0.0000000000
17726  -45.675  -19.614  49.592 0.0000000000
17727  -44.172  -20.197  48.451 0.0000000000
17728  -40.516  -21.348  43.714 0.0000000000
17729  -41.976  -20.985  44.765 0.0000000000
17730  -41.097  -21.508  42.962 0.0000000000
17731  -41.637  -21.742  42.289 0.0000000000
17732  -40.129  -22.127  41.276 0.0000000000
17785  -25.678  -30.672  63.791 0.0000000000
17786  -25.780  -30.554  65.693 0.0000000000
17787  -26.792  -30.348  65.254 0.0000000000
17803  -28.768  -30.511  53.669 0.0000000000
17804  -27.751  -30.365  53.812 0.0000000000
17805  -28.997  -30.645  55.358 0.0000000000
17806  -29.287  -30.707  57.126 0.0000000000
17807  -30.350  -30.849  56.900 0.0000000000
17808  -33.478  -30.576  53.500 0.0000000000
17809  -32.153  -30.777  53.324 0.0000000000
17810  -33.756  -30.750  55.129 0.0000000000
17811  -35.412  -30.966  59.967 0.0000000000
17812  -34.091  -31.034  58.368 0.0000000000
17813  -34.278  -31.043  60.180 0.0000000000
17814  -32.961  -31.018  60.122 0.0000000000
17815  -34.242  -30.924  61.638 0.0000000000
17816  -34.125  -30.637  63.222 0.0000000000
17817  -35.334  -30.658  63.123 0.0000000000
17830  -41.851  -26.304  60.548 0.0000000000
17901  -17.672  -33.716  61.195 0.0000000000
17902  -17.661  -33.627  62.909 0.0000000000
17903  -16.736  -34.174  63.042 0.0000000000
17908  -20.884  -31.428  70.904 0.0000000000
19286  -44.026  -21.507  36.957 0.0000000000
19287  -45.063  -21.561  38.885 0.0000000000
19288  -45.809  -21.062  38.285 0.0000000000
19289  -50.002  -19.595  40.235 0.0000000000
19290  -49.438  -20.248  40.862 0.0000000000
19291  -51.232  -19.595  41.963 0.0000000000
19292  -52.432  -19.223  43.668 0.0000000000
19293  -52.896  -18.867  42.835 0.0000000000
19294  -53.188  -16.547  38.743 0.0000000000
19295  -52.358  -17.296  39.071 0.0000000000
19296  -54.031  -16.657  40.306 0.0000000000
19353  -52.609  -12.440  26.915 0.0000000000
19354  -54.346  -11.841  28.281 0.0000000000
19355  -53.682  -12.147  26.623 0.0000000000
19357  -55.748  -11.494  25.998 0.0000000000
19358  -56.847  -11.073  25.633 0.0000000000
19359  -58.324  -9.918  26.496 0.0000000000
19360  -57.981  -10.599  25.253 0.0000000000
19364  -58.820  -10.911  21.470 0.0000000000
19365  -57.777  -11.192  22.081 0.0000000000
19366  -59.564  -10.438  22.845 0.0000000000
19367  -60.075  -9.702  24.194 0.0000000000
19368  -60.965  -9.340  23.419 0.0000000000
19370  -61.871  -9.217  22.643 0.0000000000
19372  -63.175  -9.766  20.802 0.0000000000
23416  -42.071  -25.847  52.781 0.0000000000
23417  -42.419  -25.133  52.115 0.0000000000
23418  -41.417  -25.804  50.861 0.0000000000
23419  -40.569  -25.690  49.067 0.0000000000
23430  -23.252  -31.573  56.853 0.0000000000
23436  -36.744  -28.836  50.575 0.0000000000
23437  -38.142  -28.514  52.020 0.0000000000
23438  -39.381  -28.136  53.420 0.0000000000
23439  -40.498  -27.671  54.790 0.0000000000
23440  -40.327  -27.500  53.191 0.0000000000
23441  -41.241  -26.749  52.995 0.0000000000
23727  -44.948  -20.890  44.791 0.0000000000
23728  -46.903  -20.220  46.144 0.0000000000
23729  -45.842  -20.946  44.263 0.0000000000
23730  -46.696  -20.969  43.733 0.0000000000
23731  -47.502  -20.950  43.140 0.0000000000
23732  -52.121  -14.628  32.154 0.0000000000
23733  -52.998  -14.877  33.893 0.0000000000
23734  -53.833  -14.071  33.508 0.0000000000
23735  -55.553  -13.160  35.148 0.0000000000
23744  -57.962  -10.196  30.219 0.0000000000
24890  -12.293  -36.507  65.001 0.0000000000
24891  -12.416  -36.476  67.172 0.0000000000
25608  -42.419  -22.255  49.721 0.0000000000
25609  -43.464  -21.565  50.995 0.0000000000
25610  -42.318  -21.700  49.106 0.0000000000
25611  -42.287  -21.309  48.499 0.0000000000
25612  -42.396  -20.959  47.885 0.0000000000
25613  -42.672  -20.716  47.322 0.0000000000
25614  -41.267  -21.128  46.190 0.0000000000
25615  -40.124  -21.375  44.454 0.0000000000
25616  -39.094  -21.738  42.738 0.0000000000
25648  -27.688  -30.347  63.062 0.0000000000
25649  -27.840  -30.183  65.025 0.0000000000
25650  -28.879  -30.109  64.639 0.0000000000
25651  -29.989  -29.997  66.068 0.0000000000
25655  -32.889  -30.362  66.266 0.0000000000
25660  -28.549  -30.277  52.034 0.0000000000
25661  -29.856  -30.682  53.559 0.0000000000
25662  -36.360  -30.340  56.627 0.0000000000
25663  -35.135  -30.712  56.671 0.0000000000
25664  -36.508  -30.552  58.218 0.0000000000
25665  -36.616  -30.674  59.905 0.0000000000
25666  -36.642  -30.570  61.581 0.0000000000
25667  -36.522  -30.412  63.052 0.0000000000
25668  -37.640  -29.989  63.000 0.0000000000
25715  -19.535  -32.952  59.225 0.0000000000
25717  -19.553  -32.944  60.927 0.0000000000
25719  -19.654  -32.508  64.840 0.0000000000
25720  -19.718  -32.114  67.017 0.0000000000
25721  -20.743  -31.861  67.177 0.0000000000
26549  -45.427  -20.177  35.802 0.0000000000
26550  -46.463  -20.507  37.670 0.0000000000
26551  -47.153  -19.864  37.108 0.0000000000
26552  -48.977  -19.355  38.491 0.0000000000
26553  -50.692  -18.823  39.798 0.0000000000
26589  -51.283  -11.705  24.233 0.0000000000
26590  -52.941  -12.114  25.321 0.0000000000
26591  -52.336  -11.708  23.964 0.0000000000
26598  -59.796  -10.531  20.731 0.0000000000
26599  -61.465  -9.636  21.306 0.0000000000
26600  -60.711  -10.147  20.001 0.0000000000
26601  -61.523  -9.809  19.175 0.0000000000
29117  -15.921  -34.061  67.064 0.0000000000
29118  -15.078  -34.580  67.629 0.0000000000
29675  -45.181  -21.630  57.575 0.0000000000
29676  -44.626  -22.363  56.392 0.0000000000
29677  -44.229  -22.488  54.332 0.0000000000
29678  -43.538  -22.690  52.255 0.0000000000
29679  -42.691  -24.290  51.548 0.0000000000
29680  -42.695  -23.500  50.995 0.0000000000
29681  -42.573  -22.878  50.337 0.0000000000
29682  -41.401  -22.908  48.505 0.0000000000
29683  -40.181  -22.820  46.782 0.0000000000
29705  -22.594  -31.648  62.967 0.0000000000
29706  -23.659  -31.208  64.394 0.0000000000
29707  -23.550  -31.321  62.442 0.0000000000
29708  -24.496  -31.010  62.012 0.0000000000
29709  -25.482  -30.687  61.783 0.0000000000
29710  -24.239  -31.137  58.315 0.0000000000
29711  -25.312  -30.749  59.846 0.0000000000
29712  -26.492  -30.541  61.446 0.0000000000
29713  -27.514  -30.458  61.238 0.0000000000
29714  -28.627  -30.528  60.919 0.0000000000
29715  -29.710  -30.618  60.671 0.0000000000
29719  -33.316  -30.326  51.968 0.0000000000
29720  -34.749  -30.244  53.426 0.0000000000
29721  -35.708  -29.615  51.946 0.0000000000
29722  -36.005  -29.872  53.537 0.0000000000
29723  -36.071  -30.135  54.979 0.0000000000
29724  -37.520  -29.875  56.652 0.0000000000
29725  -38.739  -29.480  58.140 0.0000000000
29726  -39.696  -28.761  59.616 0.0000000000
29727  -40.439  -28.076  60.777 0.0000000000
29728  -40.434  -27.885  59.369 0.0000000000
29729  -41.198  -27.026  59.280 0.0000000000
29730  -41.967  -26.191  59.126 0.0000000000
29731  -41.416  -27.043  56.107 0.0000000000
29732  -42.197  -26.150  57.606 0.0000000000
29733  -42.796  -25.274  58.993 0.0000000000
29734  -43.572  -24.372  58.777 0.0000000000
29765  -20.516  -32.653  59.170 0.0000000000
30399  -48.561  -18.154  51.471 0.0000000000
30401  -49.551  -18.016  50.859 0.0000000000
30402  -50.404  -17.937  50.238 0.0000000000
30403  -51.388  -17.985  49.654 0.0000000000
30404  -48.830  -19.433  47.416 0.0000000000
30405  -50.632  -18.714  48.331 0.0000000000
30410  -48.740  -17.370  33.812 0.0000000000
30411  -49.637  -17.679  35.819 0.0000000000
30412  -50.541  -16.977  35.329 0.0000000000
30413  -52.380  -16.414  36.888 0.0000000000
30414  -54.109  -15.726  38.347 0.0000000000
30415  -54.018  -14.828  35.954 0.0000000000
30416  -54.914  -14.917  37.894 0.0000000000
32847  -40.763  -22.617  37.229 0.0000000000
32848  -42.588  -22.395  38.302 0.0000000000
32849  -41.588  -22.270  36.512 0.0000000000
32850  -42.338  -21.743  35.835 0.0000000000
32851  -43.093  -21.109  35.219 0.0000000000
32854  -43.826  -20.367  34.671 0.0000000000
32855  -44.512  -19.585  34.136 0.0000000000
32856  -45.226  -18.833  33.607 0.0000000000
32857  -46.056  -18.128  33.017 0.0000000000
32866  -46.843  -17.441  32.533 0.0000000000
32867  -47.648  -16.768  32.099 0.0000000000
32868  -48.490  -16.143  31.690 0.0000000000
32869  -49.367  -15.519  31.294 0.0000000000
32870  -46.773  -14.561  28.809 0.0000000000
32871  -48.585  -14.864  29.903 0.0000000000
32872  -50.341  -14.928  30.976 0.0000000000
32873  -51.321  -14.275  30.687 0.0000000000
32874  -52.329  -13.626  30.395 0.0000000000
32875  -53.353  -12.908  30.168 0.0000000000
32876  -54.252  -12.270  29.938 0.0000000000
32877  -52.443  -12.804  28.789 0.0000000000
32878  -51.657  -12.747  27.209 0.0000000000
32879  -50.959  -12.445  25.816 0.0000000000
32882  -50.352  -11.817  24.602 0.0000000000
33028  -14.175  -35.087  68.275 0.0000000000
33029  -13.303  -35.576  68.953 0.0000000000
33030  -12.411  -36.080  69.677 0.0000000000
33031  -12.706  -34.432  73.319 0.0000000000
33032  -12.138  -35.484  71.907 0.0000000000
33033  -11.463  -36.598  70.340 0.0000000000
33034  -10.392  -37.134  70.999 0.0000000000
33035  -9.277  -37.647  71.543 0.0000000000
33036  -8.178  -38.265  72.030 0.0000000000
33037  -8.013  -38.410  73.320 0.0000000000
34535  -48.445  -18.089  53.677 0.0000000000
34538  -46.004  -19.554  55.256 0.0000000000
34539  -44.357  -20.765  52.193 0.0000000000
34540  -45.295  -19.861  53.394 0.0000000000
34542  -46.758  -18.786  53.621 0.0000000000
34543  -47.223  -18.546  52.874 0.0000000000
34544  -47.788  -18.353  52.165 0.0000000000
34545  -47.130  -18.905  50.633 0.0000000000
34546  -46.240  -19.507  49.017 0.0000000000
34547  -45.222  -20.095  47.256 0.0000000000
34548  -43.022  -20.580  46.636 0.0000000000
34549  -43.503  -20.599  45.971 0.0000000000
34550  -44.219  -20.767  45.333 0.0000000000
34551  -43.224  -21.342  43.470 0.0000000000
34552  -42.315  -22.031  41.625 0.0000000000
34553  -41.328  -22.588  39.811 0.0000000000
34571  -37.257  -22.211  43.264 0.0000000000
34572  -37.313  -22.060  42.592 0.0000000000
34573  -37.671  -22.049  41.875 0.0000000000
34574  -38.035  -22.204  41.087 0.0000000000
34577  -38.528  -22.457  40.306 0.0000000000
34578  -39.111  -22.693  39.533 0.0000000000
34579  -39.606  -22.797  38.710 0.0000000000
34580  -40.201  -22.778  37.925 0.0000000000
34621  -27.838  -30.074  66.690 0.0000000000
34638  -25.841  -30.433  54.276 0.0000000000
34640  -26.752  -30.340  54.044 0.0000000000
34641  -26.965  -30.491  55.676 0.0000000000
34642  -28.249  -30.617  57.344 0.0000000000
34643  -29.494  -30.702  58.934 0.0000000000
34644  -30.747  -30.672  60.435 0.0000000000
34645  -30.771  -30.546  51.811 0.0000000000
34646  -31.012  -30.826  53.484 0.0000000000
34647  -31.218  -30.894  55.047 0.0000000000
34648  -33.873  -30.921  56.636 0.0000000000
34649  -32.609  -31.002  56.683 0.0000000000
34650  -31.444  -30.991  56.716 0.0000000000
34651  -31.709  -30.966  58.595 0.0000000000
34652  -31.808  -30.895  60.198 0.0000000000
34653  -31.914  -30.619  61.956 0.0000000000
34654  -33.024  -30.517  63.462 0.0000000000
34655  -34.033  -30.398  64.705 0.0000000000
34752  -13.946  -35.439  62.106 0.0000000000
34753  -14.989  -35.153  63.447 0.0000000000
34758  -16.721  -34.064  59.812 0.0000000000
34759  -15.719  -34.437  60.024 0.0000000000
34760  -15.813  -34.702  61.602 0.0000000000
34761  -15.873  -34.681  63.206 0.0000000000
34762  -15.908  -34.494  65.045 0.0000000000
34763  -16.795  -33.487  66.909 0.0000000000
34766  -19.809  -31.683  69.204 0.0000000000
36447  -44.370  -21.922  39.577 0.0000000000
36448  -46.237  -21.420  40.962 0.0000000000
36449  -48.168  -20.906  42.403 0.0000000000
36450  -47.585  -20.694  39.579 0.0000000000
36451  -48.837  -20.683  41.628 0.0000000000
36452  -50.120  -20.262  43.700 0.0000000000
36453  -51.827  -19.484  44.587 0.0000000000
36456  -50.523  -17.846  37.690 0.0000000000
36457  -51.505  -18.045  39.386 0.0000000000
36458  -52.426  -18.163  40.958 0.0000000000
36528  -55.180  -11.598  29.708 0.0000000000
36529  -56.069  -10.989  29.343 0.0000000000
36530  -56.960  -10.410  28.940 0.0000000000
36531  -54.720  -11.813  26.376 0.0000000000
36532  -56.349  -10.978  27.477 0.0000000000
36533  -57.914  -9.917  28.407 0.0000000000
36534  -58.922  -9.384  27.845 0.0000000000
36535  -59.882  -8.874  27.270 0.0000000000
36542  -57.432  -11.221  23.977 0.0000000000
36543  -59.108  -10.084  24.780 0.0000000000
36544  -60.515  -8.966  25.433 0.0000000000
36549  -62.606  -9.351  21.745 0.0000000000
41170  -39.232  -27.217  49.644 0.0000000000
41171  -39.464  -26.915  49.354 0.0000000000
41181  -38.262  -27.873  49.763 0.0000000000
41182  -38.758  -27.545  49.723 0.0000000000
41183  -39.338  -27.361  50.277 0.0000000000
41343  -42.363  -22.445  39.952 0.0000000000
41344  -43.287  -22.200  40.574 0.0000000000
41345  -42.749  -22.420  39.631 0.0000000000
41346  -54.748  -12.823  31.497 0.0000000000
41347  -55.129  -12.864  32.288 0.0000000000
41348  -55.754  -12.426  32.155 0.0000000000
41349  -56.527  -12.001  32.745 0.0000000000
41350  -56.194  -12.026  31.914 0.0000000000
41351  -56.632  -11.629  31.764 0.0000000000
41352  -55.750  -12.015  31.165 0.0000000000
41987  -14.564  -35.358  64.534 0.0000000000
41988  -14.130  -35.618  64.790 0.0000000000
41989  -14.590  -35.288  65.594 0.0000000000
42388  -39.340  -22.219  45.529 0.0000000000
42389  -39.882  -22.028  46.013 0.0000000000
42390  -39.295  -22.034  45.255 0.0000000000
42391  -39.252  -21.849  44.955 0.0000000000
42392  -38.628  -22.011  44.495 0.0000000000
42408  -23.314  -31.248  66.688 0.0000000000
42409  -23.274  -31.316  65.727 0.0000000000
42410  -30.371  -30.420  62.375 0.0000000000
42411  -30.428  -30.266  63.299 0.0000000000
42412  -30.920  -30.333  63.190 0.0000000000
42413  -31.479  -30.243  63.976 0.0000000000
42414  -31.423  -30.378  63.019 0.0000000000
42418  -39.264  -29.262  60.377 0.0000000000
42419  -38.852  -29.552  60.585 0.0000000000
42420  -39.231  -29.203  61.236 0.0000000000
42422  -39.617  -28.896  61.857 0.0000000000
42450  -22.254  -31.635  66.087 0.0000000000
42911  -47.513  -18.426  34.506 0.0000000000
42912  -47.948  -18.605  35.505 0.0000000000
42913  -48.366  -18.267  35.256 0.0000000000
44785  -43.374  -24.676  54.811 0.0000000000
44786  -43.536  -24.225  54.499 0.0000000000
44787  -43.177  -24.672  53.794 0.0000000000
44788  -40.123  -24.793  47.623 0.0000000000
44789  -40.605  -24.519  48.174 0.0000000000
44808  -22.855  -31.775  58.725 0.0000000000
44809  -22.796  -31.799  57.812 0.0000000000
44810  -25.544  -30.669  56.036 0.0000000000
44811  -25.616  -30.687  56.917 0.0000000000
44812  -26.115  -30.603  56.839 0.0000000000
44813  -26.651  -30.583  57.642 0.0000000000
44814  -26.571  -30.562  56.716 0.0000000000
44818  -38.819  -28.630  54.093 0.0000000000
44819  -38.361  -28.923  54.196 0.0000000000
44820  -38.926  -28.742  54.877 0.0000000000
44821  -39.007  -28.843  55.710 0.0000000000
44822  -39.488  -28.528  55.631 0.0000000000
44823  -40.029  -28.219  56.368 0.0000000000
44824  -39.996  -28.159  55.542 0.0000000000
44825  -42.682  -25.560  54.277 0.0000000000
44826  -42.753  -25.654  55.049 0.0000000000
44827  -43.104  -25.132  54.989 0.0000000000
44828  -43.472  -24.686  55.701 0.0000000000
44849  -21.822  -32.124  57.243 0.0000000000
44850  -21.879  -32.175  58.118 0.0000000000
45303  -46.412  -19.814  47.521 0.0000000000
45304  -47.338  -19.431  48.126 0.0000000000
45305  -46.863  -19.839  47.275 0.0000000000
45306  -49.044  -20.305  44.814 0.0000000000
45307  -49.587  -19.931  45.782 0.0000000000
45308  -50.039  -19.938  45.413 0.0000000000
45309  -50.955  -19.566  45.876 0.0000000000
45310  -50.367  -19.940  45.047 0.0000000000
45311  -50.780  -15.625  32.746 0.0000000000
45312  -51.282  -15.770  33.609 0.0000000000
45313  -51.696  -15.446  33.402 0.0000000000
45315  -56.863  -13.443  37.929 0.0000000000
47119  -45.531  -15.294  29.444 0.0000000000
47124  -49.307  -13.581  27.994 0.0000000000
47125  -48.986  -13.260  27.254 0.0000000000
47126  -49.434  -13.131  27.128 0.0000000000
47240  -11.478  -37.076  66.648 0.0000000000
47242  -11.045  -37.337  66.980 0.0000000000
47243  -10.626  -37.622  67.229 0.0000000000
47244  -11.105  -37.276  68.227 0.0000000000
47246  -14.185  -33.567  72.473 0.0000000000
47247  -14.044  -33.478  73.341 0.0000000000
47251  -10.352  -36.487  74.130 0.0000000000
47253  -9.958  -37.147  74.620 0.0000000000
48438  -43.922  -21.941  52.666 0.0000000000
48439  -44.276  -21.521  53.280 0.0000000000
48440  -43.903  -21.682  52.303 0.0000000000
48441  -43.676  -20.511  49.345 0.0000000000
48442  -44.141  -20.336  50.233 0.0000000000
48443  -44.347  -20.164  49.926 0.0000000000
48444  -44.990  -19.827  50.511 0.0000000000
48445  -44.527  -20.033  49.624 0.0000000000
48446  -44.724  -19.965  49.319 0.0000000000
48447  -44.011  -20.265  48.761 0.0000000000
48448  -40.086  -21.612  42.840 0.0000000000
48449  -40.777  -21.420  43.327 0.0000000000
48450  -40.334  -21.679  42.484 0.0000000000
48451  -40.550  -21.799  42.128 0.0000000000
48452  -39.820  -21.975  41.633 0.0000000000
48505  -26.143  -30.519  63.529 0.0000000000
48506  -26.227  -30.493  64.575 0.0000000000
48507  -26.754  -30.401  64.324 0.0000000000
48523  -29.395  -30.693  54.327 0.0000000000
48524  -28.851  -30.583  54.526 0.0000000000
48525  -29.505  -30.706  55.185 0.0000000000
48526  -29.633  -30.764  56.117 0.0000000000
48527  -30.215  -30.837  56.091 0.0000000000
48528  -34.197  -30.502  54.256 0.0000000000
48529  -33.536  -30.635  54.110 0.0000000000
48530  -34.259  -30.618  54.984 0.0000000000
48531  -35.468  -30.922  60.787 0.0000000000
48532  -34.754  -31.000  59.861 0.0000000000
48533  -34.826  -30.949  60.821 0.0000000000
48534  -34.206  -30.972  60.847 0.0000000000
48535  -34.834  -30.910  61.654 0.0000000000
48536  -34.806  -30.765  62.440 0.0000000000
48537  -35.390  -30.760  62.355 0.0000000000
48550  -42.212  -25.849  60.449 0.0000000000
48626  -18.639  -32.683  65.913 0.0000000000
50006  -44.450  -21.179  36.724 0.0000000000
50007  -44.942  -21.277  37.666 0.0000000000
50008  -45.293  -20.972  37.378 0.0000000000
50009  -50.895  -19.297  40.842 0.0000000000
50010  -50.661  -19.638  41.151 0.0000000000
50011  -51.513  -19.287  41.657 0.0000000000
50012  -52.122  -19.238  42.459 0.0000000000
50013  -52.365  -18.937  42.145 0.0000000000
50014  -54.156  -16.164  39.389 0.0000000000
50015  -53.660  -16.566  39.559 0.0000000000
50073  -52.273  -12.378  26.212 0.0000000000
50074  -53.155  -12.296  26.774 0.0000000000
50075  -52.807  -12.257  26.101 0.0000000000
50078  -56.601  -11.345  24.997 0.0000000000
50079  -57.432  -10.854  25.455 0.0000000000
50080  -57.178  -11.157  24.828 0.0000000000
50084  -59.771  -10.498  21.792 0.0000000000
50085  -59.266  -10.742  22.165 0.0000000000
50086  -60.066  -10.206  22.468 0.0000000000
50087  -60.295  -9.870  23.137 0.0000000000
50088  -60.760  -9.668  22.763 0.0000000000
50089  -61.424  -9.253  23.083 0.0000000000
50090  -61.225  -9.468  22.391 0.0000000000
54385  -41.570  -26.179  52.153 0.0000000000
54386  -41.733  -25.830  51.767 0.0000000000
54387  -41.144  -26.145  51.093 0.0000000000
54388  -40.005  -26.250  48.867 0.0000000000
54389  -40.417  -26.056  49.326 0.0000000000
54390  -40.020  -25.959  48.488 0.0000000000
54417  -36.746  -28.690  49.994 0.0000000000
54418  -38.567  -28.124  51.285 0.0000000000
54419  -37.988  -28.425  51.246 0.0000000000
54420  -38.547  -28.264  51.834 0.0000000000
54421  -38.762  -28.328  52.712 0.0000000000
54422  -39.186  -28.068  52.545 0.0000000000
54423  -39.771  -27.851  53.221 0.0000000000
54424  -39.752  -27.707  52.560 0.0000000000
54425  -40.511  -26.910  51.514 0.0000000000
54426  -40.665  -27.019  52.322 0.0000000000
54427  -41.119  -26.617  52.209 0.0000000000
54428  -41.683  -26.312  52.877 0.0000000000
54903  -44.355  -21.204  43.738 0.0000000000
54904  -45.428  -20.910  44.534 0.0000000000
54905  -44.824  -21.270  43.516 0.0000000000
54906  -45.220  -21.611  42.022 0.0000000000
54907  -45.702  -21.326  42.958 0.0000000000
54908  -46.114  -21.285  42.698 0.0000000000
54909  -47.085  -20.955  43.413 0.0000000000
54910  -46.522  -21.254  42.426 0.0000000000
54911  -52.620  -14.273  31.966 0.0000000000
54912  -53.022  -14.383  32.772 0.0000000000
54913  -53.500  -14.004  32.637 0.0000000000
54916  -55.980  -12.715  34.907 0.0000000000
54917  -56.395  -12.732  35.867 0.0000000000
54918  -56.839  -12.349  35.593 0.0000000000
54930  -57.921  -10.451  31.158 0.0000000000
54931  -58.371  -10.120  30.928 0.0000000000
54932  -57.541  -10.514  30.452 0.0000000000
56840  -13.251  -36.062  65.383 0.0000000000
56841  -12.738  -36.289  64.684 0.0000000000
56842  -12.796  -36.306  65.733 0.0000000000
56843  -12.350  -36.544  66.039 0.0000000000
56844  -12.855  -36.247  66.794 0.0000000000
58038  -41.856  -22.320  48.828 0.0000000000
58039  -42.382  -21.995  49.427 0.0000000000
58040  -41.780  -22.037  48.503 0.0000000000
58041  -41.093  -21.605  47.107 0.0000000000
58042  -41.701  -21.572  47.937 0.0000000000
58043  -41.729  -21.371  47.653 0.0000000000
58044  -42.349  -21.122  48.201 0.0000000000
58045  -41.710  -21.193  47.333 0.0000000000
58046  -41.863  -21.025  47.065 0.0000000000
58047  -41.117  -21.267  46.475 0.0000000000
58048  -39.356  -21.615  44.304 0.0000000000
58049  -39.989  -21.440  44.772 0.0000000000
58050  -39.471  -21.562  43.963 0.0000000000
58051  -39.600  -21.545  43.572 0.0000000000
58052  -38.966  -21.718  43.134 0.0000000000
58105  -28.247  -30.311  63.010 0.0000000000
58106  -28.329  -30.239  63.900 0.0000000000
58107  -28.843  -30.190  63.806 0.0000000000
58108  -30.485  -30.048  65.058 0.0000000000
58109  -30.006  -30.023  65.264 0.0000000000
58110  -30.488  -30.005  65.864 0.0000000000
58115  -32.481  -30.189  65.139 0.0000000000
58116  -32.440  -30.207  65.794 0.0000000000
58117  -32.939  -30.294  65.693 0.0000000000
58125  -29.106  -30.407  51.978 0.0000000000
58126  -29.210  -30.485  52.799 0.0000000000
58127  -29.739  -30.574  52.716 0.0000000000
58128  -37.014  -30.254  57.419 0.0000000000
58129  -36.433  -30.505  57.430 0.0000000000
58130  -37.108  -30.365  58.190 0.0000000000
58131  -37.746  -30.171  60.692 0.0000000000
58132  -37.223  -30.482  59.918 0.0000000000
58133  -37.223  -30.411  60.747 0.0000000000
58134  -36.662  -30.592  60.812 0.0000000000
58135  -37.210  -30.330  61.595 0.0000000000
58136  -37.147  -30.260  62.298 0.0000000000
58137  -37.685  -30.019  62.303 0.0000000000
58139  -38.581  -29.511  63.512 0.0000000000
58217  -20.015  -32.809  60.015 0.0000000000
58218  -19.542  -32.964  60.103 0.0000000000
58219  -20.033  -32.763  60.928 0.0000000000
58220  -20.669  -32.295  63.944 0.0000000000
58224  -20.162  -32.344  64.924 0.0000000000
58225  -20.186  -32.177  65.955 0.0000000000
58226  -20.709  -32.022  66.134 0.0000000000
58227  -22.366  -31.384  68.047 0.0000000000
58228  -21.846  -31.515  68.111 0.0000000000
59606  -45.808  -19.821  35.583 0.0000000000
59607  -46.312  -20.032  36.468 0.0000000000
59608  -46.657  -19.694  36.201 0.0000000000
59609  -48.785  -18.869  37.335 0.0000000000
59610  -48.364  -19.286  37.528 0.0000000000
59611  -49.288  -19.015  38.244 0.0000000000
59612  -49.864  -19.081  39.155 0.0000000000
59613  -50.193  -18.730  38.934 0.0000000000
59674  -51.802  -11.712  24.116 0.0000000000
59687  -58.903  -10.813  20.447 0.0000000000
59688  -59.409  -10.657  20.049 0.0000000000
59689  -60.258  -10.338  20.361 0.0000000000
59690  -59.864  -10.463  19.713 0.0000000000
64038  -15.916  -33.756  68.235 0.0000000000
64043  -15.541  -32.722  72.596 0.0000000000
65230  -44.543  -22.793  57.594 0.0000000000
65231  -44.707  -22.335  57.331 0.0000000000
65232  -44.447  -22.819  56.670 0.0000000000
65233  -43.888  -23.349  53.990 0.0000000000
65234  -44.213  -22.862  54.714 0.0000000000
65235  -43.910  -22.989  53.612 0.0000000000
65236  -43.965  -22.587  53.347 0.0000000000
65237  -43.562  -23.063  52.615 0.0000000000
65238  -42.051  -25.101  51.183 0.0000000000
65239  -42.565  -24.692  51.859 0.0000000000
65240  -42.131  -24.694  50.902 0.0000000000
65241  -41.690  -23.869  49.434 0.0000000000
65242  -42.215  -23.882  50.355 0.0000000000
65243  -42.183  -23.544  50.032 0.0000000000
65244  -42.609  -23.218  50.609 0.0000000000
65245  -42.058  -23.229  49.706 0.0000000000
65246  -41.975  -22.899  49.406 0.0000000000
65247  -41.503  -23.206  48.813 0.0000000000
65249  -40.277  -23.126  47.069 0.0000000000
65298  -23.063  -31.462  62.740 0.0000000000
65299  -22.991  -31.544  61.700 0.0000000000
65300  -23.893  -31.250  60.310 0.0000000000
65301  -23.940  -31.206  61.284 0.0000000000
65302  -24.405  -31.017  61.067 0.0000000000
65303  -24.982  -30.816  61.978 0.0000000000
65304  -24.912  -30.844  61.060 0.0000000000
65306  -23.755  -31.385  57.616 0.0000000000
65307  -24.210  -31.138  57.453 0.0000000000
65308  -25.720  -30.663  58.720 0.0000000000
65309  -25.250  -30.769  58.944 0.0000000000
65310  -25.780  -30.650  59.652 0.0000000000
65311  -25.855  -30.631  60.659 0.0000000000
65312  -26.414  -30.568  60.560 0.0000000000
65313  -27.029  -30.480  61.381 0.0000000000
65314  -26.937  -30.512  60.419 0.0000000000
65315  -27.897  -30.584  59.193 0.0000000000
65316  -27.947  -30.537  60.063 0.0000000000
65317  -28.562  -30.592  60.076 0.0000000000
65318  -29.192  -30.554  60.820 0.0000000000
65319  -29.093  -30.642  59.927 0.0000000000
65323  -33.913  -30.020  51.309 0.0000000000
65324  -33.276  -30.167  51.264 0.0000000000
65325  -33.987  -30.162  51.986 0.0000000000
65326  -34.081  -30.292  52.813 0.0000000000
65327  -34.737  -30.116  52.808 0.0000000000
65328  -36.288  -29.236  51.338 0.0000000000
65329  -35.755  -29.456  51.332 0.0000000000
65330  -36.443  -29.348  52.083 0.0000000000
65331  -37.283  -29.485  54.310 0.0000000000
65332  -36.495  -29.615  53.420 0.0000000000
65333  -36.661  -29.767  54.318 0.0000000000
65334  -36.115  -29.973  54.329 0.0000000000
65335  -36.797  -29.873  55.100 0.0000000000
65336  -36.844  -30.023  55.887 0.0000000000
65337  -37.411  -29.762  55.826 0.0000000000
65338  -39.133  -29.055  57.281 0.0000000000
65339  -38.611  -29.405  57.354 0.0000000000
65340  -39.209  -29.150  58.077 0.0000000000
65341  -39.256  -29.132  58.917 0.0000000000
65342  -39.690  -28.752  58.803 0.0000000000
65343  -40.087  -28.344  59.497 0.0000000000
65344  -40.066  -28.301  58.759 0.0000000000
65345  -40.933  -27.450  57.809 0.0000000000
65346  -40.858  -27.432  58.609 0.0000000000
65347  -41.287  -27.045  58.506 0.0000000000
65348  -41.583  -26.626  59.155 0.0000000000
65349  -41.685  -26.612  58.456 0.0000000000
65350  -40.959  -27.284  54.668 0.0000000000
65351  -40.969  -27.376  55.441 0.0000000000
65352  -41.482  -26.987  55.373 0.0000000000
65353  -42.708  -25.720  56.726 0.0000000000
65354  -42.250  -26.191  56.785 0.0000000000
65355  -42.593  -25.749  57.469 0.0000000000
65356  -42.501  -25.706  58.321 0.0000000000
65357  -42.871  -25.285  58.151 0.0000000000
65358  -43.191  -24.842  58.827 0.0000000000
65359  -43.266  -24.819  58.120 0.0000000000
65360  -43.970  -23.748  57.082 0.0000000000
65361  -43.956  -23.806  57.898 0.0000000000
65362  -44.218  -23.324  57.721 0.0000000000
65426  -20.451  -32.626  58.271 0.0000000000
65429  -21.985  -32.045  60.888 0.0000000000
66783  -48.103  -18.465  50.718 0.0000000000
66784  -49.016  -18.056  51.150 0.0000000000
66785  -48.652  -18.369  50.432 0.0000000000
66786  -49.195  -18.578  49.155 0.0000000000
66787  -49.580  -18.221  49.877 0.0000000000
66788  -50.067  -18.207  49.574 0.0000000000
66789  -50.863  -17.956  49.924 0.0000000000
66790  -50.520  -18.277  49.285 0.0000000000
66791  -47.422  -20.230  45.950 0.0000000000
66792  -47.903  -19.825  46.848 0.0000000000
66793  -48.359  -19.860  46.616 0.0000000000
66794  -50.647  -19.164  47.285 0.0000000000
66795  -50.156  -19.110  47.603 0.0000000000
66796  -51.077  -18.767  47.981 0.0000000000
66797  -51.483  -18.403  48.672 0.0000000000
66798  -51.990  -18.461  48.303 0.0000000000
66800  -52.374  -18.514  47.889 0.0000000000
66802  -53.116  -18.599  47.040 0.0000000000
66806  -49.181  -17.015  33.634 0.0000000000
66807  -49.663  -17.217  34.536 0.0000000000
66808  -50.055  -16.853  34.312 0.0000000000
66809  -52.307  -15.950  35.624 0.0000000000
66810  -51.905  -16.330  35.832 0.0000000000
66811  -52.799  -16.007  36.620 0.0000000000
66812  -53.229  -16.091  37.620 0.0000000000
66813  -53.655  -15.679  37.369 0.0000000000
66814  -53.921  -14.465  34.724 0.0000000000
66815  -53.548  -14.838  34.923 0.0000000000
66816  -54.416  -14.416  35.753 0.0000000000
66818  -55.353  -14.478  37.737 0.0000000000
67210  -7.109  -39.191  72.692 0.0000000000
67211  -6.663  -39.542  72.107 0.0000000000
67212  -6.681  -39.752  72.532 0.0000000000
72188  -41.926  -21.398  35.059 0.0000000000
72189  -42.741  -21.419  35.506 0.0000000000
72190  -42.253  -21.079  34.761 0.0000000000
72197  -42.944  -20.372  34.189 0.0000000000
72198  -43.326  -19.958  33.900 0.0000000000
72199  -44.173  -19.969  34.400 0.0000000000
72200  -43.666  -19.552  33.604 0.0000000000
72202  -44.372  -18.810  33.040 0.0000000000
72203  -44.735  -18.434  32.743 0.0000000000
72204  -45.654  -18.465  33.276 0.0000000000
72205  -45.117  -18.087  32.493 0.0000000000
72227  -45.917  -17.391  31.930 0.0000000000
72228  -46.322  -17.049  31.690 0.0000000000
72229  -47.243  -17.112  32.314 0.0000000000
72230  -46.736  -16.699  31.505 0.0000000000
72231  -47.136  -15.673  30.366 0.0000000000
72232  -47.556  -16.062  31.128 0.0000000000
72233  -48.004  -15.749  30.933 0.0000000000
72234  -48.929  -15.811  31.497 0.0000000000
72235  -48.490  -15.516  30.739 0.0000000000
72239  -48.659  -14.330  29.005 0.0000000000
72240  -48.154  -14.557  29.139 0.0000000000
72241  -49.029  -14.633  29.736 0.0000000000
72242  -49.453  -14.949  30.417 0.0000000000
72243  -49.928  -14.670  30.268 0.0000000000
72244  -50.848  -14.579  30.820 0.0000000000
72245  -50.371  -14.415  30.105 0.0000000000
72246  -51.023  -13.612  29.180 0.0000000000
72247  -51.372  -13.784  29.819 0.0000000000
72248  -51.907  -13.459  29.706 0.0000000000
72249  -52.876  -13.260  30.293 0.0000000000
72250  -52.440  -13.129  29.611 0.0000000000
72251  -52.826  -12.846  29.497 0.0000000000
72252  -52.018  -13.051  28.923 0.0000000000
72253  -50.308  -12.875  26.816 0.0000000000
72254  -51.182  -12.913  27.364 0.0000000000
72255  -50.837  -12.747  26.664 0.0000000000
72256  -51.320  -12.622  26.507 0.0000000000
72605  -9.741  -38.104  67.954 0.0000000000
72610  -15.027  -34.234  68.853 0.0000000000
72611  -14.604  -34.845  67.979 0.0000000000
72612  -14.562  -34.480  69.211 0.0000000000
72613  -13.522  -34.629  71.025 0.0000000000
72614  -13.699  -34.992  69.814 0.0000000000
72615  -13.228  -35.214  70.239 0.0000000000
72616  -12.861  -35.801  69.329 0.0000000000
72617  -12.776  -35.489  70.542 0.0000000000
72619  -13.110  -34.081  73.800 0.0000000000
72621  -11.443  -35.578  73.114 0.0000000000
72622  -11.961  -35.248  72.838 0.0000000000
72623  -11.614  -35.753  72.206 0.0000000000
72624  -11.808  -36.050  71.145 0.0000000000
72625  -11.294  -36.316  71.519 0.0000000000
72626  -10.956  -36.860  70.672 0.0000000000
72627  -10.747  -36.615  71.767 0.0000000000
72628  -9.444  -37.172  73.098 0.0000000000
72629  -9.586  -37.239  72.241 0.0000000000
72630  -9.060  -37.579  72.468 0.0000000000
72631  -8.722  -37.944  71.780 0.0000000000
72632  -8.542  -37.890  72.614 0.0000000000
72633  -8.049  -38.293  72.737 0.0000000000
72634  -8.443  -37.956  73.357 0.0000000000
72635  -9.193  -38.098  74.573 0.0000000000
76185  -48.515  -18.263  54.718 0.0000000000
76186  -48.805  -18.090  54.371 0.0000000000
76187  -48.188  -18.201  54.040 0.0000000000
76188  -45.037  -21.580  56.643 0.0000000000
76189  -45.380  -21.235  57.243 0.0000000000
76190  -45.215  -21.130  56.342 0.0000000000
76191  -45.099  -20.569  54.590 0.0000000000
76192  -45.374  -20.504  55.550 0.0000000000
76193  -45.488  -20.180  55.174 0.0000000000
76194  -45.929  -19.825  55.700 0.0000000000
76195  -45.511  -19.935  54.730 0.0000000000
76196  -43.390  -21.328  50.631 0.0000000000
76197  -43.929  -21.178  51.600 0.0000000000
76198  -43.928  -20.931  51.271 0.0000000000
76199  -44.984  -19.958  52.025 0.0000000000
76200  -44.902  -20.118  52.416 0.0000000000
76201  -45.406  -19.682  52.987 0.0000000000
76202  -45.751  -19.485  53.912 0.0000000000
76203  -45.905  -19.310  53.486 0.0000000000
76204  -46.443  -18.962  53.987 0.0000000000
76205  -46.176  -19.114  53.160 0.0000000000
76206  -46.227  -19.113  51.555 0.0000000000
76207  -46.572  -18.867  52.384 0.0000000000
76208  -46.870  -18.734  52.007 0.0000000000
76209  -47.517  -18.404  52.458 0.0000000000
76210  -47.100  -18.686  51.705 0.0000000000
76211  -47.439  -18.604  51.364 0.0000000000
76212  -46.758  -18.964  50.900 0.0000000000
76213  -45.169  -19.858  48.713 0.0000000000
76214  -45.908  -19.565  49.277 0.0000000000
76215  -45.396  -19.836  48.429 0.0000000000
76216  -45.644  -19.816  48.107 0.0000000000
76217  -44.862  -20.095  47.521 0.0000000000
76218  -42.097  -20.845  46.414 0.0000000000
76219  -42.862  -20.623  47.004 0.0000000000
76220  -42.247  -20.805  46.064 0.0000000000
76221  -42.280  -21.053  44.412 0.0000000000
76222  -42.731  -20.813  45.353 0.0000000000
76223  -43.035  -20.881  45.015 0.0000000000
76224  -43.827  -20.684  45.626 0.0000000000
76225  -43.408  -20.971  44.693 0.0000000000
76226  -43.744  -21.043  44.442 0.0000000000
76227  -42.885  -21.241  43.771 0.0000000000
76228  -41.197  -22.106  41.433 0.0000000000
76229  -42.020  -21.913  41.975 0.0000000000
76230  -41.511  -22.252  41.063 0.0000000000
76231  -41.850  -22.336  40.706 0.0000000000
76232  -41.018  -22.541  40.152 0.0000000000
76279  -37.280  -22.115  42.945 0.0000000000
76280  -36.619  -22.177  42.209 0.0000000000
76283  -37.045  -22.257  41.086 0.0000000000
76284  -37.881  -22.126  41.510 0.0000000000
76285  -37.271  -22.321  40.683 0.0000000000
76292  -37.748  -22.538  39.901 0.0000000000
76293  -38.028  -22.658  39.494 0.0000000000
76294  -38.862  -22.560  39.947 0.0000000000
76295  -38.259  -22.739  39.072 0.0000000000
76299  -39.924  -22.804  38.324 0.0000000000
76390  -24.170  -31.089  64.151 0.0000000000
76391  -24.235  -31.049  65.142 0.0000000000
76392  -24.721  -30.868  65.056 0.0000000000
76393  -26.298  -30.401  66.403 0.0000000000
76398  -28.375  -30.065  65.741 0.0000000000
76399  -27.858  -30.104  65.895 0.0000000000
76400  -28.373  -30.053  66.526 0.0000000000
76446  -27.875  -30.448  54.682 0.0000000000
76447  -27.255  -30.347  53.905 0.0000000000
76448  -27.385  -30.437  54.791 0.0000000000
76450  -27.514  -30.526  55.681 0.0000000000
76451  -27.624  -30.557  56.553 0.0000000000
76452  -28.140  -30.576  56.433 0.0000000000
76453  -29.945  -30.770  57.927 0.0000000000
76454  -29.361  -30.699  57.973 0.0000000000
76455  -30.058  -30.740  58.759 0.0000000000
76456  -30.164  -30.689  59.679 0.0000000000
76457  -30.670  -30.734  59.531 0.0000000000
76460  -31.448  -30.572  51.894 0.0000000000
76461  -32.398  -30.842  54.315 0.0000000000
76462  -31.614  -30.791  53.534 0.0000000000
76463  -31.652  -30.888  54.130 0.0000000000
76464  -31.099  -30.843  54.253 0.0000000000
76465  -31.797  -30.918  55.070 0.0000000000
76466  -35.252  -30.795  57.479 0.0000000000
76467  -34.490  -30.813  56.666 0.0000000000
76468  -34.545  -30.886  57.350 0.0000000000
76469  -33.458  -31.065  58.368 0.0000000000
76470  -33.364  -31.035  57.575 0.0000000000
76471  -32.697  -31.054  57.446 0.0000000000
76472  -31.982  -31.004  56.624 0.0000000000
76473  -32.108  -31.014  57.570 0.0000000000
76474  -31.556  -30.989  57.564 0.0000000000
76475  -32.241  -31.034  58.392 0.0000000000
76476  -32.998  -30.978  60.883 0.0000000000
76477  -32.381  -30.953  60.123 0.0000000000
76478  -32.444  -30.856  61.007 0.0000000000
76479  -31.924  -30.769  61.202 0.0000000000
76480  -32.502  -30.745  61.926 0.0000000000
76481  -32.506  -30.577  62.715 0.0000000000
76482  -33.027  -30.634  62.709 0.0000000000
76483  -34.664  -30.528  63.996 0.0000000000
76484  -34.080  -30.485  63.980 0.0000000000
76485  -34.578  -30.453  64.589 0.0000000000
76488  -37.010  -30.197  63.655 0.0000000000
76489  -36.460  -30.341  63.853 0.0000000000
76490  -36.917  -30.234  64.332 0.0000000000
76525  -40.796  -27.592  60.764 0.0000000000
76725  -14.464  -35.353  62.726 0.0000000000
76726  -14.931  -35.151  62.613 0.0000000000
76735  -18.596  -33.307  60.227 0.0000000000
76736  -18.107  -33.470  59.469 0.0000000000
76737  -18.119  -33.509  60.283 0.0000000000
76738  -17.192  -33.973  61.325 0.0000000000
76739  -17.216  -33.944  60.458 0.0000000000
76740  -16.714  -34.175  60.581 0.0000000000
76741  -16.218  -34.251  59.938 0.0000000000
76742  -16.260  -34.387  60.706 0.0000000000
76743  -15.764  -34.590  60.788 0.0000000000
76744  -16.273  -34.470  61.450 0.0000000000
76745  -16.766  -34.065  63.910 0.0000000000
76746  -16.318  -34.450  63.051 0.0000000000
76747  -16.332  -34.347  63.972 0.0000000000
76748  -15.885  -34.621  64.088 0.0000000000
76749  -16.341  -34.197  64.971 0.0000000000
76750  -16.327  -34.007  66.007 0.0000000000
76751  -16.780  -33.717  65.889 0.0000000000
76757  -20.292  -31.794  68.191 0.0000000000
76758  -19.782  -31.882  68.160 0.0000000000
76759  -20.332  -31.621  69.289 0.0000000000
80848  -51.318  -17.736  51.964 0.0000000000
80891  -42.991  -22.216  37.951 0.0000000000
80892  -43.477  -22.203  38.945 0.0000000000
80893  -43.865  -22.012  38.577 0.0000000000
80894  -46.019  -21.331  39.566 0.0000000000
80895  -45.688  -21.472  39.936 0.0000000000
80896  -46.607  -21.284  40.632 0.0000000000
80897  -47.182  -21.181  41.681 0.0000000000
80898  -47.548  -21.056  41.312 0.0000000000
80899  -47.391  -20.316  38.316 0.0000000000
80900  -47.034  -20.631  38.615 0.0000000000
80901  -47.927  -20.425  39.289 0.0000000000
80902  -50.044  -20.199  41.811 0.0000000000
80903  -49.158  -20.483  41.232 0.0000000000
80904  -49.760  -20.398  42.236 0.0000000000
80905  -49.435  -20.541  42.653 0.0000000000
80906  -50.359  -20.233  43.222 0.0000000000
80907  -50.949  -19.908  44.169 0.0000000000
80908  -51.248  -19.813  43.704 0.0000000000
80909  -53.231  -18.789  44.015 0.0000000000
80910  -52.944  -18.931  44.433 0.0000000000
80911  -53.779  -18.577  44.711 0.0000000000
80914  -50.527  -17.438  36.570 0.0000000000
80915  -50.044  -17.759  36.758 0.0000000000
80916  -50.953  -17.491  37.508 0.0000000000
80917  -52.808  -17.373  39.857 0.0000000000
80918  -51.942  -17.662  39.220 0.0000000000
80919  -52.370  -17.755  39.997 0.0000000000
80920  -51.935  -18.137  40.164 0.0000000000
80921  -52.849  -17.759  40.791 0.0000000000
81093  -53.782  -12.260  29.297 0.0000000000
81094  -54.730  -11.936  29.812 0.0000000000
81095  -54.252  -11.976  29.157 0.0000000000
81096  -54.796  -11.630  28.090 0.0000000000
81097  -55.203  -11.391  28.891 0.0000000000
81098  -55.643  -11.161  28.663 0.0000000000
81099  -56.526  -10.681  29.159 0.0000000000
81100  -56.130  -10.880  28.501 0.0000000000
81102  -53.854  -12.011  25.898 0.0000000000
81103  -54.360  -11.897  25.701 0.0000000000
81104  -56.579  -11.034  26.468 0.0000000000
81105  -56.027  -11.273  26.689 0.0000000000
81106  -56.855  -10.728  27.243 0.0000000000
81107  -57.084  -10.435  27.960 0.0000000000
81108  -57.620  -10.149  27.729 0.0000000000
81109  -58.435  -9.647  28.117 0.0000000000
81110  -58.090  -9.895  27.425 0.0000000000
81111  -58.846  -9.614  26.284 0.0000000000
81112  -59.105  -9.320  26.876 0.0000000000
81113  -59.661  -9.041  26.621 0.0000000000
81114  -60.393  -8.715  26.928 0.0000000000
81115  -60.196  -8.867  26.343 0.0000000000
81127  -58.146  -11.112  22.754 0.0000000000
81129  -57.616  -11.247  23.008 0.0000000000
81130  -57.076  -11.357  23.252 0.0000000000
81131  -57.973  -11.070  23.731 0.0000000000
81132  -58.277  -10.742  24.391 0.0000000000
81133  -58.825  -10.548  24.155 0.0000000000
81134  -60.761  -9.164  24.461 0.0000000000
81135  -60.311  -9.285  24.834 0.0000000000
81136  -60.998  -8.857  25.062 0.0000000000
81137  -61.141  -8.684  25.633 0.0000000000
81138  -61.557  -8.701  25.244 0.0000000000
81146  -61.827  -9.593  20.905 0.0000000000
81147  -62.060  -9.394  21.566 0.0000000000
81148  -62.389  -9.451  21.131 0.0000000000
92536  -40.382  -26.751  50.825 0.0000000000
92537  -40.544  -26.462  50.464 0.0000000000
92538  -40.017  -26.703  49.888 0.0000000000
92539  -39.692  -26.608  49.048 0.0000000000
92555  -37.246  -28.422  49.889 0.0000000000
92556  -37.764  -28.172  49.828 0.0000000000
92557  -38.469  -27.979  50.542 0.0000000000
92558  -39.064  -27.797  51.148 0.0000000000
92559  -39.603  -27.611  51.719 0.0000000000
92560  -39.507  -27.461  51.075 0.0000000000
92561  -39.918  -27.157  50.861 0.0000000000
92847  -43.412  -21.895  41.853 0.0000000000
92848  -44.399  -21.596  42.593 0.0000000000
92849  -43.824  -21.919  41.587 0.0000000000
92850  -44.244  -21.914  41.291 0.0000000000
92851  -44.611  -21.876  40.986 0.0000000000
92852  -53.650  -13.578  31.730 0.0000000000
92854  -54.566  -13.253  32.403 0.0000000000
92855  -55.442  -12.840  33.080 0.0000000000
92859  -57.254  -11.549  33.340 0.0000000000
92860  -57.700  -11.168  32.935 0.0000000000
92861  -58.123  -10.771  32.730 0.0000000000
92862  -57.439  -11.148  32.328 0.0000000000
92863  -57.037  -11.209  31.616 0.0000000000
92864  -56.690  -11.219  30.857 0.0000000000
94007  -13.536  -35.763  63.045 0.0000000000
94008  -13.126  -35.951  63.347 0.0000000000
94009  -13.624  -35.822  64.003 0.0000000000
94010  -13.680  -35.835  65.120 0.0000000000
94011  -13.723  -35.754  66.203 0.0000000000
94728  -40.546  -22.293  47.061 0.0000000000
94729  -41.108  -22.050  47.603 0.0000000000
94730  -40.544  -22.061  46.846 0.0000000000
94731  -40.467  -21.825  46.530 0.0000000000
94732  -40.475  -21.640  46.259 0.0000000000
94733  -40.497  -21.475  45.967 0.0000000000
94734  -39.848  -21.671  45.426 0.0000000000
94735  -39.253  -21.713  44.619 0.0000000000
94736  -38.645  -21.789  43.815 0.0000000000
94763  -22.885  -31.288  67.929 0.0000000000
94768  -29.314  -30.359  62.544 0.0000000000
94769  -29.407  -30.245  63.551 0.0000000000
94770  -29.946  -30.243  63.455 0.0000000000
94771  -30.458  -30.145  64.208 0.0000000000
94772  -31.005  -30.083  64.877 0.0000000000
94773  -31.473  -30.086  65.489 0.0000000000
94774  -31.476  -30.133  64.716 0.0000000000
94775  -31.950  -30.202  64.496 0.0000000000
94776  -32.515  -30.307  64.407 0.0000000000
94782  -38.304  -29.884  58.965 0.0000000000
94783  -37.726  -30.171  58.954 0.0000000000
94784  -38.279  -29.891  59.743 0.0000000000
94785  -38.292  -29.865  60.623 0.0000000000
94786  -38.230  -29.841  61.409 0.0000000000
94787  -38.219  -29.730  62.312 0.0000000000
94788  -38.702  -29.496  62.103 0.0000000000
94789  -39.107  -29.205  62.743 0.0000000000
94838  -21.130  -32.129  63.986 0.0000000000
94839  -21.180  -32.010  65.040 0.0000000000
94840  -21.213  -31.885  66.114 0.0000000000
94841  -21.743  -31.759  66.082 0.0000000000
94842  -22.313  -31.510  67.068 0.0000000000
95669  -46.585  -19.110  35.048 0.0000000000
95670  -47.049  -19.344  35.951 0.0000000000
95671  -47.421  -18.982  35.724 0.0000000000
95672  -48.318  -18.749  36.441 0.0000000000
95673  -49.185  -18.489  37.145 0.0000000000
99043  -44.007  -23.732  56.215 0.0000000000
99044  -44.184  -23.287  55.986 0.0000000000
99045  -43.906  -23.745  55.274 0.0000000000
99046  -43.754  -23.789  54.290 0.0000000000
99047  -43.491  -23.849  53.209 0.0000000000
99048  -41.168  -24.987  49.364 0.0000000000
99049  -41.673  -24.636  49.986 0.0000000000
99050  -41.128  -24.625  49.023 0.0000000000
99051  -41.149  -24.199  48.795 0.0000000000
99052  -41.063  -23.823  48.515 0.0000000000
99053  -41.000  -23.508  48.206 0.0000000000
99054  -40.475  -23.791  47.566 0.0000000000
99083  -22.437  -31.890  59.944 0.0000000000
99084  -22.943  -31.632  60.689 0.0000000000
99085  -22.906  -31.716  59.709 0.0000000000
99086  -23.378  -31.493  59.533 0.0000000000
99087  -23.833  -31.315  59.377 0.0000000000
99088  -24.628  -30.936  56.417 0.0000000000
99089  -24.671  -30.945  57.324 0.0000000000
99090  -25.123  -30.780  57.015 0.0000000000
99091  -25.672  -30.679  57.868 0.0000000000
99092  -26.232  -30.579  58.618 0.0000000000
99093  -26.841  -30.541  59.419 0.0000000000
99094  -26.751  -30.575  58.530 0.0000000000
99095  -27.283  -30.568  58.459 0.0000000000
99096  -27.799  -30.604  58.354 0.0000000000
99102  -37.639  -28.943  52.761 0.0000000000
99103  -37.049  -29.223  52.743 0.0000000000
99104  -37.690  -29.102  53.459 0.0000000000
99105  -37.801  -29.241  54.215 0.0000000000
99106  -37.904  -29.364  55.021 0.0000000000
99107  -37.997  -29.460  55.811 0.0000000000
99108  -38.495  -29.206  55.726 0.0000000000
99109  -39.036  -28.995  56.436 0.0000000000
99110  -39.611  -28.640  57.234 0.0000000000
99111  -40.043  -28.281  57.940 0.0000000000
99112  -40.069  -28.245  57.209 0.0000000000
99113  -40.551  -27.844  57.120 0.0000000000
99114  -40.987  -27.429  57.086 0.0000000000
99115  -41.922  -26.540  54.480 0.0000000000
99116  -41.906  -26.586  55.262 0.0000000000
99117  -42.321  -26.178  55.151 0.0000000000
99118  -42.698  -25.766  55.845 0.0000000000
99119  -43.084  -25.290  56.596 0.0000000000
99120  -43.353  -24.816  57.262 0.0000000000
99121  -43.382  -24.767  56.471 0.0000000000
99122  -43.750  -24.188  56.416 0.0000000000
99160  -20.916  -32.489  58.119 0.0000000000
99161  -21.391  -32.320  58.139 0.0000000000
99162  -21.929  -32.158  58.983 0.0000000000
99975  -47.290  -19.145  49.194 0.0000000000
99976  -48.211  -18.689  49.702 0.0000000000
99977  -47.761  -19.085  48.911 0.0000000000
99978  -48.244  -19.015  48.646 0.0000000000
99979  -48.751  -19.001  48.409 0.0000000000
99980  -48.275  -20.278  45.432 0.0000000000
99981  -48.791  -19.908  46.342 0.0000000000
99982  -49.218  -19.921  46.036 0.0000000000
99983  -50.185  -19.568  46.557 0.0000000000
99984  -51.088  -19.178  46.942 0.0000000000
99985  -51.982  -18.821  47.244 0.0000000000
99986  -51.445  -19.202  46.588 0.0000000000
99987  -51.799  -19.210  46.238 0.0000000000
99988  -52.124  -19.143  45.827 0.0000000000
99989  -49.964  -16.297  33.160 0.0000000000
99990  -50.441  -16.487  34.058 0.0000000000
99991  -50.888  -16.108  33.824 0.0000000000
99992  -51.795  -15.895  34.618 0.0000000000
99993  -52.684  -15.567  35.376 0.0000000000
99994  -55.704  -13.554  36.382 0.0000000000
99995  -55.296  -14.000  36.574 0.0000000000
99996  -56.124  -13.654  37.325 0.0000000000
100028  -60.114  -8.916  28.782 0.0000000000
103225  -43.193  -19.074  32.863 0.0000000000
103242  -45.430  -16.109  30.312 0.0000000000
103243  -46.240  -16.296  30.800 0.0000000000
103244  -45.865  -15.833  30.088 0.0000000000
103245  -46.338  -15.545  29.886 0.0000000000
103246  -46.787  -15.293  29.680 0.0000000000
103250  -48.323  -14.009  28.328 0.0000000000
103251  -49.156  -14.096  28.901 0.0000000000
103252  -49.986  -14.139  29.433 0.0000000000
103253  -49.665  -13.870  28.764 0.0000000000
103254  -50.160  -13.652  28.593 0.0000000000
103255  -50.712  -13.406  28.456 0.0000000000
103256  -51.168  -13.195  28.304 0.0000000000
103257  -50.293  -13.234  27.690 0.0000000000
103258  -49.877  -13.001  26.981 0.0000000000
103469  -10.181  -37.863  67.619 0.0000000000
103470  -10.166  -37.777  68.861 0.0000000000
103471  -14.827  -33.508  71.142 0.0000000000
103473  -14.334  -33.786  71.489 0.0000000000
103474  -13.842  -34.027  71.796 0.0000000000
103475  -13.358  -34.332  72.096 0.0000000000
103477  -12.194  -34.820  74.169 0.0000000000
103479  -11.340  -35.558  73.796 0.0000000000
103480  -10.917  -35.983  73.322 0.0000000000
103481  -10.544  -36.421  72.714 0.0000000000
103482  -10.416  -36.373  73.528 0.0000000000
103483  -9.895  -36.796  73.641 0.0000000000
103484  -9.387  -37.218  73.788 0.0000000000
103485  -8.892  -37.585  73.827 0.0000000000
103486  -9.430  -37.379  74.284 0.0000000000
103487  -9.556  -37.628  74.645 0.0000000000
105618  -44.570  -21.684  54.671 0.0000000000
105619  -44.931  -21.242  55.322 0.0000000000
105620  -44.666  -21.337  54.352 0.0000000000
105621  -44.671  -21.039  53.917 0.0000000000
105622  -44.690  -20.787  53.560 0.0000000000
105623  -43.438  -20.882  49.971 0.0000000000
105624  -43.917  -20.707  50.887 0.0000000000
105625  -44.025  -20.524  50.564 0.0000000000
105626  -44.593  -20.148  51.139 0.0000000000
105627  -45.159  -19.766  51.668 0.0000000000
105628  -45.719  -19.392  52.185 0.0000000000
105629  -45.351  -19.612  51.337 0.0000000000
105630  -45.620  -19.496  51.064 0.0000000000
105631  -45.823  -19.379  50.700 0.0000000000
105632  -46.138  -19.297  50.433 0.0000000000
105633  -45.453  -19.627  49.893 0.0000000000
105634  -44.922  -19.937  49.015 0.0000000000
105635  -44.382  -20.122  48.143 0.0000000000
105636  -41.011  -21.162  44.589 0.0000000000
105637  -41.777  -20.970  45.182 0.0000000000
105638  -41.236  -21.163  44.225 0.0000000000
105639  -41.530  -21.228  43.858 0.0000000000
105640  -41.834  -21.307  43.516 0.0000000000
105641  -42.136  -21.412  43.186 0.0000000000
105642  -41.401  -21.594  42.657 0.0000000000
105643  -40.861  -21.931  41.762 0.0000000000
105644  -40.373  -22.292  40.894 0.0000000000
105739  -25.136  -30.790  63.790 0.0000000000
105740  -25.207  -30.733  64.815 0.0000000000
105741  -25.767  -30.644  64.703 0.0000000000
105742  -26.274  -30.442  65.507 0.0000000000
105743  -26.798  -30.276  66.225 0.0000000000
105744  -29.402  -30.059  66.950 0.0000000000
105745  -28.897  -30.083  67.206 0.0000000000
105771  -28.137  -30.308  52.919 0.0000000000
105772  -27.630  -30.220  52.997 0.0000000000
105773  -28.233  -30.418  53.713 0.0000000000
105774  -28.342  -30.508  54.525 0.0000000000
105775  -28.490  -30.576  55.451 0.0000000000
105776  -28.609  -30.622  56.305 0.0000000000
105777  -29.168  -30.695  56.228 0.0000000000
105778  -29.748  -30.764  56.957 0.0000000000
105779  -30.456  -30.847  57.797 0.0000000000
105780  -32.780  -30.577  52.663 0.0000000000
105781  -32.145  -30.656  52.699 0.0000000000
105782  -32.902  -30.648  53.389 0.0000000000
105783  -32.945  -30.776  54.267 0.0000000000
105784  -32.999  -30.827  54.911 0.0000000000
105785  -35.372  -30.917  59.089 0.0000000000
105786  -34.657  -30.984  58.236 0.0000000000
105787  -34.772  -31.019  59.144 0.0000000000
105788  -34.181  -31.037  59.252 0.0000000000
105789  -33.523  -31.053  59.210 0.0000000000
105790  -32.912  -31.019  59.249 0.0000000000
105791  -33.619  -31.064  60.109 0.0000000000
105792  -33.623  -30.980  60.911 0.0000000000
105793  -33.580  -30.899  61.628 0.0000000000
105794  -33.579  -30.745  62.496 0.0000000000
105795  -34.162  -30.801  62.357 0.0000000000
105796  -34.705  -30.666  63.150 0.0000000000
105797  -35.304  -30.500  63.895 0.0000000000
105946  -18.599  -33.247  61.961 0.0000000000
105947  -18.143  -33.503  61.141 0.0000000000
105948  -18.139  -33.461  61.974 0.0000000000
105949  -17.677  -33.687  62.024 0.0000000000
105950  -17.182  -33.953  62.154 0.0000000000
105951  -16.729  -34.238  62.188 0.0000000000
105952  -17.172  -33.894  63.027 0.0000000000
105953  -17.193  -33.783  63.884 0.0000000000
105954  -17.213  -33.634  64.826 0.0000000000
105955  -17.248  -33.452  65.789 0.0000000000
105959  -21.397  -31.416  70.100 0.0000000000
105960  -20.875  -31.446  70.154 0.0000000000
108440  -43.655  -21.770  37.280 0.0000000000
108441  -44.216  -21.796  38.251 0.0000000000
108442  -44.566  -21.538  37.955 0.0000000000
108443  -45.432  -21.301  38.615 0.0000000000
108444  -46.324  -21.110  39.237 0.0000000000
108445  -49.168  -19.847  39.639 0.0000000000
108446  -48.831  -20.189  39.952 0.0000000000
108447  -49.718  -19.920  40.547 0.0000000000
108448  -50.317  -19.964  41.432 0.0000000000
108449  -50.941  -19.865  42.349 0.0000000000
108450  -51.569  -19.722  43.266 0.0000000000
108451  -51.851  -19.503  42.809 0.0000000000
108452  -52.634  -19.092  43.209 0.0000000000
108453  -53.424  -18.670  43.592 0.0000000000
108454  -52.353  -16.859  38.074 0.0000000000
108455  -51.856  -17.227  38.230 0.0000000000
108456  -52.766  -16.907  38.935 0.0000000000
108457  -53.260  -16.984  39.751 0.0000000000
108458  -53.663  -17.009  40.460 0.0000000000
108561  -52.946  -12.404  27.704 0.0000000000
108562  -53.810  -12.078  28.375 0.0000000000
108563  -53.451  -12.231  27.554 0.0000000000
108564  -53.965  -12.066  27.417 0.0000000000
108565  -54.489  -11.866  27.279 0.0000000000
108569  -56.276  -11.295  25.813 0.0000000000
108570  -57.120  -10.786  26.263 0.0000000000
108571  -57.821  -10.209  26.717 0.0000000000
108572  -57.634  -10.527  26.072 0.0000000000
108573  -58.160  -10.256  25.886 0.0000000000
108574  -58.717  -9.978  25.695 0.0000000000
108580  -57.878  -11.055  21.134 0.0000000000
108582  -58.309  -11.063  21.791 0.0000000000
108583  -58.699  -10.958  22.475 0.0000000000
108584  -59.063  -10.679  23.163 0.0000000000
108585  -59.359  -10.333  23.888 0.0000000000
108586  -59.836  -10.103  23.511 0.0000000000
108587  -60.524  -9.522  23.803 0.0000000000
108588  -61.215  -9.028  24.052 0.0000000000
108590  -61.615  -9.028  23.667 0.0000000000
108593  -62.475  -9.560  19.998 0.0000000000
108594  -62.718  -9.520  20.678 0.0000000000
108595  -63.005  -9.729  20.176 0.0000000000
116074  -42.561  -25.471  53.461 0.0000000000
116075  -42.788  -25.094  53.141 0.0000000000
116076  -42.301  -25.506  52.475 0.0000000000
116077  -41.930  -25.487  51.487 0.0000000000
116078  -41.490  -25.466  50.533 0.0000000000
116079  -40.888  -26.080  50.286 0.0000000000
116080  -40.942  -25.780  49.912 0.0000000000
116081  -41.106  -25.389  49.679 0.0000000000
116082  -40.676  -25.288  48.802 0.0000000000
116106  -22.742  -31.790  56.952 0.0000000000
116112  -24.085  -31.100  55.703 0.0000000000
116114  -25.002  -30.719  55.356 0.0000000000
116115  -25.468  -30.617  55.227 0.0000000000
116118  -35.529  -29.198  49.979 0.0000000000
116119  -36.178  -29.108  50.601 0.0000000000
116120  -36.817  -28.994  51.313 0.0000000000
116121  -37.373  -28.590  50.622 0.0000000000
116122  -37.436  -28.678  51.266 0.0000000000
116123  -37.502  -28.869  51.982 0.0000000000
116124  -38.180  -28.700  52.701 0.0000000000
116125  -38.809  -28.503  53.388 0.0000000000
116126  -39.470  -28.308  54.186 0.0000000000
116127  -40.006  -28.046  54.845 0.0000000000
116128  -39.939  -27.942  54.106 0.0000000000
116129  -40.383  -27.576  53.947 0.0000000000
116130  -40.924  -27.260  53.946 0.0000000000
116131  -40.177  -27.392  52.374 0.0000000000
116132  -40.823  -27.110  53.123 0.0000000000
116133  -41.413  -26.829  53.816 0.0000000000
116134  -41.788  -26.406  53.681 0.0000000000
116135  -42.191  -25.990  53.516 0.0000000000
116799  -45.404  -20.560  45.690 0.0000000000
116800  -46.416  -20.223  46.392 0.0000000000
116801  -45.919  -20.591  45.444 0.0000000000
116802  -46.441  -20.586  45.243 0.0000000000
116803  -46.854  -20.608  44.980 0.0000000000
116804  -45.279  -21.266  43.289 0.0000000000
116805  -46.262  -20.956  44.014 0.0000000000
116806  -47.291  -20.606  44.738 0.0000000000
116807  -47.694  -20.619  44.464 0.0000000000
116808  -48.093  -20.626  44.167 0.0000000000
116809  -48.467  -20.645  43.850 0.0000000000
116810  -51.622  -14.979  32.328 0.0000000000
116811  -52.113  -15.121  33.169 0.0000000000
116812  -52.547  -14.767  32.963 0.0000000000
116813  -53.396  -14.457  33.687 0.0000000000
116814  -54.349  -14.046  34.531 0.0000000000
116815  -54.359  -13.646  33.351 0.0000000000
116816  -54.743  -13.619  34.328 0.0000000000
116817  -55.181  -13.558  35.404 0.0000000000
116818  -56.013  -13.170  36.138 0.0000000000
116819  -56.850  -12.851  36.763 0.0000000000
116835  -58.541  -10.427  32.519 0.0000000000
116839  -58.774  -9.822  30.645 0.0000000000
116840  -58.364  -9.873  29.966 0.0000000000
119512  -12.666  -36.176  63.700 0.0000000000
119514  -11.782  -36.614  64.347 0.0000000000
119515  -11.846  -36.745  65.248 0.0000000000
119516  -11.906  -36.806  66.324 0.0000000000
119517  -11.985  -36.760  67.524 0.0000000000
121188  -42.960  -22.243  50.621 0.0000000000
121189  -43.393  -21.857  51.238 0.0000000000
121190  -42.905  -21.954  50.305 0.0000000000
121191  -42.918  -21.673  50.040 0.0000000000
121192  -42.848  -21.423  49.698 0.0000000000
121193  -41.702  -21.800  48.207 0.0000000000
121194  -42.293  -21.517  48.801 0.0000000000
121195  -42.887  -21.204  49.402 0.0000000000
121196  -42.899  -21.006  49.079 0.0000000000
121197  -42.986  -20.871  48.765 0.0000000000
121198  -43.114  -20.682  48.465 0.0000000000
121199  -43.255  -20.542  48.167 0.0000000000
121200  -42.509  -20.803  47.593 0.0000000000
121201  -41.957  -20.928  46.743 0.0000000000
121202  -41.390  -21.045  45.852 0.0000000000
121203  -40.554  -21.351  45.630 0.0000000000
121204  -40.672  -21.254  45.319 0.0000000000
121205  -40.793  -21.186  44.911 0.0000000000
121206  -40.277  -21.362  44.059 0.0000000000
121207  -39.827  -21.540  43.227 0.0000000000
121208  -39.366  -21.787  42.369 0.0000000000
121282  -27.162  -30.371  63.239 0.0000000000
121283  -27.253  -30.322  64.188 0.0000000000
121284  -27.757  -30.271  63.981 0.0000000000
121285  -28.389  -30.151  64.833 0.0000000000
121286  -28.906  -30.018  65.493 0.0000000000
121287  -29.438  -30.115  64.500 0.0000000000
121288  -29.475  -30.043  65.405 0.0000000000
121289  -29.476  -30.001  66.202 0.0000000000
121290  -29.958  -30.099  66.859 0.0000000000
121297  -31.953  -30.133  66.063 0.0000000000
121310  -28.076  -30.158  52.148 0.0000000000
121311  -28.711  -30.417  52.953 0.0000000000
121312  -29.256  -30.554  53.504 0.0000000000
121313  -29.924  -30.721  54.247 0.0000000000
121314  -35.709  -30.432  55.925 0.0000000000
121315  -35.010  -30.566  55.819 0.0000000000
121316  -35.732  -30.532  56.635 0.0000000000
121317  -35.807  -30.654  57.447 0.0000000000
121318  -35.965  -30.768  58.338 0.0000000000
121319  -37.121  -30.435  58.985 0.0000000000
121320  -36.608  -30.631  59.135 0.0000000000
121321  -35.994  -30.763  59.112 0.0000000000
121322  -36.037  -30.803  59.982 0.0000000000
121323  -36.081  -30.776  60.785 0.0000000000
121324  -36.021  -30.753  61.541 0.0000000000
121325  -36.007  -30.654  62.317 0.0000000000
121326  -36.613  -30.483  62.325 0.0000000000
121327  -37.079  -30.225  62.990 0.0000000000
121328  -37.565  -29.967  63.666 0.0000000000
121329  -38.176  -29.715  62.974 0.0000000000
121330  -38.067  -29.782  63.569 0.0000000000
121331  -38.018  -29.923  64.186 0.0000000000
121441  -19.051  -33.113  59.272 0.0000000000
121442  -19.060  -33.135  60.120 0.0000000000
121443  -19.078  -33.104  61.051 0.0000000000
121445  -19.579  -32.864  61.883 0.0000000000
121446  -19.085  -33.049  61.925 0.0000000000
121449  -19.129  -32.691  64.837 0.0000000000
121450  -19.170  -32.511  65.816 0.0000000000
121451  -19.686  -32.327  65.890 0.0000000000
121452  -20.244  -31.981  67.073 0.0000000000
121453  -20.790  -31.695  68.208 0.0000000000
121454  -21.248  -31.752  67.167 0.0000000000
121455  -21.293  -31.618  68.173 0.0000000000
121456  -21.347  -31.500  69.180 0.0000000000
123383  -45.090  -20.516  36.119 0.0000000000
123384  -45.625  -20.664  37.080 0.0000000000
123385  -45.942  -20.361  36.762 0.0000000000
123386  -46.819  -20.181  37.397 0.0000000000
123387  -47.715  -19.974  38.052 0.0000000000
123388  -47.504  -19.482  36.856 0.0000000000
123389  -48.054  -19.635  37.795 0.0000000000
123390  -48.625  -19.755  38.702 0.0000000000
123391  -49.493  -19.481  39.350 0.0000000000
123392  -50.332  -19.204  39.991 0.0000000000
123393  -51.209  -18.904  40.612 0.0000000000
123477  -51.577  -12.041  24.837 0.0000000000
123478  -52.427  -12.192  25.419 0.0000000000
123479  -52.136  -12.011  24.780 0.0000000000
123480  -52.670  -11.965  24.633 0.0000000000
123481  -53.191  -11.908  24.443 0.0000000000
123496  -58.391  -10.949  20.808 0.0000000000
123497  -59.341  -10.739  21.120 0.0000000000
123498  -60.238  -10.286  21.425 0.0000000000
123499  -61.047  -9.782  21.721 0.0000000000
123500  -60.662  -10.094  21.050 0.0000000000
123501  -61.060  -9.919  20.657 0.0000000000
123502  -61.510  -9.785  20.236 0.0000000000
123503  -60.283  -10.261  19.360 0.0000000000
123504  -61.117  -9.942  19.583 0.0000000000
123505  -61.894  -9.693  19.783 0.0000000000
129497  -15.508  -34.581  66.160 0.0000000000
129498  -15.064  -34.843  66.447 0.0000000000
129499  -15.502  -34.344  67.209 0.0000000000
129500  -15.463  -34.019  68.425 0.0000000000
129505  -15.194  -33.054  71.871 0.0000000000
131011  -44.899  -21.960  57.022 0.0000000000
131012  -44.745  -21.960  56.022 0.0000000000
131013  -44.359  -22.827  55.705 0.0000000000
131014  -44.502  -22.395  55.402 0.0000000000
131015  -44.547  -22.023  55.012 0.0000000000
131016  -44.311  -22.119  54.040 0.0000000000
131017  -43.918  -22.255  52.973 0.0000000000
131018  -43.512  -22.380  51.978 0.0000000000
131019  -42.896  -24.736  52.764 0.0000000000
131020  -43.042  -24.280  52.524 0.0000000000
131021  -43.163  -23.852  52.272 0.0000000000
131022  -42.187  -24.301  50.603 0.0000000000
131023  -42.680  -23.929  51.232 0.0000000000
131024  -43.124  -23.529  51.859 0.0000000000
131025  -43.144  -23.114  51.627 0.0000000000
131026  -43.071  -22.816  51.286 0.0000000000
131027  -43.090  -22.488  51.002 0.0000000000
131028  -42.467  -22.595  49.997 0.0000000000
131029  -41.912  -22.588  49.112 0.0000000000
131030  -41.305  -22.611  48.203 0.0000000000
131031  -40.858  -23.197  47.876 0.0000000000
131032  -40.754  -22.894  47.601 0.0000000000
131033  -40.667  -22.573  47.339 0.0000000000
131034  -40.038  -22.537  46.516 0.0000000000
131035  -39.429  -22.446  45.762 0.0000000000
131094  -23.222  -31.369  64.728 0.0000000000
131096  -23.617  -31.275  63.413 0.0000000000
131097  -24.093  -31.118  63.252 0.0000000000
131098  -23.461  -31.356  61.461 0.0000000000
131099  -23.996  -31.166  62.274 0.0000000000
131100  -24.567  -30.980  63.006 0.0000000000
131101  -25.053  -30.802  62.839 0.0000000000
131102  -25.586  -30.686  62.827 0.0000000000
131103  -26.065  -30.553  62.622 0.0000000000
131104  -23.318  -31.586  57.758 0.0000000000
131105  -23.795  -31.361  58.516 0.0000000000
131106  -24.281  -31.098  59.232 0.0000000000
131107  -24.712  -30.951  58.208 0.0000000000
131108  -24.757  -30.939  59.076 0.0000000000
131109  -24.823  -30.903  59.946 0.0000000000
131110  -25.380  -30.714  60.791 0.0000000000
131111  -25.967  -30.593  61.698 0.0000000000
131112  -26.551  -30.491  62.384 0.0000000000
131113  -27.079  -30.422  62.330 0.0000000000
131114  -27.608  -30.402  62.179 0.0000000000
131115  -28.186  -30.394  62.064 0.0000000000
131116  -27.454  -30.521  60.300 0.0000000000
131117  -28.089  -30.468  61.090 0.0000000000
131118  -28.670  -30.434  61.873 0.0000000000
131119  -29.242  -30.461  61.658 0.0000000000
131120  -29.804  -30.501  61.626 0.0000000000
131121  -30.303  -30.558  61.507 0.0000000000
131127  -32.583  -30.132  50.613 0.0000000000
131128  -32.567  -30.288  51.164 0.0000000000
131129  -32.722  -30.453  51.916 0.0000000000
131130  -33.361  -30.439  52.594 0.0000000000
131131  -34.036  -30.420  53.368 0.0000000000
131132  -34.769  -30.331  54.210 0.0000000000
131134  -35.075  -29.673  51.280 0.0000000000
131135  -35.133  -29.801  51.936 0.0000000000
131136  -36.479  -29.502  52.764 0.0000000000
131137  -35.854  -29.712  52.719 0.0000000000
131138  -35.342  -29.955  52.795 0.0000000000
131139  -35.310  -30.093  53.485 0.0000000000
131140  -35.471  -30.172  54.225 0.0000000000
131141  -35.492  -30.268  55.077 0.0000000000
131142  -36.239  -30.211  55.869 0.0000000000
131143  -36.895  -30.170  56.562 0.0000000000
131144  -37.640  -30.031  57.417 0.0000000000
131145  -37.991  -29.602  56.533 0.0000000000
131146  -38.197  -29.747  57.401 0.0000000000
131147  -38.198  -29.800  58.128 0.0000000000
131148  -38.792  -29.518  58.903 0.0000000000
131149  -39.293  -29.186  59.671 0.0000000000
131150  -39.708  -28.822  60.359 0.0000000000
131151  -40.110  -28.471  61.091 0.0000000000
131152  -40.099  -28.403  60.222 0.0000000000
131153  -40.450  -27.939  60.164 0.0000000000
131154  -40.791  -27.483  60.002 0.0000000000
131155  -40.420  -27.930  58.574 0.0000000000
131156  -40.782  -27.530  59.253 0.0000000000
131157  -41.137  -27.127  59.922 0.0000000000
131158  -41.531  -26.644  59.931 0.0000000000
131159  -41.892  -26.180  59.836 0.0000000000
131160  -42.269  -25.785  59.760 0.0000000000
131161  -40.511  -27.769  55.497 0.0000000000
131162  -41.015  -27.471  56.217 0.0000000000
131163  -41.393  -27.046  56.964 0.0000000000
131164  -41.883  -26.621  56.069 0.0000000000
131165  -41.856  -26.631  56.837 0.0000000000
131166  -41.757  -26.625  57.693 0.0000000000
131167  -42.076  -26.185  58.357 0.0000000000
131168  -42.353  -25.740  59.018 0.0000000000
131170  -43.124  -24.895  59.569 0.0000000000
131173  -43.637  -24.342  57.951 0.0000000000
131174  -43.936  -23.908  58.609 0.0000000000
131255  -19.513  -32.902  58.372 0.0000000000
131256  -19.989  -32.828  59.212 0.0000000000
131257  -20.530  -32.620  60.046 0.0000000000
131258  -20.951  -32.512  58.996 0.0000000000
131259  -20.989  -32.498  59.916 0.0000000000
131262  -22.091  -31.878  62.915 0.0000000000
132977  -49.334  -17.879  51.863 0.0000000000
132980  -49.066  -18.296  50.131 0.0000000000
132981  -49.890  -17.973  50.537 0.0000000000
132982  -50.760  -17.774  50.835 0.0000000000
132983  -51.235  -17.778  50.540 0.0000000000
132986  -47.377  -19.829  47.045 0.0000000000
132987  -48.316  -19.428  47.623 0.0000000000
132988  -49.237  -19.043  48.154 0.0000000000
132989  -49.233  -19.492  47.128 0.0000000000
132990  -49.724  -19.061  47.901 0.0000000000
132991  -50.087  -18.655  48.629 0.0000000000
132992  -50.977  -18.324  48.993 0.0000000000
132993  -51.834  -18.095  49.266 0.0000000000
132998  -52.779  -18.554  47.484 0.0000000000
133004  -48.340  -17.733  34.018 0.0000000000
133005  -48.825  -17.926  35.026 0.0000000000
133006  -49.252  -17.568  34.801 0.0000000000
133007  -50.080  -17.341  35.558 0.0000000000
133008  -50.989  -17.096  36.345 0.0000000000
133009  -50.983  -16.627  35.080 0.0000000000
133010  -51.477  -16.715  36.135 0.0000000000
133011  -51.899  -16.798  37.113 0.0000000000
133012  -52.840  -16.478  37.893 0.0000000000
133013  -53.670  -16.145  38.551 0.0000000000
133014  -54.554  -15.800  39.182 0.0000000000
133015  -52.613  -15.210  34.115 0.0000000000
133016  -53.124  -15.202  35.139 0.0000000000
133017  -53.642  -15.170  36.193 0.0000000000
133018  -54.922  -14.409  36.790 0.0000000000
133019  -54.540  -14.844  36.995 0.0000000000
133020  -54.084  -15.291  37.160 0.0000000000
133021  -54.518  -15.312  38.081 0.0000000000
133516  -7.259  -39.019  71.365 0.0000000000
139743  -41.325  -22.667  38.123 0.0000000000
139744  -42.221  -22.519  38.684 0.0000000000
139745  -41.694  -22.542  37.741 0.0000000000
139746  -42.077  -22.376  37.379 0.0000000000
139747  -42.445  -22.199  37.032 0.0000000000
139749  -41.963  -22.037  36.175 0.0000000000
139750  -42.834  -21.939  36.710 0.0000000000
139751  -43.238  -21.648  36.406 0.0000000000
139752  -43.558  -21.339  36.056 0.0000000000
139753  -43.915  -21.016  35.761 0.0000000000
139760  -42.572  -20.729  34.476 0.0000000000
139761  -43.439  -20.753  34.930 0.0000000000
139762  -44.236  -20.667  35.486 0.0000000000
139763  -44.601  -20.300  35.221 0.0000000000
139764  -44.969  -19.919  34.959 0.0000000000
139765  -45.298  -19.541  34.683 0.0000000000
139766  -44.007  -19.175  33.315 0.0000000000
139767  -44.851  -19.209  33.862 0.0000000000
139768  -45.714  -19.179  34.416 0.0000000000
139769  -46.127  -18.826  34.156 0.0000000000
139770  -46.538  -18.489  33.864 0.0000000000
139771  -46.982  -18.152  33.555 0.0000000000
139796  -45.490  -17.749  32.204 0.0000000000
139797  -46.438  -17.796  32.796 0.0000000000
139798  -47.447  -17.778  33.357 0.0000000000
139799  -47.808  -17.431  33.172 0.0000000000
139800  -48.204  -17.098  32.958 0.0000000000
139801  -48.586  -16.773  32.717 0.0000000000
139802  -47.131  -16.370  31.317 0.0000000000
139803  -48.073  -16.435  31.896 0.0000000000
139804  -48.995  -16.433  32.528 0.0000000000
139805  -49.427  -16.098  32.311 0.0000000000
139806  -49.858  -15.756  32.120 0.0000000000
139807  -50.286  -15.441  31.910 0.0000000000
139809  -46.386  -14.818  29.011 0.0000000000
139810  -47.232  -15.028  29.486 0.0000000000
139812  -47.684  -14.790  29.291 0.0000000000
139813  -48.107  -15.149  30.028 0.0000000000
139814  -48.948  -15.241  30.576 0.0000000000
139815  -49.844  -15.234  31.119 0.0000000000
139816  -50.736  -15.119  31.747 0.0000000000
139817  -51.214  -14.799  31.590 0.0000000000
139818  -51.709  -14.457  31.434 0.0000000000
139819  -52.217  -14.128  31.286 0.0000000000
139820  -50.865  -14.095  29.955 0.0000000000
139821  -51.810  -13.961  30.536 0.0000000000
139822  -52.742  -13.785  31.163 0.0000000000
139823  -53.281  -13.448  31.047 0.0000000000
139824  -53.799  -13.078  30.893 0.0000000000
139825  -54.288  -12.703  30.722 0.0000000000
139826  -54.745  -12.360  30.597 0.0000000000
139827  -53.806  -12.592  30.059 0.0000000000
139828  -53.323  -12.533  29.407 0.0000000000
139829  -52.886  -12.570  28.705 0.0000000000
139830  -51.585  -12.989  28.151 0.0000000000
139831  -51.993  -12.796  28.021 0.0000000000
139832  -52.465  -12.597  27.880 0.0000000000
139833  -52.135  -12.578  27.076 0.0000000000
139834  -51.777  -12.504  26.360 0.0000000000
139835  -51.466  -12.356  25.679 0.0000000000
139843  -50.670  -12.181  25.176 0.0000000000
139844  -51.143  -12.113  25.025 0.0000000000
139845  -50.801  -11.762  24.409 0.0000000000
140266  -14.615  -35.132  66.727 0.0000000000
140267  -14.180  -35.344  67.056 0.0000000000
140268  -13.765  -35.604  67.340 0.0000000000
140269  -14.141  -34.739  69.454 0.0000000000
140270  -13.762  -35.356  68.578 0.0000000000
140271  -13.302  -35.859  67.650 0.0000000000
140272  -12.878  -36.068  68.055 0.0000000000
140273  -12.450  -36.329  68.403 0.0000000000
140274  -11.998  -36.577  68.785 0.0000000000
140275  -13.564  -33.772  73.577 0.0000000000
140276  -13.198  -34.128  73.052 0.0000000000
140277  -12.907  -34.577  72.412 0.0000000000
140278  -12.262  -34.789  73.535 0.0000000000
140279  -12.415  -34.902  72.656 0.0000000000
140280  -12.616  -35.187  71.584 0.0000000000
140281  -12.292  -35.767  70.851 0.0000000000
140282  -11.944  -36.341  69.996 0.0000000000
140283  -11.547  -36.841  69.084 0.0000000000
140284  -11.099  -37.123  69.411 0.0000000000
140285  -10.552  -37.349  69.821 0.0000000000
140287  -10.212  -36.931  71.953 0.0000000000
140288  -9.863  -37.395  71.249 0.0000000000
140293  -7.649  -38.656  72.066 0.0000000000
140294  -7.571  -38.719  72.722 0.0000000000
140295  -7.589  -38.850  73.247 0.0000000000
140296  -8.481  -38.073  73.838 0.0000000000
140297  -8.080  -38.588  73.745 0.0000000000
144633  -49.310  -18.149  54.542 0.0000000000
144634  -49.030  -18.026  53.934 0.0000000000
144637  -45.770  -20.952  57.779 0.0000000000
144639  -45.335  -20.813  55.966 0.0000000000
144645  -43.836  -21.445  51.876 0.0000000000
144646  -44.305  -20.980  52.549 0.0000000000
144647  -44.734  -20.527  53.177 0.0000000000
144648  -44.422  -20.534  51.851 0.0000000000
144649  -44.812  -20.289  52.809 0.0000000000
144650  -45.219  -20.076  53.795 0.0000000000
144651  -45.625  -19.669  54.302 0.0000000000
144652  -46.124  -19.320  54.823 0.0000000000
144655  -46.988  -18.660  54.466 0.0000000000
144656  -47.322  -18.531  54.036 0.0000000000
144657  -46.345  -19.012  52.718 0.0000000000
144658  -46.961  -18.646  53.218 0.0000000000
144659  -47.590  -18.368  53.654 0.0000000000
144660  -47.823  -18.293  53.307 0.0000000000
144661  -48.183  -18.167  52.944 0.0000000000
144663  -48.126  -18.252  51.772 0.0000000000
144664  -47.877  -18.492  51.081 0.0000000000
144665  -47.416  -18.856  50.277 0.0000000000
144666  -46.431  -19.274  50.127 0.0000000000
144667  -46.640  -19.241  49.801 0.0000000000
144668  -46.956  -19.181  49.502 0.0000000000
144669  -46.512  -19.495  48.702 0.0000000000
144670  -46.099  -19.784  47.883 0.0000000000
144671  -45.539  -20.136  46.926 0.0000000000
144672  -43.445  -20.447  47.903 0.0000000000
144673  -43.619  -20.381  47.586 0.0000000000
144674  -43.812  -20.348  47.233 0.0000000000
144675  -42.529  -20.777  45.737 0.0000000000
144676  -43.277  -20.574  46.314 0.0000000000
144677  -44.028  -20.361  46.902 0.0000000000
144678  -44.379  -20.356  46.621 0.0000000000
144679  -44.719  -20.421  46.329 0.0000000000
144680  -45.042  -20.491  46.004 0.0000000000
144681  -44.555  -20.836  45.034 0.0000000000
144682  -44.092  -21.120  44.135 0.0000000000
144683  -43.600  -21.434  43.159 0.0000000000
144684  -42.474  -21.531  42.882 0.0000000000
144685  -42.824  -21.665  42.539 0.0000000000
144686  -43.127  -21.784  42.207 0.0000000000
144687  -42.634  -22.126  41.266 0.0000000000
144688  -42.122  -22.421  40.308 0.0000000000
144689  -41.588  -22.632  39.382 0.0000000000
144716  -38.093  -22.350  44.353 0.0000000000
144744  -37.948  -22.047  43.702 0.0000000000
144745  -37.988  -21.938  43.362 0.0000000000
144746  -38.066  -21.908  43.037 0.0000000000
144748  -37.483  -22.056  42.235 0.0000000000
144749  -38.225  -21.895  42.669 0.0000000000
144750  -38.418  -21.906  42.297 0.0000000000
144751  -38.664  -21.965  41.932 0.0000000000
144752  -38.876  -22.043  41.552 0.0000000000
144759  -37.494  -22.425  40.286 0.0000000000
144760  -38.321  -22.319  40.715 0.0000000000
144761  -39.081  -22.147  41.162 0.0000000000
144762  -39.398  -22.307  40.802 0.0000000000
144763  -39.660  -22.433  40.398 0.0000000000
144764  -39.980  -22.564  40.047 0.0000000000
144765  -38.612  -22.810  38.687 0.0000000000
144766  -39.376  -22.770  39.128 0.0000000000
144767  -40.190  -22.656  39.656 0.0000000000
144768  -40.480  -22.742  39.202 0.0000000000
144769  -40.756  -22.751  38.833 0.0000000000
144770  -41.015  -22.720  38.494 0.0000000000
144880  -23.758  -31.172  65.503 0.0000000000
144881  -24.271  -30.987  66.212 0.0000000000
144883  -25.244  -30.681  65.791 0.0000000000
144889  -27.318  -30.248  65.170 0.0000000000
144890  -27.339  -30.199  66.038 0.0000000000
144941  -25.396  -30.532  54.470 0.0000000000
144942  -25.946  -30.513  55.141 0.0000000000
144951  -26.508  -30.524  55.880 0.0000000000
144952  -27.108  -30.543  56.657 0.0000000000
144953  -27.697  -30.598  57.364 0.0000000000
144954  -28.354  -30.633  58.243 0.0000000000
144955  -28.747  -30.659  57.193 0.0000000000
144956  -28.885  -30.697  58.161 0.0000000000
144957  -29.003  -30.692  59.034 0.0000000000
144958  -29.627  -30.669  59.907 0.0000000000
144959  -30.242  -30.637  60.640 0.0000000000
144960  -30.818  -30.590  61.277 0.0000000000
144963  -30.303  -30.591  51.997 0.0000000000
144964  -31.563  -30.703  52.622 0.0000000000
144965  -30.882  -30.717  52.598 0.0000000000
144966  -30.336  -30.661  52.693 0.0000000000
144967  -30.376  -30.751  53.387 0.0000000000
144968  -30.513  -30.808  54.293 0.0000000000
144969  -30.686  -30.853  55.166 0.0000000000
144970  -34.392  -30.725  55.786 0.0000000000
144971  -33.781  -30.826  55.841 0.0000000000
144972  -33.083  -30.888  55.801 0.0000000000
144973  -33.936  -30.980  57.415 0.0000000000
144974  -33.223  -30.985  56.622 0.0000000000
144975  -32.417  -30.950  55.725 0.0000000000
144976  -31.928  -30.977  55.904 0.0000000000
144977  -31.358  -30.966  56.013 0.0000000000
144978  -30.746  -30.889  55.886 0.0000000000
144979  -30.839  -30.912  56.746 0.0000000000
144980  -30.960  -30.917  57.643 0.0000000000
144981  -31.074  -30.907  58.551 0.0000000000
144982  -32.357  -31.015  59.345 0.0000000000
144983  -31.759  -30.944  59.319 0.0000000000
144984  -31.206  -30.852  59.479 0.0000000000
144985  -31.276  -30.745  60.324 0.0000000000
144986  -31.347  -30.639  61.299 0.0000000000
144987  -31.388  -30.516  62.092 0.0000000000
144988  -31.921  -30.502  62.806 0.0000000000
144989  -32.516  -30.415  63.595 0.0000000000
144990  -32.994  -30.387  64.090 0.0000000000
144991  -33.581  -30.583  63.288 0.0000000000
144992  -33.558  -30.436  64.071 0.0000000000
144993  -33.513  -30.353  64.850 0.0000000000
144997  -35.922  -30.550  63.092 0.0000000000
144998  -35.813  -30.513  63.721 0.0000000000
144999  -35.747  -30.465  64.455 0.0000000000
145282  -13.488  -35.598  62.271 0.0000000000
145283  -14.009  -35.549  62.872 0.0000000000
145284  -14.513  -35.384  63.611 0.0000000000
145285  -15.029  -35.104  64.360 0.0000000000
145298  -17.645  -33.717  60.390 0.0000000000
145305  -15.307  -34.779  60.891 0.0000000000
145306  -15.339  -34.894  61.682 0.0000000000
145307  -16.299  -34.488  62.235 0.0000000000
145308  -15.861  -34.708  62.351 0.0000000000
145309  -15.392  -34.948  62.471 0.0000000000
145310  -15.422  -34.934  63.312 0.0000000000
145311  -15.447  -34.859  64.257 0.0000000000
145312  -15.481  -34.739  65.200 0.0000000000
145313  -15.916  -34.298  66.040 0.0000000000
145314  -16.338  -33.777  67.000 0.0000000000
145325  -20.375  -31.478  70.229 0.0000000000
150309  -43.133  -22.325  39.267 0.0000000000
150310  -44.032  -22.059  39.924 0.0000000000
150311  -44.972  -21.778  40.613 0.0000000000
150312  -44.724  -21.755  39.240 0.0000000000
150313  -45.351  -21.632  40.289 0.0000000000
150314  -45.932  -21.517  41.328 0.0000000000
150315  -46.922  -21.224  42.081 0.0000000000
150316  -47.854  -20.946  42.789 0.0000000000
150317  -48.839  -20.595  43.458 0.0000000000
150318  -46.157  -20.805  37.982 0.0000000000
150319  -46.697  -20.866  38.905 0.0000000000
150320  -47.217  -20.941  39.882 0.0000000000
150321  -48.512  -20.496  40.252 0.0000000000
150322  -48.218  -20.723  40.605 0.0000000000
150323  -47.898  -20.908  40.944 0.0000000000
150324  -48.528  -20.799  42.020 0.0000000000
150325  -49.138  -20.611  43.062 0.0000000000
150326  -49.763  -20.318  44.073 0.0000000000
150327  -50.643  -19.968  44.623 0.0000000000
150328  -51.580  -19.515  45.067 0.0000000000
150329  -52.397  -19.102  45.373 0.0000000000
150330  -52.119  -19.364  44.110 0.0000000000
150331  -52.710  -19.037  44.886 0.0000000000
150336  -49.185  -18.014  36.017 0.0000000000
150337  -49.589  -18.122  36.933 0.0000000000
150338  -50.074  -18.221  37.858 0.0000000000
150339  -51.421  -17.595  38.394 0.0000000000
150340  -50.995  -17.957  38.578 0.0000000000
150341  -50.527  -18.367  38.709 0.0000000000
150342  -51.091  -18.433  39.581 0.0000000000
150343  -51.581  -18.501  40.411 0.0000000000
150344  -52.069  -18.569  41.138 0.0000000000
150352  -52.957  -18.209  41.660 0.0000000000
150353  -52.640  -18.600  41.862 0.0000000000
150354  -53.121  -18.565  42.552 0.0000000000
150552  -55.244  -11.967  30.438 0.0000000000
150553  -55.725  -11.616  30.283 0.0000000000
150554  -56.185  -11.263  30.145 0.0000000000
150555  -54.727  -11.642  29.082 0.0000000000
150556  -55.615  -11.283  29.548 0.0000000000
150557  -56.583  -10.911  29.974 0.0000000000
150558  -56.985  -10.578  29.763 0.0000000000
150559  -57.437  -10.243  29.554 0.0000000000
150560  -57.936  -9.943  29.336 0.0000000000
150561  -53.328  -12.143  25.993 0.0000000000
150562  -54.227  -11.975  26.556 0.0000000000
150563  -55.038  -11.665  27.127 0.0000000000
150564  -55.208  -11.651  26.161 0.0000000000
150565  -55.560  -11.481  26.914 0.0000000000
150566  -55.834  -11.180  27.740 0.0000000000
150567  -56.587  -10.664  28.239 0.0000000000
150568  -57.401  -10.175  28.675 0.0000000000
150569  -58.382  -9.727  29.041 0.0000000000
150570  -58.819  -9.484  28.760 0.0000000000
150571  -59.286  -9.225  28.479 0.0000000000
150572  -59.771  -8.963  28.213 0.0000000000
150573  -58.577  -9.618  27.149 0.0000000000
150574  -59.375  -9.125  27.596 0.0000000000
150575  -60.213  -8.775  27.883 0.0000000000
150576  -60.636  -8.647  27.532 0.0000000000
150596  -56.863  -11.373  24.174 0.0000000000
150597  -57.751  -10.925  24.633 0.0000000000
150598  -58.549  -10.332  25.026 0.0000000000
150599  -59.281  -9.683  25.487 0.0000000000
150600  -59.633  -9.856  24.557 0.0000000000
150601  -59.806  -9.446  25.178 0.0000000000
150602  -60.006  -9.114  25.778 0.0000000000
150603  -60.692  -8.748  26.027 0.0000000000
150615  -61.688  -9.388  21.986 0.0000000000
150616  -62.272  -9.249  22.179 0.0000000000
150618  -62.910  -9.536  21.293 0.0000000000
