#!ascii label  , from subject fsaverage vox2ras=TkReg 
1014
17  -21.008  -34.756  68.583 0.0000000000
367  -45.576  -21.973  59.055 0.0000000000
368  -49.140  -17.876  52.894 0.0000000000
468  -55.533  -18.862  46.498 0.0000000000
863  -42.605  -25.475  60.320 0.0000000000
1024  -52.913  -17.937  50.026 0.0000000000
1027  -54.930  -15.917  39.941 0.0000000000
1028  -57.876  -13.094  37.984 0.0000000000
1813  -48.271  -24.181  57.694 0.0000000000
1814  -49.997  -21.374  55.520 0.0000000000
1815  -47.063  -19.149  56.099 0.0000000000
1823  -22.816  -31.709  71.337 0.0000000000
1825  -26.554  -30.984  69.459 0.0000000000
1826  -30.666  -30.764  67.977 0.0000000000
1827  -34.669  -30.935  66.582 0.0000000000
1830  -39.051  -30.583  65.131 0.0000000000
1831  -42.640  -28.924  62.732 0.0000000000
1832  -45.695  -26.444  60.311 0.0000000000
2052  -52.460  -21.240  51.918 0.0000000000
2949  -59.295  -12.034  36.190 0.0000000000
3985  -47.292  -22.423  59.268 0.0000000000
3986  -48.144  -20.953  58.106 0.0000000000
3987  -46.394  -20.438  57.798 0.0000000000
4007  -22.916  -31.244  68.809 0.0000000000
4008  -24.733  -31.377  70.268 0.0000000000
4022  -39.406  -29.164  63.750 0.0000000000
4023  -40.904  -29.957  63.944 0.0000000000
4024  -41.171  -28.183  62.965 0.0000000000
4025  -44.226  -23.749  59.818 0.0000000000
4026  -44.346  -25.267  61.388 0.0000000000
4027  -46.009  -23.817  60.450 0.0000000000
4028  -47.077  -25.249  59.060 0.0000000000
4503  -49.981  -18.753  55.033 0.0000000000
4504  -51.108  -20.928  53.720 0.0000000000
4505  -51.648  -18.647  53.271 0.0000000000
4506  -54.493  -18.553  48.272 0.0000000000
4507  -54.683  -19.915  49.708 0.0000000000
4508  -55.367  -20.744  47.749 0.0000000000
4510  -55.670  -21.179  45.738 0.0000000000
4514  -57.116  -16.109  40.954 0.0000000000
4515  -56.175  -16.843  42.152 0.0000000000
6159  -41.107  -27.181  60.586 0.0000000000
6451  -52.912  -18.826  46.055 0.0000000000
6455  -56.387  -14.446  39.131 0.0000000000
6456  -58.110  -15.165  39.501 0.0000000000
6459  -59.863  -13.884  35.302 0.0000000000
8071  -48.159  -26.190  55.415 0.0000000000
8073  -49.086  -22.666  56.765 0.0000000000
8074  -49.046  -19.633  56.665 0.0000000000
8099  -22.202  -33.369  70.989 0.0000000000
8103  -27.771  -32.266  68.724 0.0000000000
8105  -28.559  -30.706  68.645 0.0000000000
8106  -29.846  -32.311  68.155 0.0000000000
8107  -31.803  -32.299  67.615 0.0000000000
8108  -33.796  -32.347  66.878 0.0000000000
8109  -35.846  -32.434  66.089 0.0000000000
8117  -36.892  -30.944  65.883 0.0000000000
8119  -39.995  -31.822  63.745 0.0000000000
8122  -42.701  -26.682  62.261 0.0000000000
8123  -44.144  -27.656  61.526 0.0000000000
8124  -44.697  -29.209  59.322 0.0000000000
8125  -46.010  -28.169  58.070 0.0000000000
8126  -47.201  -27.092  56.791 0.0000000000
8727  -53.394  -19.051  51.561 0.0000000000
8737  -54.948  -17.764  43.022 0.0000000000
8738  -56.169  -18.852  44.823 0.0000000000
10317  -20.865  -34.053  70.602 0.0000000000
11665  -46.414  -22.000  59.398 0.0000000000
11666  -46.921  -21.255  58.854 0.0000000000
11667  -46.056  -21.213  58.476 0.0000000000
11702  -39.530  -28.933  62.518 0.0000000000
11703  -40.329  -28.787  63.356 0.0000000000
11704  -40.407  -28.321  62.254 0.0000000000
11705  -44.914  -22.832  59.428 0.0000000000
11706  -45.112  -23.585  60.421 0.0000000000
11707  -45.830  -22.782  59.918 0.0000000000
11708  -46.652  -23.107  59.860 0.0000000000
12184  -50.778  -18.632  54.176 0.0000000000
12185  -50.530  -17.963  53.291 0.0000000000
12186  -55.006  -18.756  47.371 0.0000000000
12187  -55.251  -19.362  48.212 0.0000000000
12188  -55.633  -19.669  47.212 0.0000000000
12189  -55.558  -21.028  46.749 0.0000000000
12190  -55.960  -19.832  46.266 0.0000000000
12194  -57.411  -16.929  40.432 0.0000000000
12195  -57.157  -17.252  41.276 0.0000000000
12196  -57.077  -18.137  40.403 0.0000000000
14595  -55.720  -14.053  37.516 0.0000000000
14596  -57.063  -13.740  38.649 0.0000000000
14597  -57.476  -14.580  39.728 0.0000000000
14598  -58.073  -14.025  38.978 0.0000000000
14599  -58.577  -14.838  38.628 0.0000000000
14600  -58.690  -13.648  38.073 0.0000000000
14602  -59.861  -12.762  35.986 0.0000000000
17710  -48.277  -25.184  56.576 0.0000000000
17711  -48.703  -24.488  56.118 0.0000000000
17712  -48.713  -23.410  57.287 0.0000000000
17713  -47.729  -19.830  57.421 0.0000000000
17714  -48.550  -20.331  57.403 0.0000000000
17715  -48.169  -19.170  56.607 0.0000000000
17716  -48.595  -18.680  55.805 0.0000000000
17717  -47.457  -18.671  55.260 0.0000000000
17778  -23.151  -33.123  70.583 0.0000000000
17779  -23.577  -32.279  71.076 0.0000000000
17780  -25.642  -31.148  69.812 0.0000000000
17788  -29.897  -30.206  67.462 0.0000000000
17790  -29.587  -30.727  68.277 0.0000000000
17791  -29.249  -31.473  68.663 0.0000000000
17792  -30.265  -31.487  68.346 0.0000000000
17793  -30.859  -32.312  67.905 0.0000000000
17794  -31.289  -31.444  68.025 0.0000000000
17797  -34.298  -31.542  66.909 0.0000000000
17798  -34.793  -32.380  66.489 0.0000000000
17799  -35.317  -31.652  66.570 0.0000000000
17818  -38.310  -30.122  64.982 0.0000000000
17819  -37.249  -30.410  65.230 0.0000000000
17820  -38.022  -30.833  65.537 0.0000000000
17821  -37.548  -31.523  65.733 0.0000000000
17822  -38.663  -31.415  65.206 0.0000000000
17823  -39.005  -32.051  64.468 0.0000000000
17824  -39.595  -31.267  64.621 0.0000000000
17825  -41.786  -29.484  63.390 0.0000000000
17826  -41.480  -30.549  63.307 0.0000000000
17827  -42.324  -30.059  62.598 0.0000000000
17829  -43.071  -29.548  61.813 0.0000000000
17831  -41.900  -26.701  61.735 0.0000000000
17832  -42.649  -25.924  61.479 0.0000000000
17833  -45.152  -25.731  61.151 0.0000000000
17834  -44.315  -26.433  61.694 0.0000000000
17835  -44.953  -27.138  60.892 0.0000000000
17836  -44.504  -28.443  60.454 0.0000000000
17837  -45.251  -27.890  59.868 0.0000000000
17839  -45.967  -27.305  59.256 0.0000000000
17840  -47.716  -24.695  58.368 0.0000000000
17841  -47.224  -26.105  58.052 0.0000000000
17842  -47.810  -25.636  57.268 0.0000000000
17843  -47.718  -26.669  56.083 0.0000000000
17907  -21.925  -31.372  70.683 0.0000000000
17909  -21.870  -31.694  71.698 0.0000000000
17910  -21.672  -32.417  71.965 0.0000000000
19263  -49.517  -23.071  55.047 0.0000000000
19265  -49.961  -22.632  54.234 0.0000000000
19266  -51.820  -20.983  52.765 0.0000000000
19271  -52.037  -17.756  50.754 0.0000000000
19272  -52.480  -18.020  51.706 0.0000000000
19273  -53.413  -18.224  50.935 0.0000000000
19274  -54.629  -21.498  49.072 0.0000000000
19275  -54.301  -21.015  50.038 0.0000000000
19297  -56.492  -17.735  42.649 0.0000000000
19298  -55.517  -17.285  42.592 0.0000000000
19299  -56.103  -17.934  43.330 0.0000000000
19300  -55.743  -18.120  44.048 0.0000000000
19301  -56.372  -18.788  43.993 0.0000000000
19302  -56.163  -19.855  44.341 0.0000000000
23736  -57.249  -12.464  36.478 0.0000000000
23737  -58.554  -12.541  37.121 0.0000000000
23738  -58.031  -11.820  35.814 0.0000000000
23739  -58.825  -11.212  34.925 0.0000000000
25603  -47.949  -23.121  58.713 0.0000000000
25604  -48.381  -22.430  58.186 0.0000000000
25605  -47.713  -21.683  58.728 0.0000000000
25606  -47.293  -20.491  58.188 0.0000000000
25607  -46.703  -19.744  56.943 0.0000000000
25643  -22.896  -31.284  70.440 0.0000000000
25644  -23.763  -31.585  70.752 0.0000000000
25647  -25.726  -30.714  68.866 0.0000000000
25670  -39.291  -29.799  64.641 0.0000000000
25671  -39.987  -30.308  64.527 0.0000000000
25672  -40.201  -29.383  64.139 0.0000000000
25673  -41.075  -28.983  63.661 0.0000000000
25674  -41.915  -28.400  63.173 0.0000000000
25675  -43.468  -24.610  60.074 0.0000000000
25676  -43.467  -25.122  61.167 0.0000000000
25677  -44.270  -24.328  60.770 0.0000000000
25678  -45.185  -24.538  60.959 0.0000000000
25679  -45.929  -25.059  60.573 0.0000000000
25680  -46.421  -25.831  59.709 0.0000000000
25681  -46.654  -24.394  59.970 0.0000000000
25682  -47.318  -23.789  59.319 0.0000000000
25722  -21.901  -31.408  69.060 0.0000000000
26535  -50.123  -19.924  55.525 0.0000000000
26536  -50.515  -21.114  54.607 0.0000000000
26537  -50.755  -19.720  54.611 0.0000000000
26538  -51.544  -19.731  53.668 0.0000000000
26539  -52.311  -19.819  52.772 0.0000000000
26540  -53.748  -18.227  49.229 0.0000000000
26541  -54.122  -18.620  50.107 0.0000000000
26542  -54.771  -18.986  49.150 0.0000000000
26543  -55.143  -20.256  48.731 0.0000000000
26554  -56.217  -15.775  40.757 0.0000000000
26555  -55.624  -16.267  41.267 0.0000000000
26556  -56.677  -16.519  41.567 0.0000000000
26557  -56.889  -17.488  41.985 0.0000000000
29674  -44.845  -22.427  58.139 0.0000000000
29735  -44.253  -23.404  58.492 0.0000000000
30400  -50.073  -17.731  52.152 0.0000000000
30406  -52.330  -18.191  48.897 0.0000000000
30407  -53.135  -18.332  48.114 0.0000000000
30408  -53.823  -18.477  47.262 0.0000000000
30409  -54.442  -18.502  46.372 0.0000000000
30417  -55.660  -15.181  39.523 0.0000000000
30418  -56.865  -15.179  40.299 0.0000000000
30419  -57.572  -15.666  40.248 0.0000000000
30420  -57.789  -16.499  39.539 0.0000000000
30425  -59.286  -13.180  37.056 0.0000000000
30426  -59.483  -14.150  36.444 0.0000000000
34527  -48.601  -25.521  54.951 0.0000000000
34528  -49.089  -23.734  55.637 0.0000000000
34529  -49.511  -22.041  56.120 0.0000000000
34530  -48.762  -21.731  57.595 0.0000000000
34531  -49.192  -21.089  56.976 0.0000000000
34532  -49.655  -20.436  56.263 0.0000000000
34533  -49.490  -19.094  55.893 0.0000000000
34534  -49.063  -18.319  54.930 0.0000000000
34536  -45.574  -20.814  56.879 0.0000000000
34537  -45.796  -20.134  56.099 0.0000000000
34541  -46.235  -19.131  54.377 0.0000000000
34607  -21.643  -34.175  69.888 0.0000000000
34609  -22.623  -34.013  69.584 0.0000000000
34617  -28.128  -32.977  67.301 0.0000000000
34619  -25.803  -30.489  67.456 0.0000000000
34620  -26.730  -30.453  68.483 0.0000000000
34623  -27.547  -30.812  69.126 0.0000000000
34625  -28.784  -32.306  68.311 0.0000000000
34629  -32.162  -33.109  66.723 0.0000000000
34632  -33.160  -33.153  66.433 0.0000000000
34656  -34.931  -30.551  65.709 0.0000000000
34658  -36.084  -30.542  65.482 0.0000000000
34659  -35.743  -31.007  66.239 0.0000000000
34660  -36.409  -31.643  66.157 0.0000000000
34661  -36.923  -32.349  65.614 0.0000000000
34666  -40.540  -30.965  63.943 0.0000000000
34672  -41.172  -27.526  61.933 0.0000000000
34673  -41.919  -27.362  62.632 0.0000000000
34674  -42.681  -27.720  62.657 0.0000000000
34675  -43.507  -25.986  61.940 0.0000000000
34676  -43.513  -27.052  62.216 0.0000000000
34677  -43.373  -28.277  62.064 0.0000000000
34678  -43.745  -28.960  61.055 0.0000000000
34679  -43.968  -29.765  59.932 0.0000000000
34683  -46.023  -28.988  56.879 0.0000000000
34684  -46.586  -26.732  58.604 0.0000000000
34685  -46.617  -27.595  57.389 0.0000000000
34686  -46.542  -28.497  56.257 0.0000000000
34687  -47.080  -28.051  55.627 0.0000000000
34770  -21.363  -33.281  71.564 0.0000000000
36429  -51.547  -17.902  52.458 0.0000000000
36430  -52.569  -18.760  52.364 0.0000000000
36431  -53.096  -20.214  51.903 0.0000000000
36432  -54.097  -19.410  50.691 0.0000000000
36433  -53.746  -20.584  50.985 0.0000000000
36434  -53.068  -21.731  50.988 0.0000000000
36454  -53.485  -18.697  45.126 0.0000000000
36455  -54.918  -18.410  45.525 0.0000000000
36459  -54.883  -16.849  41.629 0.0000000000
36460  -54.108  -17.531  41.953 0.0000000000
36462  -54.400  -18.163  43.594 0.0000000000
36463  -55.365  -18.268  44.799 0.0000000000
36464  -55.936  -18.874  45.585 0.0000000000
36465  -56.087  -19.896  45.345 0.0000000000
41039  -20.542  -34.839  68.770 0.0000000000
42385  -45.978  -21.934  59.275 0.0000000000
42386  -46.207  -21.519  59.041 0.0000000000
42387  -45.804  -21.566  58.803 0.0000000000
42421  -39.190  -29.218  62.019 0.0000000000
42423  -39.971  -28.666  62.396 0.0000000000
42424  -40.037  -28.559  61.702 0.0000000000
42425  -45.252  -22.410  59.234 0.0000000000
42426  -45.372  -22.754  59.741 0.0000000000
42427  -45.681  -22.317  59.551 0.0000000000
42428  -46.129  -22.388  59.709 0.0000000000
42903  -49.372  -17.911  53.547 0.0000000000
42904  -50.039  -17.987  53.709 0.0000000000
42905  -49.873  -17.837  53.146 0.0000000000
42906  -55.265  -18.791  46.938 0.0000000000
42907  -55.425  -19.172  47.298 0.0000000000
42908  -55.668  -19.260  46.868 0.0000000000
42909  -55.800  -19.772  46.745 0.0000000000
42910  -55.857  -19.298  46.416 0.0000000000
42914  -57.349  -17.367  39.993 0.0000000000
42915  -57.239  -17.589  40.454 0.0000000000
45314  -57.254  -13.084  37.603 0.0000000000
45316  -57.445  -13.417  38.341 0.0000000000
45317  -57.622  -13.803  38.909 0.0000000000
45318  -57.975  -13.539  38.553 0.0000000000
45319  -58.390  -13.831  38.536 0.0000000000
45320  -58.325  -13.299  38.148 0.0000000000
48430  -48.294  -24.724  57.116 0.0000000000
48431  -48.514  -24.368  56.915 0.0000000000
48432  -48.491  -23.805  57.491 0.0000000000
48433  -47.444  -19.373  56.852 0.0000000000
48434  -47.947  -19.477  57.024 0.0000000000
48435  -47.612  -19.088  56.391 0.0000000000
48436  -47.819  -18.841  55.979 0.0000000000
48437  -47.278  -18.877  55.686 0.0000000000
48497  -22.730  -32.038  71.553 0.0000000000
48499  -23.199  -31.964  71.306 0.0000000000
48500  -26.079  -31.054  69.608 0.0000000000
48501  -25.980  -31.379  69.823 0.0000000000
48508  -30.266  -30.422  67.805 0.0000000000
48509  -29.778  -30.375  67.884 0.0000000000
48510  -30.119  -30.717  68.129 0.0000000000
48511  -29.962  -31.048  68.369 0.0000000000
48512  -30.441  -31.115  68.283 0.0000000000
48513  -30.820  -31.441  68.182 0.0000000000
48514  -31.021  -31.056  68.051 0.0000000000
48515  -34.163  -30.863  66.693 0.0000000000
48516  -34.009  -31.210  66.979 0.0000000000
48517  -34.513  -31.180  66.782 0.0000000000
48518  -34.796  -31.599  66.758 0.0000000000
48519  -34.968  -31.260  66.626 0.0000000000
48538  -38.700  -30.324  65.127 0.0000000000
48539  -38.176  -30.474  65.300 0.0000000000
48540  -38.549  -30.698  65.357 0.0000000000
48541  -38.353  -31.116  65.432 0.0000000000
48542  -38.869  -30.984  65.228 0.0000000000
48543  -39.111  -31.339  64.973 0.0000000000
48544  -39.340  -30.924  64.934 0.0000000000
48545  -42.225  -29.227  63.110 0.0000000000
48546  -42.066  -29.779  63.035 0.0000000000
48547  -42.520  -29.539  62.670 0.0000000000
48548  -42.686  -29.803  62.226 0.0000000000
48549  -42.882  -29.226  62.358 0.0000000000
48551  -42.216  -26.032  61.079 0.0000000000
48552  -42.583  -25.620  60.958 0.0000000000
48553  -45.456  -26.072  60.764 0.0000000000
48554  -45.083  -26.370  61.060 0.0000000000
48555  -45.340  -26.724  60.619 0.0000000000
48556  -45.114  -27.538  60.384 0.0000000000
48557  -45.513  -27.148  60.093 0.0000000000
48558  -45.604  -27.585  59.519 0.0000000000
48559  -45.858  -26.860  59.803 0.0000000000
48560  -48.010  -24.383  58.066 0.0000000000
48561  -47.796  -25.184  57.825 0.0000000000
48562  -48.064  -24.998  57.464 0.0000000000
48563  -48.068  -25.488  56.893 0.0000000000
48627  -22.413  -31.452  71.199 0.0000000000
48628  -21.907  -31.487  71.285 0.0000000000
48629  -22.364  -31.741  71.521 0.0000000000
48630  -22.287  -32.083  71.704 0.0000000000
49983  -49.782  -22.207  55.318 0.0000000000
49984  -49.749  -22.842  54.666 0.0000000000
49985  -50.006  -21.984  54.956 0.0000000000
49986  -52.143  -21.090  52.350 0.0000000000
49987  -51.782  -21.606  52.234 0.0000000000
49988  -52.073  -21.774  51.801 0.0000000000
49990  -52.342  -22.014  51.337 0.0000000000
49991  -52.457  -17.808  50.444 0.0000000000
49992  -52.771  -17.872  50.892 0.0000000000
49993  -53.141  -17.997  50.531 0.0000000000
50016  -54.463  -16.294  40.127 0.0000000000
50017  -56.549  -18.232  42.891 0.0000000000
50018  -56.281  -17.846  42.971 0.0000000000
50020  -56.286  -18.325  43.689 0.0000000000
58030  -47.645  -22.737  59.025 0.0000000000
58031  -47.835  -22.378  58.774 0.0000000000
58032  -47.488  -22.040  59.013 0.0000000000
58033  -46.673  -20.780  58.425 0.0000000000
58034  -47.068  -20.853  58.555 0.0000000000
58035  -46.850  -20.419  58.049 0.0000000000
58036  -47.018  -20.038  57.684 0.0000000000
58037  -46.571  -20.075  57.392 0.0000000000
58097  -22.919  -31.241  69.651 0.0000000000
58104  -25.284  -30.704  68.365 0.0000000000
58138  -39.032  -29.289  63.299 0.0000000000
58140  -38.965  -29.424  63.923 0.0000000000
58141  -38.926  -29.688  64.432 0.0000000000
58142  -39.344  -29.493  64.178 0.0000000000
58143  -39.730  -29.632  64.369 0.0000000000
58144  -39.812  -29.268  63.982 0.0000000000
58145  -40.733  -28.462  63.171 0.0000000000
58146  -40.746  -28.815  63.631 0.0000000000
58147  -41.134  -28.571  63.413 0.0000000000
58148  -41.520  -28.721  63.418 0.0000000000
58149  -41.568  -28.256  63.173 0.0000000000
58150  -43.872  -24.155  59.936 0.0000000000
58151  -43.859  -24.401  60.506 0.0000000000
58152  -44.254  -24.011  60.305 0.0000000000
58153  -45.581  -23.661  60.494 0.0000000000
58154  -45.145  -23.989  60.730 0.0000000000
58155  -45.589  -24.185  60.695 0.0000000000
58156  -45.593  -24.757  60.851 0.0000000000
58157  -45.992  -24.431  60.540 0.0000000000
58158  -46.325  -24.728  60.272 0.0000000000
58159  -46.352  -24.065  60.270 0.0000000000
58160  -46.935  -22.770  59.580 0.0000000000
58161  -47.007  -23.422  59.638 0.0000000000
58162  -47.333  -23.083  59.357 0.0000000000
58163  -47.629  -23.491  58.982 0.0000000000
58229  -22.414  -31.308  69.049 0.0000000000
58230  -22.440  -31.290  69.846 0.0000000000
59583  -50.087  -19.295  55.361 0.0000000000
59584  -50.430  -19.854  55.083 0.0000000000
59585  -50.407  -19.181  54.900 0.0000000000
59586  -51.178  -18.644  53.712 0.0000000000
59587  -51.224  -19.160  53.990 0.0000000000
59588  -51.602  -19.151  53.534 0.0000000000
59589  -51.918  -19.766  53.235 0.0000000000
59590  -52.048  -19.192  53.072 0.0000000000
59591  -54.142  -18.413  48.747 0.0000000000
59592  -54.330  -18.541  49.224 0.0000000000
59593  -54.675  -18.695  48.766 0.0000000000
59594  -55.386  -19.999  48.003 0.0000000000
59595  -55.235  -19.831  48.513 0.0000000000
59596  -55.240  -20.568  48.265 0.0000000000
59597  -55.046  -21.137  48.389 0.0000000000
59600  -55.223  -21.479  47.483 0.0000000000
59614  -56.735  -15.881  40.941 0.0000000000
59615  -56.482  -16.124  41.233 0.0000000000
59616  -56.893  -16.341  41.291 0.0000000000
59620  -56.885  -18.072  42.084 0.0000000000
65363  -44.527  -22.912  58.351 0.0000000000
66799  -52.806  -18.250  48.541 0.0000000000
66801  -52.592  -18.829  46.480 0.0000000000
66803  -53.425  -18.588  46.658 0.0000000000
66804  -54.127  -18.496  46.816 0.0000000000
66805  -53.736  -18.609  46.232 0.0000000000
66817  -56.122  -14.189  38.436 0.0000000000
66819  -55.707  -14.618  38.557 0.0000000000
66820  -55.327  -15.003  38.723 0.0000000000
66821  -56.027  -14.806  39.336 0.0000000000
66822  -56.331  -15.105  39.999 0.0000000000
66823  -56.662  -14.759  39.791 0.0000000000
66824  -57.848  -14.815  39.701 0.0000000000
66825  -57.574  -15.042  40.072 0.0000000000
66826  -57.835  -15.411  39.885 0.0000000000
66827  -57.760  -16.043  39.969 0.0000000000
66828  -57.981  -15.838  39.567 0.0000000000
66829  -57.974  -16.324  39.125 0.0000000000
66830  -58.203  -15.627  39.148 0.0000000000
66831  -58.835  -14.670  38.116 0.0000000000
66836  -58.899  -12.284  36.664 0.0000000000
66837  -58.980  -12.840  37.143 0.0000000000
66838  -59.307  -12.568  36.652 0.0000000000
66839  -59.968  -13.287  35.690 0.0000000000
66840  -59.720  -13.470  36.221 0.0000000000
76165  -48.058  -26.680  54.825 0.0000000000
76166  -48.286  -26.344  54.566 0.0000000000
76167  -48.396  -25.856  55.192 0.0000000000
76168  -48.920  -23.519  56.498 0.0000000000
76169  -48.892  -24.115  55.886 0.0000000000
76170  -49.121  -23.199  56.221 0.0000000000
76171  -49.350  -22.858  55.924 0.0000000000
76172  -49.335  -22.365  56.426 0.0000000000
76173  -48.287  -21.669  58.219 0.0000000000
76174  -48.603  -22.049  57.956 0.0000000000
76175  -48.484  -21.328  57.889 0.0000000000
76176  -48.826  -19.968  57.016 0.0000000000
76177  -48.897  -20.673  57.243 0.0000000000
76178  -49.151  -20.316  56.863 0.0000000000
76179  -49.420  -20.715  56.628 0.0000000000
76180  -49.417  -19.980  56.527 0.0000000000
76181  -49.577  -19.683  56.161 0.0000000000
76182  -49.205  -19.324  56.295 0.0000000000
76183  -48.259  -18.433  55.126 0.0000000000
76184  -48.832  -18.454  55.324 0.0000000000
76367  -21.949  -33.787  70.535 0.0000000000
76368  -22.130  -34.056  69.787 0.0000000000
76369  -22.428  -33.674  70.356 0.0000000000
76370  -23.585  -33.073  70.339 0.0000000000
76375  -24.263  -31.466  70.504 0.0000000000
76377  -24.631  -31.690  70.458 0.0000000000
76386  -27.070  -32.719  68.426 0.0000000000
76387  -27.503  -32.690  68.198 0.0000000000
76388  -27.617  -33.053  67.410 0.0000000000
76389  -27.969  -32.663  68.055 0.0000000000
76395  -26.283  -30.381  67.223 0.0000000000
76396  -26.279  -30.435  68.015 0.0000000000
76405  -28.041  -30.797  68.857 0.0000000000
76406  -27.900  -31.132  69.133 0.0000000000
76407  -28.425  -31.088  68.956 0.0000000000
76408  -29.562  -31.909  68.452 0.0000000000
76409  -29.042  -31.888  68.595 0.0000000000
76410  -29.331  -32.302  68.259 0.0000000000
76411  -29.012  -32.691  67.845 0.0000000000
76412  -29.545  -32.679  67.722 0.0000000000
76413  -29.726  -33.036  67.181 0.0000000000
76415  -31.291  -32.289  67.730 0.0000000000
76416  -31.045  -32.714  67.567 0.0000000000
76417  -31.568  -32.795  67.345 0.0000000000
76418  -31.724  -33.091  66.858 0.0000000000
76419  -31.996  -32.702  67.212 0.0000000000
76423  -33.558  -32.007  67.134 0.0000000000
76424  -33.086  -31.915  67.303 0.0000000000
76425  -33.277  -32.353  67.079 0.0000000000
76426  -33.007  -32.754  66.882 0.0000000000
76427  -33.469  -32.747  66.697 0.0000000000
76429  -33.994  -32.773  66.523 0.0000000000
76430  -35.305  -32.390  66.339 0.0000000000
76431  -35.014  -32.716  66.189 0.0000000000
76432  -35.497  -32.752  66.000 0.0000000000
76433  -35.669  -33.102  65.524 0.0000000000
76434  -36.016  -32.766  65.776 0.0000000000
76491  -37.070  -30.640  65.573 0.0000000000
76492  -36.668  -30.493  65.381 0.0000000000
76493  -36.497  -30.709  65.772 0.0000000000
76494  -35.913  -30.760  65.877 0.0000000000
76495  -36.335  -30.964  66.051 0.0000000000
76496  -36.090  -31.334  66.221 0.0000000000
76497  -36.659  -31.288  66.050 0.0000000000
76498  -37.818  -31.893  65.470 0.0000000000
76499  -37.232  -31.952  65.709 0.0000000000
76500  -37.466  -32.302  65.363 0.0000000000
76501  -37.107  -32.713  65.238 0.0000000000
76505  -39.497  -31.989  64.101 0.0000000000
76506  -39.151  -32.358  63.970 0.0000000000
76507  -39.650  -32.269  63.545 0.0000000000
76510  -40.439  -30.131  64.223 0.0000000000
76511  -40.257  -30.651  64.340 0.0000000000
76512  -40.748  -30.448  64.009 0.0000000000
76526  -40.753  -27.755  61.324 0.0000000000
76527  -41.146  -27.308  61.307 0.0000000000
76528  -42.329  -26.664  62.101 0.0000000000
76529  -41.930  -27.020  62.185 0.0000000000
76530  -42.315  -27.012  62.444 0.0000000000
76531  -42.315  -27.531  62.722 0.0000000000
76532  -42.747  -27.136  62.571 0.0000000000
76533  -43.887  -25.107  61.338 0.0000000000
76534  -43.478  -25.495  61.587 0.0000000000
76535  -43.909  -25.616  61.672 0.0000000000
76536  -44.268  -27.035  61.661 0.0000000000
76537  -43.949  -26.735  61.968 0.0000000000
76538  -43.844  -27.333  61.938 0.0000000000
76539  -43.468  -27.642  62.200 0.0000000000
76540  -43.751  -27.909  61.851 0.0000000000
76541  -43.585  -28.599  61.577 0.0000000000
76542  -43.953  -28.319  61.307 0.0000000000
76543  -44.609  -28.846  59.897 0.0000000000
76544  -44.281  -29.074  60.151 0.0000000000
76545  -44.311  -29.529  59.613 0.0000000000
76550  -45.733  -28.447  58.342 0.0000000000
76554  -46.014  -28.572  57.463 0.0000000000
76555  -46.774  -25.540  59.368 0.0000000000
76556  -46.532  -26.271  59.196 0.0000000000
76557  -46.888  -25.972  58.847 0.0000000000
76558  -47.249  -26.608  57.435 0.0000000000
76559  -46.934  -26.877  57.697 0.0000000000
76560  -46.903  -27.327  57.101 0.0000000000
76561  -46.598  -28.078  56.807 0.0000000000
76562  -46.859  -27.775  56.515 0.0000000000
76563  -46.805  -28.225  55.944 0.0000000000
76564  -47.149  -27.576  56.191 0.0000000000
76565  -47.980  -26.410  55.772 0.0000000000
76566  -47.618  -27.182  55.481 0.0000000000
76567  -47.860  -26.913  55.181 0.0000000000
76767  -22.011  -32.926  71.594 0.0000000000
76768  -21.546  -32.809  71.870 0.0000000000
76769  -21.775  -33.336  71.304 0.0000000000
76770  -21.508  -33.722  70.874 0.0000000000
80831  -50.794  -21.024  54.162 0.0000000000
80832  -50.552  -21.701  54.050 0.0000000000
80833  -50.815  -21.662  53.566 0.0000000000
80846  -50.566  -17.693  51.762 0.0000000000
80847  -50.868  -17.749  52.357 0.0000000000
80849  -53.001  -18.443  51.694 0.0000000000
80850  -52.568  -18.314  52.085 0.0000000000
80851  -53.019  -18.914  51.968 0.0000000000
80852  -52.928  -19.435  52.187 0.0000000000
80853  -53.284  -19.600  51.766 0.0000000000
80854  -54.482  -19.170  49.962 0.0000000000
80855  -54.142  -18.924  50.436 0.0000000000
80856  -54.418  -19.606  50.206 0.0000000000
80858  -54.035  -20.820  50.512 0.0000000000
80859  -53.746  -21.472  50.527 0.0000000000
80860  -53.475  -21.220  51.025 0.0000000000
80861  -53.349  -22.040  50.475 0.0000000000
80912  -54.209  -18.462  45.351 0.0000000000
80913  -54.503  -18.378  44.962 0.0000000000
80922  -55.926  -16.534  41.781 0.0000000000
80923  -55.269  -16.549  41.446 0.0000000000
80924  -55.565  -16.786  41.966 0.0000000000
80925  -55.212  -17.491  42.786 0.0000000000
80926  -54.875  -17.334  42.331 0.0000000000
80927  -54.516  -17.618  42.499 0.0000000000
80928  -53.756  -17.862  42.117 0.0000000000
80929  -54.180  -17.955  42.713 0.0000000000
80930  -53.911  -18.221  42.946 0.0000000000
80931  -54.638  -17.965  43.293 0.0000000000
80932  -56.017  -18.410  44.528 0.0000000000
80933  -55.554  -18.186  44.455 0.0000000000
80934  -55.870  -18.472  44.859 0.0000000000
80935  -55.674  -18.508  45.212 0.0000000000
80936  -56.028  -18.887  45.216 0.0000000000
80937  -56.105  -19.346  45.528 0.0000000000
80938  -56.185  -19.356  45.079 0.0000000000
94723  -46.886  -22.182  59.433 0.0000000000
94724  -47.081  -21.777  59.134 0.0000000000
94725  -46.645  -21.603  59.139 0.0000000000
94726  -46.505  -21.152  58.747 0.0000000000
94727  -46.244  -20.803  58.174 0.0000000000
94790  -39.476  -29.056  63.185 0.0000000000
94791  -39.871  -28.958  63.605 0.0000000000
94792  -39.926  -28.817  62.979 0.0000000000
94793  -40.363  -28.500  62.855 0.0000000000
94794  -40.773  -28.191  62.642 0.0000000000
94795  -44.564  -23.320  59.581 0.0000000000
94796  -44.627  -23.599  60.206 0.0000000000
94797  -44.984  -23.185  59.953 0.0000000000
94798  -45.474  -23.172  60.227 0.0000000000
94799  -45.878  -23.277  60.271 0.0000000000
94800  -46.268  -23.457  60.194 0.0000000000
94801  -46.259  -22.896  59.965 0.0000000000
94802  -46.538  -22.542  59.697 0.0000000000
95655  -49.842  -18.342  54.624 0.0000000000
95656  -50.391  -18.690  54.608 0.0000000000
95657  -50.238  -18.251  54.215 0.0000000000
95658  -50.631  -18.240  53.779 0.0000000000
95659  -51.121  -18.178  53.336 0.0000000000
95660  -54.777  -18.662  47.825 0.0000000000
95661  -54.954  -18.861  48.291 0.0000000000
95662  -55.177  -19.032  47.778 0.0000000000
95663  -55.449  -19.544  47.698 0.0000000000
95664  -55.556  -20.226  47.509 0.0000000000
95665  -55.478  -20.919  47.262 0.0000000000
95666  -55.693  -20.289  46.980 0.0000000000
95667  -55.790  -20.397  46.544 0.0000000000
95668  -55.883  -20.462  46.087 0.0000000000
95674  -57.327  -16.478  40.755 0.0000000000
95675  -57.142  -16.662  41.143 0.0000000000
95676  -57.256  -17.118  40.869 0.0000000000
95677  -57.201  -17.720  40.909 0.0000000000
99997  -56.465  -13.799  38.197 0.0000000000
99998  -56.746  -14.066  38.951 0.0000000000
99999  -56.990  -14.411  39.525 0.0000000000
100000  -57.298  -14.121  39.217 0.0000000000
100001  -57.776  -14.308  39.338 0.0000000000
100002  -58.147  -14.580  39.283 0.0000000000
100003  -58.355  -15.005  39.069 0.0000000000
100004  -58.391  -14.413  38.867 0.0000000000
100005  -58.674  -14.229  38.396 0.0000000000
100006  -58.960  -14.061  37.911 0.0000000000
100007  -59.620  -11.802  35.720 0.0000000000
100008  -59.629  -12.331  36.171 0.0000000000
100009  -59.933  -12.166  35.636 0.0000000000
100010  -60.159  -12.595  35.475 0.0000000000
100012  -60.014  -13.792  34.747 0.0000000000
105604  -48.231  -25.684  56.005 0.0000000000
105605  -48.442  -25.341  55.806 0.0000000000
105606  -48.492  -24.910  56.346 0.0000000000
105607  -48.727  -23.963  56.689 0.0000000000
105608  -48.906  -23.017  57.017 0.0000000000
105609  -47.905  -20.332  57.849 0.0000000000
105610  -48.336  -20.618  57.787 0.0000000000
105611  -48.158  -20.038  57.476 0.0000000000
105612  -48.401  -19.676  57.097 0.0000000000
105613  -48.632  -19.361  56.691 0.0000000000
105614  -48.819  -19.061  56.318 0.0000000000
105615  -48.340  -18.904  56.208 0.0000000000
105616  -48.068  -18.595  55.593 0.0000000000
105617  -47.660  -18.497  54.843 0.0000000000
105725  -22.430  -32.910  71.329 0.0000000000
105726  -22.699  -33.283  70.802 0.0000000000
105727  -22.881  -32.866  71.111 0.0000000000
105728  -23.387  -32.684  70.893 0.0000000000
105729  -23.810  -32.597  70.642 0.0000000000
105738  -27.564  -31.878  69.171 0.0000000000
105749  -28.906  -31.054  68.718 0.0000000000
105750  -29.409  -31.082  68.536 0.0000000000
105751  -29.766  -31.484  68.487 0.0000000000
105752  -30.052  -31.879  68.323 0.0000000000
105753  -30.351  -32.340  68.070 0.0000000000
105754  -30.604  -31.872  68.213 0.0000000000
105755  -31.078  -31.867  68.061 0.0000000000
105756  -31.560  -31.836  67.854 0.0000000000
105761  -34.070  -31.972  66.995 0.0000000000
105762  -34.295  -32.361  66.661 0.0000000000
105763  -34.610  -31.983  66.797 0.0000000000
105764  -35.091  -32.033  66.591 0.0000000000
105765  -35.588  -32.028  66.406 0.0000000000
105798  -37.890  -30.077  64.703 0.0000000000
105799  -37.371  -30.212  64.791 0.0000000000
105800  -37.773  -30.312  65.144 0.0000000000
105801  -37.620  -30.589  65.430 0.0000000000
105802  -37.468  -30.879  65.736 0.0000000000
105803  -37.238  -31.209  65.865 0.0000000000
105806  -38.374  -31.852  65.142 0.0000000000
105809  -39.332  -31.671  64.596 0.0000000000
105810  -39.829  -31.570  64.240 0.0000000000
105811  -41.377  -29.732  63.698 0.0000000000
105812  -41.213  -30.276  63.687 0.0000000000
105813  -41.683  -30.044  63.354 0.0000000000
105814  -41.923  -30.370  62.922 0.0000000000
105818  -42.857  -30.140  61.628 0.0000000000
105819  -43.205  -29.916  61.220 0.0000000000
105820  -41.528  -26.708  60.610 0.0000000000
105821  -41.478  -26.923  61.162 0.0000000000
105822  -41.901  -26.459  61.173 0.0000000000
105823  -42.266  -26.321  61.618 0.0000000000
105824  -42.675  -26.295  61.960 0.0000000000
105825  -44.771  -25.474  61.336 0.0000000000
105826  -44.358  -25.820  61.628 0.0000000000
105827  -44.766  -26.087  61.404 0.0000000000
105828  -44.663  -26.700  61.417 0.0000000000
105829  -44.522  -27.397  61.239 0.0000000000
105830  -44.362  -28.031  61.013 0.0000000000
105831  -44.745  -27.787  60.721 0.0000000000
105832  -44.877  -28.178  60.162 0.0000000000
105833  -44.963  -28.525  59.617 0.0000000000
105835  -45.341  -28.276  59.280 0.0000000000
105836  -45.675  -28.024  58.934 0.0000000000
105837  -46.006  -27.743  58.665 0.0000000000
105838  -47.408  -24.936  58.720 0.0000000000
105839  -47.171  -25.664  58.576 0.0000000000
105840  -47.502  -25.413  58.198 0.0000000000
105841  -47.530  -25.856  57.655 0.0000000000
105842  -47.516  -26.334  57.069 0.0000000000
105843  -47.460  -26.853  56.449 0.0000000000
105844  -47.782  -26.141  56.678 0.0000000000
105845  -48.033  -25.933  56.341 0.0000000000
105961  -21.418  -31.390  70.813 0.0000000000
105962  -21.377  -31.516  71.403 0.0000000000
105963  -21.336  -31.716  71.841 0.0000000000
105966  -22.177  -32.466  71.752 0.0000000000
108404  -51.437  -20.961  53.249 0.0000000000
108405  -51.136  -21.597  53.094 0.0000000000
108406  -51.425  -21.618  52.661 0.0000000000
108413  -51.610  -17.713  51.079 0.0000000000
108414  -51.827  -17.745  51.640 0.0000000000
108415  -52.355  -17.805  51.276 0.0000000000
108416  -52.968  -18.088  51.360 0.0000000000
108417  -53.459  -18.538  51.322 0.0000000000
108418  -54.737  -20.694  49.409 0.0000000000
108419  -54.547  -20.390  49.932 0.0000000000
108459  -56.367  -17.308  42.426 0.0000000000
108460  -55.836  -17.085  42.367 0.0000000000
108461  -56.069  -17.439  42.702 0.0000000000
108462  -55.837  -17.595  42.947 0.0000000000
108463  -55.633  -17.724  43.243 0.0000000000
108464  -55.343  -17.870  43.542 0.0000000000
108465  -55.932  -18.008  43.662 0.0000000000
108466  -56.199  -18.358  44.118 0.0000000000
108467  -56.291  -18.811  44.410 0.0000000000
108468  -56.268  -19.300  44.663 0.0000000000
116820  -57.651  -12.723  37.284 0.0000000000
116821  -58.247  -12.814  37.568 0.0000000000
116822  -58.003  -12.391  36.915 0.0000000000
116823  -58.377  -12.111  36.510 0.0000000000
116824  -58.739  -11.846  36.077 0.0000000000
116826  -58.453  -11.506  35.347 0.0000000000
116827  -59.132  -11.557  35.639 0.0000000000
116828  -59.444  -11.350  35.178 0.0000000000
121177  -48.171  -23.633  58.240 0.0000000000
121178  -48.398  -23.274  58.039 0.0000000000
121179  -48.143  -22.786  58.450 0.0000000000
121180  -48.074  -21.984  58.528 0.0000000000
121181  -47.907  -21.322  58.427 0.0000000000
121182  -47.322  -21.437  58.837 0.0000000000
121183  -47.495  -21.037  58.553 0.0000000000
121184  -47.727  -20.658  58.223 0.0000000000
121185  -47.459  -20.137  57.816 0.0000000000
121186  -47.225  -19.731  57.232 0.0000000000
121187  -46.918  -19.400  56.588 0.0000000000
121271  -22.872  -31.453  70.968 0.0000000000
121272  -23.299  -31.668  71.114 0.0000000000
121273  -23.355  -31.393  70.670 0.0000000000
121274  -23.830  -31.289  70.344 0.0000000000
121278  -24.776  -31.123  69.855 0.0000000000
121279  -25.233  -31.017  69.626 0.0000000000
121280  -25.690  -30.911  69.407 0.0000000000
121281  -26.162  -30.788  69.254 0.0000000000
121302  -34.285  -30.644  66.298 0.0000000000
121332  -38.414  -29.907  64.560 0.0000000000
121333  -38.835  -29.969  64.862 0.0000000000
121334  -39.201  -30.228  64.916 0.0000000000
121335  -39.542  -30.502  64.874 0.0000000000
121336  -39.663  -30.047  64.632 0.0000000000
121337  -40.096  -29.855  64.387 0.0000000000
121338  -40.573  -29.633  64.134 0.0000000000
121339  -40.278  -29.074  63.821 0.0000000000
121340  -40.649  -29.258  63.899 0.0000000000
121341  -41.012  -29.467  63.872 0.0000000000
121342  -41.473  -29.234  63.593 0.0000000000
121343  -41.866  -28.941  63.326 0.0000000000
121344  -42.318  -28.668  62.999 0.0000000000
121345  -42.997  -25.040  60.192 0.0000000000
121346  -43.021  -25.258  60.799 0.0000000000
121347  -43.440  -24.815  60.686 0.0000000000
121348  -43.852  -24.757  60.932 0.0000000000
121349  -44.313  -24.790  61.101 0.0000000000
121350  -44.683  -23.952  60.580 0.0000000000
121351  -44.725  -24.394  60.916 0.0000000000
121352  -44.784  -24.894  61.185 0.0000000000
121353  -45.215  -25.106  61.098 0.0000000000
121354  -45.583  -25.378  60.863 0.0000000000
121355  -45.894  -25.721  60.477 0.0000000000
121356  -46.076  -26.161  59.988 0.0000000000
121357  -46.209  -25.425  60.181 0.0000000000
121358  -46.596  -25.132  59.838 0.0000000000
121359  -46.912  -24.800  59.560 0.0000000000
121360  -46.639  -23.696  60.019 0.0000000000
121361  -46.980  -24.024  59.706 0.0000000000
121362  -47.226  -24.470  59.239 0.0000000000
121363  -47.561  -24.178  58.893 0.0000000000
121364  -47.856  -23.919  58.550 0.0000000000
121457  -21.927  -31.351  69.889 0.0000000000
121458  -22.440  -31.333  70.568 0.0000000000
123351  -50.077  -20.627  55.589 0.0000000000
123352  -50.217  -21.217  55.100 0.0000000000
123353  -50.375  -20.498  55.126 0.0000000000
123354  -50.665  -20.373  54.688 0.0000000000
123355  -50.996  -20.305  54.230 0.0000000000
123356  -50.828  -19.152  54.448 0.0000000000
123357  -51.161  -19.704  54.133 0.0000000000
123358  -51.360  -20.352  53.735 0.0000000000
123359  -51.736  -20.351  53.268 0.0000000000
123360  -52.101  -20.377  52.845 0.0000000000
123361  -52.445  -20.510  52.382 0.0000000000
123362  -53.354  -18.080  49.652 0.0000000000
123363  -53.584  -18.178  50.107 0.0000000000
123364  -53.995  -18.352  49.679 0.0000000000
123365  -54.453  -18.782  49.640 0.0000000000
123366  -54.760  -19.411  49.480 0.0000000000
123367  -55.061  -19.153  48.715 0.0000000000
123368  -55.045  -19.598  48.990 0.0000000000
123369  -54.919  -20.124  49.241 0.0000000000
123370  -54.944  -20.921  48.896 0.0000000000
123394  -55.618  -15.762  40.414 0.0000000000
123395  -55.243  -16.080  40.628 0.0000000000
123396  -55.932  -16.038  41.025 0.0000000000
123397  -56.253  -16.327  41.519 0.0000000000
123398  -56.426  -16.658  41.881 0.0000000000
123399  -56.983  -16.832  41.468 0.0000000000
123400  -56.787  -16.954  41.834 0.0000000000
123401  -56.606  -17.155  42.134 0.0000000000
123402  -56.730  -17.606  42.311 0.0000000000
123403  -56.720  -18.180  42.482 0.0000000000
131008  -45.184  -22.134  58.638 0.0000000000
131009  -45.396  -21.764  58.384 0.0000000000
131010  -45.019  -22.033  57.878 0.0000000000
131169  -42.661  -25.366  59.630 0.0000000000
131171  -43.523  -24.440  59.450 0.0000000000
131172  -43.883  -24.019  59.339 0.0000000000
131175  -44.235  -23.565  59.166 0.0000000000
131176  -44.568  -23.080  58.997 0.0000000000
131177  -44.858  -22.617  58.824 0.0000000000
132975  -48.809  -18.000  52.127 0.0000000000
132976  -49.591  -17.812  52.510 0.0000000000
132978  -49.814  -17.801  51.501 0.0000000000
132979  -50.316  -17.792  51.191 0.0000000000
132984  -51.716  -17.794  50.229 0.0000000000
132985  -52.118  -17.865  49.872 0.0000000000
132994  -52.593  -17.993  49.494 0.0000000000
132995  -53.047  -18.100  49.097 0.0000000000
132996  -53.490  -18.265  48.661 0.0000000000
132997  -53.877  -18.366  48.222 0.0000000000
132999  -53.545  -18.384  47.701 0.0000000000
133000  -54.243  -18.452  47.807 0.0000000000
133001  -54.484  -18.536  47.354 0.0000000000
133002  -54.762  -18.564  46.939 0.0000000000
133003  -55.061  -18.582  46.466 0.0000000000
133022  -54.927  -15.411  38.951 0.0000000000
133023  -55.279  -15.541  39.738 0.0000000000
133024  -55.956  -15.461  40.177 0.0000000000
133025  -56.533  -15.505  40.497 0.0000000000
133026  -57.007  -15.629  40.660 0.0000000000
133027  -57.179  -14.855  40.051 0.0000000000
133028  -57.269  -15.346  40.374 0.0000000000
133029  -57.353  -15.894  40.610 0.0000000000
133030  -57.538  -16.283  40.352 0.0000000000
133031  -57.605  -16.739  39.955 0.0000000000
133032  -57.478  -17.184  39.470 0.0000000000
133037  -58.432  -15.485  38.704 0.0000000000
133043  -58.663  -13.089  37.638 0.0000000000
133044  -58.990  -13.431  37.580 0.0000000000
133045  -59.206  -13.853  37.422 0.0000000000
133046  -59.588  -12.956  36.491 0.0000000000
133047  -59.463  -13.650  36.817 0.0000000000
144612  -48.660  -24.999  55.549 0.0000000000
144613  -48.839  -24.687  55.288 0.0000000000
144614  -49.018  -24.248  55.060 0.0000000000
144615  -49.306  -23.393  55.363 0.0000000000
144616  -49.549  -22.564  55.602 0.0000000000
144617  -49.741  -21.657  55.825 0.0000000000
144618  -48.592  -22.908  57.771 0.0000000000
144619  -48.800  -22.525  57.508 0.0000000000
144620  -48.966  -22.157  57.236 0.0000000000
144621  -48.707  -20.991  57.598 0.0000000000
144622  -48.982  -21.393  57.294 0.0000000000
144623  -49.192  -21.852  56.898 0.0000000000
144624  -49.391  -21.552  56.572 0.0000000000
144625  -49.640  -21.154  56.271 0.0000000000
144626  -49.855  -20.922  55.914 0.0000000000
144627  -49.870  -20.104  55.945 0.0000000000
144628  -49.836  -19.489  55.766 0.0000000000
144629  -49.715  -18.912  55.450 0.0000000000
144630  -49.063  -18.845  55.897 0.0000000000
144631  -49.309  -18.625  55.438 0.0000000000
144632  -49.549  -18.445  55.037 0.0000000000
144635  -48.810  -18.004  53.319 0.0000000000
144636  -45.605  -21.379  58.084 0.0000000000
144638  -45.965  -20.584  57.368 0.0000000000
144640  -45.762  -20.401  56.576 0.0000000000
144641  -46.159  -20.191  57.027 0.0000000000
144642  -46.196  -19.861  56.550 0.0000000000
144643  -46.400  -19.569  56.165 0.0000000000
144644  -46.535  -19.305  55.729 0.0000000000
144653  -46.676  -19.036  55.309 0.0000000000
144654  -46.851  -18.855  54.841 0.0000000000
144662  -48.506  -18.041  52.586 0.0000000000
144851  -21.332  -34.487  69.242 0.0000000000
144853  -21.821  -34.423  69.110 0.0000000000
144854  -22.307  -34.352  68.894 0.0000000000
144862  -23.676  -31.921  70.996 0.0000000000
144863  -24.007  -32.159  70.781 0.0000000000
144886  -25.776  -30.537  68.210 0.0000000000
144887  -26.238  -30.579  68.699 0.0000000000
144888  -26.652  -30.702  69.059 0.0000000000
144897  -27.031  -30.853  69.294 0.0000000000
144900  -28.027  -31.880  68.970 0.0000000000
144901  -28.729  -31.441  68.809 0.0000000000
144903  -28.292  -32.261  68.524 0.0000000000
144904  -28.493  -32.677  67.916 0.0000000000
144910  -30.581  -32.696  67.645 0.0000000000
144917  -31.795  -31.466  67.847 0.0000000000
144918  -32.065  -31.856  67.698 0.0000000000
144921  -32.257  -32.281  67.434 0.0000000000
144922  -32.451  -32.727  67.013 0.0000000000
144928  -34.497  -32.729  66.316 0.0000000000
144929  -34.639  -33.118  65.880 0.0000000000
144995  -34.395  -30.453  65.816 0.0000000000
144996  -34.792  -30.701  66.182 0.0000000000
145001  -36.221  -30.413  65.021 0.0000000000
145003  -35.534  -30.569  65.630 0.0000000000
145004  -35.366  -30.744  66.063 0.0000000000
145005  -35.191  -30.956  66.419 0.0000000000
145006  -35.544  -31.311  66.449 0.0000000000
145007  -35.881  -31.683  66.351 0.0000000000
145008  -36.155  -32.049  66.167 0.0000000000
145009  -36.994  -31.591  65.942 0.0000000000
145010  -36.710  -31.982  65.941 0.0000000000
145011  -36.377  -32.348  65.891 0.0000000000
145012  -36.600  -32.742  65.496 0.0000000000
145024  -39.837  -30.803  64.630 0.0000000000
145025  -40.075  -31.083  64.292 0.0000000000
145026  -40.286  -31.391  63.871 0.0000000000
145027  -41.004  -30.771  63.635 0.0000000000
145028  -40.775  -31.244  63.493 0.0000000000
145029  -40.447  -31.710  63.364 0.0000000000
145042  -40.422  -28.141  61.606 0.0000000000
145043  -40.784  -27.944  62.070 0.0000000000
145044  -41.180  -27.813  62.540 0.0000000000
145045  -41.533  -27.104  61.847 0.0000000000
145046  -41.550  -27.402  62.331 0.0000000000
145047  -41.563  -27.799  62.802 0.0000000000
145048  -41.952  -27.906  62.868 0.0000000000
145049  -42.369  -28.080  62.898 0.0000000000
145050  -42.724  -28.327  62.779 0.0000000000
145051  -43.049  -25.493  61.385 0.0000000000
145052  -43.085  -25.904  61.770 0.0000000000
145053  -43.127  -26.383  62.090 0.0000000000
145054  -43.940  -26.197  61.872 0.0000000000
145055  -43.572  -26.537  62.090 0.0000000000
145056  -43.095  -26.787  62.333 0.0000000000
145057  -43.135  -27.396  62.409 0.0000000000
145058  -43.074  -27.959  62.434 0.0000000000
145059  -42.998  -28.606  62.441 0.0000000000
145060  -43.276  -28.933  61.971 0.0000000000
145061  -43.423  -29.284  61.389 0.0000000000
145062  -43.529  -29.638  60.842 0.0000000000
145063  -44.143  -28.708  60.744 0.0000000000
145064  -43.872  -29.390  60.495 0.0000000000
145078  -46.200  -26.594  59.454 0.0000000000
145079  -46.283  -27.008  58.905 0.0000000000
145080  -46.327  -27.470  58.288 0.0000000000
145081  -46.943  -26.422  58.280 0.0000000000
145082  -46.616  -27.172  58.002 0.0000000000
145083  -46.337  -27.906  57.698 0.0000000000
145089  -46.935  -28.483  55.024 0.0000000000
145090  -47.399  -27.360  55.848 0.0000000000
145091  -47.288  -27.820  55.271 0.0000000000
145337  -21.132  -33.676  71.138 0.0000000000
145338  -21.234  -34.088  70.278 0.0000000000
150237  -50.234  -21.808  54.521 0.0000000000
150255  -50.341  -17.765  52.751 0.0000000000
150256  -51.039  -17.895  52.903 0.0000000000
150257  -51.602  -18.212  52.913 0.0000000000
150258  -52.064  -17.950  52.076 0.0000000000
150259  -52.112  -18.249  52.450 0.0000000000
150260  -52.103  -18.680  52.812 0.0000000000
150261  -52.492  -19.292  52.614 0.0000000000
150262  -52.720  -19.958  52.336 0.0000000000
150263  -52.813  -20.715  51.937 0.0000000000
150264  -53.700  -18.362  50.564 0.0000000000
150265  -53.813  -18.752  50.874 0.0000000000
150266  -53.796  -19.179  51.150 0.0000000000
150268  -53.958  -19.989  50.878 0.0000000000
150269  -53.648  -19.795  51.333 0.0000000000
150270  -53.432  -20.351  51.467 0.0000000000
150271  -53.139  -20.959  51.510 0.0000000000
150272  -52.780  -21.464  51.443 0.0000000000
150332  -53.189  -18.775  45.615 0.0000000000
150333  -53.993  -18.521  45.824 0.0000000000
150334  -54.705  -18.473  45.953 0.0000000000
150335  -55.265  -18.595  46.019 0.0000000000
150345  -54.894  -16.398  40.835 0.0000000000
150346  -54.525  -16.722  40.998 0.0000000000
150347  -54.107  -17.051  41.154 0.0000000000
150348  -55.188  -17.060  42.124 0.0000000000
150349  -54.498  -17.158  41.796 0.0000000000
150350  -53.696  -17.430  41.316 0.0000000000
150355  -53.677  -18.465  43.246 0.0000000000
150356  -54.244  -18.311  43.983 0.0000000000
150357  -55.131  -18.053  43.827 0.0000000000
150358  -54.951  -18.124  44.237 0.0000000000
150359  -54.761  -18.281  44.601 0.0000000000
150360  -55.158  -18.346  45.155 0.0000000000
150361  -55.475  -18.559  45.591 0.0000000000
150362  -55.718  -18.873  46.029 0.0000000000
150363  -56.014  -19.308  45.959 0.0000000000
150364  -56.075  -19.899  45.832 0.0000000000
150365  -55.908  -20.503  45.547 0.0000000000
150366  -56.136  -19.886  44.849 0.0000000000
150367  -55.914  -20.514  45.043 0.0000000000
150368  -55.666  -21.173  45.129 0.0000000000
