#!ascii label, from file  /biac2/kgs/3Danat/FreesurferSegmentations/fsaverage-bkup/label/CBA/cROIs/averages/label/MPM_lh.FG3.label 
1873
17557 -29.705000 -61.709000 -12.925000 0.500000
144054 -30.066000 -61.614000 -12.436000 0.400000
34335 -30.383000 -61.372000 -12.012000 0.600000
144055 -29.886000 -60.850000 -12.667000 0.600000
75711 -29.048000 -60.389000 -13.685000 0.600000
75710 -29.516000 -60.970000 -13.092000 0.500000
75713 -28.624000 -59.706000 -14.334000 0.600000
144053 -30.168000 -60.596000 -12.290000 0.700000
144052 -30.672000 -61.224000 -11.594000 0.700000
144056 -29.692000 -60.113000 -12.920000 0.700000
34336 -29.261000 -60.215000 -13.293000 0.700000
75712 -28.754000 -59.623000 -13.872000 0.700000
144084 -28.381000 -59.090000 -14.845000 0.500000
34337 -28.333000 -58.972000 -14.475000 0.700000
144083 -28.681000 -59.794000 -14.819000 0.500000
1411 -25.344000 -60.817000 -8.435000 0.500000
63114 -30.527000 -60.472000 -11.911000 0.700000
5679 -29.944000 -59.813000 -12.612000 0.700000
144057 -29.019000 -59.437000 -13.533000 0.700000
97774 -29.802000 -59.090000 -12.898000 0.700000
13359 -28.729000 -58.578000 -13.826000 0.700000
97773 -29.349000 -59.234000 -13.197000 0.700000
97775 -29.043000 -58.388000 -13.474000 0.700000
144085 -28.150000 -58.293000 -14.963000 0.600000
162966 -31.403000 -59.951000 -8.695000 0.700000
162965 -31.536000 -59.580000 -9.443000 0.700000
63115 -30.749000 -60.157000 -11.578000 0.700000
128298 -30.995000 -59.972000 -11.254000 0.700000
46471 -24.993000 -60.051000 -8.725000 0.600000
15749 -24.085000 -61.193000 -9.396000 0.400000
63116 -30.322000 -59.572000 -12.286000 0.700000
144058 -28.487000 -58.912000 -14.010000 0.700000
144059 -28.115000 -58.170000 -14.639000 0.700000
44081 -27.878000 -57.094000 -14.524000 0.700000
34346 -28.101000 -57.605000 -15.549000 0.600000
162968 -31.105000 -59.194000 -8.212000 0.700000
162967 -31.271000 -59.577000 -8.420000 0.700000
40669 -31.478000 -59.849000 -9.786000 0.700000
40670 -31.452000 -59.269000 -9.086000 0.700000
91433 -31.381000 -58.884000 -8.901000 0.700000
15753 -25.835000 -59.120000 -8.242000 0.600000
162964 -31.439000 -59.074000 -10.249000 0.700000
128299 -30.850000 -59.038000 -11.709000 0.700000
91429 -31.329000 -59.367000 -10.582000 0.700000
91431 -31.469000 -58.831000 -9.888000 0.700000
91432 -31.471000 -58.501000 -9.624000 0.700000
102078 -23.885000 -59.630000 -9.171000 0.500000
46470 -24.329000 -60.246000 -9.153000 0.500000
13360 -29.413000 -58.147000 -13.180000 0.700000
128300 -30.039000 -58.715000 -12.657000 0.700000
91430 -31.364000 -57.986000 -10.423000 0.700000
102077 -23.604000 -60.474000 -9.561000 0.400000
44080 -28.400000 -57.692000 -14.011000 0.700000
128301 -30.387000 -58.585000 -12.355000 0.700000
114762 -31.198000 -58.504000 -11.043000 0.700000
22798 -31.359000 -58.292000 -10.691000 0.700000
102076 -22.852000 -60.772000 -9.977000 0.400000
63118 -29.822000 -57.937000 -12.913000 0.700000
114763 -31.120000 -57.786000 -11.429000 0.700000
114764 -31.199000 -57.441000 -11.170000 0.700000
44079 -28.188000 -57.997000 -14.292000 0.700000
97776 -28.766000 -57.578000 -13.700000 0.700000
128304 -30.157000 -56.460000 -12.714000 0.700000
22797 -30.657000 -57.141000 -12.105000 0.700000
352 -27.834000 -57.313000 -14.827000 0.700000
63120 -29.732000 -56.592000 -13.085000 0.700000
144087 -27.830000 -56.639000 -15.672000 0.600000
137449 -27.483000 -56.406000 -14.977000 0.700000
162979 -27.515000 -56.162000 -14.652000 0.700000
7152 -27.984000 -54.038000 -16.467000 0.500000
144089 -28.225000 -54.899000 -16.399000 0.500000
75739 -30.589000 -54.244000 -16.648000 0.400000
75740 -29.771000 -54.490000 -16.669000 0.500000
91435 -31.284000 -57.776000 -9.095000 0.700000
70294 -25.843000 -57.767000 -8.118000 0.600000
5680 -31.064000 -58.806000 -11.343000 0.700000
15751 -24.627000 -59.404000 -8.881000 0.500000
10145 -31.451000 -57.617000 -10.202000 0.700000
63117 -29.033000 -57.156000 -13.503000 0.700000
28656 -30.096000 -57.628000 -12.696000 0.700000
13361 -28.056000 -56.908000 -14.162000 0.700000
63121 -29.037000 -55.946000 -13.424000 0.700000
32048 -27.020000 -53.935000 -15.917000 0.700000
137448 -27.621000 -56.562000 -15.294000 0.700000
70315 -27.281000 -54.833000 -15.827000 0.700000
137450 -27.267000 -55.610000 -15.429000 0.700000
70316 -27.448000 -53.918000 -16.236000 0.700000
70304 -28.440000 -57.284000 -7.310000 0.700000
7150 -29.175000 -57.091000 -7.337000 0.700000
102089 -29.760000 -56.979000 -7.484000 0.800000
15757 -30.309000 -56.769000 -7.840000 0.800000
32041 -27.724000 -57.428000 -7.425000 0.600000
70305 -28.209000 -56.813000 -7.349000 0.600000
70306 -28.919000 -56.696000 -7.274000 0.600000
102091 -30.552000 -57.267000 -7.987000 0.800000
137436 -27.508000 -56.908000 -7.450000 0.600000
32039 -27.330000 -56.482000 -7.383000 0.600000
162971 -31.144000 -57.400000 -8.818000 0.700000
7149 -26.466000 -57.665000 -7.835000 0.600000
70298 -26.840000 -57.037000 -7.646000 0.600000
15752 -25.175000 -57.998000 -8.242000 0.600000
70295 -25.481000 -57.425000 -7.952000 0.600000
91436 -31.407000 -57.349000 -9.847000 0.700000
102079 -24.239000 -58.960000 -8.686000 0.500000
102080 -24.528000 -58.336000 -8.339000 0.600000
40672 -31.342000 -57.029000 -9.491000 0.700000
114765 -31.323000 -57.196000 -10.873000 0.700000
97777 -28.383000 -56.562000 -13.893000 0.700000
63119 -29.436000 -56.963000 -13.232000 0.700000
53518 -30.871000 -56.905000 -11.787000 0.700000
91442 -26.915000 -54.563000 -15.136000 0.800000
32047 -27.176000 -55.497000 -15.082000 0.700000
5681 -28.754000 -56.320000 -13.676000 0.700000
53517 -30.421000 -56.222000 -12.414000 0.700000
137452 -26.825000 -53.719000 -15.632000 0.800000
162980 -27.684000 -55.866000 -14.344000 0.700000
162984 -28.424000 -55.325000 -13.834000 0.700000
144092 -28.709000 -53.905000 -16.667000 0.500000
75741 -30.309000 -53.471000 -16.743000 0.500000
75742 -30.087000 -52.586000 -16.885000 0.500000
8007 -31.190000 -53.107000 -16.662000 0.400000
32042 -28.709000 -56.210000 -7.214000 0.600000
70308 -29.598000 -56.503000 -7.349000 0.700000
32043 -30.057000 -55.854000 -7.490000 0.800000
137442 -30.189000 -56.332000 -7.622000 0.900000
137437 -28.021000 -56.356000 -7.262000 0.600000
70310 -30.674000 -56.161000 -7.960000 0.800000
70309 -30.745000 -56.587000 -8.234000 0.800000
7151 -31.149000 -56.339000 -8.741000 0.800000
70297 -26.621000 -56.654000 -7.511000 0.600000
32038 -25.937000 -56.946000 -7.620000 0.600000
162972 -31.286000 -56.575000 -9.237000 0.800000
7147 -23.963000 -58.758000 -8.464000 0.600000
137424 -24.914000 -57.802000 -8.012000 0.600000
137425 -25.341000 -57.350000 -7.667000 0.600000
162974 -31.392000 -56.201000 -9.908000 0.700000
70287 -23.513000 -59.388000 -8.927000 0.500000
22800 -31.281000 -56.014000 -10.953000 0.700000
91438 -31.361000 -55.720000 -10.532000 0.700000
70288 -22.789000 -59.865000 -9.189000 0.500000
70289 -23.270000 -59.308000 -8.667000 0.500000
114767 -31.147000 -56.206000 -11.355000 0.700000
22799 -30.985000 -56.525000 -11.601000 0.700000
7153 -26.679000 -53.438000 -15.315000 0.800000
91443 -27.234000 -55.242000 -14.734000 0.800000
162981 -28.030000 -55.566000 -14.041000 0.700000
162985 -28.776000 -55.049000 -13.645000 0.700000
128305 -29.870000 -55.537000 -12.953000 0.700000
40675 -27.495000 -55.023000 -14.428000 0.700000
34348 -29.524000 -53.746000 -16.761000 0.500000
137438 -28.468000 -55.863000 -7.106000 0.700000
128274 -29.003000 -55.324000 -7.007000 0.700000
137439 -29.239000 -55.603000 -7.171000 0.700000
137440 -29.911000 -55.414000 -7.314000 0.800000
137441 -30.477000 -55.279000 -7.509000 0.800000
137429 -27.798000 -56.027000 -7.191000 0.700000
28644 -29.689000 -55.084000 -7.116000 0.800000
137444 -31.005000 -55.001000 -7.938000 0.800000
137428 -27.126000 -56.197000 -7.282000 0.600000
70311 -31.151000 -55.854000 -8.527000 0.800000
137427 -26.376000 -56.463000 -7.338000 0.600000
70313 -31.459000 -55.492000 -9.095000 0.700000
70293 -24.348000 -58.256000 -8.073000 0.600000
32037 -24.837000 -57.794000 -7.698000 0.600000
40673 -31.490000 -55.335000 -10.197000 0.800000
162976 -31.648000 -55.018000 -9.756000 0.700000
70291 -23.817000 -58.795000 -8.171000 0.600000
91440 -31.710000 -54.477000 -10.458000 0.800000
32034 -22.609000 -59.967000 -8.876000 0.400000
53519 -30.627000 -55.979000 -12.160000 0.700000
53520 -30.828000 -55.598000 -11.949000 0.700000
91437 -31.197000 -55.203000 -11.129000 0.700000
137413 -21.559000 -61.181000 -9.664000 0.400000
53521 -30.371000 -54.992000 -12.448000 0.700000
114768 -31.026000 -55.382000 -11.623000 0.700000
91444 -26.995000 -54.208000 -14.901000 0.800000
162983 -27.715000 -54.583000 -14.194000 0.800000
2530 -30.160000 -55.245000 -12.720000 0.700000
162986 -29.257000 -54.831000 -13.353000 0.700000
137454 -26.851000 -52.919000 -16.049000 0.800000
137453 -27.255000 -53.013000 -16.306000 0.700000
102094 -27.778000 -53.152000 -16.531000 0.500000
34349 -30.705000 -51.669000 -16.923000 0.500000
144093 -29.269000 -52.975000 -16.840000 0.500000
144101 -31.787000 -52.058000 -16.699000 0.400000
128275 -28.938000 -54.888000 -6.868000 0.600000
128276 -29.610000 -54.698000 -6.922000 0.700000
63099 -30.374000 -54.866000 -7.361000 0.800000
5674 -30.931000 -54.609000 -7.680000 0.800000
53499 -27.583000 -55.640000 -7.073000 0.700000
22779 -26.869000 -55.976000 -7.073000 0.700000
137445 -31.498000 -54.668000 -8.434000 0.800000
114729 -26.238000 -56.424000 -7.063000 0.600000
97764 -31.458000 -54.299000 -8.087000 0.800000
7148 -25.711000 -56.947000 -7.064000 0.600000
137446 -31.840000 -54.299000 -8.971000 0.800000
32045 -31.758000 -54.717000 -9.346000 0.800000
70292 -24.260000 -58.418000 -7.790000 0.600000
137422 -24.748000 -57.992000 -7.446000 0.600000
91439 -31.418000 -54.810000 -10.839000 0.900000
162977 -31.906000 -54.223000 -9.973000 0.800000
114769 -30.901000 -54.502000 -11.783000 0.800000
10146 -31.214000 -54.193000 -11.418000 0.800000
70290 -23.150000 -59.524000 -8.328000 0.500000
91458 -30.154000 -53.134000 -12.773000 0.800000
22801 -30.675000 -54.749000 -12.137000 0.700000
137417 -22.510000 -60.255000 -8.548000 0.400000
114770 -26.517000 -52.408000 -15.465000 0.800000
162982 -27.228000 -53.935000 -14.537000 0.800000
91446 -27.491000 -53.695000 -14.319000 0.800000
91448 -28.545000 -54.104000 -13.755000 0.800000
162996 -29.875000 -54.289000 -12.889000 0.700000
137455 -26.612000 -52.713000 -15.700000 0.800000
40676 -28.057000 -54.357000 -13.933000 0.800000
162987 -29.512000 -54.463000 -13.217000 0.700000
91447 -27.914000 -53.389000 -14.101000 0.800000
32049 -26.743000 -51.943000 -16.165000 0.800000
91445 -27.336000 -52.729000 -14.433000 0.800000
102095 -28.267000 -52.106000 -16.836000 0.600000
15760 -27.640000 -52.141000 -16.647000 0.600000
144094 -29.848000 -51.853000 -17.025000 0.500000
162907 -28.707000 -54.586000 -6.667000 0.600000
63100 -30.261000 -54.447000 -7.135000 0.700000
53500 -27.343000 -55.493000 -6.879000 0.600000
28646 -30.780000 -53.903000 -7.115000 0.700000
97765 -31.388000 -53.946000 -7.791000 0.700000
114731 -26.706000 -55.958000 -6.833000 0.600000
22781 -27.958000 -54.918000 -6.684000 0.600000
162908 -28.549000 -54.355000 -6.536000 0.600000
22780 -26.662000 -55.866000 -6.646000 0.600000
13354 -31.844000 -53.947000 -8.626000 0.800000
91374 -25.180000 -57.575000 -7.135000 0.600000
114730 -26.142000 -56.448000 -6.817000 0.600000
97766 -31.791000 -53.622000 -8.261000 0.700000
137421 -24.236000 -58.625000 -7.547000 0.500000
137447 -32.026000 -53.853000 -9.557000 0.800000
137419 -23.682000 -59.267000 -7.663000 0.300000
163003 -31.774000 -53.051000 -11.179000 0.800000
40674 -31.875000 -53.665000 -10.579000 0.800000
162999 -30.919000 -53.538000 -11.977000 0.800000
163002 -31.394000 -53.346000 -11.575000 0.800000
91457 -29.665000 -52.383000 -13.165000 0.800000
22803 -26.958000 -52.863000 -14.730000 0.800000
40677 -29.014000 -53.849000 -13.529000 0.800000
40680 -29.729000 -53.327000 -13.059000 0.800000
162997 -30.212000 -54.033000 -12.613000 0.700000
91449 -28.334000 -53.166000 -13.846000 0.800000
10147 -27.757000 -52.322000 -14.267000 0.800000
70318 -27.126000 -51.965000 -16.453000 0.700000
46480 -28.842000 -51.143000 -17.104000 0.600000
75750 -32.214000 -50.426000 -16.998000 0.300000
91383 -29.301000 -54.052000 -6.579000 0.600000
91382 -30.052000 -53.799000 -6.623000 0.700000
128278 -30.695000 -53.516000 -6.881000 0.700000
128280 -31.288000 -53.208000 -7.200000 0.700000
63095 -24.796000 -58.058000 -5.841000 0.500000
114732 -27.316000 -55.324000 -6.675000 0.600000
114733 -27.814000 -54.757000 -6.443000 0.600000
13355 -31.803000 -53.244000 -7.914000 0.700000
91375 -25.231000 -57.631000 -6.864000 0.500000
162901 -26.128000 -56.515000 -6.626000 0.500000
91377 -27.167000 -55.283000 -6.374000 0.600000
97767 -32.224000 -52.884000 -8.358000 0.700000
44073 -24.213000 -59.042000 -7.005000 0.300000
32036 -24.703000 -58.166000 -7.206000 0.500000
44075 -32.175000 -53.207000 -8.789000 0.800000
44078 -32.575000 -52.278000 -9.849000 0.800000
631 -32.320000 -53.098000 -9.662000 0.800000
163001 -31.050000 -52.610000 -12.141000 0.900000
91463 -31.974000 -52.275000 -11.212000 0.900000
163004 -32.085000 -52.935000 -10.666000 0.800000
163005 -32.384000 -52.494000 -10.373000 0.800000
137418 -23.125000 -59.740000 -8.049000 0.400000
91459 -30.248000 -52.222000 -12.867000 0.900000
40681 -30.615000 -52.930000 -12.405000 0.900000
40682 -31.574000 -52.501000 -11.696000 0.900000
22802 -26.397000 -51.349000 -15.611000 0.800000
114772 -26.637000 -52.191000 -15.108000 0.800000
162994 -28.752000 -52.899000 -13.621000 0.800000
162995 -29.320000 -53.629000 -13.265000 0.800000
137456 -26.443000 -51.609000 -15.892000 0.800000
70319 -26.993000 -50.981000 -16.593000 0.700000
102096 -28.115000 -51.165000 -16.980000 0.600000
1414 -30.254000 -50.087000 -17.334000 0.600000
144095 -30.483000 -50.812000 -17.102000 0.600000
40651 -29.103000 -53.806000 -6.355000 0.600000
91384 -29.888000 -53.472000 -6.491000 0.600000
5675 -30.554000 -53.200000 -6.649000 0.700000
162909 -28.398000 -54.193000 -6.235000 0.600000
128281 -31.150000 -52.914000 -6.896000 0.700000
10138 -27.704000 -54.663000 -6.160000 0.600000
28647 -31.729000 -52.573000 -7.246000 0.800000
162900 -25.604000 -57.286000 -6.350000 0.600000
162902 -26.125000 -56.497000 -6.347000 0.500000
91379 -27.083000 -55.218000 -6.122000 0.600000
63103 -31.786000 -52.910000 -7.551000 0.700000
97768 -32.549000 -52.133000 -8.465000 0.800000
13353 -24.642000 -58.556000 -6.671000 0.400000
13356 -32.531000 -52.466000 -8.867000 0.700000
137420 -24.195000 -58.809000 -7.302000 0.400000
44076 -32.429000 -52.798000 -9.277000 0.800000
91462 -31.824000 -51.553000 -11.818000 0.800000
163006 -32.614000 -51.762000 -10.389000 0.800000
10148 -29.864000 -51.592000 -13.218000 0.900000
91461 -31.306000 -51.736000 -12.236000 0.800000
40683 -32.342000 -51.967000 -10.882000 0.800000
114780 -30.422000 -51.269000 -13.013000 0.800000
114774 -27.192000 -51.614000 -14.701000 0.800000
162992 -28.138000 -51.029000 -14.248000 0.800000
91456 -29.245000 -52.652000 -13.432000 0.700000
53523 -26.534000 -51.189000 -15.312000 0.800000
40679 -28.730000 -51.965000 -13.779000 0.800000
162993 -28.250000 -52.165000 -13.987000 0.800000
70320 -26.671000 -50.840000 -16.319000 0.800000
22804 -26.729000 -50.796000 -15.080000 0.800000
102097 -27.951000 -50.222000 -17.148000 0.700000
15761 -28.672000 -50.125000 -17.316000 0.700000
24433 -29.926000 -48.413000 -17.922000 0.600000
118448 -30.769000 -48.365000 -17.917000 0.600000
24432 -31.577000 -48.296000 -17.866000 0.600000
162912 -28.182000 -54.047000 -6.006000 0.600000
114736 -30.793000 -52.217000 -6.401000 0.800000
114734 -31.031000 -52.529000 -6.623000 0.700000
128271 -25.479000 -56.503000 -5.417000 0.500000
91380 -26.913000 -55.248000 -5.864000 0.500000
63104 -32.241000 -52.195000 -7.669000 0.800000
63102 -32.142000 -52.578000 -7.965000 0.700000
63098 -25.931000 -56.635000 -5.832000 0.500000
40649 -26.550000 -55.903000 -6.102000 0.500000
63105 -32.086000 -51.815000 -7.289000 0.800000
63106 -32.585000 -51.401000 -7.742000 0.800000
63096 -25.393000 -57.354000 -5.827000 0.500000
5676 -32.644000 -51.809000 -8.104000 0.800000
97770 -32.840000 -51.671000 -8.998000 0.800000
13357 -33.171000 -50.922000 -9.040000 0.800000
44077 -32.766000 -51.965000 -9.428000 0.800000
13358 -32.913000 -51.507000 -9.940000 0.800000
97771 -33.051000 -51.195000 -9.507000 0.800000
91464 -32.256000 -51.422000 -11.415000 0.800000
22808 -31.011000 -51.126000 -12.635000 0.800000
91465 -32.612000 -51.163000 -11.010000 0.800000
162989 -27.166000 -50.586000 -14.877000 0.800000
91453 -29.368000 -50.794000 -13.663000 0.800000
91454 -28.869000 -50.983000 -13.949000 0.900000
137457 -26.396000 -50.738000 -16.056000 0.800000
53524 -26.397000 -50.052000 -15.539000 0.800000
7154 -27.324000 -50.119000 -16.950000 0.700000
70321 -26.946000 -49.915000 -16.792000 0.700000
137459 -29.270000 -49.251000 -17.650000 0.700000
137464 -27.304000 -49.184000 -17.180000 0.700000
137461 -27.864000 -49.199000 -17.348000 0.700000
32051 -28.377000 -48.309000 -17.791000 0.700000
70323 -29.116000 -48.412000 -17.914000 0.700000
10139 -29.548000 -52.070000 -5.709000 0.800000
91386 -29.445000 -52.960000 -6.027000 0.600000
91385 -29.780000 -52.327000 -5.967000 0.600000
114737 -30.434000 -51.913000 -6.181000 0.800000
91364 -25.161000 -54.016000 -5.115000 0.600000
114723 -25.791000 -54.595000 -5.135000 0.500000
162913 -27.975000 -53.991000 -5.712000 0.600000
91388 -28.467000 -53.286000 -5.626000 0.600000
22782 -31.398000 -51.880000 -6.641000 0.800000
40641 -23.845000 -54.170000 -5.280000 0.600000
91365 -24.834000 -53.778000 -5.094000 0.600000
10136 -25.733000 -53.407000 -5.115000 0.600000
53496 -26.637000 -54.240000 -5.183000 0.500000
162906 -27.155000 -54.526000 -5.428000 0.500000
116039 -23.181000 -52.140000 -5.677000 0.500000
116041 -23.776000 -52.959000 -5.417000 0.500000
162888 -24.641000 -52.727000 -5.161000 0.600000
91366 -25.404000 -53.197000 -5.067000 0.600000
128272 -26.029000 -55.804000 -5.425000 0.500000
2527 -26.950000 -54.394000 -5.287000 0.500000
28648 -32.488000 -51.093000 -7.385000 0.800000
63108 -32.944000 -51.055000 -8.171000 0.800000
44757 -23.990000 -52.014000 -5.367000 0.500000
162905 -26.799000 -55.292000 -5.637000 0.500000
116037 -22.366000 -52.267000 -6.087000 0.400000
162904 -26.427000 -55.934000 -5.844000 0.500000
128289 -33.228000 -50.653000 -8.620000 0.700000
40684 -32.898000 -50.405000 -11.051000 0.800000
97772 -33.195000 -50.667000 -10.043000 0.800000
63109 -33.342000 -50.465000 -9.546000 0.700000
114781 -30.745000 -50.475000 -13.091000 0.800000
91460 -31.560000 -50.986000 -12.313000 0.800000
163008 -33.243000 -50.150000 -10.583000 0.800000
91466 -32.531000 -50.571000 -11.536000 0.800000
114784 -32.397000 -50.011000 -11.992000 0.800000
1415 -26.423000 -49.393000 -16.004000 0.900000
162988 -26.699000 -49.725000 -15.338000 0.900000
162991 -28.354000 -50.221000 -14.391000 0.800000
114779 -30.070000 -50.625000 -13.411000 0.800000
40678 -27.769000 -50.317000 -14.589000 1.000000
22806 -29.014000 -50.160000 -14.059000 0.800000
32050 -26.589000 -49.776000 -16.540000 0.800000
137465 -26.918000 -48.944000 -16.977000 0.700000
91391 -29.149000 -51.824000 -5.504000 0.800000
114738 -30.264000 -51.603000 -5.887000 0.800000
22784 -30.874000 -51.235000 -6.099000 0.800000
91367 -25.574000 -52.370000 -5.073000 0.600000
91390 -28.523000 -52.367000 -5.343000 0.600000
91389 -28.850000 -52.563000 -5.547000 0.600000
53503 -31.147000 -51.510000 -6.392000 0.800000
53504 -31.504000 -50.838000 -6.374000 0.800000
841 -24.309000 -52.407000 -5.279000 0.500000
40644 -25.032000 -52.971000 -5.134000 0.600000
114725 -26.303000 -52.849000 -5.097000 0.600000
162916 -27.893000 -52.954000 -5.256000 0.600000
53502 -31.795000 -51.156000 -6.653000 0.800000
128284 -32.302000 -50.817000 -6.974000 0.800000
128286 -32.757000 -50.420000 -7.371000 0.700000
44761 -24.819000 -51.858000 -5.180000 0.500000
114727 -27.281000 -52.597000 -5.086000 0.600000
40653 -28.184000 -53.082000 -5.408000 0.600000
116038 -22.878000 -51.702000 -5.842000 0.400000
44758 -24.191000 -51.018000 -5.358000 0.400000
44759 -24.527000 -51.436000 -5.255000 0.400000
14041 -25.315000 -51.301000 -5.126000 0.400000
28650 -33.198000 -50.323000 -8.186000 0.700000
98995 -23.890000 -50.509000 -5.518000 0.400000
14039 -24.706000 -50.432000 -5.278000 0.400000
162893 -26.706000 -51.233000 -5.094000 0.400000
63110 -33.428000 -50.210000 -9.088000 0.700000
98997 -24.889000 -49.417000 -5.369000 0.400000
65157 -26.123000 -49.663000 -5.224000 0.500000
5678 -33.475000 -49.929000 -10.077000 0.700000
14038 -24.060000 -49.539000 -5.560000 0.300000
14040 -25.784000 -49.246000 -5.282000 0.500000
6121 -26.411000 -50.133000 -5.162000 0.500000
114782 -31.226000 -50.320000 -12.759000 0.800000
114783 -31.883000 -50.096000 -12.397000 0.800000
163009 -32.834000 -49.859000 -11.568000 0.800000
163011 -33.513000 -49.483000 -10.618000 0.800000
163010 -33.234000 -49.571000 -11.123000 0.800000
128307 -26.555000 -49.119000 -15.747000 0.800000
91451 -27.297000 -49.638000 -15.030000 1.000000
114776 -28.593000 -49.321000 -14.549000 0.800000
114777 -29.289000 -49.165000 -14.228000 0.800000
114778 -29.666000 -49.862000 -13.828000 0.800000
53528 -30.979000 -49.655000 -13.202000 0.800000
22809 -31.621000 -49.470000 -12.835000 0.800000
28659 -26.905000 -48.925000 -15.485000 1.000000
53527 -30.710000 -48.944000 -13.623000 0.800000
137458 -26.367000 -49.543000 -16.290000 0.800000
5683 -28.195000 -48.621000 -14.972000 0.800000
53526 -30.038000 -49.103000 -13.973000 0.800000
137466 -26.592000 -48.745000 -16.757000 0.900000
32052 -27.288000 -48.131000 -17.411000 0.700000
137463 -27.761000 -48.151000 -17.609000 0.700000
137462 -28.332000 -47.297000 -18.124000 0.700000
70324 -29.024000 -47.617000 -18.217000 0.700000
70322 -29.749000 -47.545000 -18.281000 0.700000
56080 -31.391000 -47.526000 -18.229000 0.600000
118450 -30.423000 -46.691000 -18.685000 0.700000
102099 -28.923000 -46.634000 -18.604000 0.700000
56081 -32.079000 -46.557000 -18.660000 0.600000
24434 -31.217000 -46.758000 -18.566000 0.600000
114739 -29.808000 -51.354000 -5.718000 0.800000
114740 -30.501000 -50.897000 -5.939000 0.800000
91368 -25.979000 -52.611000 -5.070000 0.500000
162918 -28.526000 -51.376000 -5.288000 0.800000
162920 -29.210000 -50.811000 -5.411000 0.800000
162919 -29.534000 -51.048000 -5.553000 0.800000
53505 -31.150000 -50.513000 -6.157000 0.800000
162889 -25.176000 -52.118000 -5.109000 0.500000
162892 -26.551000 -52.024000 -5.092000 0.600000
91370 -27.122000 -51.438000 -5.107000 0.500000
40654 -28.871000 -51.559000 -5.372000 0.800000
2528 -32.105000 -50.427000 -6.703000 0.700000
44760 -25.054000 -50.862000 -5.187000 0.400000
162891 -26.310000 -50.923000 -5.098000 0.500000
10137 -28.096000 -51.145000 -5.205000 0.700000
114728 -27.901000 -51.949000 -5.184000 0.700000
53506 -31.768000 -50.109000 -6.436000 0.700000
128285 -32.597000 -50.067000 -7.036000 0.700000
28649 -33.035000 -49.662000 -7.438000 0.700000
98996 -24.390000 -49.945000 -5.398000 0.300000
128287 -33.176000 -49.969000 -7.816000 0.700000
128288 -33.472000 -49.575000 -8.245000 0.700000
128291 -33.735000 -49.123000 -8.728000 0.700000
65158 -26.305000 -48.746000 -5.315000 0.500000
63112 -33.914000 -48.861000 -9.704000 0.700000
6120 -25.004000 -48.444000 -5.536000 0.400000
130916 -25.917000 -48.297000 -5.435000 0.400000
22810 -32.685000 -49.194000 -12.077000 0.800000
63113 -33.755000 -49.222000 -10.123000 0.700000
114785 -32.160000 -49.370000 -12.482000 0.800000
53530 -32.001000 -48.679000 -13.027000 0.800000
114787 -32.968000 -47.709000 -12.800000 0.700000
114775 -28.917000 -48.497000 -14.716000 0.800000
53529 -31.347000 -48.909000 -13.318000 0.800000
128306 -26.454000 -48.288000 -16.256000 0.900000
137467 -26.519000 -48.479000 -16.581000 0.900000
128308 -26.722000 -48.048000 -15.991000 0.900000
128309 -27.150000 -47.947000 -15.715000 0.800000
128310 -27.819000 -47.772000 -15.502000 0.800000
128314 -29.322000 -47.690000 -14.845000 0.800000
32053 -26.687000 -47.615000 -17.034000 0.900000
137468 -26.596000 -47.565000 -16.733000 0.800000
70328 -26.921000 -47.889000 -17.253000 0.900000
70327 -27.286000 -47.048000 -17.736000 0.800000
144106 -32.456000 -48.033000 -17.890000 0.400000
70326 -27.741000 -47.326000 -17.908000 0.800000
15763 -28.291000 -46.441000 -18.438000 0.700000
3335 -29.621000 -46.722000 -18.587000 0.700000
11015 -32.624000 -45.231000 -19.539000 0.500000
91393 -29.847000 -50.289000 -5.605000 0.700000
22785 -30.174000 -50.591000 -5.756000 0.800000
162922 -29.002000 -49.807000 -5.324000 0.700000
114742 -31.103000 -49.392000 -5.972000 0.700000
98999 -25.250000 -49.826000 -5.246000 0.400000
162896 -28.111000 -49.276000 -5.242000 0.600000
91394 -30.141000 -49.524000 -5.635000 0.700000
53508 -32.290000 -49.707000 -6.773000 0.700000
162934 -32.771000 -49.301000 -7.136000 0.700000
91405 -33.212000 -48.882000 -7.505000 0.700000
91404 -33.437000 -49.227000 -7.881000 0.700000
65160 -27.211000 -48.607000 -5.295000 0.500000
5677 -33.761000 -48.814000 -8.306000 0.700000
130917 -26.442000 -47.771000 -5.481000 0.400000
128292 -34.003000 -48.662000 -9.256000 0.700000
65155 -25.607000 -47.044000 -5.840000 0.300000
29639 -26.056000 -47.372000 -5.638000 0.300000
130919 -27.360000 -47.703000 -5.398000 0.500000
114786 -32.563000 -48.567000 -12.571000 0.700000
40685 -33.555000 -48.918000 -11.184000 0.700000
128293 -34.224000 -48.160000 -9.755000 0.700000
130918 -26.962000 -47.269000 -5.550000 0.400000
91467 -33.066000 -48.467000 -12.156000 0.700000
163012 -33.872000 -48.679000 -10.691000 0.700000
91469 -33.527000 -48.296000 -11.736000 0.700000
22811 -32.400000 -47.954000 -13.121000 0.700000
128313 -28.518000 -47.801000 -15.213000 0.800000
22805 -29.674000 -48.363000 -14.436000 0.800000
53525 -30.383000 -48.267000 -14.124000 0.800000
2531 -31.086000 -48.221000 -13.798000 0.800000
128315 -30.083000 -47.592000 -14.605000 0.800000
63123 -26.995000 -47.209000 -16.181000 0.800000
70330 -26.780000 -46.572000 -17.330000 0.800000
137469 -26.782000 -46.414000 -17.022000 0.800000
28658 -26.695000 -47.277000 -16.472000 0.900000
70329 -26.952000 -46.928000 -17.490000 0.900000
7155 -27.334000 -45.936000 -18.141000 0.800000
102101 -28.228000 -45.547000 -18.793000 0.800000
118452 -31.096000 -45.889000 -19.075000 0.700000
118451 -31.926000 -45.893000 -19.054000 0.600000
102100 -28.869000 -45.589000 -19.026000 0.700000
102098 -29.540000 -45.860000 -18.986000 0.700000
46484 -28.829000 -43.873000 -19.773000 0.700000
91392 -30.479000 -49.818000 -5.779000 0.700000
162924 -29.236000 -48.262000 -5.433000 0.600000
40656 -29.843000 -48.454000 -5.524000 0.600000
91396 -30.219000 -48.822000 -5.620000 0.700000
114743 -31.263000 -48.669000 -6.032000 0.700000
114744 -31.693000 -48.967000 -6.254000 0.700000
53507 -31.985000 -49.331000 -6.488000 0.700000
29641 -27.534000 -49.048000 -5.235000 0.500000
40647 -28.556000 -49.562000 -5.242000 0.600000
22787 -31.804000 -48.244000 -6.309000 0.700000
114745 -32.255000 -48.513000 -6.563000 0.700000
22788 -32.572000 -48.924000 -6.804000 0.700000
162897 -28.634000 -48.790000 -5.296000 0.600000
65154 -25.129000 -47.539000 -5.771000 0.300000
130920 -27.765000 -48.082000 -5.341000 0.500000
130921 -28.144000 -48.491000 -5.297000 0.500000
162925 -29.866000 -47.732000 -5.608000 0.600000
91406 -33.616000 -48.416000 -7.940000 0.700000
94673 -27.500000 -46.781000 -5.638000 0.400000
11637 -27.929000 -47.162000 -5.513000 0.500000
42359 -28.919000 -47.072000 -5.560000 0.600000
114748 -33.966000 -47.966000 -8.400000 0.700000
128294 -34.391000 -47.656000 -10.306000 0.700000
22789 -34.224000 -47.916000 -9.274000 0.700000
163013 -34.147000 -47.867000 -10.803000 0.700000
57949 -27.161000 -45.524000 -6.165000 0.300000
91471 -33.922000 -47.444000 -11.886000 0.700000
128316 -30.808000 -47.487000 -14.303000 0.800000
128317 -31.529000 -47.387000 -13.991000 0.800000
163015 -32.224000 -47.329000 -13.680000 0.700000
163016 -32.845000 -47.239000 -13.252000 0.700000
163020 -33.881000 -46.871000 -12.450000 0.700000
28661 -28.971000 -46.944000 -15.420000 0.800000
128318 -31.305000 -46.788000 -14.523000 0.800000
63122 -26.918000 -46.333000 -16.731000 0.800000
28660 -27.497000 -47.012000 -15.913000 0.800000
128312 -28.175000 -47.061000 -15.644000 0.800000
63128 -29.780000 -46.977000 -15.127000 0.800000
32054 -26.910000 -45.642000 -17.611000 0.800000
97780 -28.222000 -44.722000 -16.933000 0.800000
63125 -29.145000 -45.656000 -16.081000 0.800000
97782 -29.810000 -44.748000 -16.443000 0.800000
13364 -29.590000 -43.974000 -17.053000 0.800000
56083 -31.799000 -45.253000 -19.455000 0.600000
24435 -30.967000 -45.224000 -19.483000 0.700000
15764 -28.214000 -44.572000 -19.176000 0.800000
15762 -29.445000 -44.992000 -19.364000 0.600000
46486 -28.823000 -42.992000 -20.156000 0.700000
1416 -29.422000 -43.316000 -20.252000 0.600000
118455 -30.135000 -44.293000 -19.954000 0.600000
91397 -30.407000 -48.019000 -5.696000 0.600000
42361 -29.387000 -47.453000 -5.517000 0.600000
91399 -32.350000 -47.801000 -6.629000 0.700000
114746 -32.777000 -48.083000 -6.898000 0.700000
162926 -30.471000 -47.236000 -5.795000 0.600000
10141 -32.883000 -47.380000 -6.950000 0.700000
162936 -33.238000 -47.686000 -7.246000 0.700000
40660 -33.474000 -48.128000 -7.577000 0.700000
94675 -28.073000 -46.309000 -5.756000 0.400000
42358 -28.527000 -46.621000 -5.669000 0.400000
94681 -30.503000 -46.547000 -5.974000 0.500000
91401 -32.431000 -47.086000 -6.661000 0.700000
162937 -33.829000 -47.729000 -7.979000 0.700000
42360 -29.525000 -46.575000 -5.771000 0.500000
94680 -30.110000 -46.110000 -6.021000 0.500000
22790 -34.158000 -47.232000 -8.452000 0.700000
114749 -34.248000 -47.601000 -8.829000 0.700000
94674 -27.596000 -45.925000 -5.963000 0.300000
11638 -28.146000 -45.435000 -6.154000 0.300000
94676 -28.579000 -45.822000 -5.934000 0.400000
10150 -33.463000 -47.717000 -12.303000 0.700000
53510 -34.468000 -47.152000 -9.309000 0.700000
121066 -27.705000 -45.068000 -6.322000 0.300000
57951 -28.254000 -44.569000 -6.572000 0.300000
163014 -34.526000 -47.072000 -10.890000 0.700000
2529 -34.624000 -46.938000 -10.377000 0.700000
163021 -34.251000 -46.787000 -11.902000 0.700000
163023 -34.765000 -46.391000 -10.930000 0.700000
28662 -30.522000 -46.842000 -14.806000 0.800000
40687 -33.270000 -46.511000 -13.486000 0.700000
163017 -33.383000 -47.118000 -12.887000 0.700000
40689 -34.877000 -45.826000 -11.509000 0.700000
163019 -33.837000 -46.359000 -12.999000 0.700000
91477 -34.643000 -45.438000 -12.656000 0.700000
128311 -27.905000 -46.188000 -16.187000 0.800000
63127 -29.465000 -46.312000 -15.559000 0.800000
91473 -32.728000 -46.656000 -13.801000 0.700000
91476 -34.266000 -45.693000 -13.112000 0.700000
91475 -34.666000 -44.968000 -13.200000 0.700000
63124 -27.259000 -46.310000 -16.424000 0.800000
63126 -28.672000 -46.278000 -15.890000 0.800000
63129 -30.270000 -46.310000 -15.317000 0.800000
63130 -31.053000 -46.209000 -15.078000 0.800000
128319 -31.822000 -46.209000 -14.715000 0.800000
114789 -33.705000 -45.235000 -14.221000 0.800000
114791 -34.704000 -44.363000 -13.826000 0.700000
5682 -27.255000 -45.342000 -16.984000 0.800000
5684 -30.022000 -45.586000 -15.889000 0.800000
128321 -31.434000 -44.902000 -15.882000 0.800000
128323 -32.961000 -44.826000 -15.148000 0.800000
137470 -26.967000 -45.418000 -17.337000 0.800000
137473 -27.297000 -44.670000 -17.578000 0.800000
97781 -28.945000 -44.721000 -16.714000 0.800000
97783 -30.580000 -44.947000 -16.134000 0.800000
28665 -32.814000 -44.199000 -15.777000 0.800000
137471 -27.161000 -44.853000 -18.172000 0.800000
13362 -28.058000 -43.885000 -17.545000 0.800000
97784 -30.441000 -44.167000 -16.721000 0.800000
13365 -31.284000 -44.165000 -16.421000 0.800000
63134 -32.699000 -43.545000 -16.319000 0.800000
70333 -27.429000 -43.782000 -18.585000 0.800000
44085 -30.288000 -43.355000 -17.286000 0.800000
15765 -27.453000 -44.094000 -18.738000 0.800000
56082 -32.495000 -44.581000 -19.972000 0.500000
56085 -30.877000 -44.604000 -19.876000 0.600000
70332 -27.643000 -43.261000 -19.042000 0.800000
102105 -27.856000 -43.408000 -19.315000 0.800000
56084 -31.689000 -44.495000 -19.944000 0.600000
56086 -31.596000 -43.807000 -20.364000 0.600000
118456 -30.095000 -43.563000 -20.376000 0.600000
24436 -30.864000 -43.732000 -20.327000 0.600000
40657 -30.951000 -47.579000 -5.900000 0.700000
162928 -31.477000 -47.862000 -6.123000 0.700000
11641 -29.943000 -46.999000 -5.713000 0.600000
40658 -32.019000 -46.641000 -6.478000 0.700000
91403 -33.013000 -46.578000 -7.026000 0.700000
162939 -33.361000 -46.967000 -7.305000 0.700000
3961 -31.077000 -46.062000 -6.307000 0.500000
91402 -32.541000 -46.206000 -6.779000 0.700000
94677 -29.150000 -45.335000 -6.178000 0.400000
94678 -29.729000 -44.874000 -6.456000 0.400000
11640 -30.205000 -45.237000 -6.346000 0.500000
91408 -34.004000 -46.862000 -8.046000 0.700000
114750 -34.447000 -46.792000 -8.921000 0.700000
57952 -28.730000 -44.132000 -6.845000 0.300000
57956 -29.740000 -44.070000 -6.889000 0.300000
57958 -30.686000 -44.806000 -6.631000 0.500000
10142 -34.447000 -45.660000 -8.593000 0.700000
22791 -34.702000 -46.340000 -9.420000 0.700000
121067 -27.720000 -44.273000 -6.866000 0.300000
57955 -29.595000 -43.330000 -7.426000 0.300000
53512 -34.917000 -45.855000 -9.949000 0.700000
25557 -29.086000 -43.041000 -7.687000 0.300000
163025 -35.280000 -44.871000 -11.053000 0.700000
91472 -32.566000 -46.088000 -14.384000 0.800000
163018 -33.774000 -45.780000 -13.594000 0.700000
91479 -34.972000 -45.258000 -12.123000 0.700000
91474 -33.190000 -46.008000 -14.001000 0.700000
22813 -34.257000 -45.151000 -13.713000 0.700000
114792 -35.075000 -44.289000 -13.259000 0.700000
13363 -28.375000 -45.335000 -16.486000 0.800000
63131 -30.776000 -45.681000 -15.533000 0.800000
5685 -33.084000 -45.380000 -14.585000 0.700000
114790 -34.188000 -44.570000 -14.279000 0.800000
97779 -27.734000 -45.392000 -16.794000 0.800000
22812 -34.155000 -43.939000 -14.903000 0.800000
97778 -27.534000 -44.607000 -17.282000 0.800000
63133 -32.030000 -44.246000 -16.090000 0.800000
63135 -33.383000 -43.546000 -15.906000 0.800000
137474 -27.599000 -43.851000 -17.818000 0.800000
32055 -27.314000 -43.894000 -18.130000 0.800000
44083 -28.802000 -43.804000 -17.328000 0.800000
97785 -31.103000 -43.358000 -17.030000 0.800000
97786 -31.762000 -42.913000 -17.179000 0.800000
63136 -33.309000 -42.843000 -16.530000 0.800000
70334 -27.536000 -43.226000 -18.672000 0.800000
70335 -27.790000 -42.984000 -18.495000 0.800000
44084 -29.399000 -43.137000 -17.600000 0.800000
44086 -30.116000 -42.592000 -17.823000 0.800000
63138 -33.201000 -42.235000 -17.035000 0.800000
15766 -28.313000 -43.021000 -19.819000 0.800000
162927 -31.017000 -46.801000 -6.059000 0.600000
162930 -31.536000 -46.368000 -6.344000 0.600000
57950 -28.749000 -44.910000 -6.408000 0.300000
94679 -29.692000 -45.659000 -6.093000 0.500000
162931 -32.033000 -45.930000 -6.637000 0.600000
57959 -31.111000 -45.268000 -6.550000 0.500000
162932 -32.545000 -45.481000 -6.905000 0.700000
40659 -33.029000 -45.792000 -7.094000 0.700000
91410 -33.836000 -45.737000 -7.756000 0.700000
57960 -31.578000 -44.807000 -6.857000 0.600000
162933 -33.006000 -45.032000 -7.245000 0.700000
162941 -33.494000 -45.345000 -7.477000 0.700000
91411 -34.191000 -45.334000 -8.184000 0.700000
57953 -28.664000 -43.417000 -7.416000 0.300000
25559 -30.176000 -43.669000 -7.171000 0.300000
162942 -33.417000 -44.601000 -7.622000 0.700000
121069 -28.145000 -43.095000 -7.711000 0.300000
75949 -30.908000 -42.126000 -8.381000 0.300000
91413 -34.544000 -44.848000 -8.721000 0.700000
114752 -34.712000 -45.200000 -9.044000 0.700000
48354 -28.603000 -41.238000 -9.606000 0.300000
48356 -29.140000 -41.487000 -9.257000 0.300000
144344 -29.741000 -41.694000 -8.923000 0.300000
34436 -30.739000 -41.522000 -8.987000 0.300000
17634 -28.255000 -40.670000 -10.336000 0.300000
91480 -35.193000 -45.068000 -11.550000 0.700000
91481 -35.308000 -44.544000 -12.162000 0.700000
53533 -34.685000 -43.760000 -14.436000 0.800000
128325 -34.082000 -43.398000 -15.435000 0.800000
28666 -33.994000 -42.769000 -16.040000 0.800000
137475 -28.052000 -43.109000 -18.130000 0.800000
44082 -28.689000 -43.053000 -17.849000 0.800000
137476 -28.550000 -42.481000 -18.300000 0.800000
632 -29.291000 -42.458000 -18.073000 0.800000
44087 -30.777000 -42.074000 -17.984000 0.800000
97788 -31.608000 -42.250000 -17.646000 0.800000
97787 -32.418000 -42.274000 -17.402000 0.800000
7156 -27.909000 -42.497000 -19.346000 0.800000
44088 -29.959000 -41.947000 -18.254000 0.800000
102106 -27.988000 -42.698000 -19.608000 0.800000
102108 -28.439000 -42.117000 -20.161000 0.700000
46487 -28.908000 -42.203000 -20.546000 0.600000
25561 -32.048000 -45.199000 -6.894000 0.600000
1801 -32.956000 -44.301000 -7.514000 0.600000
40662 -33.868000 -44.935000 -7.880000 0.700000
3960 -31.050000 -42.840000 -7.814000 0.400000
48359 -32.903000 -43.468000 -7.876000 0.600000
162943 -33.782000 -44.161000 -8.056000 0.700000
91412 -34.214000 -44.521000 -8.313000 0.700000
17639 -32.826000 -42.654000 -8.270000 0.400000
40663 -34.532000 -44.077000 -8.778000 0.700000
162946 -34.869000 -44.332000 -9.262000 0.700000
114754 -35.114000 -45.018000 -10.058000 0.700000
34437 -31.363000 -40.690000 -9.727000 0.300000
105479 -33.182000 -42.217000 -8.666000 0.400000
162945 -34.502000 -43.274000 -8.997000 0.600000
91416 -35.330000 -43.419000 -10.239000 0.700000
114755 -35.310000 -44.497000 -10.598000 0.700000
40690 -35.473000 -44.275000 -11.655000 0.700000
163029 -35.665000 -43.298000 -11.202000 0.700000
163027 -35.590000 -43.793000 -12.243000 0.700000
22815 -35.713000 -43.217000 -12.920000 0.700000
114788 -33.619000 -44.677000 -14.739000 0.800000
128324 -33.502000 -44.097000 -15.283000 0.800000
53532 -34.639000 -43.233000 -15.005000 0.800000
5686 -32.543000 -42.938000 -16.866000 0.800000
128328 -34.517000 -42.288000 -16.040000 0.800000
13366 -30.923000 -42.780000 -17.478000 0.800000
128331 -33.083000 -41.726000 -17.543000 0.800000
70337 -28.354000 -41.663000 -19.311000 0.800000
137477 -29.296000 -41.721000 -18.720000 0.800000
13368 -30.670000 -41.403000 -18.526000 0.800000
97789 -31.429000 -41.702000 -18.133000 0.800000
163060 -29.892000 -41.210000 -18.905000 0.800000
118457 -30.076000 -42.752000 -20.777000 0.600000
102107 -28.194000 -41.876000 -19.956000 0.800000
15768 -29.404000 -41.844000 -20.908000 0.600000
15767 -28.669000 -41.315000 -20.543000 0.700000
70339 -29.118000 -40.746000 -21.142000 0.700000
121080 -32.047000 -44.357000 -7.188000 0.600000
48357 -32.496000 -43.906000 -7.529000 0.600000
48361 -33.355000 -43.857000 -7.854000 0.600000
17638 -31.846000 -42.019000 -8.446000 0.300000
162944 -34.178000 -43.715000 -8.531000 0.600000
75951 -31.651000 -41.317000 -9.087000 0.300000
105477 -32.690000 -41.899000 -8.694000 0.300000
105480 -33.636000 -42.527000 -8.678000 0.500000
105478 -33.043000 -41.419000 -9.123000 0.300000
17640 -33.507000 -41.780000 -9.096000 0.500000
40664 -35.091000 -43.170000 -9.764000 0.700000
75946 -30.437000 -39.941000 -10.739000 0.300000
75953 -31.663000 -40.257000 -10.110000 0.300000
34441 -34.861000 -41.617000 -10.136000 0.400000
91418 -35.528000 -43.012000 -10.713000 0.700000
75945 -30.038000 -39.342000 -11.497000 0.300000
163030 -35.730000 -42.565000 -11.241000 0.600000
91482 -35.976000 -42.457000 -12.885000 0.600000
91484 -35.989000 -42.201000 -12.430000 0.600000
53535 -35.558000 -42.948000 -13.961000 0.800000
114795 -35.813000 -42.633000 -13.507000 0.700000
10152 -36.128000 -41.662000 -13.013000 0.600000
53534 -35.152000 -43.071000 -14.491000 0.800000
22816 -35.912000 -42.094000 -14.075000 0.700000
114796 -36.079000 -41.938000 -13.493000 0.700000
128326 -34.566000 -42.775000 -15.519000 0.800000
2532 -35.133000 -42.511000 -15.085000 0.800000
53538 -35.581000 -41.785000 -15.168000 0.700000
53537 -35.938000 -41.677000 -14.564000 0.700000
114798 -36.151000 -41.421000 -14.043000 0.700000
63137 -33.871000 -42.288000 -16.568000 0.800000
128327 -35.073000 -42.038000 -15.632000 0.800000
163042 -35.560000 -41.347000 -15.628000 0.700000
22818 -35.946000 -41.167000 -15.083000 0.700000
28668 -33.794000 -41.737000 -17.132000 0.800000
128329 -34.433000 -41.644000 -16.627000 0.800000
91495 -35.522000 -40.819000 -16.159000 0.700000
163043 -35.970000 -40.566000 -15.707000 0.700000
32056 -28.167000 -42.303000 -18.759000 0.800000
137478 -28.603000 -41.782000 -18.889000 0.800000
13367 -32.313000 -41.685000 -17.932000 0.800000
128330 -34.389000 -41.041000 -17.206000 0.800000
32057 -29.234000 -41.127000 -19.120000 0.800000
97790 -31.410000 -40.883000 -18.733000 0.800000
63140 -32.998000 -41.103000 -18.060000 0.800000
70336 -27.820000 -42.486000 -18.934000 0.800000
137479 -28.831000 -41.047000 -19.586000 0.800000
163061 -30.571000 -40.688000 -19.041000 0.800000
5688 -32.081000 -40.425000 -18.892000 0.800000
70338 -28.120000 -41.889000 -19.576000 0.800000
32058 -28.553000 -41.156000 -19.899000 0.800000
137482 -28.825000 -40.481000 -20.558000 0.700000
137487 -30.074000 -41.991000 -21.133000 0.600000
70345 -30.732000 -41.415000 -21.518000 0.600000
137481 -28.465000 -41.261000 -20.210000 0.800000
70340 -28.839000 -40.603000 -20.887000 0.700000
70341 -29.273000 -40.105000 -21.439000 0.700000
8041 -34.329000 -42.538000 -9.179000 0.500000
162948 -34.768000 -42.839000 -9.457000 0.500000
75952 -31.996000 -40.871000 -9.503000 0.300000
75958 -33.798000 -41.340000 -9.571000 0.400000
75961 -34.599000 -42.089000 -9.649000 0.500000
91417 -35.337000 -42.728000 -10.290000 0.600000
75955 -32.525000 -40.036000 -10.261000 0.300000
162950 -35.296000 -41.890000 -10.563000 0.500000
40665 -35.581000 -42.289000 -10.824000 0.600000
144353 -32.147000 -39.345000 -10.907000 0.300000
144355 -33.278000 -39.832000 -10.561000 0.300000
162951 -35.540000 -41.397000 -11.099000 0.600000
163031 -35.821000 -41.690000 -11.473000 0.600000
144342 -30.230000 -38.924000 -11.899000 0.300000
118541 -31.753000 -38.791000 -11.597000 0.300000
93593 -34.045000 -39.644000 -10.884000 0.300000
1437 -31.062000 -38.604000 -11.969000 0.300000
91486 -36.114000 -41.537000 -12.395000 0.600000
15827 -29.705000 -38.363000 -12.656000 0.300000
114797 -36.242000 -41.224000 -13.492000 0.700000
114799 -36.217000 -41.048000 -14.494000 0.700000
28669 -33.638000 -40.551000 -18.136000 0.800000
5687 -34.966000 -40.322000 -17.243000 0.700000
91496 -35.487000 -40.228000 -16.691000 0.700000
128333 -34.320000 -40.485000 -17.684000 0.700000
63141 -32.881000 -40.565000 -18.524000 0.800000
63142 -33.583000 -39.839000 -18.677000 0.700000
91510 -29.862000 -40.657000 -19.389000 0.800000
40702 -30.568000 -40.055000 -19.665000 0.700000
163062 -31.261000 -40.311000 -19.188000 0.800000
63143 -32.786000 -39.861000 -19.059000 0.600000
3337 -32.094000 -40.982000 -22.026000 0.600000
137480 -29.005000 -40.431000 -20.142000 0.700000
137483 -29.216000 -39.813000 -20.822000 0.700000
7157 -29.456000 -39.921000 -20.346000 0.700000
7158 -29.634000 -40.127000 -21.736000 0.700000
137489 -30.101000 -40.421000 -21.879000 0.700000
32059 -29.135000 -39.972000 -21.128000 0.700000
128338 -30.958000 -36.856000 -22.806000 0.500000
128337 -30.903000 -36.879000 -23.121000 0.500000
163032 -35.746000 -40.908000 -11.586000 0.600000
40692 -36.021000 -41.148000 -12.063000 0.600000
163033 -35.898000 -40.460000 -12.027000 0.600000
40693 -36.315000 -40.197000 -13.008000 0.600000
22817 -36.356000 -40.703000 -14.036000 0.700000
91490 -36.485000 -39.906000 -14.010000 0.700000
114800 -36.252000 -40.469000 -15.058000 0.700000
70519 -27.486000 -37.136000 -14.327000 0.300000
40696 -35.973000 -40.085000 -16.192000 0.700000
91489 -36.444000 -40.144000 -14.580000 0.700000
163044 -36.298000 -39.879000 -15.617000 0.700000
163065 -32.022000 -39.754000 -19.462000 0.700000
114801 -34.950000 -39.750000 -17.789000 0.700000
114802 -35.452000 -39.686000 -17.215000 0.600000
128334 -34.263000 -39.915000 -18.222000 0.700000
91509 -29.346000 -40.544000 -19.795000 0.700000
91511 -29.897000 -39.970000 -19.928000 0.700000
163064 -31.222000 -39.495000 -19.863000 0.700000
40703 -31.938000 -39.085000 -19.869000 0.600000
114811 -29.960000 -39.522000 -20.457000 0.700000
32061 -30.717000 -40.636000 -21.982000 0.600000
70346 -31.350000 -40.848000 -21.928000 0.500000
70342 -29.468000 -39.481000 -21.677000 0.700000
137485 -29.714000 -38.857000 -21.867000 0.700000
32060 -29.925000 -38.840000 -22.253000 0.700000
137494 -30.316000 -38.377000 -22.659000 0.600000
41761 -35.548000 -40.119000 -11.686000 0.500000
41760 -35.411000 -39.243000 -11.985000 0.400000
11041 -35.737000 -39.667000 -12.158000 0.500000
163034 -36.078000 -39.914000 -12.551000 0.600000
93601 -35.919000 -39.136000 -12.663000 0.500000
163035 -36.263000 -39.328000 -13.093000 0.600000
40694 -36.565000 -39.091000 -14.078000 0.600000
137710 -27.619000 -36.673000 -14.721000 0.300000
15828 -28.459000 -36.964000 -14.362000 0.300000
10153 -36.516000 -39.536000 -15.129000 0.700000
163046 -36.331000 -39.359000 -16.096000 0.600000
163047 -36.558000 -39.081000 -15.570000 0.600000
163045 -35.952000 -39.549000 -16.681000 0.600000
28670 -33.479000 -39.374000 -19.101000 0.600000
114803 -35.430000 -39.087000 -17.735000 0.600000
163063 -30.530000 -39.549000 -20.101000 0.700000
163066 -32.724000 -39.295000 -19.518000 0.600000
128335 -34.212000 -39.269000 -18.714000 0.600000
91513 -31.151000 -39.061000 -20.240000 0.700000
91514 -31.949000 -38.390000 -20.499000 0.600000
22824 -29.815000 -38.803000 -21.531000 0.700000
137493 -30.238000 -38.955000 -22.495000 0.700000
137491 -30.680000 -39.865000 -22.369000 0.600000
15770 -31.938000 -39.481000 -22.804000 0.500000
32062 -30.659000 -39.050000 -22.695000 0.600000
70348 -31.278000 -39.416000 -22.691000 0.600000
70347 -31.887000 -38.615000 -23.263000 0.500000
53544 -30.097000 -38.209000 -22.051000 0.600000
70350 -30.774000 -38.389000 -22.929000 0.500000
137486 -30.191000 -38.126000 -22.499000 0.500000
32063 -30.914000 -37.589000 -23.248000 0.500000
70351 -31.325000 -37.842000 -23.421000 0.500000
137496 -31.042000 -37.013000 -23.422000 0.500000
28671 -31.351000 -36.208000 -23.590000 0.500000
93599 -35.123000 -38.385000 -12.335000 0.400000
93600 -35.590000 -38.667000 -12.496000 0.400000
11040 -35.282000 -37.800000 -12.811000 0.400000
118547 -32.839000 -37.324000 -12.707000 0.400000
163038 -36.374000 -38.784000 -13.590000 0.600000
70520 -28.541000 -36.450000 -14.796000 0.300000
137718 -29.393000 -36.168000 -14.866000 0.300000
70527 -30.923000 -36.486000 -14.045000 0.300000
91493 -36.641000 -38.910000 -14.973000 0.600000
32147 -28.777000 -35.003000 -15.908000 0.300000
40697 -36.589000 -38.560000 -16.039000 0.600000
114804 -35.898000 -38.389000 -17.638000 0.500000
91498 -36.317000 -38.863000 -16.569000 0.600000
128336 -34.158000 -38.663000 -19.231000 0.600000
53539 -34.787000 -38.738000 -18.655000 0.600000
163067 -33.404000 -38.634000 -19.695000 0.600000
53540 -35.395000 -38.487000 -18.220000 0.600000
91515 -32.636000 -38.574000 -20.137000 0.600000
163068 -34.075000 -38.100000 -19.764000 0.600000
22825 -30.601000 -38.870000 -20.780000 0.700000
91516 -32.640000 -37.910000 -20.604000 0.600000
53545 -30.324000 -38.112000 -21.685000 0.700000
1417 -30.468000 -37.501000 -22.626000 0.500000
137495 -30.467000 -37.754000 -22.810000 0.500000
128339 -31.322000 -36.100000 -23.328000 0.500000
56150 -34.106000 -37.620000 -12.398000 0.400000
56157 -35.747000 -38.145000 -12.971000 0.400000
93598 -34.774000 -37.430000 -12.805000 0.400000
3361 -36.066000 -38.626000 -13.132000 0.500000
56156 -34.394000 -36.638000 -13.194000 0.400000
56161 -36.167000 -38.146000 -13.557000 0.400000
163039 -36.479000 -38.298000 -14.032000 0.400000
91492 -36.650000 -38.587000 -14.529000 0.500000
137720 -29.527000 -35.659000 -15.264000 0.300000
15831 -30.403000 -35.295000 -15.278000 0.300000
102221 -31.016000 -35.981000 -14.470000 0.400000
40695 -36.736000 -38.059000 -14.977000 0.400000
102223 -30.395000 -34.755000 -15.609000 0.300000
15830 -31.775000 -35.529000 -14.557000 0.400000
91499 -36.628000 -37.975000 -16.546000 0.500000
163048 -36.709000 -38.388000 -15.470000 0.600000
91497 -36.327000 -38.246000 -17.086000 0.500000
22821 -35.856000 -37.887000 -18.104000 0.500000
2533 -34.752000 -38.001000 -19.235000 0.600000
114807 -36.302000 -37.041000 -18.033000 0.500000
40704 -33.317000 -38.175000 -20.087000 0.600000
163076 -33.985000 -37.367000 -20.218000 0.600000
114814 -31.304000 -37.764000 -21.312000 0.600000
163074 -32.660000 -37.213000 -21.130000 0.600000
22826 -30.813000 -37.688000 -21.808000 0.500000
53546 -30.563000 -37.610000 -22.189000 0.500000
163069 -31.087000 -36.916000 -22.367000 0.500000
28672 -31.479000 -36.190000 -22.904000 0.500000
128340 -31.641000 -35.582000 -23.447000 0.500000
63145 -31.742000 -35.381000 -23.863000 0.500000
3359 -34.261000 -37.106000 -12.843000 0.400000
56159 -35.875000 -37.656000 -13.395000 0.400000
56158 -35.432000 -37.269000 -13.242000 0.400000
56160 -35.979000 -37.152000 -13.792000 0.400000
24481 -36.286000 -37.573000 -14.037000 0.400000
118557 -35.033000 -36.353000 -13.624000 0.400000
118561 -36.394000 -36.988000 -14.506000 0.400000
163041 -36.646000 -37.317000 -14.898000 0.400000
70528 -29.662000 -34.626000 -15.940000 0.300000
91501 -36.815000 -37.153000 -16.468000 0.400000
163049 -36.803000 -37.535000 -15.406000 0.500000
7196 -28.957000 -33.897000 -16.593000 0.300000
114806 -36.636000 -36.861000 -17.441000 0.400000
53542 -35.864000 -37.088000 -18.691000 0.500000
22822 -36.610000 -36.327000 -17.815000 0.400000
163077 -34.673000 -37.440000 -19.670000 0.600000
53543 -35.328000 -37.276000 -19.165000 0.500000
114808 -36.251000 -36.528000 -18.428000 0.500000
163075 -33.316000 -37.351000 -20.706000 0.600000
40707 -34.672000 -36.812000 -20.142000 0.500000
163078 -35.236000 -36.706000 -19.614000 0.500000
163070 -31.487000 -37.073000 -21.966000 0.500000
163071 -32.068000 -37.023000 -21.638000 0.600000
40706 -33.334000 -36.666000 -21.228000 0.600000
91523 -33.924000 -36.856000 -20.637000 0.600000
163073 -32.665000 -36.597000 -21.590000 0.600000
91518 -31.728000 -36.369000 -22.511000 0.500000
91517 -31.986000 -35.516000 -23.029000 0.500000
63146 -32.037000 -34.991000 -24.212000 0.500000
40705 -32.199000 -36.232000 -22.061000 0.500000
32150 -27.549000 -31.638000 -18.685000 0.300000
7197 -29.128000 -31.775000 -17.929000 0.400000
137738 -29.895000 -31.342000 -18.001000 0.400000
91522 -33.880000 -36.059000 -21.150000 0.500000
32151 -27.689000 -30.710000 -19.448000 0.400000
91521 -33.264000 -36.060000 -21.626000 0.500000
163081 -35.651000 -34.637000 -20.340000 0.500000
163082 -36.187000 -34.683000 -19.710000 0.500000
22828 -33.422000 -35.167000 -22.121000 0.500000
114820 -35.229000 -34.735000 -20.938000 0.500000
91519 -32.427000 -35.517000 -22.669000 0.500000
114816 -32.896000 -35.012000 -22.637000 0.600000
128342 -32.462000 -34.152000 -24.367000 0.500000
128341 -32.153000 -34.704000 -23.555000 0.600000
128344 -32.630000 -34.383000 -23.482000 0.500000
128343 -32.361000 -34.242000 -23.896000 0.600000
63148 -32.909000 -33.561000 -24.406000 0.400000
32153 -29.137000 -30.772000 -18.688000 0.400000
70544 -31.217000 -31.544000 -17.320000 0.400000
91520 -34.027000 -35.321000 -21.714000 0.500000
114818 -34.020000 -34.651000 -22.034000 0.500000
114817 -33.477000 -34.681000 -22.477000 0.500000
53548 -34.115000 -33.786000 -22.555000 0.500000
22829 -34.503000 -34.126000 -21.937000 0.500000
5690 -32.592000 -34.844000 -23.106000 0.500000
114815 -33.176000 -34.086000 -23.133000 0.500000
63149 -33.326000 -32.968000 -24.392000 0.400000
128345 -33.239000 -33.722000 -23.430000 0.500000
28674 -32.844000 -33.533000 -24.002000 0.500000
137741 -30.634000 -30.363000 -18.410000 0.400000
92117 -28.511000 -29.785000 -19.845000 0.400000
114819 -34.517000 -34.715000 -21.509000 0.500000
91528 -36.234000 -33.982000 -20.107000 0.400000
22827 -33.559000 -33.772000 -23.110000 0.400000
128346 -33.737000 -32.985000 -23.429000 0.400000
63150 -33.357000 -32.887000 -23.899000 0.500000
63151 -33.648000 -32.339000 -24.340000 0.300000
114822 -35.667000 -33.462000 -21.176000 0.400000
53547 -34.067000 -33.233000 -22.865000 0.400000
28675 -33.898000 -32.508000 -23.758000 0.500000
63152 -34.228000 -31.629000 -24.185000 0.400000
128349 -34.307000 -31.986000 -23.694000 0.400000
2534 -34.664000 -32.548000 -22.787000 0.400000
63155 -35.563000 -30.710000 -25.243000 0.400000
128347 -34.196000 -32.455000 -23.335000 0.400000
128350 -34.683000 -31.176000 -24.034000 0.400000
22833 -35.674000 -31.205000 -22.314000 0.400000
128351 -35.026000 -30.585000 -24.523000 0.400000
128353 -35.073000 -30.692000 -25.088000 0.400000
28678 -35.820000 -30.232000 -25.124000 0.400000
63156 -36.323000 -30.174000 -25.291000 0.400000
163096 -35.175000 -31.493000 -22.854000 0.400000
28676 -34.801000 -31.406000 -23.520000 0.300000
91539 -35.101000 -30.765000 -23.907000 0.400000
163097 -35.645000 -30.797000 -22.646000 0.400000
114827 -36.049000 -30.722000 -21.908000 0.400000
91541 -35.500000 -30.128000 -23.677000 0.300000
5692 -35.534000 -29.873000 -24.279000 0.400000
128354 -35.522000 -30.069000 -24.795000 0.400000
63157 -36.734000 -29.615000 -25.188000 0.400000
91540 -35.319000 -30.742000 -23.214000 0.300000
114829 -35.713000 -29.722000 -23.989000 0.400000
114828 -35.685000 -29.740000 -24.691000 0.500000
40714 -35.792000 -30.226000 -23.000000 0.400000
163099 -35.939000 -29.612000 -23.183000 0.400000
28655 -30.592000 -59.411000 -11.928000 0.700000
15758 -30.836000 -57.681000 -8.243000 0.700000
102081 -24.842000 -58.685000 -8.558000 0.600000
70307 -29.438000 -56.032000 -7.330000 0.700000
162975 -31.420000 -55.872000 -9.475000 0.800000
32044 -31.084000 -55.419000 -8.189000 0.800000
53501 -28.123000 -55.155000 -6.879000 0.600000
28645 -29.481000 -54.343000 -6.777000 0.600000
128277 -30.161000 -54.111000 -6.918000 0.700000
162978 -32.108000 -53.422000 -10.154000 0.800000
97762 -24.533000 -58.790000 -6.368000 0.400000
114773 -26.848000 -51.964000 -14.888000 0.800000
22783 -30.154000 -52.545000 -6.209000 0.600000
22774 -25.791000 -55.719000 -5.250000 0.500000
97769 -32.965000 -51.374000 -8.563000 0.800000
163007 -32.927000 -50.909000 -10.544000 0.800000
128283 -31.990000 -51.466000 -6.961000 0.800000
14037 -23.703000 -51.573000 -5.477000 0.400000
162917 -28.235000 -52.086000 -5.252000 0.600000
162890 -25.731000 -51.518000 -5.090000 0.500000
91371 -27.689000 -50.911000 -5.157000 0.600000
22786 -31.437000 -49.746000 -6.218000 0.700000
53531 -31.792000 -48.117000 -13.435000 0.700000
162935 -33.068000 -48.508000 -7.189000 0.700000
162929 -31.486000 -47.130000 -6.148000 0.700000
63132 -31.897000 -43.584000 -16.670000 0.800000
162940 -33.462000 -46.137000 -7.389000 0.700000
114793 -35.442000 -43.919000 -12.848000 0.700000
114794 -35.509000 -43.410000 -13.410000 0.700000
105481 -34.038000 -42.981000 -8.704000 0.600000
163028 -35.676000 -43.511000 -11.742000 0.700000
91483 -35.842000 -42.997000 -12.295000 0.600000
17637 -31.987000 -43.545000 -7.563000 0.600000
75959 -34.242000 -41.669000 -9.606000 0.500000
41759 -35.235000 -39.775000 -11.514000 0.400000
22820 -35.956000 -38.824000 -17.288000 0.600000
118556 -34.899000 -36.912000 -13.202000 0.400000
28673 -32.085000 -34.752000 -23.977000 0.500000
118560 -36.086000 -36.578000 -14.235000 0.400000
53549 -34.637000 -33.319000 -22.329000 0.400000
75709 -29.301000 -61.158000 -13.550000 0.500000
8003 -28.869000 -60.502000 -14.189000 0.500000
144051 -31.019000 -61.833000 -10.821000 0.700000
75735 -28.449000 -58.306000 -15.447000 0.500000
118436 -25.924000 -60.551000 -8.034000 0.500000
144086 -27.957000 -57.465000 -15.164000 0.700000
40671 -31.240000 -58.469000 -8.678000 0.700000
91434 -31.406000 -58.144000 -9.389000 0.700000
128302 -30.678000 -58.217000 -12.066000 0.700000
114761 -30.917000 -58.001000 -11.728000 0.700000
28657 -29.475000 -55.711000 -13.240000 0.700000
128303 -30.398000 -57.353000 -12.386000 0.700000
32046 -27.529000 -55.758000 -15.750000 0.700000
144091 -28.951000 -54.646000 -16.613000 0.500000
70314 -27.697000 -54.870000 -16.171000 0.600000
102093 -28.496000 -53.052000 -16.759000 0.500000
70296 -26.182000 -57.174000 -7.827000 0.600000
114766 -31.402000 -56.909000 -10.624000 0.700000
137451 -27.013000 -54.638000 -15.547000 0.700000
137435 -27.080000 -57.540000 -7.623000 0.600000
102092 -30.976000 -57.004000 -8.515000 0.800000
162973 -31.408000 -56.565000 -10.201000 0.700000
75743 -30.945000 -52.414000 -16.757000 0.400000
137443 -30.706000 -55.699000 -7.773000 0.800000
137426 -25.772000 -56.902000 -7.324000 0.600000
137423 -25.252000 -57.400000 -7.360000 0.600000
114771 -26.796000 -53.207000 -14.981000 0.800000
1412 -28.353000 -55.482000 -6.979000 0.700000
70312 -31.462000 -55.081000 -8.745000 0.700000
32035 -23.743000 -59.030000 -7.882000 0.500000
91441 -31.577000 -53.984000 -11.002000 0.800000
15759 -29.040000 -52.115000 -16.930000 0.500000
63101 -30.899000 -54.168000 -7.451000 0.700000
91376 -25.649000 -56.994000 -6.824000 0.600000
44074 -32.127000 -53.555000 -9.139000 0.800000
162998 -30.564000 -53.831000 -12.295000 0.800000
70317 -27.450000 -51.255000 -16.693000 0.700000
46479 -29.642000 -51.100000 -17.179000 0.600000
128279 -31.293000 -53.584000 -7.482000 0.700000
91378 -26.609000 -55.867000 -6.339000 0.600000
91455 -29.262000 -51.772000 -13.543000 0.900000
162990 -27.648000 -51.381000 -14.401000 0.800000
46481 -29.428000 -50.235000 -17.375000 0.600000
34352 -31.960000 -49.703000 -17.258000 0.400000
13352 -24.446000 -58.740000 -6.118000 0.300000
40648 -25.671000 -57.160000 -6.622000 0.500000
162899 -25.203000 -57.808000 -6.641000 0.500000
162898 -24.730000 -58.298000 -6.944000 0.500000
44072 -24.108000 -59.307000 -6.703000 0.400000
163000 -30.759000 -51.941000 -12.608000 0.900000
53522 -26.388000 -50.342000 -15.772000 0.800000
162910 -29.641000 -53.249000 -6.256000 0.600000
162911 -28.898000 -53.609000 -6.121000 0.600000
114735 -30.352000 -52.914000 -6.406000 0.600000
128282 -31.575000 -52.202000 -6.920000 0.800000
91381 -27.537000 -54.581000 -5.940000 0.500000
97763 -25.078000 -58.054000 -6.361000 0.400000
5673 -25.519000 -57.345000 -6.091000 0.500000
162903 -26.016000 -56.647000 -6.087000 0.500000
10149 -32.075000 -50.771000 -11.907000 0.800000
137460 -28.443000 -49.237000 -17.506000 0.700000
118449 -30.589000 -47.531000 -18.281000 0.600000
56079 -32.270000 -47.285000 -18.212000 0.400000
40652 -28.695000 -53.444000 -5.858000 0.600000
114720 -25.203000 -56.396000 -5.239000 0.500000
63097 -25.749000 -56.646000 -5.613000 0.500000
40650 -27.356000 -54.641000 -5.661000 0.500000
28643 -26.279000 -55.935000 -5.611000 0.500000
63107 -32.879000 -50.717000 -7.777000 0.700000
91387 -29.104000 -52.789000 -5.766000 0.600000
91362 -25.482000 -54.349000 -5.080000 0.500000
22776 -26.379000 -54.025000 -5.091000 0.600000
53495 -26.084000 -54.824000 -5.164000 0.500000
114724 -26.063000 -53.751000 -5.082000 0.600000
114722 -25.538000 -55.425000 -5.150000 0.500000
162914 -27.806000 -53.877000 -5.510000 0.500000
162879 -24.115000 -53.279000 -5.284000 0.600000
162887 -24.456000 -53.581000 -5.204000 0.600000
53494 -26.364000 -55.050000 -5.271000 0.500000
53498 -27.247000 -53.603000 -5.217000 0.600000
53497 -26.945000 -53.395000 -5.130000 0.600000
128273 -26.580000 -55.153000 -5.409000 0.500000
162915 -27.545000 -53.753000 -5.316000 0.500000
98993 -23.387000 -51.099000 -5.668000 0.400000
128290 -33.461000 -49.921000 -8.617000 0.700000
63111 -33.596000 -49.723000 -9.587000 0.700000
22807 -30.375000 -49.799000 -13.514000 0.800000
91452 -27.896000 -49.401000 -14.842000 0.900000
40645 -26.117000 -51.833000 -5.069000 0.500000
22777 -26.915000 -52.250000 -5.115000 0.600000
114726 -26.655000 -53.165000 -5.088000 0.600000
22778 -27.532000 -52.764000 -5.180000 0.600000
91369 -27.518000 -51.667000 -5.154000 0.600000
99000 -25.587000 -50.270000 -5.178000 0.400000
99001 -25.857000 -50.717000 -5.131000 0.400000
40646 -27.308000 -50.638000 -5.137000 0.500000
162894 -26.905000 -50.324000 -5.137000 0.500000
28651 -33.726000 -49.393000 -9.160000 0.700000
98998 -25.402000 -48.855000 -5.391000 0.400000
65159 -26.663000 -49.140000 -5.256000 0.500000
65161 -26.975000 -49.559000 -5.214000 0.500000
91468 -33.154000 -49.048000 -11.638000 0.700000
91450 -27.520000 -48.679000 -15.246000 0.800000
118453 -30.271000 -45.920000 -19.068000 0.700000
114741 -30.853000 -50.171000 -5.973000 0.700000
162921 -28.733000 -50.620000 -5.308000 0.700000
40655 -29.419000 -50.079000 -5.453000 0.700000
91373 -28.311000 -50.371000 -5.230000 0.600000
114747 -34.001000 -48.387000 -8.762000 0.700000
29640 -26.819000 -48.269000 -5.350000 0.500000
28652 -34.045000 -48.388000 -10.228000 0.700000
65156 -25.512000 -47.923000 -5.586000 0.400000
70325 -27.717000 -46.290000 -18.251000 0.800000
91395 -29.576000 -49.336000 -5.441000 0.600000
162923 -29.207000 -48.995000 -5.355000 0.600000
10140 -30.705000 -49.101000 -5.794000 0.700000
91372 -27.914000 -50.118000 -5.175000 0.600000
162895 -27.515000 -49.781000 -5.186000 0.500000
130915 -26.581000 -46.843000 -5.710000 0.300000
91470 -33.894000 -48.102000 -11.259000 0.700000
53509 -34.441000 -47.432000 -9.827000 0.700000
3957 -27.075000 -46.373000 -5.821000 0.300000
70331 -27.041000 -45.823000 -17.855000 0.900000
102102 -27.706000 -45.225000 -18.601000 0.800000
102103 -27.386000 -44.986000 -18.433000 0.800000
46483 -28.797000 -44.717000 -19.333000 0.600000
118454 -30.184000 -45.029000 -19.552000 0.600000
46482 -29.440000 -44.149000 -19.832000 0.600000
46485 -28.159000 -43.768000 -19.482000 0.800000
361 -28.767000 -47.946000 -5.388000 0.600000
91398 -30.875000 -48.326000 -5.845000 0.700000
91400 -31.963000 -47.480000 -6.380000 0.700000
42357 -28.327000 -47.576000 -5.403000 0.500000
11639 -29.141000 -46.073000 -5.866000 0.400000
40686 -34.197000 -47.321000 -11.365000 0.700000
28663 -32.055000 -46.845000 -14.126000 0.800000
40688 -34.277000 -46.249000 -12.494000 0.700000
137472 -27.089000 -44.731000 -17.844000 0.800000
102104 -27.759000 -44.288000 -18.980000 0.800000
162938 -33.662000 -47.258000 -7.659000 0.700000
57957 -30.620000 -45.704000 -6.269000 0.500000
91407 -34.297000 -46.476000 -8.460000 0.700000
53511 -34.695000 -46.631000 -9.898000 0.700000
25556 -28.243000 -43.795000 -7.177000 0.300000
163022 -34.582000 -46.498000 -11.525000 0.700000
53513 -34.895000 -46.065000 -10.479000 0.700000
91478 -34.601000 -45.989000 -12.115000 0.700000
163024 -35.048000 -45.566000 -10.991000 0.700000
10151 -35.030000 -44.773000 -12.693000 0.700000
28664 -31.617000 -45.567000 -15.329000 0.800000
128320 -32.392000 -45.513000 -14.966000 0.800000
128322 -32.212000 -44.868000 -15.507000 0.800000
40661 -33.779000 -46.529000 -7.701000 0.700000
3959 -29.278000 -44.479000 -6.635000 0.300000
121076 -30.187000 -44.454000 -6.698000 0.500000
91409 -34.144000 -46.110000 -8.141000 0.700000
114751 -34.647000 -45.946000 -9.025000 0.700000
57954 -29.165000 -43.753000 -7.104000 0.300000
25560 -31.112000 -44.394000 -6.940000 0.500000
121077 -30.649000 -44.019000 -7.004000 0.400000
114753 -34.890000 -45.510000 -9.531000 0.700000
22793 -35.111000 -45.387000 -10.505000 0.700000
121070 -28.558000 -42.732000 -7.986000 0.300000
163026 -35.499000 -44.027000 -11.163000 0.700000
121081 -32.528000 -44.732000 -7.223000 0.600000
105474 -31.457000 -42.444000 -8.129000 0.300000
144347 -31.285000 -41.739000 -8.707000 0.300000
22792 -34.949000 -44.795000 -9.474000 0.700000
144345 -30.121000 -41.328000 -9.272000 0.300000
144348 -31.030000 -41.122000 -9.348000 0.300000
102109 -28.999000 -41.598000 -20.802000 0.700000
48358 -32.423000 -43.100000 -7.901000 0.600000
48360 -33.252000 -43.019000 -8.258000 0.600000
17641 -33.727000 -43.407000 -8.253000 0.600000
105476 -32.363000 -42.320000 -8.336000 0.400000
162947 -34.831000 -43.624000 -9.264000 0.700000
91415 -35.147000 -43.813000 -9.800000 0.700000
91414 -35.204000 -44.272000 -10.081000 0.700000
10143 -35.441000 -43.766000 -10.659000 0.700000
40691 -35.829000 -42.769000 -11.796000 0.600000
28667 -35.051000 -41.451000 -16.191000 0.800000
128332 -33.683000 -41.142000 -17.644000 0.800000
63139 -32.243000 -40.915000 -18.463000 0.800000
102110 -29.549000 -40.960000 -21.350000 0.600000
137488 -30.097000 -41.240000 -21.521000 0.600000
75950 -32.188000 -41.603000 -8.822000 0.300000
105475 -31.974000 -42.750000 -7.993000 0.500000
8040 -32.512000 -41.157000 -9.255000 0.300000
75957 -33.966000 -42.075000 -9.129000 0.500000
162949 -35.034000 -42.384000 -10.006000 0.500000
34435 -30.670000 -39.502000 -11.132000 0.300000
34438 -31.922000 -39.795000 -10.498000 0.300000
144361 -35.109000 -41.068000 -10.699000 0.500000
91485 -35.931000 -42.061000 -11.810000 0.600000
53536 -35.589000 -42.401000 -14.545000 0.800000
91488 -36.262000 -40.977000 -12.962000 0.600000
91494 -34.986000 -40.940000 -16.681000 0.700000
70343 -29.736000 -39.505000 -21.968000 0.700000
34439 -33.035000 -40.287000 -10.105000 0.300000
144352 -31.545000 -39.246000 -11.167000 0.300000
144358 -33.811000 -40.126000 -10.409000 0.300000
46547 -30.404000 -38.479000 -12.315000 0.300000
118543 -31.902000 -38.287000 -12.051000 0.300000
91487 -36.170000 -40.708000 -12.533000 0.600000
163036 -36.394000 -40.409000 -13.508000 0.600000
137484 -29.513000 -39.315000 -21.369000 0.700000
114810 -29.689000 -39.216000 -20.968000 0.700000
163037 -36.448000 -39.648000 -13.544000 0.600000
91491 -36.563000 -39.425000 -14.485000 0.700000
22819 -34.858000 -39.247000 -18.228000 0.600000
114812 -30.136000 -38.780000 -21.147000 0.700000
137490 -31.321000 -40.110000 -22.355000 0.500000
11039 -34.937000 -38.879000 -11.887000 0.400000
91512 -31.305000 -38.294000 -20.938000 0.600000
10156 -31.900000 -37.842000 -20.954000 0.600000
70349 -31.289000 -38.661000 -23.051000 0.600000
70352 -31.376000 -37.056000 -23.709000 0.400000
93597 -34.649000 -37.934000 -12.387000 0.400000
118548 -32.342000 -36.637000 -13.435000 0.400000
32146 -30.190000 -36.374000 -14.428000 0.300000
137721 -28.709000 -35.484000 -15.589000 0.300000
70529 -29.567000 -35.154000 -15.617000 0.300000
91500 -36.776000 -37.720000 -15.996000 0.500000
114805 -36.320000 -37.671000 -17.605000 0.500000
53541 -35.357000 -37.891000 -18.689000 0.500000
114813 -30.721000 -38.323000 -21.222000 0.500000
163040 -36.581000 -37.772000 -14.490000 0.400000
102222 -31.111000 -35.421000 -14.887000 0.400000
46551 -31.177000 -34.866000 -15.263000 0.400000
10154 -36.648000 -37.355000 -17.039000 0.500000
1441 -36.485000 -36.430000 -14.943000 0.400000
91503 -36.816000 -36.644000 -16.902000 0.400000
22823 -35.788000 -36.659000 -19.047000 0.500000
163072 -32.732000 -35.939000 -22.119000 0.600000
70537 -28.310000 -31.697000 -18.321000 0.300000
70543 -30.549000 -31.526000 -17.625000 0.400000
10157 -34.540000 -35.478000 -21.087000 0.500000
32154 -30.576000 -30.889000 -18.030000 0.400000
128348 -34.760000 -31.792000 -23.213000 0.400000
53553 -35.132000 -31.915000 -22.477000 0.400000
128355 -36.189000 -29.469000 -25.030000 0.400000
163098 -35.980000 -30.161000 -22.212000 0.400000
128356 -36.905000 -29.224000 -25.094000 0.300000
144038 -30.754000 -64.043000 -7.064000 0.500000
75697 -31.165000 -63.968000 -8.223000 0.500000
162952 -29.117000 -63.874000 -5.758000 0.400000
91420 -29.771000 -63.567000 -6.033000 0.500000
91419 -30.062000 -64.012000 -6.200000 0.500000
8000 -30.587000 -63.634000 -6.767000 0.500000
114756 -30.981000 -63.240000 -7.401000 0.600000
22794 -31.224000 -62.923000 -8.124000 0.600000
162953 -29.362000 -63.121000 -5.950000 0.500000
93551 -28.966000 -62.623000 -6.001000 0.500000
40666 -30.015000 -62.771000 -6.341000 0.500000
162955 -30.556000 -62.446000 -6.798000 0.500000
56074 -28.556000 -62.166000 -6.126000 0.500000
22795 -30.993000 -62.169000 -7.361000 0.600000
114759 -31.288000 -61.840000 -8.076000 0.600000
114758 -31.157000 -62.529000 -7.732000 0.600000
53515 -31.322000 -62.186000 -8.476000 0.600000
53516 -31.410000 -61.795000 -9.226000 0.600000
22796 -31.431000 -61.470000 -8.821000 0.600000
1784 -31.316000 -62.038000 -9.733000 0.600000
128295 -31.126000 -61.453000 -10.535000 0.600000
128296 -31.326000 -61.301000 -10.072000 0.600000
3333 -29.263000 -61.851000 -6.269000 0.500000
162956 -30.324000 -62.004000 -6.641000 0.500000
91423 -30.803000 -61.744000 -7.123000 0.600000
56075 -28.136000 -61.739000 -6.339000 0.500000
56076 -28.847000 -61.438000 -6.354000 0.500000
91422 -31.170000 -61.438000 -7.750000 0.600000
24429 -27.170000 -61.515000 -6.859000 0.500000
118441 -27.803000 -61.207000 -6.636000 0.500000
114760 -31.462000 -61.116000 -8.468000 0.600000
162961 -31.400000 -60.944000 -9.679000 0.600000
28653 -30.878000 -61.017000 -11.205000 0.600000
162957 -29.965000 -61.565000 -6.529000 0.500000
40667 -30.543000 -61.360000 -6.908000 0.500000
24430 -28.420000 -60.991000 -6.536000 0.500000
56077 -29.109000 -60.748000 -6.574000 0.500000
56078 -29.553000 -61.114000 -6.520000 0.500000
162958 -30.211000 -60.854000 -6.854000 0.500000
91424 -30.990000 -61.030000 -7.530000 0.600000
118439 -27.374000 -60.714000 -6.980000 0.500000
118442 -28.092000 -60.452000 -6.798000 0.500000
10144 -31.323000 -60.701000 -8.196000 0.600000
118438 -26.769000 -60.980000 -7.232000 0.500000
70299 -27.066000 -60.144000 -7.292000 0.500000
162963 -31.470000 -60.332000 -8.938000 0.600000
162962 -31.472000 -60.690000 -9.285000 0.600000
128297 -31.094000 -60.713000 -10.874000 0.600000
28654 -31.313000 -60.475000 -10.457000 0.600000
118443 -28.791000 -60.202000 -6.698000 0.500000
118445 -30.129000 -59.721000 -7.170000 0.500000
162959 -30.467000 -60.148000 -7.229000 0.600000
162960 -30.673000 -59.437000 -7.608000 0.600000
102084 -28.428000 -59.663000 -6.927000 0.500000
91425 -30.756000 -60.576000 -7.344000 0.600000
40668 -30.976000 -59.906000 -7.757000 0.600000
24428 -26.498000 -60.313000 -7.608000 0.500000
46473 -25.531000 -59.935000 -8.380000 0.500000
91428 -31.413000 -60.195000 -10.075000 0.600000
91427 -31.177000 -59.571000 -10.943000 0.600000
102086 -28.742000 -58.966000 -7.068000 0.500000
15754 -29.159000 -59.439000 -6.965000 0.500000
46474 -29.855000 -59.245000 -7.155000 0.500000
1413 -30.390000 -58.969000 -7.511000 0.600000
70301 -27.383000 -59.412000 -7.323000 0.500000
70300 -26.754000 -59.536000 -7.676000 0.500000
32040 -27.038000 -58.783000 -7.637000 0.600000
102087 -29.002000 -58.192000 -7.213000 0.600000
46475 -29.445000 -58.807000 -7.156000 0.500000
46476 -30.041000 -58.552000 -7.469000 0.500000
46478 -30.611000 -58.330000 -7.889000 0.600000
137433 -27.657000 -58.594000 -7.366000 0.600000
15755 -28.309000 -58.424000 -7.226000 0.600000
162969 -30.898000 -58.759000 -8.079000 0.600000
102083 -26.108000 -58.363000 -8.075000 0.500000
137432 -26.739000 -58.191000 -7.785000 0.500000
137434 -27.362000 -58.096000 -7.559000 0.600000
46472 -25.279000 -59.241000 -8.566000 0.400000
70303 -28.051000 -57.926000 -7.368000 0.600000
70302 -28.664000 -57.752000 -7.272000 0.600000
102088 -29.316000 -57.601000 -7.383000 0.600000
15756 -29.718000 -58.093000 -7.439000 0.500000
46477 -30.310000 -57.936000 -7.743000 0.600000
162970 -31.019000 -58.081000 -8.441000 0.600000
102090 -29.917000 -57.441000 -7.604000 0.700000
118447 -30.090000 -49.296000 -17.620000 0.500000
57961 -31.569000 -45.639000 -6.590000 0.500000
22814 -35.126000 -43.703000 -13.880000 0.600000
46488 -29.368000 -42.659000 -20.559000 0.500000
24437 -30.769000 -42.213000 -21.128000 0.500000
137492 -30.190000 -39.684000 -22.200000 0.500000
22834 -36.298000 -29.201000 -24.829000 0.400000
53554 -36.972000 -28.782000 -24.865000 0.300000
2508 -37.740000 -28.195000 -24.949000 0.300000
162375 -38.206000 -27.762000 -24.570000 0.300000
144032 -28.872000 -64.661000 -5.546000 0.400000
144034 -29.803000 -64.824000 -5.948000 0.500000
144035 -30.319000 -64.402000 -6.457000 0.500000
34331 -31.261000 -63.579000 -8.989000 0.500000
11013 -28.677000 -63.419000 -5.798000 0.400000
144040 -31.245000 -63.267000 -8.534000 0.600000
53514 -31.336000 -62.531000 -8.879000 0.600000
144041 -31.295000 -62.818000 -9.372000 0.500000
144050 -31.211000 -62.266000 -10.169000 0.500000
41732 -27.981000 -63.756000 -5.758000 0.400000
11012 -27.889000 -62.512000 -6.161000 0.500000
56073 -26.884000 -62.387000 -6.767000 0.500000
118440 -27.492000 -62.044000 -6.493000 0.500000
56072 -26.525000 -61.811000 -7.200000 0.300000
118435 -25.764000 -61.336000 -7.987000 0.400000
46469 -24.718000 -60.975000 -8.884000 0.400000
144104 -31.125000 -49.878000 -17.335000 0.400000
144105 -31.779000 -49.036000 -17.526000 0.400000
118446 -30.933000 -49.176000 -17.634000 0.400000
121079 -31.554000 -43.978000 -7.243000 0.500000
105473 -31.517000 -43.195000 -7.656000 0.400000
118458 -30.792000 -42.910000 -20.762000 0.500000
118459 -31.453000 -42.273000 -21.231000 0.500000
70344 -31.420000 -41.588000 -21.560000 0.500000
159 -35.335000 -40.576000 -11.205000 0.400000
53556 -37.392000 -28.159000 -24.637000 0.300000
162376 -38.300000 -27.075000 -24.160000 0.300000
41733 -28.439000 -64.151000 -5.595000 0.400000
91426 -31.152000 -60.274000 -7.938000 0.600000
102082 -25.498000 -58.503000 -8.346000 0.500000
137430 -26.153000 -59.731000 -8.034000 0.500000
137431 -26.427000 -58.956000 -7.929000 0.600000
56087 -31.535000 -43.139000 -20.773000 0.500000
118437 -26.258000 -61.173000 -7.584000 0.400000
144039 -31.100000 -63.671000 -7.756000 0.600000
34328 -29.521000 -64.300000 -5.839000 0.400000
91421 -30.313000 -63.232000 -6.471000 0.500000
114757 -30.800000 -62.920000 -7.025000 0.600000
162954 -29.676000 -62.338000 -6.249000 0.500000
93550 -28.291000 -62.939000 -5.954000 0.500000
24431 -29.856000 -60.427000 -6.830000 0.500000
118444 -29.471000 -59.984000 -6.842000 0.500000
3332 -27.731000 -59.905000 -7.042000 0.500000
102085 -28.044000 -59.153000 -7.114000 0.500000
53555 -36.512000 -28.639000 -24.751000 0.400000
93549 -27.626000 -63.329000 -6.012000 0.400000
144049 -31.252000 -63.138000 -9.781000 0.400000
34334 -31.067000 -62.556000 -10.552000 0.400000
93548 -27.249000 -62.820000 -6.350000 0.400000
5672 -24.627000 -57.050000 -5.237000 0.400000
128270 -24.896000 -57.185000 -5.369000 0.300000
28642 -25.128000 -57.389000 -5.600000 0.400000
63094 -25.000000 -58.020000 -6.095000 0.400000
162883 -24.591000 -55.907000 -5.142000 0.400000
114721 -24.921000 -56.100000 -5.138000 0.400000
40640 -22.631000 -55.255000 -5.547000 0.400000
91358 -23.586000 -54.998000 -5.293000 0.400000
162884 -24.263000 -55.574000 -5.153000 0.400000
91363 -24.909000 -54.949000 -5.106000 0.400000
92521 -21.354000 -55.133000 -6.042000 0.300000
162876 -22.310000 -55.019000 -5.709000 0.300000
54357 -21.774000 -54.238000 -6.103000 0.400000
162886 -24.201000 -54.404000 -5.197000 0.400000
2761 -21.918000 -54.687000 -5.930000 0.400000
162877 -22.913000 -54.457000 -5.585000 0.500000
54359 -22.398000 -53.717000 -5.944000 0.400000
54360 -22.921000 -53.175000 -5.715000 0.400000
162878 -23.521000 -53.865000 -5.434000 0.500000
23400 -22.671000 -52.692000 -5.894000 0.400000
121075 -30.626000 -43.247000 -7.488000 0.300000
75960 -34.519000 -41.229000 -10.101000 0.300000
144357 -33.585000 -40.536000 -9.996000 0.300000
34440 -34.051000 -40.878000 -10.035000 0.300000
144360 -34.785000 -40.738000 -10.594000 0.300000
144359 -34.271000 -40.385000 -10.488000 0.300000
41757 -35.027000 -40.247000 -11.064000 0.300000
91524 -34.584000 -36.069000 -20.636000 0.400000
11038 -33.930000 -38.184000 -11.933000 0.300000
56151 -33.501000 -37.505000 -12.497000 0.300000
91525 -35.123000 -36.168000 -20.005000 0.400000
91526 -35.137000 -35.507000 -20.528000 0.400000
24476 -32.963000 -36.797000 -13.145000 0.300000
3358 -31.597000 -36.544000 -13.746000 0.300000
102220 -31.679000 -36.049000 -14.149000 0.300000
114809 -36.198000 -35.783000 -18.912000 0.400000
163080 -36.170000 -35.133000 -19.373000 0.300000
40708 -35.688000 -35.466000 -19.918000 0.400000
114821 -35.162000 -34.083000 -21.364000 0.400000
53550 -35.219000 -33.254000 -21.831000 0.300000
56152 -33.634000 -36.972000 -12.944000 0.300000
56154 -33.729000 -36.376000 -13.389000 0.300000
24479 -34.462000 -36.146000 -13.578000 0.300000
118549 -32.446000 -36.119000 -13.855000 0.300000
56153 -33.061000 -36.287000 -13.529000 0.300000
56155 -33.802000 -35.855000 -13.775000 0.300000
118555 -34.516000 -35.647000 -13.971000 0.300000
118559 -35.632000 -36.256000 -14.029000 0.300000
118553 -33.230000 -35.253000 -14.341000 0.300000
118554 -33.881000 -35.328000 -14.160000 0.300000
3360 -34.519000 -35.106000 -14.388000 0.300000
15837 -35.691000 -35.711000 -14.460000 0.300000
46557 -36.157000 -36.023000 -14.667000 0.300000
163050 -36.739000 -36.793000 -15.304000 0.300000
46550 -31.861000 -34.979000 -14.900000 0.300000
118551 -32.586000 -35.062000 -14.618000 0.300000
40698 -36.841000 -37.049000 -15.850000 0.300000
46552 -31.232000 -34.365000 -15.581000 0.300000
46554 -31.206000 -33.749000 -15.924000 0.300000
91502 -36.881000 -36.449000 -16.368000 0.300000
46553 -30.499000 -33.620000 -16.263000 0.300000
15834 -30.513000 -33.063000 -16.584000 0.300000
163054 -36.809000 -36.109000 -17.329000 0.300000
91505 -36.806000 -35.495000 -17.705000 0.300000
91506 -36.786000 -34.948000 -18.062000 0.300000
70539 -28.318000 -31.219000 -18.677000 0.300000
70541 -29.165000 -31.258000 -18.326000 0.300000
91504 -36.589000 -35.676000 -18.345000 0.300000
10155 -36.556000 -35.157000 -18.688000 0.300000
137737 -29.191000 -30.271000 -19.093000 0.300000
137735 -27.811000 -30.257000 -19.827000 0.300000
22830 -35.713000 -33.985000 -20.831000 0.300000
53551 -35.218000 -32.579000 -22.202000 0.300000
102233 -35.169000 -35.360000 -14.372000 0.300000
24478 -33.238000 -34.706000 -14.702000 0.300000
70547 -33.895000 -34.798000 -14.513000 0.300000
46558 -35.739000 -35.146000 -14.862000 0.300000
46561 -36.544000 -35.825000 -15.404000 0.300000
163051 -36.796000 -36.226000 -15.746000 0.300000
1439 -31.905000 -34.383000 -15.257000 0.300000
118552 -32.591000 -34.565000 -14.962000 0.300000
70548 -33.233000 -34.145000 -15.085000 0.300000
102234 -34.564000 -34.476000 -14.808000 0.300000
15839 -35.764000 -34.561000 -15.234000 0.300000
46560 -36.217000 -34.878000 -15.483000 0.300000
15841 -36.583000 -35.353000 -15.742000 0.300000
163052 -36.771000 -35.558000 -16.283000 0.300000
46556 -31.927000 -33.809000 -15.622000 0.300000
137745 -32.601000 -33.447000 -15.684000 0.300000
137747 -33.938000 -33.755000 -15.240000 0.300000
40699 -36.905000 -35.879000 -16.768000 0.300000
102227 -29.780000 -32.930000 -16.925000 0.300000
46555 -31.240000 -33.124000 -16.300000 0.300000
15836 -31.959000 -33.267000 -15.974000 0.300000
163055 -36.900000 -35.139000 -17.188000 0.300000
40700 -36.855000 -34.510000 -17.581000 0.300000
15835 -30.562000 -31.983000 -17.272000 0.300000
91508 -36.737000 -34.212000 -18.542000 0.300000
137739 -29.867000 -30.821000 -18.387000 0.300000
137740 -29.844000 -30.339000 -18.715000 0.300000
23027 -30.598000 -29.852000 -18.806000 0.300000
163083 -36.513000 -34.516000 -19.043000 0.300000
115175 -29.842000 -29.866000 -19.132000 0.300000
40709 -36.498000 -33.716000 -19.549000 0.300000
91527 -36.174000 -33.249000 -20.606000 0.300000
114823 -36.112000 -32.485000 -21.005000 0.300000
53552 -35.623000 -31.870000 -21.909000 0.300000
22831 -35.578000 -32.616000 -21.634000 0.300000
102235 -35.203000 -34.809000 -14.767000 0.300000
15838 -34.630000 -33.872000 -15.201000 0.300000
102236 -35.201000 -34.240000 -15.154000 0.300000
102239 -35.808000 -33.892000 -15.678000 0.300000
102240 -36.225000 -34.374000 -15.815000 0.300000
137746 -32.607000 -32.936000 -16.017000 0.300000
70551 -33.948000 -33.197000 -15.593000 0.300000
70550 -34.637000 -33.388000 -15.520000 0.300000
102237 -35.212000 -33.620000 -15.545000 0.300000
102241 -36.611000 -34.855000 -16.069000 0.300000
102231 -31.274000 -32.576000 -16.613000 0.300000
7199 -31.953000 -32.137000 -16.691000 0.300000
137749 -32.600000 -32.325000 -16.378000 0.300000
163056 -36.776000 -34.433000 -16.991000 0.300000
163058 -36.752000 -33.076000 -17.786000 0.300000
163057 -36.767000 -33.939000 -17.282000 0.300000
70545 -31.204000 -30.967000 -17.742000 0.300000
137742 -31.231000 -30.458000 -18.095000 0.300000
40701 -36.800000 -33.401000 -18.230000 0.300000
53747 -31.235000 -29.914000 -18.455000 0.300000
163084 -36.714000 -33.531000 -18.930000 0.300000
53748 -30.579000 -29.366000 -19.206000 0.300000
53749 -31.216000 -29.341000 -18.903000 0.300000
91530 -36.697000 -32.914000 -19.258000 0.300000
91529 -36.441000 -33.077000 -19.901000 0.300000
10158 -36.369000 -32.711000 -20.186000 0.300000
114825 -36.102000 -31.927000 -21.317000 0.300000
15840 -35.802000 -33.384000 -15.983000 0.300000
70553 -33.279000 -31.841000 -16.498000 0.300000
70554 -33.936000 -32.002000 -16.314000 0.300000
137756 -35.232000 -32.480000 -16.265000 0.300000
70557 -36.210000 -33.824000 -16.152000 0.300000
7201 -36.629000 -34.194000 -16.455000 0.300000
70546 -31.942000 -31.619000 -17.023000 0.300000
137757 -35.225000 -31.936000 -16.591000 0.300000
70558 -35.780000 -32.835000 -16.320000 0.300000
70561 -36.630000 -33.582000 -16.831000 0.300000
32155 -31.967000 -31.071000 -17.394000 0.300000
137751 -32.586000 -31.176000 -17.103000 0.300000
32158 -33.275000 -31.250000 -16.875000 0.300000
137743 -31.910000 -30.508000 -17.766000 0.300000
128622 -31.902000 -29.377000 -18.577000 0.300000
128624 -32.475000 -28.973000 -18.624000 0.300000
163086 -36.704000 -31.683000 -18.560000 0.300000
163085 -36.768000 -32.807000 -18.647000 0.300000
163798 -31.176000 -28.900000 -19.266000 0.300000
28794 -31.841000 -28.869000 -18.947000 0.300000
40710 -36.764000 -32.084000 -19.082000 0.300000
91531 -36.698000 -32.327000 -19.615000 0.300000
91533 -36.626000 -31.780000 -20.085000 0.300000
114824 -36.350000 -32.018000 -20.563000 0.300000
114826 -36.019000 -31.390000 -21.670000 0.300000
70556 -34.642000 -32.176000 -16.285000 0.300000
70555 -33.904000 -31.461000 -16.629000 0.300000
32160 -35.764000 -32.078000 -16.779000 0.300000
70560 -36.186000 -32.481000 -16.945000 0.300000
137752 -32.589000 -30.595000 -17.479000 0.300000
137754 -33.883000 -30.869000 -17.012000 0.300000
137755 -34.529000 -30.954000 -16.988000 0.300000
32161 -36.600000 -32.950000 -17.217000 0.300000
128621 -32.554000 -30.059000 -17.844000 0.300000
63348 -33.156000 -29.523000 -17.970000 0.300000
633 -36.473000 -31.775000 -17.857000 0.300000
92127 -31.183000 -27.879000 -20.086000 0.300000
128623 -32.455000 -29.509000 -18.243000 0.300000
28795 -33.157000 -28.957000 -18.373000 0.300000
92126 -31.205000 -28.323000 -19.672000 0.300000
92125 -31.796000 -28.423000 -19.336000 0.300000
128625 -32.451000 -28.318000 -19.083000 0.300000
128627 -33.141000 -28.383000 -18.794000 0.300000
163087 -36.661000 -31.225000 -18.838000 0.300000
91532 -36.737000 -31.555000 -19.383000 0.300000
163090 -36.585000 -31.020000 -20.401000 0.300000
22832 -36.394000 -31.353000 -21.014000 0.300000
91534 -36.354000 -30.773000 -21.264000 0.300000
137759 -35.753000 -31.525000 -17.104000 0.300000
137760 -36.153000 -31.899000 -17.274000 0.300000
5757 -34.496000 -30.471000 -17.248000 0.300000
97913 -35.123000 -30.726000 -17.301000 0.300000
13437 -35.720000 -30.995000 -17.396000 0.300000
63349 -33.799000 -29.728000 -17.682000 0.300000
97914 -34.445000 -29.872000 -17.600000 0.300000
97915 -35.062000 -30.037000 -17.681000 0.300000
44159 -36.117000 -30.537000 -18.011000 0.300000
5758 -31.843000 -27.797000 -19.785000 0.300000
128626 -33.789000 -29.026000 -18.178000 0.300000
13441 -36.451000 -30.448000 -18.664000 0.300000
128628 -32.400000 -27.839000 -19.410000 0.300000
28796 -33.095000 -27.858000 -19.209000 0.300000
63351 -33.712000 -28.448000 -18.537000 0.300000
13438 -34.332000 -29.253000 -17.964000 0.300000
163088 -36.591000 -30.709000 -19.112000 0.300000
40711 -36.678000 -31.025000 -19.718000 0.300000
163091 -36.628000 -30.416000 -19.969000 0.300000
91535 -36.562000 -30.431000 -20.800000 0.300000
163100 -36.163000 -29.647000 -22.723000 0.300000
163101 -36.441000 -29.513000 -22.048000 0.300000
10159 -36.466000 -29.989000 -21.711000 0.300000
44158 -35.679000 -30.402000 -17.695000 0.300000
115180 -31.772000 -27.323000 -20.112000 0.300000
97916 -35.007000 -29.533000 -17.913000 0.300000
13439 -35.608000 -29.746000 -18.052000 0.300000
44160 -36.092000 -30.032000 -18.268000 0.300000
128629 -32.377000 -27.246000 -19.837000 0.300000
63353 -32.981000 -27.339000 -19.544000 0.300000
63352 -33.691000 -27.993000 -18.928000 0.300000
97917 -34.930000 -28.942000 -18.291000 0.300000
97919 -35.547000 -29.154000 -18.366000 0.300000
97921 -36.380000 -29.844000 -18.973000 0.300000
5761 -36.331000 -29.339000 -19.246000 0.300000
163089 -36.545000 -30.146000 -19.433000 0.300000
163093 -36.557000 -29.022000 -20.046000 0.300000
163092 -36.546000 -29.729000 -19.681000 0.300000
40713 -36.613000 -28.494000 -21.031000 0.300000
91537 -36.650000 -29.322000 -20.674000 0.300000
91536 -36.536000 -29.812000 -21.106000 0.300000
163102 -36.568000 -29.187000 -21.402000 0.300000
91538 -36.557000 -29.335000 -21.358000 0.300000
23030 -31.882000 -26.688000 -20.654000 0.300000
128630 -32.390000 -26.797000 -20.240000 0.300000
28797 -32.978000 -26.774000 -19.933000 0.300000
63356 -34.172000 -27.652000 -19.073000 0.300000
128636 -34.781000 -27.749000 -19.034000 0.300000
13440 -35.485000 -28.530000 -18.739000 0.300000
63357 -36.015000 -28.931000 -18.911000 0.300000
128637 -34.790000 -27.051000 -19.516000 0.300000
63359 -35.931000 -28.317000 -19.265000 0.300000
128641 -36.273000 -27.571000 -20.253000 0.300000
28801 -36.253000 -28.206000 -19.944000 0.300000
63361 -36.284000 -28.786000 -19.568000 0.300000
163095 -36.583000 -27.758000 -20.654000 0.300000
163094 -36.568000 -28.414000 -20.325000 0.300000
40715 -36.414000 -28.948000 -22.204000 0.300000
163103 -36.663000 -28.262000 -21.247000 0.300000
22835 -35.897000 -29.225000 -23.896000 0.300000
91543 -36.226000 -29.320000 -23.149000 0.300000
114830 -36.016000 -28.995000 -24.510000 0.300000
128631 -32.383000 -26.247000 -20.750000 0.300000
128633 -32.857000 -26.318000 -20.301000 0.300000
63355 -33.501000 -26.952000 -19.683000 0.300000
128635 -34.174000 -26.462000 -19.969000 0.300000
128638 -34.787000 -26.643000 -19.852000 0.300000
28800 -35.288000 -27.537000 -19.392000 0.300000
128640 -35.842000 -27.253000 -19.904000 0.300000
63360 -35.858000 -27.785000 -19.589000 0.300000
91545 -36.642000 -28.355000 -21.987000 0.300000
91542 -36.605000 -28.188000 -23.201000 0.300000
114831 -36.584000 -28.318000 -24.102000 0.300000
128634 -33.616000 -26.202000 -20.151000 0.300000
75707 -30.766000 -61.936000 -11.316000 0.400000
162873 -21.685000 -55.534000 -5.808000 0.300000
40643 -24.558000 -54.648000 -5.127000 0.400000
22775 -25.184000 -55.259000 -5.141000 0.400000
91357 -23.234000 -54.699000 -5.419000 0.400000
116040 -23.449000 -52.600000 -5.526000 0.400000
23401 -23.205000 -53.519000 -5.601000 0.400000
121078 -31.091000 -43.601000 -7.326000 0.300000
11037 -34.552000 -39.859000 -10.967000 0.300000
118550 -32.519000 -35.586000 -14.247000 0.300000
24480 -35.556000 -36.768000 -13.635000 0.300000
118558 -35.103000 -35.860000 -13.998000 0.300000
163079 -35.767000 -36.151000 -19.470000 0.400000
102228 -29.839000 -32.384000 -17.262000 0.300000
102229 -29.842000 -31.864000 -17.637000 0.300000
70540 -28.358000 -30.719000 -19.085000 0.300000
137736 -28.439000 -30.245000 -19.454000 0.300000
70542 -31.255000 -32.114000 -16.937000 0.300000
7198 -29.212000 -29.783000 -19.496000 0.300000
46559 -36.193000 -35.449000 -15.090000 0.300000
162875 -22.025000 -55.838000 -5.648000 0.400000
91355 -22.301000 -56.207000 -5.469000 0.400000
10135 -23.318000 -55.845000 -5.253000 0.400000
162885 -23.914000 -55.267000 -5.186000 0.400000
92520 -21.112000 -54.750000 -6.267000 0.300000
54361 -22.552000 -54.133000 -5.778000 0.400000
24477 -33.152000 -35.769000 -13.937000 0.300000
70549 -33.930000 -34.271000 -14.871000 0.300000
102230 -30.551000 -32.519000 -16.929000 0.300000
91507 -36.835000 -33.927000 -17.901000 0.300000
137744 -32.592000 -33.976000 -15.327000 0.300000
32156 -33.289000 -33.577000 -15.472000 0.300000
163053 -36.776000 -34.951000 -16.676000 0.300000
102232 -31.948000 -32.711000 -16.309000 0.300000
137748 -33.269000 -33.050000 -15.789000 0.300000
115177 -29.953000 -29.339000 -19.545000 0.300000
115176 -29.217000 -29.323000 -19.911000 0.300000
102238 -35.246000 -33.013000 -15.934000 0.300000
32157 -33.316000 -32.464000 -16.121000 0.300000
70552 -33.949000 -32.619000 -15.956000 0.300000
7200 -34.636000 -32.804000 -15.884000 0.300000
137750 -32.558000 -31.751000 -16.744000 0.300000
163059 -36.731000 -32.340000 -18.206000 0.300000
137761 -36.535000 -32.351000 -17.579000 0.300000
1440 -31.895000 -29.933000 -18.194000 0.300000
32159 -34.570000 -31.672000 -16.593000 0.300000
70559 -36.203000 -33.160000 -16.543000 0.300000
137758 -35.144000 -31.375000 -16.895000 0.300000
137753 -33.260000 -30.697000 -17.201000 0.300000
44161 -36.450000 -31.104000 -18.247000 0.300000
163799 -30.617000 -28.338000 -20.032000 0.300000
28793 -33.191000 -30.069000 -17.647000 0.300000
63347 -33.838000 -30.278000 -17.354000 0.300000
44157 -36.134000 -31.272000 -17.612000 0.300000
97920 -36.061000 -29.550000 -18.541000 0.300000
63350 -34.318000 -28.742000 -18.272000 0.300000
40712 -36.633000 -30.004000 -20.277000 0.300000
63354 -33.622000 -27.454000 -19.336000 0.300000
5759 -34.295000 -28.170000 -18.710000 0.300000
97918 -34.814000 -28.331000 -18.696000 0.300000
28799 -34.196000 -27.055000 -19.551000 0.300000
63358 -35.380000 -27.992000 -19.105000 0.300000
91544 -36.357000 -28.797000 -22.641000 0.300000
128639 -35.313000 -26.898000 -19.849000 0.300000
23037 -35.347000 -26.356000 -20.194000 0.300000
40639 -21.413000 -56.431000 -5.694000 0.400000
144103 -31.316000 -50.587000 -17.060000 0.400000
137415 -22.132000 -60.494000 -9.444000 0.300000
137414 -22.416000 -60.401000 -9.714000 0.300000
137416 -22.000000 -60.713000 -9.096000 0.300000
15750 -23.194000 -59.959000 -9.445000 0.300000
10440 -21.476000 -53.773000 -6.313000 0.300000
54358 -22.124000 -53.233000 -6.114000 0.300000
116036 -21.841000 -52.747000 -6.330000 0.300000
162881 -23.373000 -57.046000 -5.239000 0.300000
91354 -22.689000 -56.416000 -5.335000 0.300000
162882 -23.617000 -56.173000 -5.199000 0.300000
91356 -22.983000 -55.557000 -5.379000 0.300000
91361 -24.310000 -56.754000 -5.160000 0.300000
40642 -24.020000 -56.439000 -5.170000 0.300000
22772 -22.044000 -56.991000 -5.406000 0.300000
114719 -23.019000 -56.720000 -5.249000 0.300000
144102 -31.561000 -51.310000 -16.884000 0.300000
