#!ascii label, from file  /biac2/kgs/3Danat/FreesurferSegmentations/fsaverage-bkup/label/CBA/cROIs/averages/label/MPM_lh.FG1.label 
414
94619 -29.581000 -70.165000 -13.300000 0.700000
130805 -30.021000 -69.238000 -14.005000 0.600000
29598 -30.511000 -68.950000 -14.567000 0.600000
14010 -32.189000 -68.480000 -15.046000 0.400000
105314 -29.471000 -69.929000 -6.006000 0.700000
17549 -29.761000 -69.054000 -6.158000 0.700000
105313 -29.730000 -70.188000 -6.527000 0.700000
48268 -29.985000 -69.315000 -6.654000 0.600000
105311 -29.924000 -70.415000 -7.136000 0.700000
17547 -30.144000 -69.548000 -7.249000 0.600000
120952 -30.141000 -70.626000 -7.878000 0.600000
120953 -30.302000 -69.747000 -7.924000 0.600000
120950 -30.310000 -70.647000 -9.394000 0.600000
25506 -30.428000 -69.831000 -8.716000 0.600000
57869 -30.611000 -69.076000 -9.534000 0.500000
11610 -30.454000 -69.808000 -10.219000 0.500000
57867 -30.621000 -69.008000 -10.341000 0.500000
42330 -30.378000 -68.966000 -11.844000 0.600000
42328 -29.927000 -69.635000 -12.532000 0.600000
42329 -30.109000 -68.899000 -12.591000 0.600000
42327 -30.042000 -68.760000 -13.319000 0.600000
130806 -30.146000 -68.517000 -14.029000 0.600000
105317 -29.446000 -68.771000 -5.709000 0.600000
48270 -30.005000 -68.235000 -6.285000 0.600000
48269 -30.251000 -68.471000 -6.816000 0.600000
48267 -30.371000 -68.712000 -7.379000 0.600000
120955 -30.649000 -68.115000 -8.167000 0.600000
120954 -30.438000 -68.920000 -7.999000 0.600000
57870 -30.563000 -69.021000 -8.757000 0.600000
57871 -30.724000 -68.257000 -9.590000 0.600000
3931 -30.693000 -68.282000 -10.392000 0.600000
94626 -30.491000 -68.996000 -11.077000 0.600000
94627 -30.583000 -68.308000 -11.105000 0.700000
11611 -30.491000 -68.246000 -11.890000 0.600000
42331 -30.304000 -68.185000 -12.664000 0.600000
65070 -30.610000 -68.260000 -14.530000 0.500000
65069 -31.335000 -67.971000 -14.907000 0.500000
17550 -29.108000 -68.380000 -5.397000 0.600000
105318 -29.722000 -67.924000 -5.873000 0.600000
17551 -30.303000 -67.379000 -6.514000 0.600000
48271 -30.474000 -67.652000 -7.023000 0.600000
1783 -30.572000 -67.883000 -7.567000 0.600000
48273 -30.765000 -67.152000 -7.762000 0.600000
120956 -30.802000 -67.432000 -8.321000 0.600000
120957 -30.829000 -67.496000 -8.982000 0.600000
25507 -30.710000 -68.205000 -8.860000 0.600000
57872 -30.815000 -67.567000 -9.653000 0.600000
57873 -30.726000 -67.673000 -10.433000 0.700000
351 -30.182000 -68.024000 -13.378000 0.600000
130807 -30.218000 -67.817000 -14.050000 0.600000
65067 -32.201000 -67.725000 -15.104000 0.400000
75689 -29.037000 -67.143000 -5.361000 0.600000
75687 -29.388000 -67.531000 -5.581000 0.600000
105319 -29.979000 -67.043000 -6.099000 0.600000
48272 -30.635000 -66.930000 -7.169000 0.600000
17553 -30.921000 -66.443000 -7.944000 0.500000
144042 -30.931000 -66.636000 -8.544000 0.600000
120958 -30.876000 -66.867000 -9.828000 0.700000
11612 -30.534000 -66.995000 -12.021000 0.600000
94628 -30.661000 -67.695000 -11.169000 0.600000
94629 -30.536000 -67.609000 -11.956000 0.600000
42332 -30.391000 -67.551000 -12.701000 0.600000
42333 -30.208000 -67.443000 -13.406000 0.600000
130809 -30.541000 -66.916000 -14.594000 0.600000
29599 -30.569000 -67.491000 -14.541000 0.600000
6103 -32.170000 -66.967000 -15.167000 0.400000
65071 -31.326000 -67.215000 -14.916000 0.500000
75690 -28.683000 -66.755000 -5.201000 0.500000
75691 -29.365000 -66.253000 -5.584000 0.600000
7999 -29.663000 -66.693000 -5.765000 0.600000
105320 -30.173000 -66.277000 -6.307000 0.600000
105321 -30.469000 -66.644000 -6.709000 0.500000
17552 -30.615000 -65.859000 -6.934000 0.500000
105322 -30.809000 -66.248000 -7.357000 0.500000
144043 -31.060000 -65.878000 -8.793000 0.600000
34332 -31.100000 -65.330000 -9.626000 0.600000
75700 -31.019000 -66.091000 -9.365000 0.700000
120959 -30.855000 -66.210000 -10.717000 0.700000
25509 -30.801000 -66.958000 -10.545000 0.700000
25510 -30.508000 -65.719000 -12.155000 0.600000
120960 -30.709000 -67.009000 -11.258000 0.700000
57875 -30.546000 -66.373000 -12.059000 0.600000
57874 -30.365000 -66.304000 -12.794000 0.600000
94630 -30.367000 -66.944000 -12.730000 0.600000
11613 -30.189000 -66.822000 -13.427000 0.600000
144060 -30.151000 -66.560000 -14.080000 0.600000
65072 -31.258000 -66.589000 -14.922000 0.500000
65073 -32.074000 -66.442000 -15.155000 0.400000
34327 -28.907000 -65.916000 -5.353000 0.600000
75692 -29.569000 -65.594000 -5.741000 0.600000
75693 -29.885000 -65.921000 -5.985000 0.500000
144036 -30.406000 -65.520000 -6.550000 0.600000
75695 -30.745000 -65.145000 -7.156000 0.500000
75694 -30.960000 -65.458000 -7.665000 0.600000
75696 -31.039000 -64.699000 -7.916000 0.500000
105323 -31.019000 -65.723000 -8.172000 0.600000
8001 -31.159000 -64.973000 -8.435000 0.500000
144044 -31.141000 -65.157000 -9.043000 0.500000
144045 -31.057000 -64.807000 -10.445000 0.500000
75701 -31.042000 -65.485000 -10.270000 0.600000
17555 -30.853000 -64.253000 -11.181000 0.500000
105325 -30.842000 -64.895000 -11.022000 0.500000
3932 -30.851000 -65.535000 -10.867000 0.600000
105326 -30.581000 -64.337000 -11.845000 0.400000
120962 -30.698000 -65.675000 -11.503000 0.700000
17554 -30.269000 -64.350000 -12.438000 0.400000
57877 -30.193000 -65.162000 -12.903000 0.500000
57876 -30.308000 -65.703000 -12.827000 0.600000
57878 -30.008000 -65.133000 -13.505000 0.500000
3933 -30.092000 -65.683000 -13.462000 0.600000
144065 -29.899000 -64.957000 -14.185000 0.500000
144061 -30.125000 -66.029000 -14.083000 0.600000
29601 -32.015000 -65.818000 -15.195000 0.500000
144062 -29.990000 -65.476000 -14.136000 0.600000
75715 -30.365000 -65.714000 -14.699000 0.600000
130810 -31.225000 -65.961000 -14.984000 0.600000
144033 -29.225000 -65.099000 -5.620000 0.500000
34329 -30.086000 -65.157000 -6.201000 0.500000
144037 -30.563000 -64.841000 -6.736000 0.500000
34330 -30.940000 -64.343000 -7.482000 0.400000
75698 -31.225000 -64.296000 -8.663000 0.400000
144047 -31.182000 -64.477000 -9.276000 0.500000
144046 -31.163000 -64.663000 -9.882000 0.500000
34333 -31.136000 -64.013000 -10.071000 0.500000
17556 -30.037000 -63.140000 -12.666000 0.400000
105327 -30.467000 -63.705000 -11.926000 0.400000
48275 -30.170000 -63.739000 -12.552000 0.400000
48274 -29.932000 -63.849000 -13.082000 0.500000
120964 -30.078000 -64.510000 -12.982000 0.500000
120965 -29.742000 -63.916000 -13.670000 0.500000
25511 -29.878000 -64.525000 -13.594000 0.500000
144066 -29.799000 -64.457000 -14.246000 0.500000
6104 -31.821000 -64.579000 -15.338000 0.500000
130811 -31.933000 -65.180000 -15.273000 0.500000
34338 -30.254000 -65.200000 -14.755000 0.600000
75714 -31.125000 -65.395000 -15.074000 0.500000
144048 -31.236000 -63.809000 -9.519000 0.400000
75705 -31.123000 -63.322000 -10.280000 0.500000
75704 -30.982000 -63.432000 -10.833000 0.500000
8002 -30.655000 -62.862000 -11.580000 0.500000
48276 -29.761000 -63.173000 -13.217000 0.400000
144067 -29.660000 -63.930000 -14.312000 0.500000
105334 -31.665000 -63.987000 -15.448000 0.500000
130814 -32.688000 -64.287000 -15.400000 0.300000
144068 -29.504000 -63.322000 -14.387000 0.500000
34339 -29.939000 -64.268000 -14.841000 0.500000
144063 -30.900000 -64.299000 -15.251000 0.500000
75706 -30.898000 -62.692000 -11.045000 0.400000
105328 -30.365000 -63.016000 -12.078000 0.400000
75708 -30.597000 -62.169000 -11.778000 0.400000
105331 -29.434000 -61.838000 -13.456000 0.400000
105330 -29.869000 -62.471000 -12.798000 0.400000
48278 -29.392000 -62.671000 -13.857000 0.400000
17558 -29.243000 -61.975000 -13.979000 0.400000
144077 -29.356000 -62.665000 -14.492000 0.500000
105335 -32.313000 -63.104000 -15.471000 0.400000
105333 -32.483000 -63.692000 -15.450000 0.400000
75720 -29.829000 -63.709000 -14.902000 0.500000
17560 -31.536000 -63.449000 -15.544000 0.500000
34340 -29.710000 -63.144000 -14.956000 0.500000
75719 -30.482000 -63.353000 -15.401000 0.500000
75718 -30.685000 -63.831000 -15.329000 0.500000
105332 -29.091000 -61.258000 -14.053000 0.400000
144078 -29.224000 -61.981000 -14.598000 0.400000
105336 -32.083000 -62.564000 -15.544000 0.400000
75717 -31.315000 -62.971000 -15.640000 0.500000
144076 -29.561000 -62.556000 -15.032000 0.500000
75721 -30.304000 -62.800000 -15.487000 0.500000
144079 -29.058000 -61.330000 -14.659000 0.400000
105337 -31.885000 -62.045000 -15.609000 0.400000
17561 -32.700000 -61.735000 -15.409000 0.300000
34343 -29.425000 -61.942000 -15.101000 0.500000
144075 -30.123000 -62.255000 -15.514000 0.500000
8004 -31.101000 -62.416000 -15.712000 0.500000
144080 -28.875000 -60.596000 -14.729000 0.400000
144071 -31.707000 -61.546000 -15.681000 0.300000
144070 -32.515000 -61.121000 -15.487000 0.300000
75730 -29.274000 -61.269000 -15.199000 0.400000
144074 -30.920000 -61.879000 -15.753000 0.500000
75729 -29.839000 -61.046000 -15.669000 0.400000
75728 -29.992000 -61.676000 -15.585000 0.500000
34342 -30.736000 -61.362000 -15.802000 0.500000
144082 -28.958000 -59.842000 -15.291000 0.400000
34341 -32.293000 -60.540000 -15.623000 0.300000
75723 -33.117000 -60.136000 -15.410000 0.300000
34344 -29.173000 -60.542000 -15.294000 0.400000
75726 -31.290000 -60.402000 -15.860000 0.400000
75731 -29.611000 -60.344000 -15.704000 0.400000
75727 -30.564000 -60.816000 -15.867000 0.400000
34345 -28.712000 -59.068000 -15.355000 0.500000
144072 -32.057000 -59.975000 -15.757000 0.300000
75724 -32.892000 -59.527000 -15.535000 0.400000
3935 -33.504000 -58.451000 -15.496000 0.400000
75722 -33.809000 -59.060000 -15.385000 0.400000
144081 -29.397000 -59.609000 -15.793000 0.400000
75725 -31.023000 -59.778000 -15.982000 0.500000
17563 -31.803000 -59.400000 -15.920000 0.400000
105343 -30.009000 -59.499000 -16.044000 0.500000
8005 -30.293000 -60.122000 -15.962000 0.500000
105342 -30.729000 -59.141000 -16.121000 0.500000
105341 -31.494000 -58.663000 -16.054000 0.400000
105340 -32.331000 -58.335000 -15.833000 0.400000
105338 -33.199000 -57.872000 -15.625000 0.400000
120970 -34.458000 -58.130000 -15.541000 0.300000
75733 -29.109000 -58.918000 -15.808000 0.500000
17565 -29.690000 -58.762000 -16.089000 0.500000
48282 -32.584000 -56.543000 -15.946000 0.400000
120975 -33.509000 -56.178000 -15.866000 0.300000
75736 -28.465000 -57.422000 -15.921000 0.500000
48284 -31.664000 -56.979000 -16.158000 0.400000
48283 -31.989000 -57.619000 -15.995000 0.400000
17562 -32.891000 -57.229000 -15.766000 0.400000
120974 -33.822000 -56.785000 -15.729000 0.400000
25515 -34.773000 -56.433000 -16.038000 0.300000
75734 -28.776000 -58.211000 -15.834000 0.500000
105344 -30.400000 -58.432000 -16.267000 0.500000
17564 -31.184000 -58.024000 -16.196000 0.500000
75732 -29.362000 -57.981000 -16.204000 0.500000
1786 -32.282000 -55.895000 -16.134000 0.400000
120976 -33.236000 -55.471000 -16.034000 0.400000
75737 -28.173000 -56.628000 -16.004000 0.500000
57885 -34.488000 -55.716000 -16.077000 0.300000
8006 -29.049000 -57.230000 -16.289000 0.500000
105346 -29.761000 -56.947000 -16.466000 0.500000
17566 -30.543000 -56.646000 -16.455000 0.500000
48285 -30.871000 -57.353000 -16.331000 0.500000
105345 -30.083000 -57.712000 -16.393000 0.500000
120977 -32.919000 -54.820000 -16.184000 0.400000
144088 -27.939000 -55.847000 -16.066000 0.500000
17567 -30.006000 -55.201000 -16.602000 0.500000
120978 -33.943000 -54.476000 -16.276000 0.300000
25516 -34.227000 -55.090000 -16.155000 0.300000
34347 -28.471000 -55.745000 -16.342000 0.500000
144090 -29.192000 -55.465000 -16.556000 0.500000
105347 -29.481000 -56.212000 -16.509000 0.500000
11607 -29.788000 -69.482000 -13.282000 0.600000
65068 -31.312000 -68.690000 -14.891000 0.500000
57868 -30.507000 -69.859000 -9.501000 0.600000
25508 -30.953000 -66.706000 -9.226000 0.700000
130808 -30.191000 -67.185000 -14.048000 0.600000
75699 -30.970000 -66.240000 -9.992000 0.700000
29600 -30.498000 -66.366000 -14.640000 0.600000
120961 -30.722000 -66.330000 -11.405000 0.700000
120963 -30.381000 -65.050000 -12.263000 0.500000
94631 -30.123000 -66.233000 -13.442000 0.600000
75703 -31.019000 -64.130000 -10.632000 0.500000
75702 -30.760000 -63.525000 -11.404000 0.500000
105324 -30.654000 -64.996000 -11.655000 0.400000
144064 -30.120000 -64.702000 -14.803000 0.500000
75716 -31.017000 -64.864000 -15.166000 0.500000
48277 -29.576000 -62.425000 -13.362000 0.400000
1785 -29.579000 -63.329000 -13.775000 0.500000
105329 -30.277000 -62.300000 -12.253000 0.400000
144073 -31.500000 -60.958000 -15.753000 0.400000
105339 -32.640000 -58.989000 -15.677000 0.400000
120973 -34.163000 -57.446000 -15.627000 0.300000
75738 -28.714000 -56.457000 -16.307000 0.500000
105348 -30.260000 -55.913000 -16.539000 0.500000
143989 -28.738000 -76.482000 -9.339000 0.500000
105296 -29.057000 -76.079000 -10.571000 0.500000
105297 -28.898000 -76.251000 -9.961000 0.500000
130787 -29.930000 -74.789000 -12.947000 0.500000
105293 -29.609000 -75.615000 -11.951000 0.500000
105295 -29.236000 -75.878000 -11.215000 0.400000
34313 -28.686000 -75.831000 -9.526000 0.500000
17539 -28.994000 -75.507000 -10.832000 0.600000
143988 -28.794000 -75.686000 -10.193000 0.600000
17537 -29.342000 -75.114000 -12.243000 0.500000
48258 -29.076000 -75.327000 -11.485000 0.500000
65054 -31.382000 -73.510000 -14.196000 0.400000
48261 -28.470000 -75.167000 -7.704000 0.700000
105300 -28.628000 -75.146000 -8.364000 0.700000
75657 -28.770000 -75.074000 -9.763000 0.700000
143987 -28.955000 -74.834000 -11.073000 0.500000
75656 -28.861000 -74.965000 -10.419000 0.700000
130788 -29.809000 -74.154000 -13.181000 0.500000
48257 -29.277000 -74.486000 -12.478000 0.500000
48259 -29.146000 -74.644000 -11.729000 0.500000
65056 -31.295000 -72.841000 -14.367000 0.500000
65055 -30.583000 -73.838000 -13.728000 0.500000
48265 -27.745000 -74.934000 -5.815000 0.500000
48264 -28.041000 -75.093000 -6.405000 0.700000
1782 -28.617000 -74.435000 -7.040000 0.700000
48262 -28.308000 -75.171000 -7.021000 0.700000
48260 -28.760000 -74.410000 -7.730000 0.700000
105299 -28.769000 -75.088000 -9.075000 0.600000
25500 -29.008000 -74.087000 -11.310000 0.700000
75655 -28.983000 -74.225000 -10.584000 0.600000
130789 -29.782000 -73.455000 -13.377000 0.500000
830 -29.324000 -73.748000 -12.691000 0.600000
120936 -29.181000 -73.918000 -12.007000 0.600000
29593 -30.473000 -73.205000 -13.949000 0.500000
130795 -32.101000 -71.955000 -14.792000 0.500000
17546 -28.088000 -74.178000 -5.829000 0.500000
48266 -28.393000 -74.341000 -6.418000 0.700000
17540 -28.853000 -74.390000 -8.454000 0.700000
120944 -29.175000 -73.591000 -8.467000 0.700000
120945 -29.102000 -73.643000 -7.751000 0.700000
3928 -28.985000 -74.294000 -9.855000 0.800000
120942 -29.163000 -73.555000 -9.914000 0.700000
120937 -29.179000 -73.202000 -12.241000 0.600000
120938 -29.142000 -73.326000 -11.471000 0.700000
130798 -29.760000 -72.750000 -13.592000 0.700000
120935 -29.360000 -72.994000 -12.937000 0.600000
130796 -31.279000 -72.239000 -14.517000 0.600000
130797 -30.456000 -72.436000 -14.181000 0.600000
29595 -32.071000 -71.277000 -14.918000 0.600000
7997 -27.220000 -73.642000 -5.019000 0.500000
144016 -27.963000 -73.082000 -5.359000 0.600000
105310 -27.655000 -73.998000 -5.350000 0.500000
144015 -28.399000 -73.395000 -5.813000 0.600000
144014 -28.719000 -73.553000 -6.404000 0.600000
120946 -28.954000 -73.697000 -7.054000 0.700000
25503 -29.484000 -72.844000 -8.536000 0.700000
120947 -29.420000 -72.941000 -7.763000 0.600000
120943 -29.155000 -73.609000 -9.212000 0.700000
57863 -29.475000 -72.844000 -9.284000 0.700000
120939 -29.158000 -73.442000 -10.700000 0.700000
130799 -29.766000 -72.116000 -13.794000 0.700000
65063 -31.267000 -71.552000 -14.708000 0.700000
29596 -30.440000 -71.734000 -14.402000 0.700000
144019 -27.515000 -72.756000 -4.944000 0.500000
34322 -28.663000 -72.530000 -5.803000 0.600000
75678 -29.001000 -72.775000 -6.391000 0.600000
25504 -29.286000 -72.888000 -7.102000 0.600000
25502 -29.379000 -72.796000 -9.978000 0.800000
57862 -29.720000 -72.047000 -10.114000 0.500000
57865 -29.784000 -72.125000 -8.576000 0.600000
25501 -29.274000 -72.587000 -11.568000 0.700000
120940 -29.436000 -71.882000 -11.597000 0.700000
130800 -29.690000 -71.411000 -13.987000 0.700000
57857 -29.373000 -71.601000 -13.295000 0.700000
65062 -32.038000 -70.690000 -15.011000 0.500000
65064 -31.269000 -70.817000 -14.869000 0.700000
6102 -32.032000 -69.975000 -15.095000 0.500000
144020 -27.059000 -72.397000 -4.642000 0.500000
34323 -27.822000 -71.899000 -4.945000 0.500000
75681 -28.530000 -71.357000 -5.324000 0.600000
144018 -28.250000 -72.203000 -5.319000 0.600000
144017 -28.943000 -71.626000 -5.806000 0.600000
75679 -29.231000 -71.929000 -6.389000 0.600000
105312 -29.482000 -71.075000 -6.431000 0.600000
75677 -29.530000 -72.100000 -7.103000 0.600000
3930 -29.732000 -71.301000 -7.078000 0.600000
57860 -29.811000 -71.244000 -10.797000 0.600000
3929 -30.032000 -71.330000 -10.125000 0.500000
120949 -29.947000 -71.411000 -7.833000 0.500000
94620 -29.462000 -71.026000 -12.477000 0.600000
11608 -29.620000 -71.189000 -11.652000 0.600000
130801 -29.739000 -70.712000 -14.037000 0.600000
3927 -29.404000 -70.947000 -13.316000 0.600000
130802 -31.267000 -69.424000 -14.931000 0.500000
75683 -27.396000 -71.558000 -4.675000 0.500000
75682 -28.161000 -71.070000 -4.984000 0.600000
17548 -29.216000 -70.723000 -5.889000 0.600000
57866 -30.102000 -71.336000 -9.350000 0.500000
120951 -30.265000 -70.668000 -8.642000 0.500000
94622 -29.862000 -70.444000 -11.688000 0.400000
94623 -30.079000 -70.487000 -10.905000 0.500000
94624 -30.273000 -70.618000 -10.108000 0.500000
130804 -29.875000 -70.014000 -14.019000 0.600000
34324 -26.986000 -71.211000 -4.512000 0.500000
75684 -27.754000 -70.715000 -4.746000 0.600000
7998 -28.516000 -70.198000 -5.082000 0.600000
75680 -28.844000 -70.528000 -5.432000 0.600000
11609 -30.153000 -69.704000 -11.744000 0.500000
94625 -30.322000 -69.733000 -10.992000 0.400000
144023 -26.478000 -70.867000 -4.414000 0.500000
75685 -27.348000 -70.341000 -4.567000 0.500000
75686 -28.141000 -69.794000 -4.828000 0.600000
105315 -29.188000 -69.623000 -5.565000 0.600000
24419 -26.055000 -70.427000 -4.402000 0.500000
144024 -26.829000 -69.943000 -4.484000 0.500000
34325 -27.608000 -69.458000 -4.666000 0.600000
105316 -28.806000 -69.327000 -5.219000 0.600000
56058 -25.517000 -70.097000 -4.521000 0.500000
56057 -26.388000 -69.564000 -4.505000 0.500000
144025 -27.193000 -69.041000 -4.604000 0.500000
144027 -27.981000 -68.532000 -4.819000 0.600000
144026 -28.456000 -68.870000 -5.025000 0.600000
56059 -25.850000 -69.200000 -4.622000 0.500000
3327 -26.727000 -68.659000 -4.632000 0.500000
118420 -25.472000 -68.640000 -4.932000 0.500000
75688 -28.742000 -68.011000 -5.174000 0.500000
93540 -26.280000 -68.156000 -4.803000 0.500000
144028 -27.519000 -68.130000 -4.734000 0.500000
56061 -25.044000 -68.190000 -5.295000 0.500000
11008 -25.850000 -67.716000 -5.063000 0.500000
93539 -27.086000 -67.734000 -4.786000 0.500000
34326 -28.295000 -67.648000 -5.001000 0.400000
56060 -25.433000 -67.221000 -5.518000 0.500000
93541 -26.690000 -67.222000 -4.961000 0.500000
11007 -27.483000 -66.776000 -4.965000 0.400000
144029 -27.912000 -67.246000 -4.922000 0.400000
93542 -26.215000 -66.763000 -5.234000 0.400000
41728 -27.040000 -66.314000 -5.145000 0.400000
41727 -27.833000 -65.871000 -5.184000 0.400000
94621 -29.653000 -70.310000 -12.477000 0.600000
130803 -30.467000 -69.701000 -14.579000 0.500000
98944 -32.123000 -69.231000 -15.051000 0.400000
25505 -30.047000 -71.434000 -8.596000 0.600000
144030 -28.208000 -66.360000 -5.123000 0.400000
144031 -28.567000 -65.438000 -5.359000 0.400000
105298 -28.952000 -74.348000 -9.196000 0.700000
120941 -29.328000 -72.699000 -10.819000 0.700000
25499 -29.329000 -72.305000 -13.158000 0.700000
57858 -29.235000 -72.477000 -12.372000 0.700000
57864 -29.805000 -72.075000 -9.327000 0.600000
120948 -29.717000 -72.181000 -7.814000 0.600000
65065 -30.472000 -71.041000 -14.566000 0.700000
57861 -29.536000 -71.977000 -10.781000 0.700000
57859 -29.307000 -71.761000 -12.444000 0.700000
29597 -30.474000 -70.379000 -14.598000 0.600000
65066 -31.281000 -70.138000 -14.924000 0.600000
