#!ascii label, from file  /biac2/kgs/3Danat/FreesurferSegmentations/fsaverage-bkup/label/CBA/cROIs/averages/label/MPM_lh.hOc3.label 
1286
102046 -13.660000 -88.766000 -8.442000 0.500000
24415 -13.240000 -91.364000 -8.006000 0.500000
118406 -13.906000 -91.509000 -7.957000 0.500000
118404 -13.793000 -92.021000 -8.377000 0.500000
46454 -14.539000 -87.730000 -9.489000 0.500000
46453 -14.119000 -88.186000 -8.906000 0.500000
46452 -14.891000 -87.790000 -9.013000 0.500000
15732 -14.477000 -88.300000 -8.449000 0.500000
118413 -15.260000 -87.869000 -8.557000 0.600000
102044 -14.082000 -88.953000 -7.992000 0.500000
148835 -13.658000 -92.412000 -8.871000 0.500000
70232 -13.409000 -90.663000 -7.824000 0.500000
35951 -14.137000 -92.508000 -9.038000 0.500000
118407 -14.097000 -90.966000 -7.665000 0.600000
148836 -14.289000 -92.095000 -8.449000 0.600000
24416 -14.902000 -90.317000 -7.386000 0.600000
24414 -14.461000 -91.648000 -7.990000 0.600000
79667 -14.782000 -92.201000 -8.516000 0.700000
56051 -15.476000 -90.504000 -7.379000 0.700000
148837 -14.944000 -91.749000 -8.021000 0.700000
3324 -16.029000 -90.684000 -7.396000 0.700000
148838 -15.712000 -91.353000 -7.732000 0.700000
35952 -15.465000 -91.867000 -8.069000 0.700000
1406 -15.317000 -87.374000 -9.598000 0.500000
118414 -15.697000 -87.412000 -9.142000 0.600000
162717 -16.068000 -86.902000 -9.718000 0.600000
162716 -16.465000 -87.020000 -9.335000 0.600000
118411 -14.585000 -89.140000 -7.604000 0.500000
79666 -14.617000 -92.570000 -9.117000 0.500000
79664 -14.385000 -92.890000 -9.889000 0.500000
107703 -15.382000 -93.369000 -10.066000 0.700000
8563 -15.038000 -92.620000 -9.282000 0.700000
107704 -15.578000 -92.791000 -9.433000 0.700000
118408 -14.261000 -90.050000 -7.505000 0.600000
118410 -15.186000 -89.418000 -7.307000 0.700000
107705 -15.812000 -92.311000 -8.783000 0.700000
118409 -15.746000 -89.698000 -7.171000 0.700000
93535 -16.345000 -89.852000 -7.121000 0.700000
18877 -16.660000 -91.972000 -8.412000 0.700000
93534 -17.006000 -90.056000 -7.067000 0.700000
148841 -16.651000 -90.796000 -7.389000 0.700000
148840 -16.308000 -91.419000 -7.764000 0.700000
79669 -17.607000 -91.464000 -8.228000 0.700000
148842 -17.648000 -90.126000 -7.164000 0.700000
79672 -18.343000 -90.144000 -7.478000 0.700000
79671 -17.931000 -90.852000 -7.825000 0.700000
79673 -19.091000 -90.075000 -7.939000 0.700000
162726 -15.715000 -86.898000 -10.219000 0.500000
162725 -16.386000 -86.414000 -10.270000 0.600000
162724 -16.969000 -85.947000 -10.322000 0.600000
40587 -16.753000 -86.478000 -9.892000 0.600000
91224 -17.384000 -86.001000 -9.930000 0.600000
24418 -16.121000 -87.520000 -8.717000 0.600000
91223 -17.196000 -86.461000 -9.475000 0.600000
56055 -15.796000 -87.970000 -8.059000 0.600000
49595 -16.038000 -93.667000 -10.083000 0.700000
24417 -15.525000 -88.537000 -7.541000 0.700000
18876 -16.202000 -93.075000 -9.565000 0.700000
49594 -16.788000 -93.959000 -10.102000 0.700000
122813 -17.684000 -94.087000 -10.138000 0.700000
56054 -16.370000 -88.054000 -7.708000 0.700000
49596 -16.908000 -93.342000 -9.639000 0.700000
148906 -18.655000 -94.010000 -10.283000 0.700000
56053 -16.002000 -88.834000 -7.183000 0.700000
56052 -16.881000 -88.231000 -7.383000 0.700000
107706 -16.397000 -92.477000 -9.007000 0.700000
49597 -17.041000 -92.689000 -9.172000 0.700000
1994 -17.728000 -93.465000 -9.698000 0.700000
148907 -18.660000 -93.416000 -9.841000 0.700000
11005 -16.612000 -88.874000 -7.065000 0.700000
93537 -17.453000 -88.306000 -7.195000 0.700000
107707 -17.328000 -92.061000 -8.686000 0.700000
148916 -18.743000 -92.737000 -9.562000 0.700000
11004 -17.950000 -89.357000 -7.016000 0.700000
107708 -18.374000 -91.420000 -8.621000 0.700000
18878 -18.054000 -92.104000 -8.966000 0.700000
148843 -18.637000 -89.379000 -7.239000 0.700000
8564 -18.741000 -90.728000 -8.267000 0.700000
148918 -19.162000 -91.279000 -9.030000 0.700000
35954 -19.400000 -89.374000 -7.668000 0.700000
148919 -19.471000 -90.522000 -8.833000 0.700000
148923 -20.152000 -89.172000 -8.261000 0.700000
40590 -16.041000 -86.398000 -10.702000 0.500000
91231 -16.667000 -85.918000 -10.639000 0.600000
40589 -17.128000 -85.271000 -10.338000 0.600000
91230 -16.703000 -85.187000 -10.570000 0.500000
162722 -17.621000 -84.723000 -9.932000 0.600000
91234 -15.840000 -85.656000 -11.233000 0.500000
91232 -16.255000 -85.843000 -10.934000 0.500000
162723 -17.580000 -85.408000 -10.110000 0.600000
40588 -18.074000 -84.130000 -9.429000 0.600000
10117 -18.031000 -85.521000 -9.792000 0.600000
162720 -18.119000 -84.898000 -9.796000 0.600000
162715 -16.957000 -87.074000 -8.935000 0.600000
56056 -16.651000 -87.555000 -8.304000 0.700000
40586 -17.705000 -86.716000 -9.131000 0.700000
3326 -17.214000 -87.668000 -7.928000 0.700000
162714 -17.495000 -87.157000 -8.550000 0.700000
79725 -19.596000 -93.799000 -10.696000 0.700000
93538 -17.707000 -87.672000 -7.572000 0.700000
162711 -18.036000 -87.192000 -8.133000 0.700000
35975 -19.616000 -93.166000 -10.166000 0.700000
79724 -20.475000 -93.369000 -11.066000 0.700000
162710 -18.577000 -87.125000 -7.794000 0.700000
148915 -19.694000 -92.473000 -9.880000 0.700000
79726 -20.565000 -92.747000 -10.545000 0.700000
79723 -20.382000 -93.926000 -11.660000 0.700000
41726 -19.073000 -87.846000 -7.259000 0.600000
35978 -19.823000 -91.752000 -9.692000 0.700000
148914 -20.615000 -92.069000 -10.294000 0.700000
8571 -21.368000 -92.275000 -11.016000 0.700000
79722 -21.334000 -92.881000 -11.455000 0.700000
18895 -21.157000 -93.397000 -11.999000 0.700000
41724 -18.907000 -88.615000 -7.120000 0.700000
79735 -19.950000 -91.022000 -9.539000 0.700000
79734 -20.860000 -90.739000 -10.016000 0.600000
35977 -21.501000 -90.990000 -10.649000 0.700000
148913 -21.431000 -91.640000 -10.770000 0.700000
148924 -20.421000 -88.534000 -8.003000 0.600000
148922 -19.833000 -89.811000 -8.579000 0.700000
148921 -20.500000 -89.584000 -9.218000 0.700000
35979 -20.157000 -90.348000 -9.362000 0.700000
79736 -20.883000 -90.103000 -10.067000 0.600000
79732 -21.565000 -90.319000 -10.621000 0.600000
79740 -21.095000 -88.421000 -8.674000 0.600000
35980 -20.813000 -88.949000 -8.990000 0.600000
148920 -21.094000 -89.415000 -9.925000 0.600000
107746 -21.665000 -89.145000 -10.619000 0.500000
8572 -21.580000 -89.700000 -10.681000 0.500000
79730 -22.149000 -89.515000 -11.236000 0.500000
79739 -21.640000 -88.290000 -9.448000 0.600000
79737 -22.072000 -88.110000 -10.209000 0.500000
18900 -21.846000 -88.589000 -10.460000 0.500000
91229 -17.153000 -84.542000 -10.136000 0.600000
91228 -16.701000 -84.408000 -10.293000 0.600000
91227 -17.963000 -83.437000 -8.999000 0.500000
5658 -17.962000 -82.692000 -8.634000 0.700000
10118 -16.303000 -85.121000 -10.828000 0.500000
114644 -16.222000 -84.226000 -10.591000 0.600000
114643 -16.704000 -83.607000 -10.039000 0.600000
22733 -15.347000 -84.483000 -11.403000 0.600000
114645 -15.773000 -84.823000 -11.093000 0.600000
91226 -18.436000 -83.762000 -8.915000 0.400000
114646 -15.778000 -83.941000 -10.889000 0.600000
162719 -18.585000 -84.363000 -9.292000 0.500000
114639 -18.676000 -85.035000 -9.485000 0.600000
91220 -18.579000 -85.711000 -9.442000 0.600000
162713 -18.285000 -86.725000 -8.715000 0.700000
91221 -18.459000 -86.280000 -9.170000 0.600000
40585 -18.803000 -86.743000 -8.280000 0.700000
162709 -19.231000 -87.251000 -7.575000 0.600000
91218 -19.344000 -86.758000 -8.011000 0.600000
87 -19.867000 -88.014000 -7.449000 0.600000
148912 -22.139000 -90.613000 -11.158000 0.600000
148910 -22.097000 -91.217000 -11.265000 0.600000
107740 -22.056000 -91.809000 -11.514000 0.700000
107739 -21.957000 -92.366000 -11.861000 0.700000
107738 -21.779000 -92.879000 -12.388000 0.700000
148925 -20.605000 -88.002000 -7.948000 0.600000
79731 -22.178000 -90.030000 -11.238000 0.600000
107736 -21.582000 -93.321000 -12.969000 0.700000
79741 -21.809000 -87.790000 -9.284000 0.600000
107745 -22.168000 -88.965000 -11.247000 0.400000
18898 -22.710000 -89.275000 -11.867000 0.400000
148911 -22.753000 -89.714000 -11.722000 0.500000
35976 -22.704000 -90.225000 -11.605000 0.600000
18896 -22.650000 -91.382000 -11.939000 0.600000
18894 -22.392000 -92.455000 -12.751000 0.600000
8573 -22.264000 -87.602000 -10.008000 0.500000
107749 -22.608000 -87.379000 -10.878000 0.500000
107748 -22.434000 -87.932000 -11.060000 0.500000
107747 -22.251000 -88.441000 -11.198000 0.500000
79729 -23.301000 -89.444000 -12.240000 0.400000
79728 -23.277000 -89.850000 -12.091000 0.600000
114640 -17.573000 -82.516000 -8.940000 0.600000
114641 -17.436000 -83.235000 -9.217000 0.600000
128205 -18.517000 -82.305000 -8.151000 0.600000
22732 -16.233000 -83.345000 -10.324000 0.600000
53451 -16.791000 -82.770000 -9.740000 0.500000
53450 -17.232000 -82.005000 -9.545000 0.600000
2521 -17.052000 -81.635000 -10.003000 0.600000
91225 -18.445000 -83.007000 -8.475000 0.600000
114647 -15.515000 -83.398000 -11.317000 0.700000
53454 -16.451000 -82.025000 -10.648000 0.600000
162753 -16.889000 -81.344000 -10.434000 0.600000
162718 -19.013000 -83.913000 -8.736000 0.500000
28614 -18.967000 -83.297000 -8.328000 0.600000
114648 -15.290000 -82.934000 -11.778000 0.600000
162754 -16.281000 -81.685000 -11.069000 0.700000
22729 -19.102000 -84.567000 -9.110000 0.500000
162755 -15.688000 -82.086000 -11.683000 0.700000
114638 -19.166000 -85.350000 -9.325000 0.600000
40600 -15.488000 -81.839000 -12.086000 0.600000
162712 -18.995000 -86.340000 -8.748000 0.600000
22728 -19.110000 -85.871000 -9.133000 0.600000
114636 -19.602000 -85.910000 -8.875000 0.600000
91219 -19.474000 -86.313000 -8.451000 0.600000
34300 -20.015000 -86.797000 -7.862000 0.600000
143951 -20.776000 -86.889000 -8.065000 0.600000
148928 -22.532000 -86.172000 -9.762000 0.600000
148926 -21.379000 -87.423000 -8.502000 0.600000
148930 -22.851000 -85.927000 -10.488000 0.600000
79743 -22.381000 -87.117000 -9.875000 0.600000
148908 -23.299000 -90.414000 -12.063000 0.600000
49616 -23.253000 -90.989000 -12.266000 0.600000
49614 -23.120000 -91.528000 -12.621000 0.600000
107750 -22.708000 -86.859000 -10.656000 0.500000
18901 -22.817000 -87.186000 -11.727000 0.500000
49620 -22.688000 -87.769000 -11.862000 0.500000
18892 -23.632000 -91.538000 -13.280000 0.600000
79727 -23.849000 -89.125000 -12.723000 0.400000
122836 -23.931000 -90.015000 -12.395000 0.600000
1996 -23.863000 -90.564000 -12.550000 0.600000
128209 -17.899000 -81.831000 -8.688000 0.600000
63053 -18.252000 -81.233000 -8.402000 0.500000
28616 -18.483000 -81.425000 -8.185000 0.600000
63051 -19.131000 -81.032000 -7.601000 0.500000
22730 -17.324000 -82.272000 -9.228000 0.600000
28617 -18.086000 -81.021000 -8.739000 0.600000
128208 -18.150000 -82.037000 -8.397000 0.500000
128207 -18.762000 -81.660000 -7.919000 0.500000
28615 -19.174000 -81.957000 -7.635000 0.500000
128211 -17.592000 -81.342000 -9.361000 0.500000
128210 -17.679000 -81.613000 -8.968000 0.600000
162744 -17.464000 -81.036000 -9.768000 0.500000
128204 -19.026000 -82.601000 -7.908000 0.600000
91256 -16.150000 -81.454000 -11.521000 0.700000
40599 -16.752000 -81.130000 -10.865000 0.600000
91255 -16.553000 -80.921000 -11.326000 0.600000
53448 -19.695000 -84.801000 -8.951000 0.500000
162757 -15.223000 -81.630000 -12.481000 0.500000
91257 -15.914000 -81.286000 -11.942000 0.700000
114637 -19.711000 -85.449000 -9.167000 0.500000
7990 -20.149000 -85.892000 -8.668000 0.500000
91217 -20.073000 -86.313000 -8.277000 0.600000
75626 -22.033000 -85.735000 -9.288000 0.600000
75625 -21.461000 -86.333000 -8.612000 0.500000
7989 -22.535000 -85.661000 -9.862000 0.600000
75624 -22.106000 -86.297000 -9.120000 0.600000
18902 -23.039000 -86.126000 -11.298000 0.500000
122838 -24.412000 -88.832000 -13.185000 0.500000
122837 -24.497000 -89.180000 -12.934000 0.500000
49610 -24.510000 -90.168000 -12.793000 0.600000
49611 -24.467000 -90.690000 -13.080000 0.600000
63054 -18.667000 -80.602000 -8.116000 0.600000
63052 -18.827000 -80.844000 -7.836000 0.600000
162742 -18.502000 -80.378000 -8.465000 0.600000
128206 -19.414000 -81.375000 -7.473000 0.500000
162743 -17.964000 -80.759000 -9.118000 0.600000
40596 -17.895000 -80.470000 -9.548000 0.700000
63048 -19.696000 -82.327000 -7.436000 0.600000
91254 -17.151000 -80.571000 -10.619000 0.600000
162752 -17.338000 -80.796000 -10.225000 0.600000
128203 -19.578000 -82.913000 -7.823000 0.600000
10121 -16.431000 -80.689000 -11.699000 0.600000
91253 -16.986000 -80.368000 -11.029000 0.600000
53449 -19.575000 -84.155000 -8.683000 0.500000
114635 -20.205000 -85.444000 -9.019000 0.500000
22741 -14.988000 -81.370000 -12.682000 0.500000
114659 -15.786000 -80.992000 -12.288000 0.600000
143953 -20.802000 -85.870000 -8.710000 0.500000
143954 -21.948000 -85.230000 -9.504000 0.600000
34301 -21.432000 -85.808000 -8.901000 0.500000
105279 -22.787000 -85.036000 -10.570000 0.500000
148931 -22.871000 -85.485000 -10.473000 0.500000
26313 -25.108000 -88.933000 -13.222000 0.600000
122834 -25.156000 -89.328000 -13.062000 0.600000
162741 -19.103000 -79.930000 -7.872000 0.600000
5659 -19.230000 -80.222000 -7.528000 0.500000
63050 -19.475000 -80.437000 -7.261000 0.500000
40595 -18.934000 -79.710000 -8.272000 0.700000
13338 -19.768000 -80.742000 -7.130000 0.500000
91247 -18.315000 -79.884000 -9.265000 0.700000
91246 -18.379000 -80.150000 -8.888000 0.600000
97734 -20.246000 -81.073000 -6.910000 0.500000
162751 -17.741000 -80.265000 -9.925000 0.600000
63049 -19.951000 -81.685000 -7.171000 0.500000
28613 -20.353000 -82.533000 -7.439000 0.600000
91252 -17.501000 -79.794000 -10.684000 0.700000
128201 -20.168000 -83.128000 -7.859000 0.600000
91251 -16.953000 -80.097000 -11.348000 0.600000
1780 -20.119000 -83.705000 -8.329000 0.600000
22740 -16.115000 -79.966000 -12.066000 0.700000
114658 -16.409000 -80.345000 -11.947000 0.700000
22727 -20.258000 -84.910000 -9.061000 0.500000
53447 -20.205000 -84.299000 -8.765000 0.500000
114660 -15.592000 -80.683000 -12.396000 0.600000
143957 -20.789000 -84.924000 -9.097000 0.500000
53461 -15.138000 -80.310000 -12.151000 0.500000
34302 -21.362000 -84.818000 -9.341000 0.600000
143956 -20.759000 -85.398000 -8.978000 0.500000
22742 -14.081000 -80.701000 -11.950000 0.600000
143955 -21.401000 -85.324000 -9.200000 0.500000
105280 -22.435000 -85.120000 -9.988000 0.600000
17529 -23.016000 -84.506000 -11.155000 0.500000
162740 -19.569000 -79.214000 -7.629000 0.700000
162738 -19.716000 -79.493000 -7.303000 0.500000
97737 -19.899000 -79.782000 -6.983000 0.500000
91243 -19.358000 -78.837000 -8.297000 0.800000
91244 -19.445000 -79.027000 -7.970000 0.700000
97736 -20.157000 -80.079000 -6.797000 0.500000
97735 -20.540000 -80.449000 -6.600000 0.500000
162747 -18.615000 -79.070000 -9.252000 0.700000
10120 -18.801000 -79.257000 -8.914000 0.700000
91245 -18.864000 -79.518000 -8.624000 0.800000
162750 -18.176000 -79.665000 -9.598000 0.700000
97733 -21.118000 -80.735000 -6.562000 0.500000
162748 -17.969000 -79.182000 -10.299000 0.700000
162749 -18.118000 -79.452000 -9.943000 0.700000
63047 -20.559000 -81.969000 -7.097000 0.600000
5657 -20.817000 -81.352000 -6.798000 0.500000
114656 -17.245000 -79.004000 -11.234000 0.600000
22739 -17.422000 -79.496000 -10.946000 0.600000
143968 -20.790000 -83.241000 -8.063000 0.600000
53459 -16.515000 -79.292000 -11.707000 0.700000
114657 -16.849000 -79.696000 -11.592000 0.700000
143958 -20.819000 -84.380000 -8.975000 0.600000
143959 -20.724000 -83.720000 -8.546000 0.600000
53460 -15.622000 -79.561000 -11.766000 0.600000
75630 -21.404000 -84.323000 -9.221000 0.600000
75628 -21.877000 -84.740000 -9.706000 0.600000
53463 -13.652000 -80.522000 -11.238000 0.600000
17530 -22.322000 -84.714000 -10.069000 0.600000
105281 -22.753000 -84.586000 -10.587000 0.500000
22736 -19.925000 -78.350000 -7.645000 0.600000
162739 -20.053000 -78.478000 -7.325000 0.500000
40594 -20.217000 -78.748000 -7.080000 0.500000
44058 -20.964000 -79.731000 -6.305000 0.500000
114653 -19.168000 -78.585000 -8.587000 0.800000
13337 -21.453000 -80.107000 -6.189000 0.500000
40597 -18.477000 -78.822000 -9.633000 0.700000
143970 -21.185000 -82.121000 -7.156000 0.600000
22746 -13.639000 -79.674000 -7.129000 0.600000
114655 -17.833000 -78.769000 -10.610000 0.800000
114668 -13.932000 -79.197000 -7.861000 0.600000
22738 -16.809000 -78.635000 -11.226000 0.700000
114654 -17.525000 -78.340000 -10.864000 0.800000
143969 -20.945000 -82.689000 -7.595000 0.600000
40606 -13.559000 -80.313000 -8.833000 0.600000
53458 -15.989000 -78.978000 -11.326000 0.600000
34303 -21.376000 -83.734000 -8.907000 0.600000
75631 -21.938000 -83.557000 -9.274000 0.600000
162772 -14.075000 -79.812000 -10.230000 0.600000
53464 -14.233000 -79.969000 -10.876000 0.600000
2522 -15.138000 -79.447000 -11.162000 0.600000
75629 -21.881000 -84.237000 -9.670000 0.600000
7991 -22.345000 -83.605000 -9.832000 0.600000
53462 -14.620000 -79.993000 -11.567000 0.500000
105282 -22.662000 -84.127000 -10.558000 0.500000
48250 -23.010000 -84.016000 -11.072000 0.500000
17531 -23.016000 -83.484000 -10.883000 0.500000
114650 -20.482000 -77.851000 -7.062000 0.500000
91242 -20.645000 -77.983000 -6.743000 0.500000
114652 -19.680000 -78.110000 -7.972000 0.600000
114651 -20.252000 -77.538000 -7.279000 0.500000
162746 -18.953000 -78.392000 -8.899000 0.800000
22737 -19.467000 -77.881000 -8.197000 0.700000
91249 -18.828000 -78.144000 -9.221000 0.800000
91250 -18.380000 -78.520000 -9.912000 0.800000
143971 -21.431000 -81.571000 -6.813000 0.600000
143975 -22.038000 -80.327000 -6.189000 0.500000
53466 -13.256000 -77.998000 -6.635000 0.600000
5661 -18.166000 -78.033000 -10.199000 0.800000
143973 -22.307000 -81.188000 -6.594000 0.500000
114667 -14.033000 -78.182000 -7.793000 0.700000
114669 -13.723000 -78.662000 -7.120000 0.600000
128220 -17.058000 -78.049000 -10.738000 0.800000
34306 -21.522000 -82.672000 -7.929000 0.600000
75640 -21.743000 -82.219000 -7.444000 0.600000
34307 -22.075000 -81.729000 -6.991000 0.600000
5663 -14.288000 -78.712000 -8.451000 0.600000
143966 -22.014000 -83.065000 -8.832000 0.600000
143967 -21.415000 -83.142000 -8.405000 0.600000
75639 -22.317000 -82.200000 -7.816000 0.600000
91271 -14.030000 -79.734000 -9.400000 0.600000
128222 -15.502000 -78.931000 -10.792000 0.600000
128221 -16.276000 -78.458000 -10.910000 0.500000
143965 -22.480000 -83.018000 -9.335000 0.600000
128223 -14.787000 -79.429000 -10.534000 0.600000
105283 -22.671000 -83.553000 -10.367000 0.600000
143962 -22.848000 -82.958000 -9.865000 0.600000
143961 -23.243000 -82.881000 -10.353000 0.500000
143960 -23.643000 -82.809000 -10.763000 0.500000
48251 -23.348000 -83.313000 -11.330000 0.500000
120925 -24.019000 -82.849000 -11.216000 0.500000
53456 -19.936000 -77.387000 -7.560000 0.600000
162745 -19.269000 -77.700000 -8.494000 0.700000
53469 -11.962000 -76.991000 -6.443000 0.600000
53467 -12.664000 -77.461000 -6.462000 0.600000
91248 -18.651000 -77.729000 -9.502000 0.800000
34308 -22.564000 -80.613000 -6.271000 0.500000
53465 -12.947000 -77.056000 -7.217000 0.600000
128216 -18.413000 -77.335000 -9.808000 0.800000
75643 -23.208000 -80.726000 -6.485000 0.500000
22745 -13.569000 -77.555000 -7.322000 0.700000
28621 -17.262000 -77.369000 -10.283000 0.800000
75641 -22.648000 -81.737000 -7.332000 0.600000
143972 -22.964000 -81.253000 -6.869000 0.600000
128229 -14.425000 -77.792000 -8.293000 0.800000
63061 -16.542000 -77.879000 -10.392000 0.700000
75638 -22.144000 -82.604000 -8.284000 0.600000
7992 -23.238000 -81.723000 -7.732000 0.600000
128226 -14.740000 -78.300000 -8.878000 0.700000
128225 -14.986000 -78.625000 -9.504000 0.700000
28622 -15.888000 -78.362000 -10.378000 0.600000
34305 -22.664000 -82.545000 -8.800000 0.600000
75635 -23.818000 -81.713000 -8.157000 0.600000
28623 -14.631000 -79.286000 -9.855000 0.600000
75636 -23.484000 -82.097000 -8.676000 0.500000
34304 -23.544000 -82.433000 -9.770000 0.500000
53457 -19.668000 -77.227000 -7.761000 0.600000
53455 -20.087000 -76.666000 -7.174000 0.500000
114678 -10.497000 -76.640000 -6.329000 0.600000
128213 -19.465000 -76.918000 -8.105000 0.700000
53470 -11.257000 -76.874000 -6.296000 0.600000
28619 -19.048000 -77.378000 -8.767000 0.700000
128214 -19.247000 -76.639000 -8.435000 0.600000
2523 -12.297000 -76.667000 -7.103000 0.600000
53471 -11.591000 -76.394000 -7.089000 0.600000
128215 -18.842000 -77.006000 -9.141000 0.600000
28620 -18.663000 -76.517000 -9.497000 0.700000
128231 -13.289000 -76.669000 -7.831000 0.800000
128218 -17.989000 -76.897000 -9.994000 0.700000
128217 -18.105000 -76.146000 -9.669000 0.600000
128230 -13.949000 -77.161000 -7.933000 0.800000
63060 -16.772000 -77.150000 -9.924000 0.800000
63058 -17.004000 -76.382000 -9.623000 0.700000
128228 -14.852000 -77.437000 -8.612000 0.700000
28624 -15.228000 -77.940000 -9.174000 0.700000
63064 -15.757000 -77.461000 -9.335000 0.600000
5662 -16.346000 -76.929000 -9.521000 0.800000
91287 -9.781000 -76.431000 -6.185000 0.600000
22751 -10.855000 -76.217000 -7.072000 0.600000
128233 -11.975000 -75.983000 -7.754000 0.700000
97739 -18.327000 -75.344000 -9.454000 0.600000
128232 -12.678000 -76.281000 -7.836000 0.700000
28626 -13.228000 -75.957000 -8.206000 0.700000
13341 -17.704000 -75.884000 -9.654000 0.700000
97741 -17.193000 -75.516000 -9.494000 0.600000
63068 -13.870000 -76.369000 -8.179000 0.800000
63067 -14.515000 -76.054000 -8.445000 0.600000
63066 -15.008000 -76.586000 -8.552000 0.500000
97742 -16.560000 -76.095000 -9.362000 0.700000
13342 -16.803000 -75.141000 -9.375000 0.700000
44061 -17.434000 -74.660000 -9.658000 0.600000
28625 -14.447000 -76.854000 -8.312000 0.800000
13343 -15.610000 -76.197000 -8.797000 0.600000
97743 -15.964000 -76.607000 -9.131000 0.600000
91289 -9.209000 -76.161000 -5.972000 0.600000
10126 -9.396000 -75.810000 -6.677000 0.600000
162800 -10.605000 -75.645000 -7.622000 0.700000
114679 -10.107000 -76.042000 -6.968000 0.600000
162799 -11.344000 -75.830000 -7.707000 0.700000
28627 -11.922000 -75.424000 -8.310000 0.700000
128234 -12.535000 -75.649000 -8.235000 0.700000
63070 -13.275000 -75.295000 -8.578000 0.600000
97740 -17.860000 -75.001000 -9.588000 0.600000
63069 -13.895000 -75.625000 -8.508000 0.600000
63065 -15.210000 -75.738000 -8.713000 0.600000
13340 -18.127000 -74.057000 -9.779000 0.500000
44062 -17.071000 -74.328000 -9.720000 0.600000
44060 -17.813000 -73.710000 -10.019000 0.500000
137391 -18.255000 -72.685000 -10.382000 0.500000
44064 -16.802000 -73.926000 -9.771000 0.600000
629 -17.466000 -73.370000 -10.126000 0.500000
40614 -8.724000 -75.068000 -5.890000 0.600000
91291 -8.908000 -75.500000 -6.280000 0.600000
162801 -9.784000 -75.450000 -7.463000 0.700000
162804 -9.182000 -75.087000 -6.968000 0.700000
40615 -10.464000 -75.020000 -8.080000 0.700000
91293 -11.247000 -75.225000 -8.188000 0.700000
91292 -11.948000 -74.829000 -8.671000 0.600000
128235 -12.614000 -75.034000 -8.711000 0.500000
28628 -13.448000 -74.586000 -8.991000 0.700000
128238 -13.664000 -73.797000 -9.327000 0.600000
63071 -14.044000 -74.939000 -8.879000 0.600000
97747 -14.922000 -74.445000 -9.114000 0.600000
13345 -15.225000 -73.671000 -9.417000 0.600000
13344 -16.152000 -74.455000 -9.380000 0.600000
44065 -16.495000 -73.576000 -9.749000 0.500000
13346 -16.882000 -72.576000 -10.031000 0.500000
162817 -17.657000 -71.936000 -10.385000 0.500000
46447 -9.770000 -73.452000 -4.565000 0.700000
15728 -10.080000 -73.095000 -5.110000 0.700000
102037 -10.441000 -73.003000 -4.520000 0.700000
162806 -8.927000 -74.215000 -6.126000 0.600000
162808 -9.693000 -73.207000 -5.713000 0.700000
102038 -10.888000 -72.693000 -5.033000 0.700000
7133 -11.738000 -72.268000 -4.914000 0.700000
70223 -12.559000 -71.933000 -4.706000 0.600000
162805 -8.917000 -74.643000 -6.544000 0.700000
40617 -9.429000 -73.397000 -6.307000 0.700000
91300 -10.199000 -72.751000 -6.335000 0.700000
162810 -11.416000 -72.319000 -5.577000 0.700000
40616 -9.429000 -74.165000 -7.272000 0.700000
91298 -9.315000 -73.728000 -6.828000 0.700000
40618 -11.147000 -72.281000 -6.235000 0.700000
91294 -11.393000 -74.430000 -8.628000 0.700000
5665 -12.300000 -73.895000 -9.012000 0.600000
128236 -12.779000 -74.276000 -9.025000 0.600000
28629 -14.160000 -72.857000 -9.510000 0.600000
63075 -14.691000 -71.861000 -9.585000 0.600000
128237 -14.334000 -74.158000 -9.222000 0.600000
63073 -14.704000 -73.243000 -9.468000 0.600000
63074 -15.209000 -72.188000 -9.603000 0.600000
63072 -15.725000 -72.701000 -9.589000 0.500000
5666 -16.174000 -71.593000 -9.810000 0.600000
162822 -16.479000 -70.617000 -9.942000 0.600000
97749 -16.091000 -73.173000 -9.668000 0.500000
97750 -16.555000 -72.148000 -9.854000 0.500000
162819 -16.979000 -71.027000 -10.024000 0.500000
102036 -10.013000 -73.272000 -3.938000 0.700000
70219 -11.197000 -72.568000 -4.470000 0.700000
70221 -11.967000 -72.172000 -4.305000 0.600000
70222 -12.703000 -71.735000 -4.016000 0.600000
32003 -13.306000 -71.545000 -4.407000 0.600000
162815 -14.103000 -71.186000 -4.828000 0.400000
162812 -12.063000 -71.957000 -6.069000 0.600000
162813 -12.346000 -71.972000 -5.406000 0.500000
162814 -13.252000 -71.597000 -5.153000 0.500000
40620 -14.732000 -70.735000 -5.188000 0.400000
162842 -15.415000 -70.090000 -4.834000 0.500000
162803 -9.807000 -74.631000 -7.751000 0.700000
91297 -9.981000 -73.228000 -7.488000 0.800000
91301 -10.906000 -72.350000 -6.890000 0.700000
91303 -12.834000 -71.489000 -6.524000 0.500000
91304 -13.735000 -71.147000 -6.274000 0.400000
91306 -14.639000 -70.720000 -5.915000 0.400000
162841 -15.365000 -70.139000 -5.507000 0.400000
40628 -15.924000 -69.430000 -5.818000 0.400000
91296 -10.255000 -73.654000 -7.984000 0.800000
91295 -10.934000 -72.763000 -8.068000 0.800000
10127 -10.773000 -72.536000 -7.549000 0.800000
114685 -11.718000 -71.883000 -7.394000 0.800000
22755 -12.603000 -71.356000 -7.173000 0.600000
91302 -13.587000 -70.954000 -6.892000 0.500000
10128 -14.463000 -70.550000 -6.597000 0.400000
162840 -15.285000 -70.032000 -6.172000 0.400000
162802 -10.777000 -74.078000 -8.413000 0.700000
114681 -11.731000 -73.513000 -8.844000 0.800000
114682 -12.111000 -72.514000 -8.907000 0.700000
22752 -13.188000 -71.953000 -9.181000 0.500000
114688 -14.322000 -70.353000 -7.210000 0.500000
162837 -15.185000 -69.817000 -6.927000 0.400000
162839 -15.854000 -69.308000 -6.445000 0.400000
114680 -12.727000 -72.929000 -9.150000 0.600000
128240 -13.700000 -72.402000 -9.320000 0.500000
128241 -14.207000 -71.324000 -9.433000 0.500000
28630 -15.116000 -70.769000 -9.610000 0.600000
63076 -15.587000 -71.252000 -9.718000 0.600000
162823 -15.946000 -70.176000 -9.800000 0.600000
15727 -10.638000 -72.794000 -3.914000 0.600000
137328 -10.643000 -72.474000 -3.291000 0.500000
32002 -12.052000 -71.901000 -3.621000 0.500000
137331 -12.694000 -71.493000 -3.417000 0.400000
137332 -13.362000 -71.300000 -3.795000 0.500000
137333 -14.057000 -70.996000 -4.124000 0.500000
162816 -14.787000 -70.590000 -4.504000 0.500000
162843 -15.287000 -69.855000 -4.220000 0.500000
40629 -15.882000 -69.323000 -4.517000 0.500000
91330 -16.181000 -68.559000 -4.376000 0.500000
91328 -15.962000 -69.502000 -5.124000 0.500000
91331 -16.635000 -68.027000 -4.762000 0.500000
114684 -11.739000 -72.018000 -7.964000 0.700000
114686 -12.570000 -71.390000 -7.757000 0.600000
53475 -13.388000 -70.795000 -8.029000 0.500000
114687 -13.435000 -70.896000 -7.495000 0.500000
91327 -16.384000 -68.802000 -5.516000 0.500000
10131 -16.797000 -68.144000 -5.301000 0.500000
22753 -11.232000 -73.092000 -8.563000 0.800000
114683 -11.943000 -72.194000 -8.533000 0.700000
53473 -12.765000 -71.640000 -8.822000 0.600000
22756 -14.203000 -70.250000 -7.772000 0.500000
162836 -15.034000 -69.646000 -7.440000 0.400000
40627 -15.700000 -69.077000 -7.140000 0.500000
91326 -16.349000 -68.714000 -6.159000 0.400000
91325 -16.847000 -68.146000 -5.912000 0.500000
53472 -13.685000 -70.991000 -9.083000 0.500000
2524 -14.333000 -70.103000 -8.879000 0.500000
53476 -14.189000 -70.112000 -8.313000 0.600000
162835 -14.958000 -69.420000 -8.003000 0.500000
91323 -15.726000 -68.820000 -7.643000 0.500000
91324 -16.265000 -68.303000 -7.363000 0.500000
128242 -14.631000 -70.289000 -9.334000 0.500000
162825 -15.152000 -69.337000 -9.068000 0.500000
162834 -15.033000 -69.269000 -8.587000 0.500000
40626 -15.615000 -68.629000 -8.267000 0.500000
162824 -15.544000 -69.696000 -9.519000 0.600000
40623 -15.898000 -68.783000 -9.374000 0.600000
32001 -10.616000 -72.044000 -2.725000 0.500000
137327 -11.241000 -71.551000 -2.593000 0.500000
137330 -11.985000 -71.550000 -2.997000 0.500000
97710 -12.628000 -71.026000 -2.864000 0.400000
13324 -13.350000 -70.889000 -3.199000 0.400000
137326 -10.488000 -71.482000 -2.288000 0.500000
5644 -11.868000 -71.038000 -2.484000 0.400000
44044 -14.022000 -70.623000 -3.532000 0.500000
627 -14.652000 -70.280000 -3.863000 0.600000
44048 -15.059000 -69.508000 -3.689000 0.500000
162844 -15.662000 -69.061000 -4.023000 0.500000
162845 -15.931000 -68.290000 -3.941000 0.400000
40630 -16.386000 -67.823000 -4.356000 0.400000
162848 -16.490000 -67.033000 -4.373000 0.400000
63011 -11.628000 -70.421000 -2.112000 0.400000
97711 -12.481000 -70.436000 -2.372000 0.400000
97712 -13.245000 -70.309000 -2.701000 0.400000
44045 -13.933000 -70.100000 -3.046000 0.500000
44046 -14.498000 -69.841000 -3.378000 0.500000
44047 -14.855000 -69.021000 -3.259000 0.500000
97713 -13.679000 -69.554000 -2.611000 0.400000
97714 -13.994000 -68.751000 -2.639000 0.400000
97716 -14.540000 -68.476000 -2.946000 0.500000
97717 -15.107000 -68.132000 -3.322000 0.400000
97718 -15.544000 -67.915000 -3.668000 0.400000
162846 -16.025000 -67.532000 -4.058000 0.400000
162849 -16.067000 -66.687000 -4.274000 0.400000
28592 -11.411000 -69.719000 -1.830000 0.400000
128153 -12.231000 -69.721000 -2.050000 0.400000
13325 -12.995000 -69.669000 -2.316000 0.400000
128155 -11.756000 -68.359000 -1.636000 0.400000
28593 -12.514000 -68.384000 -1.885000 0.400000
63012 -13.421000 -68.973000 -2.350000 0.400000
5646 -13.752000 -68.078000 -2.425000 0.400000
97715 -14.323000 -67.834000 -2.760000 0.500000
13327 -14.790000 -67.573000 -3.076000 0.500000
63019 -15.220000 -67.342000 -3.438000 0.400000
5648 -15.628000 -67.093000 -3.836000 0.400000
63018 -14.069000 -67.230000 -2.554000 0.400000
128164 -14.653000 -66.195000 -3.309000 0.400000
28597 -15.010000 -65.988000 -3.748000 0.400000
63021 -15.313000 -66.586000 -3.834000 0.400000
63023 -15.654000 -66.258000 -4.177000 0.400000
5645 -11.073000 -68.295000 -1.411000 0.400000
114572 -11.566000 -67.624000 -1.515000 0.300000
63015 -12.898000 -67.569000 -2.016000 0.300000
63016 -13.509000 -67.418000 -2.278000 0.400000
53413 -11.831000 -66.166000 -1.709000 0.400000
22692 -12.037000 -66.864000 -1.696000 0.300000
128157 -12.682000 -66.819000 -1.963000 0.300000
28594 -13.275000 -66.730000 -2.232000 0.400000
28595 -13.732000 -65.060000 -2.899000 0.500000
128162 -14.391000 -65.578000 -3.319000 0.400000
128165 -14.706000 -65.385000 -3.737000 0.400000
128166 -15.027000 -65.136000 -4.086000 0.400000
128168 -15.906000 -64.466000 -4.781000 0.300000
162610 -13.482000 -64.384000 -2.973000 0.500000
91135 -13.926000 -64.237000 -3.296000 0.500000
5647 -14.486000 -64.734000 -3.679000 0.400000
114585 -14.818000 -64.525000 -4.045000 0.400000
22699 -15.196000 -64.230000 -4.403000 0.300000
114574 -11.345000 -66.894000 -1.440000 0.400000
22694 -11.672000 -65.494000 -1.754000 0.400000
53414 -12.270000 -65.464000 -1.992000 0.400000
2516 -12.798000 -65.356000 -2.280000 0.500000
128159 -13.281000 -65.210000 -2.585000 0.500000
53415 -12.048000 -64.744000 -2.077000 0.400000
53418 -13.076000 -64.527000 -2.636000 0.500000
22698 -13.278000 -63.722000 -2.949000 0.500000
162611 -13.743000 -63.573000 -3.247000 0.400000
162613 -14.568000 -63.184000 -3.926000 0.400000
114587 -15.040000 -63.645000 -4.356000 0.300000
114583 -13.053000 -62.966000 -2.983000 0.300000
114584 -13.550000 -62.807000 -3.204000 0.300000
162612 -14.031000 -62.657000 -3.493000 0.300000
114575 -11.216000 -66.174000 -1.428000 0.400000
114579 -11.768000 -63.998000 -2.173000 0.300000
114580 -12.011000 -63.171000 -2.536000 0.400000
91138 -14.819000 -62.371000 -4.339000 0.300000
22695 -11.189000 -64.017000 -1.884000 0.300000
91124 -11.174000 -62.446000 -2.315000 0.300000
22731 -17.113000 -83.778000 -9.763000 0.600000
114642 -17.085000 -83.040000 -9.486000 0.500000
44063 -16.442000 -74.851000 -9.314000 0.600000
97745 -15.864000 -75.329000 -8.985000 0.600000
118405 -13.146000 -91.896000 -8.332000 0.500000
56050 -14.670000 -91.068000 -7.681000 0.600000
118412 -14.951000 -88.385000 -7.977000 0.500000
56049 -15.186000 -91.217000 -7.707000 0.700000
79668 -15.278000 -92.261000 -8.612000 0.700000
148839 -16.037000 -91.912000 -8.172000 0.700000
93536 -17.191000 -89.177000 -6.979000 0.700000
79670 -16.908000 -91.452000 -7.938000 0.700000
35953 -17.226000 -90.863000 -7.542000 0.700000
91222 -17.882000 -86.110000 -9.530000 0.500000
49598 -17.784000 -92.810000 -9.332000 0.700000
11006 -18.343000 -87.711000 -7.364000 0.700000
41725 -18.142000 -88.509000 -7.071000 0.700000
148917 -18.912000 -92.000000 -9.294000 0.700000
148844 -19.636000 -88.717000 -7.481000 0.700000
162721 -17.542000 -84.010000 -9.549000 0.600000
79733 -20.704000 -91.398000 -10.123000 0.700000
143950 -19.975000 -87.391000 -7.616000 0.600000
35981 -21.265000 -87.912000 -8.553000 0.600000
79738 -21.378000 -88.775000 -9.716000 0.500000
53453 -16.030000 -82.938000 -10.764000 0.700000
143949 -20.720000 -87.478000 -7.971000 0.600000
148909 -22.702000 -90.788000 -11.713000 0.600000
49615 -22.562000 -91.973000 -12.318000 0.600000
79742 -21.924000 -87.314000 -9.135000 0.500000
107751 -22.974000 -86.617000 -11.515000 0.500000
26314 -23.901000 -89.504000 -12.534000 0.500000
53452 -16.587000 -82.445000 -10.182000 0.600000
22734 -15.878000 -82.441000 -11.208000 0.700000
128202 -19.517000 -83.561000 -8.278000 0.600000
143952 -20.771000 -86.304000 -8.309000 0.500000
34299 -21.476000 -86.902000 -8.528000 0.500000
35982 -22.470000 -86.641000 -9.763000 0.600000
148927 -22.046000 -86.826000 -9.061000 0.500000
148929 -22.797000 -86.363000 -10.538000 0.500000
49612 -23.764000 -91.083000 -12.844000 0.600000
122835 -24.525000 -89.604000 -12.736000 0.600000
59215 -25.015000 -88.624000 -13.495000 0.500000
40598 -17.596000 -79.979000 -10.303000 0.600000
143974 -21.731000 -80.949000 -6.434000 0.500000
162775 -13.613000 -80.107000 -7.974000 0.600000
22744 -13.478000 -80.472000 -10.411000 0.600000
75627 -22.275000 -84.159000 -10.124000 0.600000
91272 -13.991000 -79.525000 -8.615000 0.600000
128219 -17.828000 -77.648000 -10.409000 0.800000
91270 -14.464000 -79.059000 -9.139000 0.600000
75637 -22.939000 -82.131000 -8.248000 0.600000
128224 -15.318000 -78.869000 -10.184000 0.600000
143964 -23.163000 -82.460000 -9.226000 0.600000
63059 -17.444000 -76.645000 -9.911000 0.800000
105289 -23.538000 -81.249000 -7.245000 0.600000
63062 -16.129000 -77.690000 -9.857000 0.600000
63063 -15.568000 -78.162000 -9.727000 0.700000
128227 -15.372000 -77.080000 -8.893000 0.600000
5664 -14.663000 -75.230000 -8.739000 0.600000
97744 -16.223000 -75.670000 -9.091000 0.700000
97746 -15.413000 -74.835000 -9.044000 0.600000
44066 -17.199000 -72.954000 -10.111000 0.500000
128239 -13.187000 -73.383000 -9.257000 0.500000
97748 -15.754000 -74.061000 -9.404000 0.600000
162818 -17.346000 -71.491000 -10.195000 0.500000
46448 -9.464000 -73.660000 -5.076000 0.700000
162807 -9.156000 -73.844000 -5.648000 0.600000
162809 -10.512000 -72.693000 -5.700000 0.700000
91299 -9.962000 -72.948000 -6.958000 0.800000
162811 -11.909000 -71.845000 -6.722000 0.600000
70220 -11.330000 -72.389000 -3.830000 0.600000
91305 -13.921000 -71.203000 -5.565000 0.500000
40619 -13.014000 -71.608000 -5.868000 0.500000
162838 -16.379000 -68.516000 -6.772000 0.500000
137329 -11.324000 -72.021000 -3.168000 0.500000
91329 -16.355000 -68.753000 -4.882000 0.500000
22754 -12.673000 -71.422000 -8.328000 0.600000
53474 -13.505000 -70.815000 -8.624000 0.600000
162833 -15.713000 -68.537000 -8.872000 0.500000
63009 -11.098000 -70.985000 -2.167000 0.500000
13328 -15.371000 -68.691000 -3.579000 0.500000
13326 -14.313000 -69.314000 -2.945000 0.600000
128152 -11.310000 -68.982000 -1.571000 0.400000
128154 -12.045000 -69.034000 -1.808000 0.400000
63013 -12.760000 -69.031000 -2.059000 0.400000
128156 -12.259000 -67.661000 -1.773000 0.300000
63014 -13.152000 -68.264000 -2.138000 0.400000
128163 -14.532000 -67.017000 -2.926000 0.500000
63020 -14.944000 -66.800000 -3.348000 0.400000
63017 -13.804000 -66.585000 -2.499000 0.400000
28596 -14.256000 -66.399000 -2.873000 0.400000
63022 -15.366000 -65.700000 -4.115000 0.400000
28598 -15.754000 -65.340000 -4.448000 0.400000
53412 -12.427000 -66.114000 -2.009000 0.300000
128158 -13.041000 -65.993000 -2.265000 0.500000
128160 -13.564000 -65.884000 -2.546000 0.400000
91134 -14.143000 -64.905000 -3.306000 0.500000
128161 -14.015000 -65.749000 -2.883000 0.400000
128167 -15.379000 -64.825000 -4.369000 0.400000
40552 -14.211000 -63.361000 -3.518000 0.500000
91136 -14.351000 -64.070000 -3.627000 0.400000
114586 -14.690000 -63.862000 -3.949000 0.400000
53416 -12.598000 -64.649000 -2.354000 0.500000
22696 -12.306000 -63.930000 -2.439000 0.500000
53417 -12.801000 -63.843000 -2.655000 0.400000
162614 -14.443000 -62.523000 -3.888000 0.400000
114582 -12.532000 -63.086000 -2.763000 0.400000
91122 -11.444000 -63.200000 -2.234000 0.300000
10104 -11.716000 -62.430000 -2.574000 0.300000
114581 -12.244000 -62.353000 -2.794000 0.300000
107722 -20.969000 -95.155000 -15.668000 0.500000
18886 -21.683000 -94.837000 -15.840000 0.500000
49604 -22.454000 -95.197000 -16.365000 0.500000
49606 -22.339000 -94.660000 -16.056000 0.500000
49602 -23.257000 -94.962000 -16.434000 0.500000
1995 -23.117000 -94.404000 -16.170000 0.500000
122823 -24.166000 -94.859000 -16.454000 0.600000
148892 -21.029000 -94.676000 -15.211000 0.500000
148891 -21.661000 -94.285000 -15.391000 0.500000
148890 -22.288000 -94.099000 -15.619000 0.500000
148889 -23.055000 -93.839000 -15.814000 0.500000
59205 -24.978000 -94.701000 -16.355000 0.600000
148880 -23.881000 -93.663000 -15.885000 0.600000
122824 -24.006000 -94.270000 -16.239000 0.600000
148895 -20.288000 -95.243000 -15.034000 0.400000
95423 -17.369000 -96.057000 -12.552000 0.400000
148900 -18.266000 -95.908000 -12.911000 0.400000
148899 -18.121000 -96.202000 -13.626000 0.500000
35972 -18.925000 -95.904000 -13.975000 0.500000
148897 -18.839000 -96.140000 -14.595000 0.500000
79718 -19.732000 -95.451000 -14.283000 0.500000
79719 -19.893000 -95.118000 -13.627000 0.500000
148896 -19.603000 -95.763000 -14.853000 0.500000
35971 -20.420000 -94.878000 -14.502000 0.500000
59204 -25.828000 -94.600000 -16.132000 0.600000
59202 -26.570000 -94.505000 -15.799000 0.600000
148894 -21.095000 -94.318000 -14.716000 0.500000
35970 -21.700000 -93.852000 -14.911000 0.500000
148893 -21.802000 -93.519000 -14.390000 0.500000
59206 -25.646000 -94.024000 -16.169000 0.600000
79713 -22.308000 -93.555000 -15.119000 0.500000
148888 -23.866000 -93.105000 -15.494000 0.600000
148879 -24.670000 -93.545000 -15.951000 0.600000
4376 -26.447000 -93.945000 -15.920000 0.600000
79703 -25.513000 -92.907000 -15.637000 0.600000
148877 -26.332000 -93.373000 -15.848000 0.600000
148874 -27.124000 -93.287000 -15.575000 0.700000
35965 -26.282000 -92.819000 -15.638000 0.600000
148876 -27.060000 -92.704000 -15.497000 0.700000
59197 -16.674000 -94.992000 -11.175000 0.600000
59198 -17.566000 -95.125000 -11.281000 0.600000
148905 -18.627000 -94.545000 -10.879000 0.600000
4373 -17.483000 -95.615000 -11.897000 0.500000
148901 -18.401000 -95.529000 -12.221000 0.500000
148903 -19.437000 -94.815000 -11.919000 0.600000
79720 -19.082000 -95.590000 -13.284000 0.500000
35973 -19.258000 -95.237000 -12.589000 0.500000
79721 -20.086000 -94.770000 -12.930000 0.500000
79717 -20.590000 -94.539000 -13.923000 0.500000
8570 -20.775000 -94.228000 -13.274000 0.500000
79716 -21.213000 -93.995000 -14.181000 0.500000
95426 -27.272000 -94.893000 -15.006000 0.700000
95427 -27.252000 -94.393000 -15.352000 0.600000
42775 -27.824000 -94.243000 -14.775000 0.800000
79714 -22.428000 -93.129000 -14.623000 0.500000
79712 -23.139000 -92.824000 -14.876000 0.500000
79711 -23.932000 -92.585000 -15.060000 0.600000
95428 -27.193000 -93.867000 -15.527000 0.700000
12056 -27.875000 -93.729000 -15.025000 0.700000
35966 -24.712000 -93.003000 -15.555000 0.600000
35964 -27.844000 -92.645000 -15.294000 0.700000
79704 -25.550000 -92.358000 -15.235000 0.600000
79702 -26.312000 -92.253000 -15.293000 0.600000
79700 -27.059000 -91.691000 -14.965000 0.700000
148875 -27.828000 -92.092000 -15.207000 0.700000
79699 -28.581000 -91.967000 -15.074000 0.600000
122811 -15.852000 -94.682000 -11.167000 0.500000
26303 -17.666000 -94.631000 -10.685000 0.600000
35974 -19.533000 -94.330000 -11.281000 0.600000
148902 -20.245000 -94.401000 -12.282000 0.600000
107737 -20.961000 -93.842000 -12.606000 0.600000
79715 -21.372000 -93.691000 -13.607000 0.500000
107735 -22.177000 -92.845000 -13.315000 0.600000
12054 -27.857000 -94.649000 -14.430000 0.700000
18893 -21.979000 -93.193000 -13.878000 0.500000
107734 -22.760000 -92.354000 -13.600000 0.500000
42774 -28.424000 -94.012000 -14.195000 0.500000
32684 -28.964000 -94.114000 -13.329000 0.600000
107733 -22.594000 -92.737000 -14.112000 0.600000
79710 -24.050000 -92.126000 -14.575000 0.500000
42776 -28.469000 -93.548000 -14.496000 0.600000
35968 -24.803000 -91.954000 -14.724000 0.500000
148873 -27.893000 -93.195000 -15.200000 0.700000
148872 -28.573000 -92.991000 -14.748000 0.600000
148886 -25.555000 -91.822000 -14.807000 0.500000
79698 -28.592000 -92.485000 -14.978000 0.600000
79697 -29.312000 -91.756000 -14.902000 0.600000
148883 -26.374000 -91.229000 -14.444000 0.500000
107727 -27.093000 -91.161000 -14.654000 0.600000
107724 -28.560000 -91.456000 -15.078000 0.500000
49608 -28.645000 -90.452000 -14.908000 0.500000
132496 -30.141000 -90.777000 -15.192000 0.500000
18874 -15.869000 -94.225000 -10.614000 0.600000
122812 -16.713000 -94.513000 -10.577000 0.600000
107702 -15.232000 -93.865000 -10.624000 0.400000
49613 -22.905000 -91.968000 -13.119000 0.500000
139274 -29.013000 -93.747000 -13.688000 0.600000
107732 -23.459000 -91.927000 -13.832000 0.500000
207 -29.087000 -93.313000 -14.055000 0.500000
79709 -24.877000 -91.567000 -14.233000 0.500000
132490 -29.232000 -92.822000 -14.397000 0.500000
132489 -29.730000 -92.582000 -13.946000 0.500000
139301 -29.575000 -93.028000 -13.595000 0.500000
148884 -25.743000 -90.820000 -13.899000 0.500000
30220 -29.277000 -92.267000 -14.666000 0.500000
132492 -29.953000 -91.605000 -14.647000 0.500000
35967 -26.466000 -90.696000 -14.090000 0.600000
79706 -27.286000 -90.007000 -14.093000 0.600000
6370 -29.331000 -91.295000 -15.077000 0.500000
132493 -30.073000 -91.165000 -14.956000 0.600000
148881 -27.998000 -89.956000 -14.444000 0.600000
49609 -28.737000 -89.932000 -14.788000 0.500000
79662 -14.800000 -93.033000 -10.004000 0.400000
107731 -24.393000 -91.193000 -13.521000 0.500000
139302 -30.217000 -92.178000 -13.576000 0.500000
18891 -25.046000 -91.000000 -13.716000 0.500000
107729 -25.865000 -90.219000 -13.522000 0.500000
66400 -30.578000 -91.354000 -14.362000 0.500000
139303 -30.993000 -91.361000 -13.616000 0.500000
32694 -31.605000 -90.948000 -13.207000 0.500000
139305 -32.256000 -90.494000 -12.833000 0.500000
71824 -34.018000 -89.316000 -12.504000 0.500000
4378 -26.628000 -89.467000 -13.677000 0.600000
79705 -27.360000 -89.395000 -13.989000 0.600000
30221 -30.764000 -91.002000 -14.767000 0.500000
26310 -28.059000 -89.386000 -14.326000 0.600000
66403 -31.770000 -90.222000 -15.338000 0.500000
122827 -28.783000 -88.864000 -14.695000 0.500000
122825 -29.606000 -88.952000 -15.120000 0.500000
59213 -25.799000 -88.669000 -13.629000 0.500000
66399 -31.213000 -91.063000 -14.071000 0.500000
139304 -31.855000 -90.730000 -13.742000 0.500000
139306 -32.559000 -90.314000 -13.371000 0.500000
71825 -33.274000 -89.810000 -13.008000 0.500000
122833 -25.878000 -89.085000 -13.441000 0.500000
26312 -26.520000 -88.503000 -13.968000 0.600000
66401 -31.449000 -90.763000 -14.526000 0.500000
6369 -32.134000 -90.489000 -14.237000 0.500000
32695 -33.614000 -89.702000 -13.527000 0.500000
71826 -34.369000 -89.156000 -13.120000 0.500000
7398 -35.111000 -88.661000 -12.614000 0.500000
122828 -28.111000 -88.826000 -14.305000 0.500000
132494 -31.644000 -90.477000 -14.962000 0.500000
14455 -32.550000 -89.986000 -15.177000 0.500000
59214 -25.686000 -88.375000 -13.909000 0.500000
14454 -34.076000 -89.350000 -14.522000 0.500000
139308 -33.850000 -89.527000 -14.046000 0.500000
71827 -34.617000 -89.047000 -13.658000 0.500000
139317 -36.322000 -87.993000 -13.192000 0.400000
139309 -34.839000 -88.921000 -14.151000 0.400000
91233 -15.687000 -86.347000 -11.122000 0.400000
114670 -13.407000 -79.093000 -6.374000 0.500000
22749 -11.610000 -77.492000 -5.699000 0.500000
53468 -12.297000 -77.820000 -5.765000 0.500000
22750 -10.229000 -77.035000 -5.566000 0.500000
114677 -10.905000 -77.268000 -5.605000 0.500000
22747 -12.967000 -78.435000 -5.875000 0.500000
46446 -9.296000 -73.986000 -4.466000 0.500000
15726 -9.482000 -73.720000 -3.901000 0.500000
102035 -10.045000 -72.929000 -3.321000 0.500000
18890 -25.186000 -89.849000 -13.048000 0.500000
107730 -25.157000 -90.418000 -13.313000 0.500000
26308 -24.797000 -94.119000 -16.254000 0.600000
35969 -23.046000 -93.257000 -15.366000 0.600000
148878 -25.502000 -93.470000 -15.974000 0.600000
148887 -24.741000 -92.468000 -15.150000 0.600000
79701 -27.061000 -92.185000 -15.272000 0.700000
148904 -18.528000 -95.056000 -11.536000 0.600000
8569 -23.290000 -92.371000 -14.361000 0.500000
8568 -26.333000 -91.724000 -14.837000 0.600000
18888 -27.840000 -91.580000 -15.032000 0.600000
107726 -27.863000 -91.054000 -14.820000 0.600000
139273 -28.437000 -94.395000 -13.862000 0.700000
79708 -24.235000 -91.672000 -14.051000 0.500000
148885 -25.622000 -91.376000 -14.361000 0.500000
148882 -27.162000 -90.605000 -14.351000 0.600000
18889 -27.906000 -90.499000 -14.618000 0.600000
107725 -28.554000 -90.964000 -15.004000 0.500000
132495 -30.902000 -90.663000 -15.112000 0.500000
132491 -29.852000 -92.090000 -14.306000 0.500000
30219 -30.434000 -91.751000 -13.976000 0.500000
79707 -26.605000 -90.079000 -13.751000 0.500000
122826 -28.802000 -89.408000 -14.703000 0.500000
107728 -25.897000 -89.614000 -13.346000 0.500000
122829 -27.358000 -88.844000 -14.047000 0.500000
122832 -26.609000 -88.938000 -13.762000 0.500000
139307 -32.838000 -90.145000 -13.924000 0.500000
99745 -32.415000 -90.222000 -14.717000 0.500000
99744 -33.121000 -89.933000 -14.407000 0.500000
71828 -35.371000 -88.562000 -13.170000 0.500000
99746 -33.361000 -89.717000 -14.870000 0.400000
32696 -35.584000 -88.479000 -13.666000 0.400000
71816 -30.077000 -93.196000 -11.156000 0.500000
139296 -30.215000 -93.022000 -11.577000 0.600000
71818 -30.334000 -92.789000 -11.973000 0.600000
139297 -29.759000 -93.488000 -11.972000 0.600000
139295 -29.227000 -94.136000 -12.042000 0.400000
71817 -30.956000 -91.880000 -11.849000 0.400000
71821 -30.511000 -92.163000 -12.716000 0.400000
71819 -30.417000 -92.518000 -12.332000 0.500000
32692 -29.834000 -93.293000 -12.399000 0.600000
71820 -29.893000 -93.040000 -12.823000 0.500000
32693 -29.979000 -92.629000 -13.160000 0.400000
139298 -29.339000 -93.990000 -12.457000 0.500000
139300 -29.512000 -93.408000 -13.238000 0.500000
71798 -28.901000 -94.367000 -12.996000 0.600000
139272 -27.853000 -94.980000 -14.092000 0.600000
95424 -27.253000 -95.301000 -14.619000 0.600000
95425 -26.707000 -95.512000 -15.177000 0.600000
12055 -26.664000 -95.037000 -15.544000 0.600000
122819 -26.077000 -95.563000 -15.689000 0.600000
59203 -25.978000 -95.110000 -15.970000 0.500000
26307 -25.184000 -95.280000 -16.277000 0.500000
122822 -24.303000 -95.392000 -16.446000 0.400000
18882 -23.466000 -95.512000 -16.520000 0.500000
139316 -36.089000 -88.111000 -12.720000 0.300000
49605 -21.733000 -95.409000 -16.221000 0.400000
17535 -23.849000 -80.741000 -6.810000 0.400000
105290 -24.540000 -80.875000 -7.180000 0.400000
105288 -24.178000 -81.302000 -7.664000 0.500000
162821 -17.262000 -69.935000 -10.240000 0.500000
40622 -16.793000 -69.542000 -10.107000 0.500000
91311 -17.386000 -68.919000 -10.439000 0.500000
91312 -16.975000 -68.518000 -10.177000 0.400000
162832 -16.273000 -67.967000 -9.178000 0.400000
53478 -18.929000 -66.512000 -11.213000 0.400000
91321 -16.196000 -67.968000 -8.579000 0.400000
40625 -16.761000 -67.326000 -9.000000 0.400000
162831 -16.790000 -67.424000 -9.561000 0.400000
91322 -16.195000 -68.052000 -7.993000 0.400000
91320 -16.720000 -67.391000 -8.385000 0.400000
162827 -18.013000 -65.887000 -10.306000 0.400000
10130 -16.801000 -67.534000 -7.734000 0.400000
91318 -17.280000 -66.848000 -8.162000 0.400000
91317 -18.240000 -65.150000 -9.468000 0.400000
114699 -16.833000 -67.736000 -7.126000 0.400000
114698 -17.324000 -67.007000 -7.482000 0.400000
22763 -16.881000 -67.938000 -6.451000 0.400000
114700 -17.355000 -67.150000 -6.906000 0.400000
162847 -16.791000 -67.243000 -4.688000 0.300000
114703 -17.131000 -67.460000 -5.102000 0.400000
162850 -16.147000 -65.745000 -4.471000 0.300000
40631 -16.532000 -66.105000 -4.501000 0.300000
22765 -17.282000 -66.603000 -5.053000 0.300000
91333 -16.957000 -66.395000 -4.648000 0.300000
114692 -18.187000 -67.218000 -10.886000 0.400000
114693 -17.662000 -66.797000 -10.490000 0.400000
10129 -17.152000 -67.555000 -10.134000 0.400000
91310 -17.562000 -67.883000 -10.522000 0.400000
162828 -17.403000 -66.731000 -9.977000 0.400000
162830 -17.293000 -66.531000 -9.361000 0.400000
162826 -18.731000 -65.066000 -10.599000 0.400000
40624 -17.812000 -65.867000 -9.734000 0.400000
162829 -17.754000 -65.949000 -9.121000 0.400000
91319 -17.240000 -66.720000 -8.763000 0.400000
63782 -34.808000 -89.890000 -7.611000 0.300000
129175 -35.142000 -90.128000 -7.856000 0.300000
28997 -33.765000 -89.970000 -7.646000 0.400000
129174 -34.122000 -90.262000 -7.872000 0.300000
24729 -34.469000 -90.498000 -8.093000 0.400000
687 -32.303000 -90.898000 -8.020000 0.300000
119139 -33.382000 -90.651000 -8.101000 0.300000
119141 -33.695000 -90.820000 -8.422000 0.400000
46974 -31.326000 -91.219000 -7.844000 0.300000
119140 -32.657000 -91.059000 -8.325000 0.300000
24730 -32.973000 -91.149000 -8.692000 0.300000
46976 -31.673000 -91.384000 -8.212000 0.300000
139284 -31.982000 -91.527000 -8.551000 0.300000
71808 -32.252000 -91.580000 -8.961000 0.300000
16256 -31.061000 -91.907000 -8.394000 0.300000
139285 -31.326000 -92.009000 -8.785000 0.300000
32688 -31.564000 -92.060000 -9.225000 0.300000
102988 -30.456000 -92.430000 -8.582000 0.300000
139286 -30.713000 -92.481000 -9.026000 0.300000
139288 -30.936000 -92.501000 -9.509000 0.300000
71803 -29.033000 -93.387000 -8.051000 0.300000
71802 -29.657000 -92.851000 -8.396000 0.300000
7395 -29.903000 -92.888000 -8.833000 0.300000
139289 -30.161000 -92.874000 -9.313000 0.300000
32689 -30.401000 -92.833000 -9.811000 0.300000
71804 -29.197000 -93.347000 -8.576000 0.400000
56575 -34.769000 -90.558000 -8.428000 0.300000
129172 -32.687000 -90.142000 -7.530000 0.400000
119142 -34.024000 -90.875000 -8.757000 0.400000
129164 -31.954000 -90.673000 -7.675000 0.300000
71807 -33.242000 -91.162000 -9.064000 0.400000
46975 -30.765000 -91.778000 -8.007000 0.300000
71809 -32.485000 -91.552000 -9.353000 0.400000
139287 -31.780000 -91.986000 -9.667000 0.400000
102986 -29.863000 -92.300000 -7.728000 0.300000
71811 -31.157000 -92.399000 -10.000000 0.400000
139278 -28.890000 -93.442000 -7.534000 0.300000
102985 -29.249000 -92.884000 -7.412000 0.400000
71812 -30.606000 -92.785000 -10.321000 0.400000
71813 -29.828000 -93.224000 -10.199000 0.300000
71801 -28.705000 -93.520000 -6.978000 0.300000
56574 -35.426000 -90.205000 -8.170000 0.300000
56576 -35.651000 -90.160000 -8.475000 0.300000
3499 -36.256000 -89.814000 -8.209000 0.300000
24731 -34.970000 -90.459000 -8.760000 0.300000
119145 -35.122000 -90.241000 -9.059000 0.300000
129170 -31.832000 -89.605000 -6.969000 0.400000
119143 -34.236000 -90.739000 -9.090000 0.300000
119146 -34.435000 -90.482000 -9.348000 0.300000
129163 -30.962000 -91.037000 -7.463000 0.300000
28994 -31.579000 -90.459000 -7.355000 0.400000
3500 -33.447000 -91.066000 -9.391000 0.400000
102989 -33.660000 -90.779000 -9.625000 0.300000
102990 -32.679000 -91.434000 -9.697000 0.400000
102991 -32.854000 -91.152000 -9.935000 0.400000
16254 -30.406000 -91.645000 -7.596000 0.300000
28993 -29.788000 -91.410000 -6.810000 0.300000
16258 -31.968000 -91.814000 -10.028000 0.400000
102992 -32.125000 -91.551000 -10.306000 0.400000
102984 -29.609000 -92.230000 -7.298000 0.300000
129160 -29.150000 -92.068000 -6.403000 0.300000
102993 -31.399000 -91.974000 -10.743000 0.400000
102995 -31.460000 -91.663000 -11.063000 0.500000
129161 -29.377000 -92.160000 -6.872000 0.300000
7396 -30.642000 -92.676000 -10.783000 0.400000
102994 -30.726000 -92.490000 -11.177000 0.400000
16260 -30.838000 -92.236000 -11.528000 0.500000
71800 -28.367000 -94.079000 -6.413000 0.300000
119144 -35.818000 -89.981000 -8.751000 0.300000
93850 -36.425000 -89.639000 -8.458000 0.300000
5844 -30.835000 -90.034000 -6.741000 0.400000
16257 -33.828000 -90.422000 -9.856000 0.400000
46979 -33.082000 -90.384000 -10.502000 0.400000
63771 -30.274000 -90.743000 -6.783000 0.400000
16259 -32.197000 -91.172000 -10.606000 0.400000
46980 -32.296000 -90.775000 -10.964000 0.500000
102997 -31.741000 -90.961000 -11.820000 0.400000
63770 -29.472000 -91.320000 -6.412000 0.300000
102996 -31.582000 -91.284000 -11.412000 0.400000
129159 -28.930000 -91.962000 -5.880000 0.300000
7397 -31.092000 -91.585000 -12.271000 0.400000
71823 -31.291000 -91.284000 -12.730000 0.400000
129158 -28.857000 -92.819000 -6.391000 0.300000
71799 -28.605000 -93.492000 -6.384000 0.300000
28991 -28.378000 -94.049000 -5.760000 0.300000
24732 -35.279000 -89.881000 -9.309000 0.300000
119147 -34.610000 -90.132000 -9.564000 0.300000
46977 -33.933000 -90.027000 -10.108000 0.300000
63769 -29.966000 -90.578000 -6.433000 0.400000
46981 -33.198000 -89.943000 -10.867000 0.500000
102999 -32.637000 -90.171000 -11.821000 0.400000
13577 -29.198000 -91.196000 -5.989000 0.400000
102998 -31.917000 -90.729000 -12.296000 0.400000
5842 -28.381000 -92.414000 -4.861000 0.300000
98165 -28.707000 -91.838000 -5.397000 0.300000
63768 -28.582000 -92.588000 -5.285000 0.300000
63767 -28.487000 -93.330000 -5.204000 0.300000
129155 -28.302000 -94.525000 -5.229000 0.300000
129156 -28.391000 -93.992000 -5.167000 0.300000
119148 -34.727000 -89.711000 -9.783000 0.300000
1525 -34.103000 -89.608000 -10.429000 0.400000
46982 -33.388000 -89.684000 -11.333000 0.400000
158715 -28.232000 -92.569000 -4.384000 0.300000
39253 -28.187000 -92.616000 -3.901000 0.300000
63766 -28.358000 -93.095000 -4.763000 0.300000
158714 -28.277000 -93.208000 -4.269000 0.300000
28990 -28.356000 -93.773000 -4.663000 0.300000
87886 -28.229000 -92.622000 -3.409000 0.300000
87884 -28.333000 -93.223000 -3.278000 0.300000
87885 -28.253000 -93.219000 -3.791000 0.300000
39252 -28.366000 -93.815000 -3.690000 0.300000
158713 -28.320000 -93.840000 -4.186000 0.300000
139311 -35.204000 -88.603000 -11.021000 0.300000
16263 -34.451000 -89.036000 -11.454000 0.400000
87882 -28.404000 -93.289000 -2.705000 0.300000
39251 -28.391000 -93.895000 -2.561000 0.300000
119152 -36.668000 -87.901000 -10.207000 0.300000
24734 -35.942000 -88.250000 -10.602000 0.300000
139312 -35.513000 -88.386000 -11.594000 0.300000
71829 -36.889000 -87.577000 -10.688000 0.300000
71830 -36.206000 -87.985000 -11.140000 0.300000
32697 -36.496000 -87.781000 -11.696000 0.300000
91313 -16.267000 -69.075000 -9.785000 0.500000
114702 -17.237000 -67.449000 -5.733000 0.500000
114701 -17.322000 -67.426000 -6.295000 0.400000
91314 -16.557000 -68.203000 -9.754000 0.400000
71797 -28.412000 -94.679000 -13.543000 0.600000
139299 -29.429000 -93.742000 -12.861000 0.500000
71822 -30.720000 -91.765000 -13.144000 0.400000
16262 -32.934000 -89.977000 -12.419000 0.400000
103000 -33.656000 -89.484000 -11.876000 0.400000
103001 -34.790000 -88.804000 -12.021000 0.400000
139313 -35.817000 -88.223000 -12.163000 0.300000
162820 -17.858000 -69.228000 -10.561000 0.500000
22758 -18.031000 -68.283000 -10.814000 0.400000
22759 -18.416000 -66.088000 -10.828000 0.400000
129173 -33.062000 -90.408000 -7.805000 0.300000
102987 -30.161000 -92.368000 -8.186000 0.300000
16255 -29.452000 -92.867000 -7.903000 0.300000
129171 -32.251000 -89.871000 -7.246000 0.400000
71810 -31.311000 -92.212000 -10.392000 0.400000
63773 -31.176000 -90.256000 -7.059000 0.400000
63772 -30.611000 -90.888000 -7.135000 0.300000
129162 -30.097000 -91.520000 -7.204000 0.300000
46978 -32.981000 -90.785000 -10.196000 0.400000
28992 -28.716000 -92.716000 -5.829000 0.300000
16261 -32.447000 -90.397000 -11.366000 0.400000
129157 -28.533000 -93.426000 -5.788000 0.300000
46983 -34.260000 -89.288000 -10.909000 0.400000
98164 -28.474000 -91.713000 -4.969000 0.300000
129154 -28.355000 -94.375000 -4.659000 0.300000
119150 -35.030000 -88.895000 -10.491000 0.300000
87883 -28.432000 -93.818000 -3.153000 0.300000
122820 -25.303000 -95.762000 -16.024000 0.500000
26306 -25.333000 -96.113000 -15.612000 0.500000
59201 -26.011000 -95.969000 -15.213000 0.500000
139271 -27.212000 -95.617000 -14.208000 0.500000
71796 -28.325000 -94.919000 -13.167000 0.400000
59212 -26.340000 -88.172000 -14.273000 0.400000
32691 -29.641000 -93.665000 -11.566000 0.500000
71815 -29.498000 -93.724000 -11.117000 0.300000
139291 -29.058000 -93.709000 -10.051000 0.300000
71814 -29.995000 -93.233000 -10.680000 0.400000
71806 -29.402000 -93.306000 -9.136000 0.300000
139290 -29.629000 -93.236000 -9.686000 0.300000
98166 -28.928000 -91.081000 -5.551000 0.300000
44297 -29.449000 -90.249000 -5.690000 0.300000
98167 -29.660000 -90.411000 -6.089000 0.300000
63780 -33.409000 -89.649000 -7.393000 0.300000
44296 -29.228000 -90.097000 -5.282000 0.300000
13578 -30.228000 -89.646000 -6.116000 0.300000
98168 -30.513000 -89.837000 -6.434000 0.300000
129167 -31.478000 -89.332000 -6.694000 0.300000
129169 -32.612000 -89.034000 -6.901000 0.300000
28995 -32.274000 -88.779000 -6.639000 0.300000
44298 -30.013000 -89.464000 -5.750000 0.300000
129165 -30.878000 -88.950000 -6.072000 0.300000
129166 -31.161000 -89.140000 -6.398000 0.300000
63775 -31.938000 -88.528000 -6.303000 0.300000
28996 -32.985000 -89.319000 -7.146000 0.300000
63779 -34.093000 -89.261000 -7.165000 0.300000
115391 -30.634000 -88.767000 -5.718000 0.300000
63778 -33.706000 -88.955000 -6.898000 0.300000
129168 -33.408000 -88.608000 -6.640000 0.300000
49603 -22.653000 -95.721000 -16.529000 0.300000
7394 -28.787000 -94.556000 -12.606000 0.500000
32683 -27.812000 -95.269000 -13.700000 0.400000
4374 -26.666000 -95.823000 -14.716000 0.500000
32690 -29.298000 -93.731000 -10.605000 0.300000
28632 -19.010000 -64.317000 -10.270000 0.300000
91316 -18.346000 -65.077000 -10.016000 0.300000
22762 -17.751000 -66.461000 -7.347000 0.300000
122821 -24.447000 -95.888000 -16.232000 0.400000
122817 -24.588000 -96.624000 -15.481000 0.400000
32680 -24.288000 -96.472000 -11.269000 0.400000
32681 -24.750000 -96.752000 -13.039000 0.400000
71792 -25.616000 -96.554000 -13.316000 0.400000
32682 -26.413000 -96.204000 -13.512000 0.400000
139270 -27.158000 -95.799000 -13.662000 0.400000
26304 -25.136000 -96.637000 -14.471000 0.400000
59199 -25.933000 -96.234000 -14.644000 0.400000
139268 -26.560000 -96.044000 -14.135000 0.400000
32679 -24.494000 -96.502000 -9.211000 0.300000
71788 -24.806000 -96.208000 -10.891000 0.400000
7393 -25.828000 -96.251000 -12.070000 0.400000
59200 -25.261000 -96.414000 -15.086000 0.400000
71790 -24.482000 -96.654000 -12.239000 0.400000
139266 -24.983000 -96.756000 -13.769000 0.400000
139261 -24.302000 -96.414000 -10.220000 0.300000
71789 -25.017000 -96.380000 -11.750000 0.400000
71791 -25.298000 -96.505000 -12.563000 0.400000
139267 -25.793000 -96.430000 -14.012000 0.400000
71793 -26.186000 -96.306000 -12.847000 0.400000
139269 -26.976000 -95.929000 -13.052000 0.400000
71786 -25.006000 -96.330000 -8.893000 0.300000
139260 -24.755000 -96.135000 -9.891000 0.300000
71787 -25.574000 -96.139000 -11.285000 0.300000
16250 -25.387000 -96.032000 -10.439000 0.300000
102981 -27.260000 -95.682000 -11.934000 0.300000
102982 -27.937000 -95.211000 -12.110000 0.300000
102980 -26.712000 -96.001000 -12.381000 0.300000
16253 -28.428000 -94.760000 -11.566000 0.300000
139294 -29.070000 -94.221000 -11.574000 0.300000
102983 -28.634000 -94.682000 -12.127000 0.300000
16252 -27.527000 -95.613000 -12.605000 0.300000
71794 -28.185000 -95.105000 -12.718000 0.300000
71795 -27.729000 -95.506000 -13.217000 0.300000
21608 -23.716000 -93.690000 0.776000 0.300000
112624 -23.877000 -92.980000 0.797000 0.300000
21615 -28.231000 -91.503000 -3.193000 0.300000
87871 -24.656000 -91.470000 0.477000 0.300000
87872 -25.239000 -91.392000 0.087000 0.300000
112628 -26.520000 -91.248000 -0.588000 0.300000
52331 -27.132000 -91.158000 -0.904000 0.300000
52332 -27.664000 -91.065000 -1.336000 0.300000
52334 -28.089000 -91.046000 -1.852000 0.300000
52335 -28.353000 -91.036000 -2.378000 0.300000
112637 -28.356000 -90.973000 -2.834000 0.300000
5283 -25.528000 -90.702000 0.098000 0.300000
112626 -26.202000 -90.717000 -0.323000 0.300000
21610 -26.835000 -90.631000 -0.631000 0.300000
52330 -27.378000 -90.534000 -1.019000 0.300000
2372 -27.897000 -90.447000 -1.488000 0.300000
102979 -26.378000 -95.997000 -11.618000 0.300000
112625 -24.302000 -92.872000 0.419000 0.300000
21611 -26.218000 -91.879000 -0.570000 0.300000
39247 -24.996000 -92.092000 0.090000 0.300000
158696 -24.484000 -92.175000 0.447000 0.300000
158698 -25.592000 -91.992000 -0.257000 0.300000
112627 -25.855000 -91.304000 -0.297000 0.300000
126642 -26.556000 -90.031000 -0.305000 0.300000
