#!ascii label, from file  /biac2/kgs/3Danat/FreesurferSegmentations/fsaverage-bkup/label/CBA/cROIs/averages/label/MPM_lh.hOc4.label 
1006
30222 -30.990000 -90.310000 -15.400000 0.500000
132497 -30.208000 -90.362000 -15.339000 0.600000
139315 -36.748000 -87.668000 -12.250000 0.300000
107723 -29.342000 -90.868000 -15.158000 0.500000
139310 -35.834000 -88.289000 -14.129000 0.400000
139318 -36.565000 -87.811000 -13.635000 0.400000
71835 -37.266000 -87.391000 -13.177000 0.400000
32698 -37.028000 -87.550000 -12.736000 0.300000
139319 -36.761000 -87.591000 -14.063000 0.400000
30226 -31.104000 -88.532000 -15.835000 0.500000
132507 -31.139000 -89.013000 -15.779000 0.500000
66405 -31.055000 -89.915000 -15.606000 0.500000
132509 -30.312000 -88.542000 -15.511000 0.600000
132508 -30.350000 -89.028000 -15.443000 0.500000
132498 -30.275000 -89.929000 -15.402000 0.600000
71831 -37.178000 -87.342000 -11.213000 0.300000
49607 -29.485000 -89.951000 -15.133000 0.500000
45176 -35.241000 -88.444000 -15.051000 0.500000
45174 -35.094000 -88.733000 -14.593000 0.500000
139314 -37.418000 -87.219000 -11.735000 0.300000
980 -29.558000 -89.454000 -15.078000 0.600000
18887 -29.409000 -90.416000 -15.164000 0.500000
116620 -36.083000 -87.731000 -14.963000 0.500000
979 -35.991000 -88.051000 -14.552000 0.400000
32699 -37.481000 -87.168000 -13.587000 0.400000
71834 -37.963000 -87.035000 -12.684000 0.300000
71833 -37.691000 -87.123000 -12.219000 0.300000
23650 -36.147000 -87.292000 -15.270000 0.400000
116619 -36.846000 -87.332000 -14.476000 0.400000
139320 -37.592000 -86.921000 -14.008000 0.400000
116621 -36.850000 -86.978000 -14.869000 0.400000
66418 -31.393000 -86.511000 -16.497000 0.700000
132512 -31.546000 -87.042000 -16.409000 0.700000
66416 -31.726000 -87.551000 -16.301000 0.700000
66404 -31.838000 -89.851000 -15.646000 0.500000
66420 -30.430000 -86.125000 -16.568000 0.700000
30228 -30.470000 -86.633000 -16.431000 0.700000
30227 -30.819000 -87.602000 -16.089000 0.800000
66415 -31.003000 -88.072000 -15.955000 0.500000
132510 -30.210000 -88.053000 -15.624000 0.700000
66402 -32.662000 -89.637000 -15.556000 0.500000
132514 -29.800000 -87.174000 -16.070000 0.700000
99748 -33.638000 -89.046000 -15.661000 0.400000
14456 -34.432000 -88.766000 -15.468000 0.500000
3502 -37.832000 -86.979000 -10.752000 0.300000
59207 -29.435000 -88.007000 -15.310000 0.600000
132501 -34.528000 -88.356000 -15.751000 0.500000
132500 -35.352000 -88.054000 -15.405000 0.500000
103003 -38.105000 -86.813000 -11.223000 0.300000
26309 -29.572000 -88.461000 -15.176000 0.500000
66408 -35.419000 -87.605000 -15.664000 0.500000
2900 -36.039000 -86.453000 -15.880000 0.400000
66407 -36.107000 -86.869000 -15.608000 0.400000
23649 -37.638000 -86.645000 -14.426000 0.400000
71837 -38.243000 -86.593000 -13.541000 0.400000
71836 -38.126000 -86.828000 -13.135000 0.400000
116623 -36.787000 -86.262000 -15.499000 0.300000
116622 -36.829000 -86.624000 -15.209000 0.400000
79765 -30.754000 -84.216000 -15.388000 0.500000
30230 -30.704000 -84.641000 -15.854000 0.600000
132520 -31.535000 -84.410000 -15.835000 0.600000
66421 -31.354000 -85.460000 -16.467000 0.600000
66419 -31.329000 -85.997000 -16.531000 0.600000
148958 -30.049000 -83.598000 -14.374000 0.500000
148955 -29.955000 -83.965000 -14.782000 0.500000
148954 -29.843000 -84.366000 -15.224000 0.600000
132519 -30.618000 -85.113000 -16.253000 0.600000
30229 -30.515000 -85.598000 -16.492000 0.700000
66413 -31.964000 -88.441000 -16.104000 0.600000
93853 -37.549000 -88.356000 -8.923000 0.300000
59227 -28.277000 -83.709000 -14.230000 0.700000
4383 -29.043000 -84.015000 -14.697000 0.600000
95441 -28.963000 -84.371000 -15.154000 0.600000
148953 -29.719000 -84.759000 -15.792000 0.600000
132518 -29.653000 -85.233000 -16.165000 0.700000
132516 -29.561000 -86.300000 -16.516000 0.700000
66412 -32.774000 -87.889000 -16.362000 0.600000
30225 -32.803000 -88.358000 -16.245000 0.600000
6371 -32.741000 -89.252000 -15.858000 0.500000
122854 -28.458000 -83.398000 -13.893000 0.700000
59226 -28.102000 -84.021000 -14.627000 0.600000
59224 -28.008000 -84.371000 -15.070000 0.600000
12063 -28.839000 -84.800000 -15.647000 0.600000
445 -28.781000 -85.827000 -16.289000 0.700000
12057 -28.896000 -86.867000 -16.162000 0.700000
132502 -33.687000 -88.616000 -15.974000 0.500000
119153 -37.549000 -87.192000 -10.279000 0.300000
18904 -27.571000 -83.388000 -13.845000 0.700000
122853 -27.372000 -83.706000 -14.174000 0.600000
26320 -27.220000 -83.991000 -14.498000 0.700000
42782 -27.885000 -85.437000 -15.901000 0.600000
42781 -27.938000 -86.040000 -16.151000 0.600000
4377 -29.214000 -87.580000 -15.606000 0.700000
66411 -33.685000 -87.655000 -16.364000 0.500000
132503 -34.546000 -87.447000 -16.207000 0.500000
59225 -27.113000 -84.434000 -14.936000 0.600000
95439 -26.989000 -85.538000 -15.695000 0.600000
42778 -28.154000 -86.981000 -15.950000 0.600000
95430 -28.490000 -87.622000 -15.397000 0.600000
59209 -28.664000 -88.021000 -15.066000 0.600000
14458 -34.491000 -86.919000 -16.382000 0.500000
16265 -38.375000 -86.690000 -11.681000 0.300000
122852 -26.306000 -84.039000 -14.435000 0.700000
122851 -26.166000 -84.514000 -14.781000 0.600000
12062 -27.049000 -84.950000 -15.340000 0.600000
12061 -27.093000 -86.140000 -15.855000 0.600000
42780 -27.203000 -86.679000 -15.850000 0.500000
12059 -27.349000 -87.109000 -15.699000 0.500000
122830 -27.872000 -87.998000 -14.832000 0.500000
59208 -28.771000 -88.445000 -14.814000 0.500000
99750 -35.268000 -86.702000 -16.188000 0.500000
23652 -37.527000 -85.150000 -15.378000 0.300000
116625 -37.590000 -85.608000 -15.303000 0.300000
23651 -37.660000 -86.011000 -15.122000 0.300000
54774 -38.420000 -86.048000 -14.345000 0.400000
139321 -38.342000 -86.328000 -13.945000 0.400000
26311 -28.040000 -88.372000 -14.518000 0.500000
116627 -36.667000 -85.356000 -15.745000 0.300000
116626 -36.745000 -85.839000 -15.669000 0.300000
54775 -37.635000 -86.331000 -14.838000 0.400000
35992 -30.913000 -83.030000 -14.072000 0.500000
148957 -30.842000 -83.375000 -14.497000 0.500000
148956 -31.632000 -83.104000 -14.587000 0.500000
79766 -31.605000 -83.503000 -14.984000 0.500000
148961 -30.336000 -82.480000 -13.262000 0.500000
148960 -30.235000 -82.879000 -13.659000 0.500000
148959 -30.163000 -83.277000 -14.005000 0.500000
35991 -30.800000 -83.790000 -14.923000 0.500000
79764 -31.591000 -83.931000 -15.403000 0.500000
66423 -32.318000 -84.703000 -16.161000 0.600000
6373 -32.240000 -85.215000 -16.349000 0.600000
122855 -29.544000 -83.001000 -13.613000 0.500000
66417 -32.298000 -85.755000 -16.448000 0.600000
99754 -32.514000 -86.846000 -16.564000 0.800000
41900 -37.872000 -88.345000 -8.414000 0.300000
49626 -28.927000 -82.734000 -13.055000 0.600000
49624 -28.649000 -83.085000 -13.587000 0.600000
26321 -29.332000 -83.370000 -13.899000 0.600000
99756 -33.250000 -85.486000 -16.406000 0.400000
11181 -38.087000 -88.020000 -8.659000 0.300000
49625 -27.813000 -83.062000 -13.464000 0.700000
99753 -33.443000 -86.611000 -16.616000 0.500000
6372 -32.668000 -87.410000 -16.459000 0.600000
119154 -38.037000 -87.353000 -9.473000 0.300000
119155 -38.224000 -86.998000 -9.893000 0.300000
107757 -26.950000 -83.165000 -13.495000 0.700000
14459 -34.214000 -85.821000 -16.549000 0.400000
119156 -38.477000 -86.721000 -10.305000 0.300000
107756 -26.708000 -83.386000 -13.882000 0.600000
107754 -26.473000 -83.673000 -14.166000 0.700000
99752 -34.356000 -86.389000 -16.514000 0.400000
71832 -38.637000 -86.625000 -12.105000 0.300000
18905 -25.760000 -83.407000 -13.769000 0.600000
107755 -25.588000 -83.675000 -14.087000 0.700000
122850 -26.080000 -85.059000 -15.166000 0.600000
95437 -26.218000 -86.302000 -15.609000 0.500000
95436 -26.390000 -86.838000 -15.606000 0.500000
12058 -27.715000 -87.701000 -15.130000 0.600000
45178 -35.137000 -85.614000 -16.365000 0.400000
99751 -35.190000 -86.180000 -16.328000 0.400000
23653 -37.251000 -84.077000 -15.249000 0.300000
54780 -37.455000 -84.647000 -15.347000 0.300000
54779 -38.274000 -84.500000 -15.141000 0.300000
54778 -38.385000 -84.977000 -15.083000 0.300000
54776 -38.445000 -85.723000 -14.695000 0.400000
7399 -38.815000 -86.463000 -12.568000 0.300000
26319 -25.125000 -85.232000 -14.930000 0.600000
4381 -25.364000 -86.428000 -15.249000 0.500000
59217 -25.561000 -86.967000 -15.256000 0.500000
95435 -26.575000 -87.266000 -15.465000 0.500000
59210 -26.981000 -87.815000 -14.841000 0.500000
59211 -27.179000 -88.098000 -14.509000 0.600000
122831 -27.300000 -88.375000 -14.227000 0.500000
14457 -35.897000 -85.493000 -16.071000 0.300000
116628 -36.569000 -84.821000 -15.706000 0.300000
59223 -25.196000 -85.874000 -15.146000 0.500000
12060 -25.799000 -87.411000 -15.133000 0.500000
4379 -26.217000 -87.957000 -14.600000 0.500000
59216 -25.515000 -88.149000 -14.271000 0.500000
148969 -31.241000 -81.834000 -12.664000 0.500000
35993 -31.092000 -82.208000 -13.205000 0.500000
79768 -31.666000 -82.717000 -14.149000 0.500000
18910 -32.429000 -82.422000 -14.168000 0.500000
107764 -32.423000 -82.790000 -14.594000 0.500000
6374 -32.451000 -83.140000 -15.013000 0.500000
49628 -29.846000 -82.257000 -12.643000 0.500000
79770 -30.993000 -82.632000 -13.647000 0.500000
132523 -33.128000 -83.411000 -15.330000 0.400000
1998 -29.694000 -82.637000 -13.144000 0.500000
132522 -33.152000 -83.913000 -15.693000 0.400000
11179 -37.644000 -88.604000 -8.196000 0.300000
41899 -38.345000 -87.928000 -8.084000 0.300000
49627 -29.111000 -82.427000 -12.579000 0.600000
99758 -33.153000 -84.429000 -15.978000 0.400000
99757 -33.130000 -84.945000 -16.188000 0.400000
107760 -28.295000 -82.595000 -12.538000 0.600000
18906 -28.064000 -82.859000 -13.035000 0.600000
93855 -38.312000 -87.634000 -8.911000 0.300000
11182 -38.594000 -87.147000 -9.145000 0.300000
107758 -27.173000 -82.968000 -12.983000 0.600000
45180 -34.132000 -85.222000 -16.420000 0.400000
8575 -26.295000 -82.966000 -12.899000 0.600000
45181 -34.850000 -84.582000 -16.044000 0.400000
45179 -35.033000 -85.083000 -16.245000 0.400000
103002 -38.753000 -86.489000 -10.737000 0.300000
79752 -26.025000 -83.187000 -13.353000 0.700000
45177 -35.835000 -84.949000 -15.964000 0.300000
116629 -36.489000 -84.269000 -15.535000 0.300000
79771 -31.762000 -81.961000 -13.236000 0.500000
79769 -31.704000 -82.348000 -13.702000 0.500000
79767 -32.447000 -82.046000 -13.722000 0.500000
107765 -33.109000 -82.131000 -14.245000 0.400000
148970 -30.487000 -82.067000 -12.799000 0.500000
107763 -33.167000 -82.476000 -14.644000 0.400000
132524 -33.197000 -82.886000 -15.009000 0.400000
148971 -30.696000 -81.572000 -12.244000 0.600000
66425 -33.901000 -83.262000 -15.248000 0.400000
14462 -33.883000 -83.755000 -15.551000 0.400000
41902 -38.822000 -87.282000 -8.577000 0.300000
41901 -38.559000 -87.658000 -8.335000 0.300000
107759 -27.450000 -82.680000 -12.434000 0.600000
99759 -33.897000 -84.197000 -15.845000 0.400000
14461 -33.975000 -84.671000 -16.137000 0.400000
45182 -34.687000 -84.102000 -15.780000 0.400000
45183 -35.515000 -83.983000 -15.594000 0.400000
981 -35.710000 -84.439000 -15.803000 0.300000
116630 -36.327000 -83.777000 -15.370000 0.300000
79754 -25.292000 -83.271000 -13.226000 0.600000
148968 -31.863000 -81.494000 -12.766000 0.500000
8577 -32.459000 -81.717000 -13.263000 0.500000
107767 -33.181000 -81.362000 -13.369000 0.400000
107766 -33.146000 -81.776000 -13.816000 0.400000
35996 -31.343000 -81.310000 -12.240000 0.500000
79778 -32.010000 -80.997000 -12.262000 0.500000
18909 -33.814000 -81.857000 -14.342000 0.400000
18908 -30.006000 -81.877000 -12.191000 0.600000
148972 -30.879000 -81.078000 -11.752000 0.600000
79780 -31.516000 -80.733000 -11.778000 0.600000
132525 -33.857000 -82.239000 -14.643000 0.400000
107761 -29.269000 -82.119000 -12.106000 0.600000
107762 -30.167000 -81.446000 -11.692000 0.600000
66426 -34.594000 -82.592000 -14.943000 0.400000
66424 -34.586000 -83.129000 -15.175000 0.400000
18907 -28.522000 -82.272000 -11.997000 0.600000
99760 -34.588000 -83.622000 -15.444000 0.400000
99761 -35.387000 -83.021000 -15.100000 0.400000
14463 -35.444000 -83.527000 -15.333000 0.400000
132529 -36.159000 -82.685000 -14.930000 0.400000
56585 -38.853000 -86.719000 -9.507000 0.300000
56584 -39.287000 -86.494000 -9.127000 0.300000
148947 -27.716000 -82.388000 -11.893000 0.600000
132528 -36.226000 -83.245000 -15.152000 0.400000
16264 -39.577000 -85.882000 -10.745000 0.300000
24736 -39.109000 -86.367000 -9.906000 0.300000
79758 -26.574000 -82.701000 -12.423000 0.600000
79756 -25.499000 -83.017000 -12.812000 0.600000
148945 -26.206000 -82.440000 -11.707000 0.700000
3924 -27.571000 -81.730000 -10.662000 0.700000
79757 -25.780000 -82.725000 -12.302000 0.600000
57849 -26.609000 -82.130000 -11.068000 0.700000
57851 -27.007000 -81.726000 -10.380000 0.700000
25494 -25.601000 -82.475000 -11.436000 0.600000
94615 -27.944000 -81.186000 -10.166000 0.700000
11605 -28.333000 -80.548000 -9.826000 0.600000
57850 -26.008000 -82.094000 -10.725000 0.700000
120929 -27.485000 -81.269000 -9.929000 0.700000
148967 -32.543000 -81.223000 -12.827000 0.500000
148964 -33.263000 -80.882000 -12.948000 0.500000
79779 -32.185000 -80.420000 -11.770000 0.500000
79777 -32.824000 -80.096000 -11.912000 0.500000
35995 -32.652000 -80.666000 -12.383000 0.500000
148963 -33.953000 -80.501000 -13.054000 0.500000
18911 -33.862000 -81.030000 -13.530000 0.400000
49630 -33.816000 -81.469000 -13.966000 0.400000
148973 -31.027000 -80.571000 -11.299000 0.600000
35997 -31.739000 -80.145000 -11.306000 0.600000
79781 -32.358000 -79.759000 -11.387000 0.600000
8578 -32.974000 -79.453000 -11.590000 0.600000
132526 -34.543000 -81.607000 -14.469000 0.400000
79759 -29.462000 -81.707000 -11.599000 0.600000
148975 -31.847000 -79.526000 -11.039000 0.600000
148974 -32.474000 -79.126000 -11.185000 0.600000
66427 -34.581000 -82.036000 -14.733000 0.400000
79760 -28.761000 -81.922000 -11.430000 0.600000
79761 -29.670000 -81.219000 -11.105000 0.600000
79763 -30.491000 -80.430000 -10.863000 0.600000
148977 -31.300000 -79.364000 -10.795000 0.600000
35998 -31.923000 -78.898000 -10.921000 0.600000
6375 -35.363000 -82.475000 -14.902000 0.400000
132532 -36.821000 -81.372000 -14.599000 0.400000
35989 -28.947000 -81.476000 -10.936000 0.600000
79762 -29.879000 -80.706000 -10.692000 0.600000
35990 -30.610000 -79.788000 -10.712000 0.600000
148978 -31.386000 -78.700000 -10.762000 0.600000
35999 -32.005000 -77.625000 -11.122000 0.600000
132530 -36.110000 -82.130000 -14.775000 0.400000
30234 -36.857000 -81.885000 -14.684000 0.400000
148948 -27.952000 -82.084000 -11.387000 0.600000
148950 -29.175000 -81.005000 -10.550000 0.500000
148951 -30.112000 -80.132000 -10.445000 0.600000
148952 -30.732000 -79.114000 -10.594000 0.600000
148979 -31.434000 -78.027000 -10.796000 0.600000
148980 -31.979000 -77.063000 -11.405000 0.700000
35988 -26.916000 -82.449000 -11.853000 0.700000
148949 -28.242000 -81.676000 -10.849000 0.600000
11604 -29.446000 -80.459000 -10.224000 0.600000
42324 -30.225000 -79.499000 -10.341000 0.600000
130779 -31.358000 -77.509000 -11.025000 0.600000
29589 -31.883000 -76.529000 -11.735000 0.600000
65049 -32.418000 -75.728000 -12.529000 0.600000
42326 -30.309000 -78.766000 -10.285000 0.600000
130780 -30.833000 -77.811000 -10.687000 0.600000
130781 -31.227000 -76.882000 -11.352000 0.600000
65050 -31.713000 -75.909000 -12.167000 0.600000
94616 -28.908000 -80.500000 -10.030000 0.600000
42325 -29.684000 -79.659000 -10.037000 0.600000
143978 -30.328000 -78.065000 -10.297000 0.500000
29590 -30.653000 -77.212000 -10.891000 0.600000
130782 -30.962000 -76.285000 -11.742000 0.600000
11606 -29.896000 -78.965000 -9.889000 0.500000
25496 -26.437000 -81.697000 -10.156000 0.700000
57853 -27.935000 -80.685000 -9.506000 0.700000
57852 -28.710000 -79.918000 -9.527000 0.500000
94618 -29.401000 -79.132000 -9.610000 0.600000
143979 -29.895000 -78.284000 -9.909000 0.500000
75648 -30.208000 -77.403000 -10.448000 0.500000
143980 -29.453000 -78.510000 -9.545000 0.600000
350 -22.325000 -78.634000 -5.763000 0.600000
143977 -22.747000 -78.971000 -5.691000 0.600000
143976 -22.374000 -79.658000 -5.932000 0.600000
148966 -33.404000 -80.300000 -12.556000 0.500000
79776 -33.475000 -79.696000 -12.147000 0.500000
35994 -34.078000 -79.942000 -12.675000 0.500000
49631 -34.537000 -80.721000 -13.704000 0.500000
49629 -34.525000 -81.171000 -14.107000 0.400000
79783 -32.580000 -78.479000 -11.124000 0.500000
107773 -33.074000 -78.780000 -11.427000 0.500000
107774 -33.764000 -77.701000 -11.792000 0.500000
132527 -35.264000 -80.951000 -14.275000 0.400000
132535 -36.027000 -80.712000 -14.341000 0.400000
18915 -33.131000 -78.098000 -11.421000 0.500000
107775 -33.818000 -77.077000 -11.974000 0.500000
66428 -35.364000 -81.908000 -14.786000 0.400000
132534 -36.087000 -81.179000 -14.571000 0.400000
30235 -36.833000 -80.897000 -14.538000 0.400000
79786 -32.652000 -77.223000 -11.458000 0.500000
8579 -33.274000 -76.825000 -11.852000 0.500000
79782 -33.250000 -77.383000 -11.609000 0.500000
132533 -36.114000 -81.652000 -14.705000 0.400000
79787 -32.611000 -76.694000 -11.757000 0.600000
79788 -33.221000 -76.354000 -12.148000 0.600000
148981 -32.539000 -76.199000 -12.130000 0.600000
36000 -33.132000 -75.888000 -12.514000 0.500000
65051 -32.191000 -75.219000 -12.987000 0.400000
6099 -32.867000 -75.031000 -13.320000 0.400000
148985 -33.439000 -74.756000 -13.721000 0.400000
130783 -30.606000 -75.767000 -12.192000 0.600000
29591 -31.427000 -75.434000 -12.650000 0.600000
130784 -31.906000 -74.715000 -13.449000 0.500000
98935 -32.614000 -74.526000 -13.760000 0.400000
98934 -33.280000 -74.350000 -14.086000 0.400000
98936 -33.135000 -73.762000 -14.447000 0.400000
120927 -25.470000 -82.039000 -10.399000 0.700000
75647 -30.353000 -76.637000 -11.259000 0.600000
130785 -31.063000 -74.937000 -13.090000 0.500000
14005 -32.343000 -73.960000 -14.190000 0.400000
57854 -28.277000 -80.138000 -9.189000 0.600000
34310 -29.741000 -77.649000 -9.994000 0.500000
75649 -29.915000 -76.891000 -10.684000 0.500000
130786 -30.241000 -75.281000 -12.590000 0.500000
29592 -30.780000 -74.395000 -13.461000 0.500000
65053 -31.607000 -74.146000 -13.884000 0.400000
65052 -32.233000 -73.293000 -14.502000 0.400000
3926 -28.987000 -79.333000 -9.282000 0.600000
105294 -29.579000 -76.397000 -10.908000 0.500000
137365 -22.406000 -77.517000 -5.638000 0.700000
137363 -22.814000 -77.895000 -5.532000 0.600000
32015 -23.221000 -77.169000 -5.277000 0.700000
144004 -23.148000 -78.264000 -5.498000 0.600000
144006 -24.025000 -76.741000 -5.020000 0.600000
34309 -23.261000 -79.277000 -5.846000 0.600000
34318 -24.116000 -77.887000 -5.247000 0.600000
75670 -24.478000 -77.133000 -5.049000 0.600000
34319 -24.894000 -76.333000 -4.898000 0.600000
144008 -25.698000 -75.882000 -4.935000 0.600000
75645 -22.902000 -79.963000 -6.024000 0.500000
144002 -24.190000 -78.901000 -5.701000 0.600000
75668 -24.578000 -78.193000 -5.409000 0.600000
75669 -24.973000 -77.434000 -5.169000 0.600000
75671 -25.339000 -76.657000 -5.027000 0.600000
148962 -34.603000 -80.242000 -13.268000 0.500000
75644 -23.446000 -80.150000 -6.191000 0.500000
75646 -23.806000 -79.568000 -5.932000 0.500000
75667 -25.416000 -77.681000 -5.425000 0.500000
7996 -25.824000 -76.896000 -5.243000 0.500000
79775 -33.588000 -79.042000 -11.875000 0.400000
18913 -34.267000 -78.630000 -12.171000 0.500000
122857 -35.311000 -79.949000 -13.502000 0.500000
982 -35.273000 -80.496000 -13.878000 0.400000
7993 -24.428000 -79.673000 -6.236000 0.500000
144001 -24.734000 -79.107000 -5.976000 0.500000
75666 -25.925000 -77.870000 -5.789000 0.500000
75665 -26.297000 -77.129000 -5.593000 0.500000
107771 -34.311000 -77.984000 -12.101000 0.500000
132536 -36.009000 -80.260000 -14.014000 0.400000
30236 -36.742000 -79.943000 -14.071000 0.400000
66436 -37.404000 -79.632000 -14.019000 0.400000
75642 -24.171000 -80.213000 -6.465000 0.500000
143998 -25.364000 -79.187000 -6.246000 0.500000
144000 -25.623000 -78.618000 -6.012000 0.600000
143999 -26.460000 -78.015000 -6.117000 0.600000
66435 -36.808000 -80.429000 -14.308000 0.400000
17536 -25.738000 -79.923000 -6.859000 0.600000
143997 -25.923000 -79.302000 -6.568000 0.600000
34316 -26.213000 -78.665000 -6.312000 0.700000
107776 -33.866000 -76.486000 -12.231000 0.400000
107777 -33.854000 -76.008000 -12.534000 0.500000
17533 -24.427000 -81.634000 -8.571000 0.600000
148983 -33.729000 -75.599000 -12.896000 0.500000
79790 -34.256000 -74.907000 -13.656000 0.400000
105285 -24.870000 -81.574000 -9.024000 0.600000
148984 -33.588000 -75.184000 -13.297000 0.400000
3925 -25.405000 -81.565000 -9.422000 0.600000
120931 -26.402000 -81.249000 -9.242000 0.600000
148986 -33.934000 -74.153000 -14.389000 0.400000
57855 -27.778000 -80.283000 -8.801000 0.600000
120930 -26.916000 -81.265000 -9.625000 0.700000
143983 -29.078000 -78.772000 -9.120000 0.600000
34311 -29.099000 -78.161000 -9.035000 0.600000
143982 -29.351000 -77.944000 -9.549000 0.500000
143981 -29.477000 -77.110000 -10.116000 0.500000
70248 -22.717000 -76.791000 -5.404000 0.700000
70247 -23.552000 -76.420000 -5.059000 0.700000
7139 -23.920000 -75.623000 -4.890000 0.600000
144007 -24.399000 -75.960000 -4.829000 0.600000
144010 -24.779000 -75.124000 -4.713000 0.600000
144009 -25.324000 -75.477000 -4.807000 0.600000
75673 -26.047000 -75.044000 -4.843000 0.700000
17545 -26.569000 -75.317000 -5.082000 0.600000
105307 -26.199000 -76.110000 -5.140000 0.600000
107769 -34.889000 -78.358000 -12.494000 0.500000
79774 -34.803000 -78.980000 -12.630000 0.500000
79773 -34.709000 -79.618000 -12.896000 0.500000
26323 -35.365000 -79.355000 -13.177000 0.500000
105306 -26.672000 -76.333000 -5.475000 0.600000
105308 -27.015000 -75.531000 -5.394000 0.500000
79772 -35.444000 -78.708000 -12.931000 0.500000
122856 -35.992000 -79.728000 -13.718000 0.500000
132537 -36.665000 -79.445000 -13.847000 0.400000
105303 -27.097000 -77.487000 -6.457000 0.600000
17543 -26.723000 -77.295000 -6.009000 0.600000
17544 -27.398000 -75.760000 -5.839000 0.500000
18914 -34.384000 -77.352000 -12.172000 0.500000
105287 -24.863000 -81.288000 -8.054000 0.600000
17534 -25.176000 -80.956000 -7.608000 0.400000
48255 -25.486000 -80.486000 -7.220000 0.600000
75663 -26.784000 -78.824000 -6.745000 0.600000
75664 -26.928000 -78.161000 -6.567000 0.600000
105304 -27.376000 -76.667000 -6.405000 0.600000
18916 -34.463000 -76.226000 -12.584000 0.400000
49634 -35.015000 -76.491000 -12.734000 0.400000
48253 -25.821000 -80.939000 -8.045000 0.500000
48254 -26.175000 -80.494000 -7.607000 0.500000
48256 -26.468000 -79.969000 -7.237000 0.600000
143996 -26.702000 -79.419000 -6.927000 0.700000
34315 -27.429000 -78.842000 -7.147000 0.600000
75662 -27.493000 -78.239000 -6.997000 0.600000
7995 -27.595000 -77.479000 -6.913000 0.600000
107778 -34.465000 -75.753000 -12.934000 0.500000
105286 -25.314000 -81.317000 -8.494000 0.600000
1781 -27.064000 -79.944000 -7.678000 0.600000
143995 -27.295000 -79.383000 -7.331000 0.600000
75661 -28.000000 -78.175000 -7.444000 0.600000
75660 -28.035000 -77.556000 -7.423000 0.600000
75658 -28.080000 -76.826000 -7.481000 0.600000
18917 -34.386000 -75.322000 -13.284000 0.400000
17532 -26.323000 -80.911000 -8.417000 0.500000
48252 -26.755000 -80.493000 -8.055000 0.600000
143986 -27.780000 -79.360000 -7.775000 0.600000
143993 -28.448000 -78.081000 -7.896000 0.600000
34314 -28.500000 -77.424000 -7.940000 0.600000
105284 -25.872000 -81.227000 -8.857000 0.600000
120932 -26.832000 -80.850000 -8.782000 0.600000
120933 -27.220000 -80.453000 -8.415000 0.600000
143985 -28.341000 -79.189000 -8.242000 0.600000
34312 -28.458000 -78.625000 -8.009000 0.600000
143984 -28.769000 -78.970000 -8.718000 0.600000
57856 -28.543000 -79.579000 -8.914000 0.600000
75651 -29.196000 -77.355000 -9.593000 0.500000
17538 -29.255000 -76.540000 -10.285000 0.500000
32017 -22.312000 -76.452000 -5.486000 0.700000
70249 -23.089000 -76.014000 -5.168000 0.700000
32018 -21.509000 -75.921000 -5.789000 0.700000
70251 -22.191000 -75.431000 -5.269000 0.700000
137368 -22.667000 -75.691000 -5.195000 0.700000
102054 -23.439000 -75.199000 -4.875000 0.700000
102053 -24.214000 -74.818000 -4.699000 0.600000
144011 -25.086000 -74.281000 -4.612000 0.600000
75675 -25.949000 -73.772000 -4.598000 0.500000
34320 -25.632000 -74.656000 -4.702000 0.700000
75674 -26.411000 -74.178000 -4.780000 0.500000
75672 -26.909000 -74.497000 -5.041000 0.500000
105309 -27.365000 -74.747000 -5.367000 0.500000
4385 -35.478000 -78.032000 -12.905000 0.400000
122859 -36.033000 -78.496000 -13.273000 0.500000
59230 -36.628000 -78.280000 -13.647000 0.500000
26322 -36.608000 -78.889000 -13.681000 0.500000
132538 -37.259000 -78.609000 -13.832000 0.400000
49633 -34.974000 -77.047000 -12.535000 0.400000
122860 -36.061000 -77.861000 -13.285000 0.400000
48263 -27.707000 -75.892000 -6.378000 0.600000
105302 -27.727000 -76.713000 -6.913000 0.600000
17542 -27.978000 -75.904000 -7.007000 0.600000
75659 -28.444000 -76.699000 -8.057000 0.600000
105301 -28.230000 -76.000000 -7.588000 0.600000
75654 -28.766000 -77.859000 -8.486000 0.600000
143992 -28.682000 -77.268000 -8.530000 0.600000
17541 -28.477000 -75.940000 -8.222000 0.600000
75653 -28.820000 -78.381000 -8.603000 0.600000
143991 -28.649000 -76.613000 -8.687000 0.500000
75652 -28.995000 -77.605000 -9.051000 0.600000
7994 -28.873000 -77.059000 -9.149000 0.500000
75650 -29.017000 -76.797000 -9.737000 0.500000
70253 -21.170000 -75.573000 -6.012000 0.700000
70252 -21.762000 -75.047000 -5.498000 0.700000
70250 -22.482000 -74.581000 -5.059000 0.700000
15738 -22.967000 -74.933000 -4.936000 0.700000
102056 -23.309000 -74.082000 -4.751000 0.600000
102055 -23.783000 -74.419000 -4.685000 0.700000
15737 -24.599000 -73.981000 -4.563000 0.400000
32019 -20.831000 -75.301000 -6.271000 0.700000
70254 -21.406000 -74.704000 -5.770000 0.700000
7141 -22.083000 -74.182000 -5.306000 0.600000
102057 -22.811000 -73.722000 -4.925000 0.600000
144012 -25.449000 -73.443000 -4.496000 0.500000
137382 -20.052000 -75.458000 -7.228000 0.700000
137381 -20.518000 -74.913000 -6.660000 0.700000
34321 -26.298000 -72.894000 -4.526000 0.500000
137383 -19.781000 -75.063000 -7.621000 0.700000
75676 -26.714000 -73.274000 -4.682000 0.500000
137384 -19.578000 -74.647000 -8.052000 0.600000
137385 -19.328000 -74.220000 -8.560000 0.600000
137388 -19.139000 -73.750000 -9.124000 0.600000
137390 -18.506000 -73.089000 -10.112000 0.500000
32025 -18.969000 -72.110000 -10.466000 0.500000
26324 -36.648000 -77.644000 -13.685000 0.400000
59229 -37.237000 -78.085000 -13.856000 0.400000
143990 -28.651000 -75.890000 -8.901000 0.600000
15739 -23.614000 -73.254000 -4.667000 0.500000
46458 -24.201000 -73.570000 -4.570000 0.500000
137380 -21.107000 -74.325000 -6.089000 0.600000
137379 -21.743000 -73.807000 -5.650000 0.600000
137376 -22.462000 -73.279000 -5.210000 0.600000
137375 -23.221000 -72.820000 -4.861000 0.600000
46459 -24.552000 -72.680000 -4.487000 0.500000
46457 -25.012000 -73.059000 -4.474000 0.500000
144013 -25.831000 -72.541000 -4.430000 0.500000
32022 -20.284000 -74.448000 -7.018000 0.700000
70261 -20.809000 -73.868000 -6.477000 0.600000
32021 -21.423000 -73.356000 -5.965000 0.600000
137378 -22.083000 -72.854000 -5.535000 0.600000
137377 -22.386000 -71.931000 -5.536000 0.600000
144021 -26.611000 -72.029000 -4.479000 0.500000
70263 -20.009000 -73.981000 -7.427000 0.700000
70262 -20.472000 -73.370000 -6.869000 0.600000
7142 -20.803000 -72.331000 -6.925000 0.600000
70258 -21.446000 -71.829000 -6.454000 0.600000
15741 -22.070000 -71.415000 -5.977000 0.600000
32023 -19.766000 -73.568000 -8.007000 0.600000
70264 -20.285000 -72.896000 -7.406000 0.600000
102063 -20.587000 -71.786000 -7.545000 0.600000
102062 -21.123000 -71.301000 -7.067000 0.600000
137387 -19.628000 -73.034000 -8.620000 0.600000
70266 -19.990000 -72.029000 -8.826000 0.600000
15743 -20.456000 -71.429000 -8.307000 0.600000
102064 -20.931000 -70.838000 -7.787000 0.600000
32024 -19.421000 -72.737000 -9.315000 0.500000
70268 -19.208000 -72.395000 -9.963000 0.500000
70267 -19.862000 -71.642000 -9.574000 0.500000
70265 -20.351000 -71.018000 -9.103000 0.600000
102065 -20.824000 -70.439000 -8.590000 0.600000
59231 -37.239000 -77.531000 -13.943000 0.400000
137392 -17.935000 -72.298000 -10.482000 0.500000
70269 -19.613000 -71.462000 -10.297000 0.500000
7143 -20.257000 -70.795000 -9.907000 0.600000
102066 -20.811000 -70.057000 -9.441000 0.600000
32026 -18.341000 -71.279000 -10.743000 0.500000
137394 -18.991000 -70.735000 -10.965000 0.500000
70270 -19.437000 -71.134000 -10.828000 0.400000
70271 -20.057000 -70.465000 -10.624000 0.500000
102067 -20.702000 -69.784000 -10.209000 0.600000
137374 -23.999000 -72.386000 -4.632000 0.600000
118416 -24.883000 -71.815000 -4.468000 0.500000
1407 -25.337000 -72.217000 -4.442000 0.500000
70256 -23.572000 -71.920000 -4.877000 0.600000
24420 -24.368000 -71.496000 -4.615000 0.500000
144022 -26.221000 -71.706000 -4.411000 0.500000
102059 -22.795000 -70.985000 -5.601000 0.700000
3328 -23.522000 -70.538000 -5.238000 0.700000
102061 -21.768000 -70.900000 -6.617000 0.600000
102060 -22.461000 -70.494000 -6.128000 0.700000
15742 -21.525000 -70.362000 -7.278000 0.600000
46461 -22.184000 -69.911000 -6.772000 0.700000
46463 -21.343000 -69.959000 -8.081000 0.600000
46462 -22.013000 -69.417000 -7.543000 0.700000
15744 -21.371000 -69.478000 -8.884000 0.600000
46464 -21.903000 -68.957000 -8.306000 0.700000
40621 -17.683000 -70.393000 -10.320000 0.500000
91307 -18.713000 -70.243000 -10.874000 0.500000
32027 -19.702000 -70.123000 -11.061000 0.400000
137396 -20.470000 -69.389000 -10.808000 0.600000
102068 -21.253000 -69.139000 -9.681000 0.600000
91309 -18.248000 -69.806000 -10.744000 0.500000
137395 -19.357000 -69.681000 -11.151000 0.400000
137397 -20.092000 -69.029000 -11.146000 0.500000
118415 -25.677000 -71.349000 -4.387000 0.500000
118417 -25.215000 -70.965000 -4.451000 0.500000
70255 -23.928000 -71.025000 -4.880000 0.600000
118419 -24.305000 -70.067000 -4.958000 0.500000
24421 -25.040000 -69.641000 -4.776000 0.500000
102058 -23.192000 -70.056000 -5.731000 0.700000
15740 -22.879000 -69.464000 -6.301000 0.700000
46460 -22.645000 -68.959000 -7.004000 0.600000
46465 -21.798000 -68.555000 -9.098000 0.700000
1409 -22.458000 -68.474000 -7.791000 0.600000
15745 -21.050000 -68.809000 -10.411000 0.600000
102069 -21.633000 -68.176000 -9.874000 0.600000
114690 -18.533000 -68.720000 -10.961000 0.500000
137398 -19.721000 -68.535000 -11.251000 0.400000
70273 -20.824000 -68.329000 -10.936000 0.600000
114691 -18.784000 -67.588000 -11.176000 0.400000
114689 -19.272000 -68.080000 -11.227000 0.400000
137399 -19.978000 -67.365000 -11.353000 0.500000
32028 -20.419000 -67.873000 -11.231000 0.500000
118422 -23.883000 -69.623000 -5.379000 0.600000
118421 -24.654000 -69.104000 -5.139000 0.500000
118423 -23.545000 -69.062000 -5.917000 0.600000
24422 -24.302000 -68.653000 -5.573000 0.500000
118424 -23.299000 -68.544000 -6.537000 0.600000
118425 -23.065000 -68.020000 -7.253000 0.600000
24423 -23.703000 -67.564000 -6.819000 0.500000
118426 -22.920000 -67.511000 -8.007000 0.600000
15746 -22.131000 -67.623000 -9.304000 0.700000
137402 -22.729000 -67.102000 -8.730000 0.500000
70272 -21.396000 -67.727000 -10.546000 0.600000
70274 -21.105000 -67.243000 -11.039000 0.500000
22757 -19.532000 -66.908000 -11.368000 0.400000
70275 -20.641000 -66.670000 -11.323000 0.500000
114704 -17.587000 -66.793000 -5.579000 0.400000
114705 -17.788000 -65.961000 -5.482000 0.300000
53485 -18.072000 -66.113000 -6.064000 0.400000
56062 -24.695000 -67.644000 -5.837000 0.500000
53483 -17.738000 -66.614000 -6.730000 0.300000
53484 -18.106000 -66.062000 -6.559000 0.400000
118427 -23.573000 -67.076000 -7.505000 0.500000
56064 -24.398000 -67.213000 -6.429000 0.500000
114697 -17.707000 -66.277000 -7.889000 0.300000
53482 -18.128000 -65.878000 -7.222000 0.400000
24424 -23.397000 -66.630000 -8.211000 0.500000
22761 -17.733000 -66.115000 -8.480000 0.300000
137403 -22.459000 -66.605000 -9.483000 0.600000
7145 -21.702000 -66.578000 -10.630000 0.700000
137404 -22.235000 -65.988000 -10.101000 0.600000
137400 -20.148000 -66.257000 -11.416000 0.500000
70276 -21.297000 -66.060000 -11.105000 0.500000
32029 -20.836000 -65.466000 -11.351000 0.400000
137408 -21.463000 -64.800000 -11.086000 0.400000
91334 -17.071000 -65.474000 -4.831000 0.300000
91332 -17.443000 -65.717000 -5.111000 0.300000
114706 -17.982000 -65.181000 -5.454000 0.300000
22766 -18.275000 -65.377000 -5.951000 0.300000
53486 -18.519000 -65.417000 -6.451000 0.400000
56065 -24.183000 -66.680000 -7.028000 0.500000
53481 -18.134000 -65.729000 -7.724000 0.400000
2525 -18.533000 -65.346000 -6.986000 0.400000
118428 -23.975000 -66.198000 -7.721000 0.500000
114696 -18.187000 -65.500000 -8.265000 0.400000
22760 -18.624000 -64.972000 -8.060000 0.400000
70278 -23.059000 -66.109000 -8.901000 0.500000
70277 -23.729000 -65.693000 -8.355000 0.500000
114695 -18.102000 -65.342000 -8.843000 0.400000
32030 -22.785000 -65.482000 -9.571000 0.500000
137407 -21.894000 -65.409000 -10.694000 0.500000
137406 -22.495000 -64.855000 -10.162000 0.500000
53479 -19.155000 -65.331000 -11.091000 0.300000
1410 -19.855000 -64.549000 -11.218000 0.400000
137409 -20.998000 -64.114000 -11.228000 0.400000
32031 -22.116000 -64.255000 -10.682000 0.400000
91335 -16.691000 -65.149000 -4.714000 0.300000
10132 -17.651000 -64.944000 -5.106000 0.300000
162854 -18.662000 -64.652000 -5.708000 0.400000
162853 -18.830000 -64.825000 -6.247000 0.400000
93543 -25.841000 -66.277000 -5.670000 0.400000
128254 -18.993000 -64.770000 -6.756000 0.400000
93544 -25.552000 -65.789000 -6.175000 0.400000
53480 -18.538000 -65.119000 -7.591000 0.400000
128253 -19.083000 -64.669000 -7.293000 0.400000
24425 -24.608000 -65.805000 -7.234000 0.400000
128252 -19.193000 -64.439000 -7.857000 0.400000
70279 -23.375000 -65.082000 -9.015000 0.500000
114694 -18.743000 -64.708000 -8.598000 0.400000
91315 -18.866000 -64.320000 -9.734000 0.300000
137405 -23.107000 -64.415000 -9.625000 0.500000
128243 -20.110000 -63.485000 -10.880000 0.300000
91336 -17.304000 -64.541000 -4.951000 0.300000
162858 -18.014000 -64.054000 -5.121000 0.300000
162855 -18.335000 -64.399000 -5.316000 0.300000
40633 -19.091000 -63.841000 -5.474000 0.400000
91338 -19.350000 -64.122000 -5.890000 0.400000
91337 -20.066000 -63.531000 -6.039000 0.300000
28636 -19.521000 -64.205000 -6.406000 0.400000
11009 -26.559000 -65.867000 -5.460000 0.400000
41729 -27.341000 -65.433000 -5.363000 0.400000
128255 -19.606000 -64.206000 -6.921000 0.400000
118430 -25.250000 -65.429000 -6.751000 0.400000
118429 -24.365000 -65.284000 -7.827000 0.400000
128251 -19.231000 -64.246000 -8.342000 0.300000
3330 -24.015000 -64.718000 -8.487000 0.400000
5668 -18.736000 -64.538000 -9.168000 0.300000
128250 -19.351000 -64.004000 -8.870000 0.300000
128246 -19.510000 -63.592000 -9.898000 0.300000
70283 -21.699000 -63.450000 -10.913000 0.400000
162860 -17.331000 -63.386000 -5.086000 0.300000
162857 -18.769000 -63.582000 -5.186000 0.400000
162856 -19.574000 -63.086000 -5.274000 0.400000
91339 -19.824000 -63.372000 -5.630000 0.400000
158 -28.150000 -64.960000 -5.412000 0.400000
41730 -26.954000 -64.973000 -5.670000 0.400000
128256 -20.236000 -63.586000 -6.544000 0.400000
11010 -25.891000 -64.981000 -6.366000 0.400000
28635 -19.784000 -63.992000 -7.511000 0.400000
118431 -25.010000 -64.906000 -7.351000 0.400000
56068 -25.652000 -64.512000 -6.908000 0.400000
63083 -19.874000 -63.827000 -8.024000 0.300000
118432 -24.693000 -64.353000 -7.961000 0.400000
128249 -20.087000 -63.277000 -9.027000 0.300000
102072 -23.745000 -64.019000 -9.048000 0.500000
128247 -19.447000 -63.767000 -9.402000 0.300000
28633 -20.154000 -63.039000 -9.519000 0.300000
15748 -23.412000 -63.350000 -9.662000 0.500000
137411 -20.761000 -62.645000 -10.735000 0.300000
70282 -22.370000 -62.988000 -10.577000 0.400000
137410 -20.480000 -63.682000 -11.201000 0.400000
91343 -18.060000 -62.944000 -5.072000 0.300000
5670 -20.498000 -62.837000 -5.717000 0.300000
128257 -20.791000 -62.923000 -6.179000 0.300000
41731 -27.730000 -64.546000 -5.559000 0.400000
63085 -20.435000 -63.523000 -7.096000 0.300000
93546 -26.617000 -64.542000 -6.039000 0.400000
11011 -27.333000 -64.094000 -5.854000 0.300000
63084 -20.523000 -63.405000 -7.646000 0.300000
24426 -25.324000 -63.993000 -7.474000 0.400000
56067 -26.324000 -64.044000 -6.523000 0.400000
63081 -20.695000 -62.827000 -8.613000 0.300000
128248 -20.796000 -62.549000 -9.092000 0.300000
102073 -24.048000 -62.996000 -9.112000 0.400000
63078 -20.220000 -62.845000 -9.946000 0.300000
137412 -21.094000 -61.808000 -10.236000 0.300000
70285 -21.392000 -61.874000 -10.537000 0.300000
7146 -22.647000 -61.786000 -10.347000 0.300000
28637 -20.981000 -62.976000 -6.685000 0.300000
128259 -21.539000 -62.313000 -6.279000 0.300000
63086 -21.148000 -62.878000 -7.204000 0.300000
93547 -27.033000 -63.634000 -6.201000 0.300000
56069 -25.965000 -63.616000 -7.033000 0.400000
3331 -26.618000 -63.177000 -6.632000 0.400000
13348 -21.375000 -62.062000 -8.592000 0.300000
118433 -25.024000 -63.376000 -7.987000 0.400000
56070 -25.651000 -63.009000 -7.533000 0.400000
63079 -20.845000 -62.320000 -9.500000 0.300000
63077 -20.915000 -62.034000 -9.856000 0.300000
102074 -23.755000 -62.237000 -9.589000 0.300000
70286 -22.104000 -61.168000 -10.334000 0.300000
97754 -21.965000 -61.634000 -8.140000 0.300000
97752 -21.399000 -61.764000 -8.956000 0.300000
118434 -25.358000 -62.317000 -8.007000 0.300000
24427 -25.972000 -62.085000 -7.543000 0.300000
5667 -21.414000 -61.502000 -9.359000 0.300000
46468 -24.410000 -61.953000 -9.043000 0.300000
32033 -21.714000 -61.093000 -9.968000 0.300000
102075 -23.384000 -61.463000 -9.896000 0.300000
44068 -22.473000 -60.843000 -7.958000 0.300000
44069 -23.111000 -60.313000 -7.474000 0.300000
97751 -21.934000 -61.006000 -8.773000 0.300000
46467 -25.049000 -61.691000 -8.531000 0.300000
13347 -22.542000 -60.453000 -8.246000 0.300000
44067 -23.076000 -60.040000 -7.794000 0.300000
32032 -21.142000 -62.901000 -10.997000 0.400000
128245 -19.738000 -63.464000 -10.366000 0.300000
28631 -20.477000 -62.644000 -10.383000 0.300000
66414 -31.870000 -88.020000 -16.193000 0.600000
132506 -31.873000 -89.028000 -16.027000 0.500000
30223 -31.109000 -89.481000 -15.712000 0.500000
132499 -30.338000 -89.505000 -15.417000 0.500000
66406 -31.845000 -89.487000 -15.873000 0.500000
45175 -34.293000 -89.133000 -14.994000 0.500000
132513 -30.622000 -87.126000 -16.249000 0.700000
14460 -32.405000 -86.299000 -16.520000 0.700000
132515 -29.649000 -86.749000 -16.299000 0.700000
132511 -29.992000 -87.605000 -15.837000 0.700000
99747 -33.531000 -89.429000 -15.288000 0.400000
95429 -29.034000 -87.243000 -15.901000 0.700000
30224 -34.565000 -87.913000 -15.991000 0.500000
103004 -39.041000 -86.302000 -11.207000 0.300000
66409 -35.371000 -87.167000 -15.951000 0.500000
99749 -35.949000 -86.025000 -16.068000 0.300000
30231 -32.394000 -84.175000 -15.840000 0.600000
66422 -31.414000 -84.946000 -16.287000 0.600000
132521 -32.445000 -83.648000 -15.447000 0.500000
59228 -29.170000 -83.692000 -14.289000 0.600000
132517 -29.614000 -85.745000 -16.411000 0.700000
93854 -37.787000 -87.872000 -9.177000 0.300000
95440 -27.920000 -84.868000 -15.513000 0.600000
42783 -28.773000 -85.286000 -16.036000 0.600000
42777 -28.805000 -86.424000 -16.322000 0.700000
66410 -33.638000 -87.178000 -16.485000 0.500000
132504 -33.696000 -88.146000 -16.198000 0.600000
132505 -32.766000 -88.864000 -16.084000 0.500000
42779 -28.025000 -86.548000 -16.104000 0.600000
95431 -28.308000 -87.326000 -15.709000 0.700000
95438 -26.078000 -85.699000 -15.482000 0.500000
95432 -27.535000 -87.432000 -15.416000 0.500000
103005 -39.284000 -86.166000 -11.621000 0.300000
4382 -25.412000 -84.108000 -14.344000 0.600000
95433 -26.769000 -87.545000 -15.168000 0.500000
116624 -38.440000 -85.373000 -14.937000 0.300000
99755 -33.331000 -86.050000 -16.569000 0.500000
103006 -39.470000 -86.016000 -12.043000 0.300000
95434 -26.036000 -87.709000 -14.900000 0.500000
30232 -33.877000 -82.729000 -14.944000 0.400000
93856 -39.052000 -86.868000 -8.814000 0.300000
8576 -30.342000 -80.960000 -11.242000 0.600000
148946 -27.289000 -82.142000 -11.238000 0.700000
94614 -28.535000 -81.157000 -10.414000 0.600000
94617 -29.272000 -79.831000 -9.777000 0.600000
148976 -31.174000 -80.002000 -10.934000 0.600000
107772 -33.711000 -78.360000 -11.734000 0.500000
30233 -35.302000 -81.417000 -14.570000 0.400000
79785 -31.990000 -78.269000 -10.939000 0.600000
79784 -32.646000 -77.811000 -11.226000 0.500000
349 -30.818000 -78.472000 -10.560000 0.600000
148982 -33.028000 -75.454000 -12.924000 0.400000
120928 -25.995000 -81.655000 -9.781000 0.600000
25497 -27.370000 -80.804000 -9.173000 0.700000
144003 -23.656000 -78.622000 -5.499000 0.600000
148965 -34.186000 -79.299000 -12.382000 0.400000
49635 -34.437000 -76.766000 -12.333000 0.400000
36001 -34.058000 -74.548000 -14.048000 0.400000
6100 -29.992000 -76.114000 -11.615000 0.400000
75632 -25.026000 -81.939000 -9.991000 0.600000
144005 -23.585000 -77.516000 -5.240000 0.600000
34317 -25.070000 -78.432000 -5.710000 0.600000
122858 -35.992000 -79.127000 -13.452000 0.500000
105292 -25.084000 -79.775000 -6.509000 0.500000
105305 -27.063000 -76.545000 -5.882000 0.600000
105291 -24.783000 -80.354000 -6.813000 0.400000
25498 -28.125000 -79.778000 -8.501000 0.500000
49636 -35.024000 -75.997000 -12.975000 0.500000
143994 -27.923000 -78.788000 -7.553000 0.600000
120934 -27.580000 -79.902000 -8.067000 0.500000
63055 -19.185000 -75.219000 -8.618000 0.600000
137393 -18.676000 -71.731000 -10.714000 0.500000
32020 -22.775000 -72.392000 -5.168000 0.500000
70260 -21.104000 -72.840000 -6.406000 0.600000
70259 -21.737000 -72.372000 -5.930000 0.600000
70257 -23.161000 -71.483000 -5.156000 0.600000
137386 -20.073000 -72.397000 -8.066000 0.600000
91308 -18.005000 -70.875000 -10.551000 0.500000
118418 -24.739000 -70.574000 -4.658000 0.500000
46466 -22.366000 -68.025000 -8.534000 0.600000
7144 -18.983000 -69.182000 -11.138000 0.500000
102070 -21.897000 -67.161000 -10.081000 0.600000
22764 -17.700000 -66.713000 -6.063000 0.300000
56063 -23.945000 -68.161000 -6.141000 0.500000
53477 -19.681000 -65.717000 -11.383000 0.300000
3329 -25.097000 -66.747000 -6.013000 0.400000
56066 -24.829000 -66.287000 -6.586000 0.400000
137401 -20.294000 -64.890000 -11.394000 0.400000
128244 -19.423000 -64.230000 -10.805000 0.300000
70281 -22.770000 -63.739000 -10.165000 0.500000
93545 -26.237000 -65.401000 -5.893000 0.400000
162859 -17.621000 -63.745000 -5.052000 0.300000
28634 -19.987000 -63.546000 -8.546000 0.300000
102071 -24.358000 -63.669000 -8.501000 0.400000
70284 -21.901000 -62.215000 -10.740000 0.300000
63082 -20.615000 -63.123000 -8.159000 0.300000
70280 -23.055000 -62.566000 -10.093000 0.400000
91344 -18.481000 -62.161000 -5.043000 0.300000
63080 -21.321000 -62.388000 -8.200000 0.300000
15747 -24.697000 -62.672000 -8.551000 0.400000
97753 -21.952000 -61.310000 -8.454000 0.300000
107742 -23.266000 -89.022000 -12.389000 0.500000
4380 -23.740000 -88.814000 -12.936000 0.500000
122839 -24.297000 -88.555000 -13.433000 0.500000
26315 -24.855000 -88.401000 -13.881000 0.400000
107744 -22.637000 -88.832000 -11.947000 0.500000
107743 -23.153000 -88.607000 -12.543000 0.500000
107741 -23.566000 -88.486000 -13.161000 0.500000
122842 -24.117000 -88.280000 -13.702000 0.500000
122841 -24.673000 -88.089000 -14.128000 0.500000
122840 -25.297000 -87.897000 -14.532000 0.400000
18899 -22.617000 -88.307000 -11.984000 0.400000
49618 -22.992000 -88.141000 -12.662000 0.500000
122843 -23.934000 -87.827000 -13.796000 0.500000
59218 -25.070000 -87.550000 -14.719000 0.400000
49619 -22.985000 -87.596000 -12.568000 0.500000
49617 -23.351000 -87.390000 -13.215000 0.500000
18897 -23.450000 -87.942000 -13.238000 0.500000
1997 -23.313000 -86.814000 -13.069000 0.500000
122844 -23.794000 -87.265000 -13.805000 0.500000
122845 -23.679000 -86.657000 -13.766000 0.500000
26317 -24.085000 -86.604000 -14.333000 0.500000
59221 -24.622000 -86.522000 -14.866000 0.400000
49621 -23.042000 -87.006000 -12.415000 0.500000
122846 -23.543000 -86.156000 -13.565000 0.500000
122847 -23.920000 -86.058000 -14.216000 0.500000
59222 -24.455000 -85.928000 -14.786000 0.500000
35983 -23.051000 -85.315000 -11.173000 0.500000
49622 -23.106000 -86.429000 -12.241000 0.500000
107752 -23.181000 -85.937000 -12.087000 0.500000
18903 -23.294000 -85.801000 -12.773000 0.500000
107753 -23.320000 -85.331000 -12.668000 0.500000
148935 -23.483000 -85.657000 -13.428000 0.500000
148936 -23.474000 -85.169000 -13.332000 0.500000
26318 -23.837000 -85.502000 -14.054000 0.500000
122848 -24.407000 -85.335000 -14.602000 0.500000
79746 -23.234000 -85.083000 -11.915000 0.500000
79747 -23.238000 -84.701000 -11.819000 0.500000
48249 -23.294000 -83.925000 -11.628000 0.500000
8574 -23.341000 -84.907000 -12.614000 0.500000
35984 -23.495000 -84.175000 -12.297000 0.500000
148934 -23.569000 -83.736000 -12.129000 0.500000
148937 -23.515000 -84.705000 -13.252000 0.500000
148940 -23.661000 -84.301000 -13.129000 0.500000
148941 -23.859000 -83.963000 -12.908000 0.500000
35985 -23.949000 -84.461000 -13.803000 0.500000
148939 -24.106000 -84.063000 -13.650000 0.500000
79750 -23.840000 -84.921000 -13.920000 0.500000
79749 -24.483000 -84.717000 -14.336000 0.500000
122849 -25.261000 -84.625000 -14.628000 0.500000
75633 -24.037000 -82.307000 -10.162000 0.500000
25495 -24.462000 -82.371000 -10.591000 0.600000
1779 -23.754000 -83.335000 -11.750000 0.500000
148942 -24.017000 -83.612000 -12.574000 0.500000
120924 -24.578000 -82.854000 -11.649000 0.500000
79755 -24.559000 -83.455000 -13.008000 0.500000
35987 -24.838000 -83.134000 -12.530000 0.500000
148938 -24.821000 -83.828000 -13.911000 0.500000
79753 -25.126000 -83.504000 -13.605000 0.500000
79751 -24.625000 -84.230000 -14.132000 0.500000
143963 -23.964000 -81.992000 -9.150000 0.500000
75634 -24.440000 -81.903000 -9.563000 0.500000
120926 -24.979000 -82.425000 -10.964000 0.600000
13339 -20.672000 -79.342000 -6.509000 0.500000
44059 -21.479000 -78.985000 -6.062000 0.600000
162737 -20.319000 -79.044000 -6.831000 0.500000
162736 -21.103000 -78.622000 -6.290000 0.500000
137364 -21.972000 -78.240000 -5.819000 0.600000
32016 -21.624000 -77.875000 -6.074000 0.600000
91241 -20.907000 -78.300000 -6.574000 0.500000
91240 -21.327000 -77.559000 -6.284000 0.600000
7140 -21.056000 -77.336000 -6.467000 0.500000
137366 -22.017000 -77.141000 -5.812000 0.600000
137367 -21.665000 -76.862000 -5.928000 0.600000
114649 -20.759000 -77.159000 -6.719000 0.500000
137370 -21.331000 -76.674000 -6.152000 0.600000
137369 -21.953000 -76.192000 -5.602000 0.600000
22735 -20.433000 -76.855000 -6.907000 0.500000
137371 -20.942000 -76.382000 -6.310000 0.500000
1408 -19.866000 -76.345000 -7.468000 0.500000
128212 -19.634000 -76.023000 -7.817000 0.600000
63057 -18.688000 -75.795000 -9.230000 0.600000
63056 -18.994000 -76.170000 -8.808000 0.500000
137373 -20.319000 -75.801000 -6.859000 0.600000
137372 -20.620000 -76.105000 -6.571000 0.500000
28618 -19.383000 -75.688000 -8.229000 0.500000
97738 -18.538000 -74.439000 -9.494000 0.600000
5660 -18.877000 -74.809000 -9.082000 0.600000
137389 -18.844000 -73.398000 -9.682000 0.600000
103007 -39.620000 -85.832000 -12.462000 0.300000
71840 -40.453000 -84.722000 -12.766000 0.300000
139322 -39.174000 -85.727000 -13.790000 0.300000
71842 -41.324000 -83.531000 -12.935000 0.300000
2899 -39.178000 -85.426000 -14.148000 0.300000
32700 -39.077000 -86.007000 -13.369000 0.300000
71838 -38.960000 -86.254000 -12.999000 0.300000
59219 -24.851000 -87.093000 -14.839000 0.400000
35986 -24.353000 -83.732000 -13.396000 0.500000
148944 -25.173000 -82.791000 -12.035000 0.500000
44057 -21.849000 -79.389000 -5.943000 0.500000
26316 -24.484000 -87.690000 -14.294000 0.400000
59220 -24.274000 -87.214000 -14.356000 0.500000
49623 -23.287000 -86.296000 -12.900000 0.500000
79745 -23.056000 -85.706000 -11.197000 0.500000
79744 -23.230000 -85.487000 -11.966000 0.500000
148932 -23.012000 -84.910000 -11.146000 0.500000
148933 -23.250000 -84.321000 -11.721000 0.500000
79748 -23.413000 -84.572000 -12.460000 0.500000
148943 -24.268000 -83.229000 -12.164000 0.500000
139323 -39.828000 -85.541000 -12.851000 0.300000
92769 -39.914000 -84.629000 -13.948000 0.300000
32701 -40.551000 -84.414000 -13.150000 0.300000
139324 -39.875000 -85.275000 -13.213000 0.300000
139325 -39.883000 -84.981000 -13.568000 0.300000
139326 -40.650000 -84.100000 -13.439000 0.300000
56071 -26.303000 -62.671000 -7.116000 0.300000
