#!ascii label  , from subject  vox2ras=TkReg 
2018
161713  -51.047  -54.089  -20.072 0.100000
161714  -50.879  -54.261  -20.533 0.100000
93857  -50.214  -54.446  -21.339 0.100000
161715  -50.977  -54.207  -21.541 0.100000
56588  -50.401  -54.418  -22.482 0.100000
161717  -51.033  -54.179  -22.582 0.100000
119158  -50.441  -54.423  -23.500 0.100000
1526  -51.225  -54.177  -23.562 0.100000
46988  -51.827  -54.028  -23.916 0.100000
46986  -50.482  -54.464  -24.500 0.100000
46987  -51.393  -54.381  -24.548 0.100000
16268  -52.230  -54.135  -24.603 0.100000
103009  -52.840  -54.063  -24.972 0.100000
103008  -50.573  -54.452  -25.500 0.100000
71839  -53.040  -54.090  -25.624 0.100000
139327  -47.402  -53.998  -27.002 0.100000
16267  -49.855  -54.419  -26.420 0.100000
32701  -48.527  -54.470  -27.455 0.100000
71840  -49.537  -54.196  -27.087 0.100000
114138  -49.740  -53.020  -19.883 0.100000
90387  -50.827  -53.848  -19.976 0.100000
90386  -50.446  -53.520  -20.565 0.100000
40253  -51.006  -53.896  -20.768 0.100000
161724  -49.896  -53.157  -21.402 0.100000
90390  -50.521  -53.489  -21.484 0.100000
90389  -51.015  -53.804  -21.867 0.100000
161725  -50.054  -53.170  -21.995 0.100000
161718  -51.122  -53.707  -22.760 0.100000
40257  -50.808  -53.184  -22.989 0.100000
161728  -51.392  -53.457  -23.446 0.100000
103010  -52.600  -53.479  -24.562 0.100000
40289  -43.735  -53.488  -25.591 0.100000
161820  -44.414  -53.499  -25.924 0.100000
161819  -44.936  -53.394  -26.246 0.100000
161818  -45.601  -53.504  -26.435 0.100000
88  -46.598  -53.500  -26.532 0.100000
139328  -47.655  -53.532  -26.715 0.100000
32702  -48.741  -53.198  -26.786 0.100000
71843  -49.339  -53.030  -26.870 0.100000
71842  -49.404  -53.505  -27.166 0.100000
71841  -50.431  -53.594  -27.087 0.100000
53170  -49.883  -52.281  -18.908 0.100000
90393  -53.169  -41.519  -18.825 0.200000
90392  -53.169  -41.519  -18.825 0.200000
22450  -49.743  -52.513  -19.353 0.100000
114140  -48.132  -51.957  -20.268 0.100000
161722  -48.592  -52.147  -20.635 0.100000
161720  -49.271  -52.697  -20.218 0.100000
22452  -48.896  -52.119  -21.714 0.100000
161723  -49.267  -52.725  -21.189 0.100000
127861  -40.916  -51.942  -23.067 0.100000
114193  -41.368  -51.890  -23.066 0.100000
90394  -49.133  -51.980  -22.304 0.100000
90396  -49.723  -52.529  -22.441 0.100000
90397  -50.343  -52.880  -22.855 0.100000
114195  -40.702  -52.341  -23.663 0.100000
114194  -41.683  -52.141  -23.608 0.100000
90483  -42.808  -52.094  -23.832 0.100000
161828  -43.721  -52.016  -23.824 0.100000
22480  -44.401  -52.169  -23.985 0.100000
114191  -44.928  -52.253  -24.104 0.100000
10007  -49.970  -52.117  -23.180 0.100000
90400  -50.579  -52.506  -23.435 0.100000
161729  -51.469  -52.805  -23.823 0.100000
40291  -42.252  -52.533  -24.425 0.100000
161829  -43.380  -52.458  -24.380 0.100000
114192  -44.407  -52.471  -24.521 0.100000
22479  -45.246  -52.252  -24.584 0.100000
114189  -46.171  -52.097  -24.836 0.100000
90471  -47.143  -52.085  -24.915 0.100000
90472  -47.933  -52.022  -24.992 0.100000
40258  -51.002  -52.304  -23.998 0.100000
161730  -51.490  -52.306  -24.271 0.100000
10018  -43.564  -52.903  -25.097 0.100000
90477  -44.544  -52.827  -25.315 0.100000
161821  -45.489  -52.548  -25.411 0.100000
90473  -46.418  -52.500  -25.500 0.100000
40260  -48.312  -52.257  -25.529 0.100000
161735  -48.923  -52.225  -25.789 0.100000
40288  -44.921  -52.950  -25.892 0.100000
90474  -45.595  -52.891  -26.037 0.100000
40287  -46.500  -52.908  -26.092 0.100000
161736  -47.498  -52.872  -26.124 0.100000
161734  -49.377  -52.489  -26.397 0.100000
7400  -52.003  -52.462  -26.214 0.100000
5564  -48.492  -51.723  -19.905 0.100000
90391  -53.169  -41.519  -18.825 0.200000
127812  -50.882  -51.296  -19.118 0.100000
127811  -52.848  -43.106  -17.093 0.200000
53164  -52.848  -43.106  -17.093 0.200000
114139  -48.519  -51.478  -20.462 0.100000
114141  -48.680  -51.408  -21.340 0.100000
28467  -39.944  -51.107  -23.000 0.100000
127862  -40.636  -51.276  -22.845 0.100000
114142  -48.988  -51.473  -22.087 0.100000
114143  -49.644  -51.497  -22.675 0.100000
114145  -50.137  -51.049  -23.021 0.100000
5574  -42.516  -51.509  -23.418 0.100000
90482  -43.524  -51.452  -23.571 0.100000
161827  -44.560  -51.487  -23.866 0.100000
114144  -50.135  -51.544  -23.427 0.100000
53200  -44.985  -51.157  -24.145 0.100000
53199  -45.553  -51.515  -24.273 0.100000
114188  -46.720  -51.500  -24.468 0.100000
90470  -47.705  -51.493  -24.554 0.100000
161814  -48.708  -51.539  -24.853 0.100000
90403  -49.736  -51.343  -24.738 0.100000
161731  -50.601  -51.741  -24.302 0.100000
90404  -49.443  -51.796  -25.523 0.100000
161733  -50.492  -51.636  -25.340 0.100000
62773  -50.691  -50.066  -17.934 0.100000
62772  -51.109  -50.062  -17.956 0.100000
62774  -49.868  -50.188  -18.785 0.100000
28448  -50.409  -50.185  -18.444 0.100000
127817  -51.356  -50.415  -18.493 0.100000
28447  -51.500  -41.500  -18.482 0.200000
62769  -51.908  -42.173  -18.173 0.200000
127815  -52.429  -41.507  -18.548 0.200000
28445  -52.848  -43.106  -17.093 0.200000
127810  -52.452  -43.376  -16.412 0.200000
22451  -48.747  -50.968  -20.942 0.100000
127820  -49.162  -50.461  -20.574 0.100000
53171  -49.454  -50.341  -21.608 0.100000
53173  -49.955  -50.231  -22.063 0.100000
62804  -41.326  -50.588  -22.741 0.100000
127859  -42.402  -50.296  -22.736 0.100000
28465  -43.427  -50.143  -22.802 0.100000
62799  -44.205  -49.915  -22.874 0.100000
53172  -48.992  -50.902  -21.794 0.100000
53174  -50.059  -50.551  -22.638 0.100000
161852  -38.997  -50.692  -24.020 0.100000
161851  -40.046  -50.295  -23.143 0.100000
127860  -42.186  -50.884  -23.107 0.100000
127857  -43.133  -50.786  -23.214 0.100000
127854  -44.454  -50.553  -23.462 0.100000
2487  -45.729  -50.255  -23.713 0.100000
53197  -46.811  -50.173  -23.795 0.100000
114185  -47.806  -50.194  -23.806 0.100000
40285  -48.765  -50.235  -23.765 0.100000
161810  -49.643  -50.357  -23.643 0.100000
114146  -50.143  -50.688  -23.330 0.100000
40299  -39.138  -50.283  -24.537 0.100000
22478  -46.230  -50.827  -24.142 0.100000
22477  -47.255  -50.827  -24.173 0.100000
161813  -48.246  -50.827  -24.221 0.100000
161811  -49.226  -50.806  -24.241 0.100000
90401  -49.999  -51.001  -24.015 0.100000
161860  -39.045  -50.295  -25.306 0.100000
40301  -39.402  -50.171  -26.375 0.100000
90509  -39.459  -50.459  -27.459 0.100000
90508  -40.033  -50.100  -27.260 0.100000
40280  -48.823  -49.148  -17.966 0.100000
62775  -50.390  -49.610  -17.957 0.100000
90456  -47.965  -49.175  -18.840 0.100000
90457  -48.551  -49.189  -18.555 0.100000
62771  -51.783  -49.233  -18.071 0.100000
127816  -52.382  -49.472  -18.581 0.100000
62770  -50.939  -42.162  -18.126 0.200000
90458  -48.085  -49.192  -19.420 0.100000
161798  -48.809  -49.536  -19.482 0.100000
28449  -49.301  -49.950  -19.681 0.100000
62768  -51.500  -42.740  -17.722 0.200000
161805  -47.921  -49.038  -20.465 0.100000
40281  -48.588  -49.447  -20.458 0.100000
90500  -38.158  -49.115  -22.072 0.100000
40298  -38.857  -49.167  -21.997 0.100000
161850  -39.827  -49.209  -21.972 0.100000
5575  -40.827  -49.250  -21.931 0.100000
62803  -41.827  -49.255  -21.908 0.100000
62802  -42.742  -49.205  -21.940 0.100000
127858  -43.214  -49.030  -22.009 0.100000
161804  -47.782  -48.850  -21.202 0.100000
40283  -48.526  -49.233  -21.624 0.100000
161799  -49.353  -49.778  -21.386 0.100000
2484  -49.896  -49.965  -21.786 0.100000
62805  -40.476  -49.799  -22.411 0.100000
28463  -44.707  -49.347  -22.745 0.100000
127852  -45.720  -49.139  -22.879 0.100000
53194  -46.313  -49.043  -22.957 0.100000
90466  -48.680  -49.312  -22.696 0.100000
40284  -49.398  -49.602  -22.398 0.100000
53175  -49.972  -49.929  -22.214 0.100000
90499  -38.414  -49.102  -23.506 0.100000
127855  -44.666  -49.912  -23.080 0.100000
127853  -45.304  -49.784  -23.202 0.100000
53195  -46.408  -49.468  -23.285 0.100000
114184  -47.443  -49.541  -23.427 0.100000
10016  -48.357  -49.643  -23.357 0.100000
90467  -49.214  -49.786  -23.214 0.100000
161809  -49.913  -50.051  -22.967 0.100000
90501  -38.844  -49.149  -24.412 0.100000
90503  -39.205  -49.731  -24.456 0.100000
10021  -39.065  -49.130  -25.130 0.100000
161859  -39.365  -49.543  -25.601 0.100000
161858  -39.809  -49.515  -26.636 0.100000
22490  -40.269  -49.528  -27.539 0.100000
114210  -40.750  -49.483  -28.231 0.100000
5565  -50.769  -48.898  -17.930 0.100000
10015  -47.997  -48.971  -18.914 0.100000
90454  -49.272  -48.318  -18.226 0.100000
161795  -50.257  -48.255  -18.143 0.100000
13244  -52.206  -48.778  -18.900 0.100000
161802  -47.823  -48.599  -19.525 0.100000
161801  -48.124  -48.079  -19.124 0.100000
97569  -51.761  -48.222  -19.067 0.100000
97566  -53.052  -48.713  -19.943 0.100000
90461  -46.842  -48.079  -20.692 0.100000
40282  -47.296  -48.308  -20.528 0.100000
5563  -50.207  -42.119  -17.980 0.200000
161849  -39.173  -48.754  -21.965 0.100000
62801  -42.143  -48.752  -21.915 0.100000
13254  -42.863  -48.775  -21.962 0.100000
114181  -47.344  -48.325  -21.487 0.100000
90463  -47.940  -48.753  -21.807 0.100000
97565  -52.910  -48.111  -20.875 0.100000
62764  -50.147  -42.833  -17.085 0.200000
161847  -40.418  -48.255  -22.092 0.100000
62800  -44.166  -48.564  -22.387 0.100000
62797  -45.193  -48.523  -22.527 0.100000
22474  -46.356  -48.530  -22.672 0.100000
114182  -47.388  -48.384  -22.329 0.100000
90462  -47.980  -49.015  -22.952 0.100000
114206  -38.912  -48.483  -25.110 0.100000
161856  -39.332  -48.540  -25.697 0.100000
40300  -39.869  -48.579  -26.510 0.100000
90506  -40.372  -48.126  -26.874 0.100000
161857  -40.011  -49.067  -27.103 0.100000
114208  -40.633  -48.697  -27.577 0.100000
114209  -40.980  -49.044  -28.302 0.100000
161800  -47.799  -47.166  -17.942 0.100000
22473  -49.116  -47.187  -17.924 0.100000
114178  -49.888  -47.111  -17.918 0.100000
28460  -46.942  -47.166  -18.799 0.100000
114179  -48.482  -47.748  -18.564 0.100000
22472  -50.525  -47.463  -18.371 0.100000
161793  -51.224  -47.778  -18.881 0.100000
90460  -47.559  -47.804  -19.500 0.100000
161794  -50.889  -47.148  -18.981 0.100000
97568  -52.153  -47.826  -20.062 0.100000
127850  -46.028  -47.180  -21.149 0.100000
90459  -46.744  -47.491  -20.430 0.100000
161792  -51.743  -47.138  -20.461 0.100000
161848  -39.164  -47.120  -22.106 0.100000
40297  -39.929  -47.235  -21.929 0.100000
161846  -40.908  -47.255  -21.908 0.100000
97587  -41.908  -47.255  -21.908 0.100000
97585  -42.908  -47.255  -21.908 0.100000
5573  -43.908  -47.255  -21.908 0.100000
62796  -44.888  -47.235  -21.847 0.100000
28462  -45.768  -47.362  -21.694 0.100000
5572  -46.642  -47.741  -21.475 0.100000
13245  -52.167  -47.096  -21.125 0.100000
97567  -52.782  -47.471  -21.396 0.100000
22487  -38.937  -47.504  -22.587 0.100000
97584  -43.523  -47.827  -22.138 0.100000
62798  -44.500  -47.827  -22.173 0.100000
114180  -46.478  -47.864  -22.113 0.100000
97564  -53.978  -47.395  -22.262 0.100000
114205  -38.833  -47.475  -23.540 0.100000
22488  -39.174  -46.991  -23.951 0.100000
161855  -39.360  -47.680  -25.410 0.100000
90505  -39.873  -47.167  -25.780 0.100000
127868  -40.918  -47.280  -26.870 0.100000
5577  -40.877  -47.859  -27.126 0.100000
28471  -41.497  -47.508  -27.531 0.100000
127844  -48.466  -46.627  -17.941 0.100000
53193  -49.383  -46.447  -17.736 0.100000
53192  -50.070  -46.500  -17.948 0.100000
127845  -48.114  -46.138  -18.573 0.100000
114177  -50.471  -46.484  -18.543 0.100000
127846  -46.955  -46.829  -19.495 0.100000
62792  -47.471  -46.275  -19.421 0.100000
114176  -50.828  -46.361  -19.405 0.100000
40279  -51.249  -46.729  -20.031 0.100000
127849  -46.119  -46.767  -20.892 0.100000
28461  -46.678  -46.367  -20.368 0.100000
90453  -51.060  -46.161  -20.135 0.100000
114203  -39.123  -46.702  -22.123 0.100000
97586  -42.582  -46.745  -21.908 0.100000
62794  -44.524  -46.716  -21.851 0.100000
62795  -45.451  -46.542  -21.477 0.100000
127848  -46.074  -46.372  -21.001 0.100000
90452  -51.913  -46.378  -21.176 0.100000
43964  -53.041  -46.980  -21.801 0.100000
114204  -39.523  -46.199  -22.465 0.100000
90498  -40.418  -46.248  -22.133 0.100000
90497  -41.418  -46.255  -22.092 0.100000
13255  -42.418  -46.255  -22.092 0.100000
43974  -43.418  -46.255  -22.092 0.100000
97583  -44.341  -46.288  -22.055 0.100000
43965  -53.037  -46.020  -22.270 0.100000
53207  -39.183  -46.521  -23.442 0.100000
127865  -39.077  -46.108  -25.023 0.100000
53208  -39.267  -46.560  -24.428 0.100000
127866  -38.919  -46.187  -25.627 0.100000
28469  -39.363  -46.698  -25.453 0.100000
127867  -39.579  -46.353  -26.285 0.100000
127870  -40.999  -46.881  -27.168 0.100000
28470  -40.556  -46.322  -27.337 0.100000
5571  -46.677  -44.927  -18.995 0.100000
62791  -47.200  -45.151  -18.954 0.100000
28459  -48.040  -45.456  -18.730 0.100000
53191  -49.736  -45.222  -18.125 0.100000
97579  -45.778  -44.964  -19.928 0.100000
22471  -50.588  -45.368  -19.384 0.100000
43973  -43.883  -45.111  -21.104 0.100000
43972  -44.620  -45.115  -20.895 0.100000
97581  -45.602  -45.232  -20.449 0.100000
62793  -46.588  -45.732  -20.261 0.100000
114175  -50.913  -45.717  -19.893 0.100000
114202  -40.107  -45.087  -21.865 0.100000
7089  -40.823  -45.167  -21.766 0.100000
161845  -42.727  -45.255  -21.709 0.100000
13253  -44.446  -45.514  -21.510 0.100000
97582  -45.230  -45.713  -21.255 0.100000
90451  -51.803  -45.521  -21.137 0.100000
22486  -39.671  -45.323  -22.338 0.100000
161791  -52.871  -45.500  -22.224 0.100000
43963  -54.020  -45.980  -22.807 0.100000
53206  -39.391  -45.527  -23.140 0.100000
1379  -39.454  -45.575  -24.429 0.100000
127864  -39.945  -45.105  -24.745 0.100000
28468  -40.047  -45.196  -25.230 0.100000
62807  -39.650  -45.814  -26.495 0.100000
62806  -40.402  -45.233  -26.389 0.100000
5576  -40.998  -45.011  -26.794 0.100000
127869  -40.626  -45.778  -27.465 0.100000
127843  -48.963  -45.072  -17.873 0.100000
2486  -49.233  -44.900  -17.999 0.100000
53189  -49.937  -44.233  -19.001 0.100000
53190  -50.484  -44.490  -19.366 0.100000
137052  -41.290  -43.929  -20.949 0.100000
137049  -43.054  -44.183  -20.838 0.100000
617  -43.868  -44.435  -20.727 0.100000
13251  -45.470  -44.459  -20.115 0.100000
137057  -39.146  -44.090  -21.993 0.100000
137056  -39.690  -44.455  -21.795 0.100000
137055  -40.509  -44.418  -21.370 0.100000
90496  -41.386  -44.440  -21.261 0.100000
31899  -42.379  -44.482  -21.240 0.100000
43975  -43.208  -44.833  -21.173 0.100000
10014  -51.819  -44.913  -20.963 0.100000
137058  -38.893  -44.149  -22.642 0.100000
137067  -38.878  -44.175  -23.582 0.100000
31905  -38.940  -44.037  -24.570 0.100000
137068  -39.553  -44.722  -24.583 0.100000
70014  -39.047  -43.967  -25.182 0.100000
137069  -40.133  -44.811  -25.529 0.100000
31906  -39.941  -43.976  -26.243 0.100000
137070  -40.576  -44.413  -26.571 0.100000
137073  -40.992  -44.020  -27.148 0.100000
62787  -46.844  -43.518  -18.830 0.100000
62790  -47.842  -43.484  -18.532 0.100000
127842  -48.827  -43.525  -18.573 0.100000
53187  -49.763  -43.532  -18.881 0.100000
22467  -50.247  -43.087  -19.089 0.100000
97578  -45.773  -43.555  -19.727 0.100000
43971  -44.488  -43.565  -20.453 0.100000
31902  -38.961  -43.293  -22.061 0.100000
70004  -39.537  -43.483  -21.604 0.100000
137066  -38.653  -43.442  -22.868 0.100000
70013  -38.954  -43.143  -24.761 0.100000
137072  -40.631  -43.443  -27.015 0.100000
31907  -41.292  -43.443  -27.369 0.100000
62789  -47.366  -42.549  -18.715 0.100000
127841  -49.255  -42.770  -18.865 0.100000
43970  -45.752  -42.312  -19.720 0.100000
31901  -40.859  -42.243  -20.890 0.100000
137054  -41.624  -42.425  -20.656 0.100000
137051  -42.554  -42.482  -20.571 0.100000
137050  -43.497  -42.520  -20.515 0.100000
43969  -44.378  -42.622  -20.378 0.100000
137065  -39.000  -42.653  -21.994 0.100000
70012  -38.606  -42.664  -23.388 0.100000
70015  -39.462  -42.500  -25.462 0.100000
137071  -39.834  -42.548  -26.126 0.100000
70017  -40.837  -42.548  -27.105 0.100000
70018  -41.596  -42.588  -27.420 0.100000
13250  -47.111  -41.880  -18.907 0.100000
137047  -44.986  -41.157  -19.995 0.100000
13249  -45.704  -41.393  -19.754 0.100000
97577  -46.590  -41.658  -19.375 0.100000
70003  -40.893  -41.616  -20.970 0.100000
70002  -41.534  -41.317  -20.781 0.100000
31900  -42.500  -41.484  -20.532 0.100000
69999  -43.480  -41.536  -20.448 0.100000
31898  -44.337  -41.679  -20.305 0.100000
70005  -40.341  -41.602  -21.384 0.100000
101913  -40.021  -41.167  -25.833 0.100000
15659  -40.524  -41.505  -26.495 0.100000
101915  -41.286  -41.221  -26.738 0.100000
70016  -41.131  -41.889  -27.063 0.100000
69997  -45.066  -40.677  -20.021 0.100000
137053  -42.520  -40.464  -20.552 0.100000
70000  -43.439  -40.577  -20.407 0.100000
69998  -44.513  -40.646  -20.234 0.100000
137064  -40.127  -40.324  -22.089 0.100000
70011  -38.834  -40.974  -23.642 0.100000
7091  -39.462  -40.582  -24.443 0.100000
101914  -40.816  -40.507  -26.207 0.100000
46379  -41.548  -40.466  -26.457 0.100000
7090  -41.208  -39.670  -21.343 0.100000
31904  -39.684  -40.007  -22.913 0.100000
70010  -40.253  -39.310  -23.486 0.100000
70009  -40.327  -39.303  -24.452 0.100000
101912  -40.611  -39.574  -25.426 0.100000
15658  -41.733  -39.573  -26.205 0.100000
46378  -42.776  -39.509  -26.645 0.100000
46377  -42.995  -38.992  -26.986 0.100000
137063  -40.813  -38.916  -22.549 0.100000
15657  -41.582  -38.505  -24.560 0.100000
101911  -41.719  -38.792  -25.443 0.100000
101910  -42.607  -38.543  -25.511 0.100000
161712  -50.879  -54.261  -20.533 0.100000
3503  -50.214  -54.446  -21.339 0.100000
161716  -50.977  -54.207  -21.541 0.100000
24737  -50.401  -54.418  -22.482 0.100000
40254  -51.033  -54.179  -22.582 0.100000
119159  -51.033  -54.179  -22.582 0.100000
46984  -50.441  -54.423  -23.500 0.100000
161727  -51.225  -54.177  -23.562 0.100000
10006  -49.740  -53.020  -19.883 0.100000
161721  -49.740  -53.020  -19.883 0.100000
90388  -50.827  -53.848  -19.976 0.100000
40256  -49.896  -53.157  -21.402 0.100000
161726  -50.054  -53.170  -21.995 0.100000
90398  -50.808  -53.184  -22.989 0.100000
90399  -50.808  -53.184  -22.989 0.100000
161822  -43.735  -53.488  -25.591 0.100000
10583  -44.936  -53.394  -26.246 0.100000
161817  -45.601  -53.504  -26.435 0.100000
41303  -45.601  -53.504  -26.435 0.100000
161719  -49.883  -52.281  -18.908 0.100000
40255  -48.153  -52.000  -20.036 0.100000
28446  -52.844  -42.170  -18.198 0.200000
90395  -48.592  -52.147  -20.635 0.100000
28466  -40.916  -51.942  -23.067 0.100000
90481  -42.808  -52.094  -23.832 0.100000
114190  -44.928  -52.253  -24.104 0.100000
90476  -44.928  -52.253  -24.104 0.100000
10017  -46.171  -52.097  -24.836 0.100000
90475  -46.171  -52.097  -24.836 0.100000
90469  -47.143  -52.085  -24.915 0.100000
40286  -47.143  -52.085  -24.915 0.100000
161816  -47.933  -52.022  -24.992 0.100000
161815  -47.933  -52.022  -24.992 0.100000
161732  -51.002  -52.304  -23.998 0.100000
90405  -48.312  -52.257  -25.529 0.100000
40259  -49.377  -52.489  -26.397 0.100000
127818  -48.492  -51.723  -19.905 0.100000
127814  -53.169  -41.519  -18.825 0.200000
127813  -52.469  -42.729  -17.681 0.200000
127819  -48.519  -51.478  -20.462 0.100000
22453  -48.988  -51.473  -22.087 0.100000
22454  -50.137  -51.049  -23.021 0.100000
28464  -43.524  -51.452  -23.571 0.100000
53198  -44.985  -51.157  -24.145 0.100000
114187  -46.720  -51.500  -24.468 0.100000
161812  -47.705  -51.493  -24.554 0.100000
10008  -48.708  -51.539  -24.853 0.100000
90402  -49.736  -51.343  -24.738 0.100000
127821  -49.162  -50.461  -20.574 0.100000
127856  -43.427  -50.143  -22.802 0.100000
22455  -50.059  -50.551  -22.638 0.100000
90502  -38.997  -50.692  -24.020 0.100000
53196  -45.729  -50.255  -23.713 0.100000
22476  -46.811  -50.173  -23.795 0.100000
114186  -46.811  -50.173  -23.795 0.100000
90468  -47.806  -50.194  -23.806 0.100000
114147  -49.643  -50.357  -23.643 0.100000
90510  -39.045  -50.295  -25.306 0.100000
90455  -48.823  -49.148  -17.966 0.100000
161796  -48.823  -49.148  -17.966 0.100000
161797  -48.823  -49.148  -17.966 0.100000
161806  -48.085  -49.192  -19.420 0.100000
62766  -51.145  -43.120  -17.134 0.200000
161807  -48.588  -49.447  -20.458 0.100000
161803  -47.782  -48.850  -21.202 0.100000
90464  -48.526  -49.233  -21.624 0.100000
90465  -48.526  -49.233  -21.624 0.100000
161808  -49.353  -49.778  -21.386 0.100000
127851  -45.720  -49.139  -22.879 0.100000
114183  -46.408  -49.468  -23.285 0.100000
22475  -47.344  -48.325  -21.487 0.100000
13243  -52.910  -48.111  -20.875 0.100000
90504  -40.372  -48.126  -26.874 0.100000
114207  -40.633  -48.697  -27.577 0.100000
127847  -46.028  -47.180  -21.149 0.100000
161854  -39.174  -46.991  -23.951 0.100000
127871  -40.918  -47.280  -26.870 0.100000
13252  -44.524  -46.716  -21.851 0.100000
97580  -46.074  -46.372  -21.001 0.100000
62808  -40.556  -46.322  -27.337 0.100000
97588  -40.998  -45.011  -26.794 0.100000
137048  -43.054  -44.183  -20.838 0.100000
125833  -52.500  -51.292  -13.449 0.500000
86126  -53.452  -46.624  -19.630 0.500000
21028  -54.628  -47.221  -18.511 0.500000
125834  -51.500  -51.401  -13.418 0.500000
111586  -52.167  -51.000  -14.167 0.500000
5090  -52.530  -50.678  -14.542 0.500000
86125  -53.468  -46.842  -18.898 0.500000
156695  -49.848  -50.414  -12.777 0.500000
125835  -49.843  -51.057  -12.871 0.500000
21032  -50.500  -51.173  -14.173 0.500000
111581  -52.468  -47.252  -18.159 0.500000
51752  -49.569  -51.083  -14.106 0.500000
2294  -48.933  -51.060  -13.756 0.500000
51753  -49.648  -50.697  -14.715 0.500000
51754  -48.231  -49.523  -14.476 0.400000
111589  -48.796  -48.875  -15.807 0.400000
156606  -49.048  -46.119  -20.167 0.500000
136991  -49.048  -46.119  -20.167 0.500000
31877  -47.827  -45.173  -22.173 0.500000
69954  -47.548  -44.457  -23.493 0.500000
69957  -45.988  -41.833  -25.764 0.500000
136996  -45.988  -41.833  -25.764 0.500000
7081  -48.808  -44.802  -19.789 0.400000
137006  -49.216  -43.500  -20.226 0.400000
156592  -50.665  -50.998  -1.043 0.100000
111578  -54.628  -47.221  -18.511 0.500000
27597  -51.324  -51.129  -11.772 0.500000
61355  -52.179  -51.383  -11.599 0.500000
125832  -53.542  -51.250  -13.401 0.500000
86137  -52.908  -50.227  -15.191 0.400000
111580  -53.502  -47.225  -18.200 0.500000
38579  -49.699  -49.387  -12.458 0.500000
156694  -50.793  -50.992  -12.022 0.500000
156702  -49.015  -48.267  -12.015 0.500000
156700  -48.876  -47.516  -11.863 0.500000
38581  -48.265  -47.624  -12.432 0.500000
156703  -48.510  -48.760  -13.276 0.500000
86209  -48.255  -46.769  -12.279 0.400000
86211  -48.111  -48.076  -12.903 0.300000
156704  -48.679  -49.577  -13.726 0.500000
51756  -47.812  -49.188  -14.688 0.400000
21034  -47.678  -48.715  -15.385 0.400000
38582  -47.682  -48.256  -13.562 0.300000
86141  -49.108  -47.867  -16.836 0.700000
156619  -49.108  -47.867  -16.836 0.500000
86210  -47.755  -47.354  -12.958 0.300000
86212  -48.111  -48.076  -12.903 0.300000
156705  -46.821  -48.196  -13.933 0.300000
51755  -46.598  -48.368  -15.418 0.400000
86140  -48.491  -48.287  -16.223 0.500000
38554  -48.418  -47.500  -17.500 0.600000
9438  -50.418  -47.500  -17.500 0.600000
111584  -51.370  -47.543  -17.507 0.600000
9437  -51.500  -46.658  -19.523 0.500000
38549  -49.644  -45.970  -19.152 0.300000
86213  -47.068  -47.527  -13.682 0.300000
21036  -46.164  -48.130  -14.051 0.300000
111591  -47.092  -47.827  -16.827 0.400000
86143  -47.500  -47.173  -18.173 0.500000
86136  -48.500  -46.827  -18.827 0.600000
38551  -49.500  -46.663  -19.500 0.600000
38550  -47.027  -53.027  -15.934 0.500000
156607  -47.548  -45.422  -21.418 0.500000
111594  -45.589  -47.440  -15.516 0.400000
21035  -46.241  -47.694  -16.718 0.400000
86144  -47.500  -47.173  -18.173 0.500000
156622  -47.500  -46.827  -18.827 0.500000
156612  -45.063  -44.005  -23.006 0.500000
156611  -45.790  -44.251  -23.222 0.500000
69953  -46.590  -44.291  -23.505 0.500000
9440  -43.932  -46.042  -16.047 0.400000
86148  -44.592  -46.286  -18.301 0.400000
38556  -44.908  -46.205  -19.189 0.500000
156623  -46.547  -46.637  -20.497 0.500000
46358  -47.304  -48.738  -8.702 0.400000
101876  -44.737  -43.045  -24.089 0.500000
101877  -45.795  -43.126  -24.859 0.500000
156628  -44.838  -45.748  -19.802 0.400000
156625  -44.980  -46.173  -20.126 0.500000
1373  -46.547  -46.637  -20.497 0.500000
46360  -47.601  -44.542  -17.895 0.400000
101879  -48.485  -45.535  -17.921 0.400000
15639  -45.662  -42.468  -25.272 0.500000
55959  -45.765  -46.125  -22.447 0.500000
24360  -47.441  -43.548  -18.317 0.400000
137003  -47.808  -44.500  -18.642 0.400000
137004  -48.644  -44.198  -20.109 0.400000
118280  -47.373  -42.584  -18.734 0.300000
69961  -47.910  -42.548  -19.426 0.400000
69963  -48.247  -43.214  -19.741 0.300000
101882  -49.094  -42.800  -20.051 0.300000
15642  -49.439  -42.563  -20.419 0.300000
156589  -49.841  -50.483  -0.533 0.100000
156590  -50.389  -50.856  -0.900 0.100000
86116  -49.812  -50.020  -1.067 0.100000
38544  -50.560  -50.426  -1.490 0.100000
111574  -57.962  -49.963  -14.821 0.400000
21026  -56.973  -48.107  -15.922 0.400000
86118  -57.211  -47.946  -16.105 0.400000
111577  -55.502  -47.552  -17.527 0.500000
111576  -56.394  -47.963  -16.498 0.400000
21027  -55.195  -47.910  -16.871 0.500000
111579  -54.420  -47.552  -17.527 0.500000
61356  -52.020  -50.996  -11.043 0.500000
61354  -52.717  -51.227  -10.760 0.500000
27596  -53.418  -51.446  -12.482 0.500000
125829  -53.778  -51.062  -13.944 0.400000
51747  -54.706  -48.493  -16.667 0.500000
51748  -53.823  -47.852  -16.966 0.500000
86204  -49.676  -48.995  -12.005 0.500000
86203  -50.960  -49.970  -12.071 0.500000
156693  -51.615  -50.454  -11.396 0.500000
156698  -49.688  -47.657  -11.323 0.500000
156701  -49.576  -48.430  -11.727 0.500000
51751  -53.816  -49.101  -16.956 0.600000
156699  -48.716  -46.314  -11.657 0.400000
21056  -47.362  -45.088  -5.035 0.200000
111629  -45.548  -43.167  -6.147 0.200000
86208  -47.784  -46.242  -12.778 0.300000
86214  -46.961  -46.965  -13.997 0.300000
38583  -45.864  -45.835  -14.865 0.400000
111630  -47.899  -45.276  -12.684 0.300000
111632  -46.956  -46.119  -13.924 0.300000
21057  -47.749  -44.419  -12.994 0.300000
21058  -46.343  -44.424  -14.663 0.400000
156709  -45.537  -45.494  -15.513 0.400000
86216  -45.980  -44.699  -15.633 0.300000
156710  -44.589  -45.536  -16.548 0.400000
38557  -45.055  -45.258  -19.510 0.400000
156629  -45.111  -44.472  -21.231 0.400000
38584  -45.438  -44.619  -16.479 0.300000
38558  -44.310  -43.563  -19.318 0.300000
93479  -45.193  -43.980  -21.878 0.300000
55958  -45.102  -45.810  -21.118 0.400000
93481  -44.998  -42.944  -22.224 0.300000
118282  -46.130  -44.518  -23.584 0.300000
118281  -46.393  -45.542  -23.819 0.400000
3294  -48.554  -42.500  -19.868 0.300000
93482  -46.456  -42.233  -22.448 0.200000
55961  -47.472  -42.488  -23.451 0.200000
24362  -47.058  -43.836  -24.109 0.300000
101881  -49.094  -42.800  -20.051 0.300000
161739  -48.678  -50.056  -19.100 0.100000
55965  -49.365  -42.375  -24.203 0.200000
118285  -47.580  -44.509  -24.444 0.400000
53177  -48.976  -50.163  -22.027 0.100000
86115  -49.748  -49.517  -1.625 0.100000
86117  -50.292  -49.729  -2.014 0.100000
5088  -50.745  -43.858  -10.205 0.200000
111573  -57.572  -49.845  -14.505 0.500000
111575  -57.223  -49.173  -15.214 0.400000
51746  -55.671  -48.519  -16.408 0.400000
5091  -53.064  -51.016  -10.096 0.500000
61353  -54.092  -51.500  -11.500 0.400000
125830  -54.937  -51.147  -11.941 0.400000
61350  -55.393  -50.460  -13.802 0.400000
125825  -55.335  -50.006  -15.013 0.500000
51745  -55.868  -49.091  -16.029 0.500000
86202  -50.553  -48.423  -11.162 0.500000
38578  -51.293  -49.534  -11.494 0.500000
156692  -52.039  -50.606  -10.907 0.400000
2293  -55.161  -49.167  -16.202 0.400000
86206  -39.870  -42.117  -17.973 0.400000
156697  -40.024  -46.980  -20.282 0.400000
9447  -49.676  -48.995  -12.005 0.500000
86205  -40.480  -47.660  -18.296 0.400000
38580  -49.323  -46.765  -11.282 0.500000
86207  -40.301  -46.955  -18.919 0.400000
125861  -40.091  -46.604  -18.050 0.300000
5098  -40.131  -46.017  -18.637 0.300000
111627  -40.075  -44.584  -18.605 0.300000
125865  -45.601  -42.020  -5.927 0.200000
51776  -45.548  -43.167  -6.147 0.200000
61378  -43.747  -49.065  -14.388 0.100000
51775  -45.548  -43.167  -6.147 0.300000
125867  -43.931  -49.075  -15.437 0.100000
51777  -47.804  -43.853  -12.978 0.300000
111634  -45.858  -43.532  -14.821 0.300000
2297  -48.479  -43.340  -13.456 0.200000
51779  -47.913  -43.041  -13.793 0.200000
111635  -45.578  -42.901  -15.442 0.200000
86218  -43.943  -43.259  -17.830 0.200000
156632  -44.310  -43.563  -19.318 0.200000
86221  -44.827  -41.364  -17.838 0.200000
156713  -44.790  -41.612  -19.616 0.200000
41693  -44.917  -41.875  -20.792 0.200000
86220  -44.937  -40.943  -18.178 0.200000
143618  -46.795  -49.253  -18.625 0.100000
10975  -46.900  -41.856  -22.344 0.200000
93483  -47.980  -41.923  -23.250 0.200000
75354  -46.964  -49.011  -19.364 0.100000
34185  -47.586  -49.247  -19.608 0.100000
40261  -48.569  -49.786  -19.557 0.100000
161741  -49.228  -50.037  -19.980 0.100000
143622  -47.806  -49.097  -20.215 0.100000
7947  -48.372  -49.311  -20.529 0.100000
161740  -49.086  -49.924  -20.539 0.100000
114148  -48.684  -49.284  -21.516 0.100000
114150  -49.004  -49.762  -21.364 0.100000
53176  -48.715  -49.550  -22.456 0.100000
143637  -48.597  -49.303  -23.366 0.100000
125819  -57.107  -51.114  -14.092 0.300000
125822  -50.284  -43.448  -9.548 0.300000
96711  -48.110  -42.961  -9.013 0.300000
12768  -56.665  -51.386  -10.977 0.300000
27592  -50.284  -43.448  -9.548 0.300000
125823  -56.784  -49.579  -14.463 0.300000
21025  -56.359  -49.225  -15.448 0.400000
12769  -55.058  -51.013  -9.044 0.300000
61345  -56.254  -51.159  -11.295 0.300000
61348  -56.674  -50.231  -13.660 0.500000
125824  -55.335  -50.006  -15.013 0.500000
156688  -53.697  -49.625  -9.651 0.400000
96716  -53.858  -51.124  -9.901 0.500000
96714  -54.937  -51.147  -11.941 0.400000
61351  -54.937  -51.147  -11.941 0.400000
27593  -55.268  -50.170  -14.493 0.500000
51774  -43.141  -51.239  -17.427 0.400000
111625  -50.637  -47.675  -10.571 0.400000
86201  -51.750  -49.069  -10.819 0.500000
156691  -52.287  -49.630  -10.670 0.500000
27607  -38.853  -49.213  -17.473 0.400000
125859  -40.199  -49.382  -18.050 0.400000
156696  -41.003  -48.737  -18.667 0.400000
21054  -50.308  -46.593  -10.228 0.500000
61373  -39.229  -48.788  -17.443 0.400000
125860  -40.358  -47.396  -18.190 0.400000
61372  -39.036  -48.583  -16.735 0.400000
5097  -39.036  -48.583  -16.735 0.300000
27609  -40.091  -46.604  -18.050 0.300000
125862  -39.979  -45.945  -17.327 0.300000
125863  -40.091  -46.604  -18.050 0.300000
12778  -40.029  -45.174  -16.874 0.300000
61376  -46.979  -42.057  -6.160 0.200000
5099  -43.438  -48.222  -14.312 0.100000
61379  -43.635  -48.282  -15.302 0.100000
125869  -43.828  -48.484  -16.353 0.100000
125868  -44.321  -48.702  -16.738 0.100000
51780  -47.913  -43.041  -13.793 0.200000
27612  -44.091  -48.173  -17.096 0.100000
156723  -44.616  -48.249  -17.510 0.100000
111637  -46.500  -42.573  -15.525 0.200000
21061  -48.500  -42.809  -14.627 0.200000
21060  -46.500  -42.573  -15.525 0.200000
38586  -46.137  -48.741  -18.813 0.100000
156718  -45.933  -48.222  -19.239 0.100000
75353  -46.631  -48.479  -19.634 0.100000
7946  -46.917  -48.103  -20.347 0.100000
34186  -47.567  -48.560  -20.550 0.100000
143625  -48.267  -48.895  -21.002 0.100000
75357  -47.852  -48.103  -21.349 0.100000
34187  -48.336  -48.527  -21.680 0.100000
34188  -48.814  -48.427  -22.759 0.100000
143635  -49.123  -48.024  -23.002 0.100000
143636  -48.756  -48.532  -23.648 0.100000
75368  -48.752  -48.505  -24.655 0.100000
75370  -49.203  -48.157  -25.273 0.100000
143641  -49.283  -48.296  -26.283 0.100000
75371  -50.042  -48.144  -27.664 0.100000
96709  -57.224  -52.056  -8.998 0.300000
5087  -48.600  -42.601  -8.720 0.200000
43487  -55.593  -50.110  -7.979 0.300000
43491  -55.048  -49.939  -8.989 0.400000
156686  -54.314  -48.554  -8.560 0.300000
51772  -44.001  -53.303  -16.251 0.300000
51773  -44.993  -54.094  -16.897 0.300000
111624  -50.899  -47.166  -9.799 0.400000
86199  -52.245  -48.357  -9.780 0.400000
38576  -53.660  -48.144  -8.856 0.300000
125856  -40.940  -50.803  -16.817 0.300000
2296  -42.295  -50.879  -17.380 0.300000
9446  -51.941  -47.176  -8.823 0.400000
86197  -52.512  -47.781  -9.151 0.400000
86196  -52.743  -47.350  -8.329 0.300000
61369  -38.494  -49.267  -15.697 0.300000
61371  -39.938  -50.146  -17.167 0.300000
61370  -38.856  -49.838  -16.211 0.300000
12776  -38.494  -49.267  -15.697 0.300000
61368  -38.401  -48.395  -15.646 0.300000
96726  -38.551  -47.771  -15.251 0.300000
96728  -39.935  -46.978  -16.710 0.300000
96729  -39.912  -46.155  -16.531 0.300000
96730  -40.029  -45.174  -16.874 0.200000
96731  -43.419  -47.498  -14.556 0.100000
96733  -43.704  -47.294  -15.453 0.100000
96734  -44.060  -46.928  -15.750 0.100000
61381  -43.757  -47.847  -16.201 0.100000
61383  -44.195  -47.199  -16.467 0.100000
27613  -43.924  -47.833  -16.854 0.100000
125871  -44.384  -47.499  -17.465 0.100000
86228  -44.765  -47.504  -18.376 0.100000
111639  -48.500  -42.495  -15.477 0.200000
156725  -49.500  -42.491  -15.443 0.200000
9450  -48.500  -42.092  -16.092 0.200000
38587  -46.100  -47.778  -19.794 0.100000
86226  -46.000  -47.167  -20.167 0.100000
156720  -46.556  -47.456  -20.489 0.100000
105117  -47.081  -47.781  -20.800 0.100000
17438  -47.000  -47.167  -21.167 0.100000
105118  -47.554  -47.465  -21.478 0.100000
75356  -48.050  -47.767  -21.777 0.100000
105119  -48.068  -47.167  -22.077 0.100000
7948  -48.583  -47.500  -22.332 0.100000
143634  -49.165  -47.489  -22.935 0.100000
75367  -48.868  -48.091  -23.961 0.100000
7949  -49.657  -47.537  -24.615 0.100000
75364  -50.489  -47.133  -24.768 0.100000
105126  -49.800  -47.786  -25.800 0.100000
105125  -50.473  -47.418  -25.514 0.100000
17444  -49.871  -47.915  -26.801 0.100000
105127  -51.168  -47.133  -26.151 0.100000
105129  -50.498  -47.791  -27.567 0.100000
105128  -51.137  -47.164  -27.151 0.100000
143667  -50.796  -47.958  -28.287 0.100000
135218  -48.418  -41.817  -8.178 0.200000
135216  -48.600  -42.601  -8.720 0.200000
68554  -46.402  -46.491  -4.418 0.200000
135221  -56.120  -50.548  -6.976 0.300000
156656  -45.604  -46.158  -5.102 0.200000
31224  -54.105  -50.500  -6.827 0.300000
135222  -55.390  -49.829  -7.434 0.300000
21052  -44.587  -54.048  -16.316 0.300000
111622  -45.618  -54.254  -17.251 0.300000
156685  -53.624  -47.591  -7.508 0.300000
21048  -41.560  -51.207  -16.488 0.300000
51768  -42.416  -51.485  -16.500 0.300000
51770  -44.001  -53.303  -16.251 0.300000
111621  -46.629  -54.048  -14.855 0.300000
86193  -47.310  -54.314  -14.536 0.300000
86195  -52.122  -46.936  -8.352 0.300000
125853  -39.487  -50.441  -15.500 0.300000
125854  -40.843  -51.033  -16.034 0.300000
21051  -46.629  -54.048  -14.855 0.300000
86194  -47.310  -54.314  -14.536 0.300000
38575  -43.768  -43.209  -9.827 0.200000
156684  -44.745  -43.173  -9.827 0.200000
61367  -38.218  -49.447  -14.569 0.200000
125852  -38.849  -50.008  -15.470 0.200000
96724  -38.152  -48.770  -15.072 0.300000
96725  -38.494  -49.267  -15.697 0.300000
43496  -38.551  -47.771  -15.251 0.300000
12777  -40.022  -46.589  -16.066 0.300000
43497  -40.659  -46.225  -15.985 0.200000
12779  -43.203  -46.980  -14.037 0.100000
553  -40.858  -45.811  -15.733 0.200000
43501  -43.182  -46.486  -14.475 0.100000
12781  -43.757  -46.425  -15.250 0.100000
156743  -44.485  -46.409  -15.886 0.100000
156744  -45.452  -46.133  -15.982 0.100000
111652  -46.436  -46.092  -15.944 0.100000
5101  -44.673  -46.730  -16.510 0.100000
156746  -45.202  -46.511  -16.548 0.100000
38596  -46.092  -46.360  -16.541 0.100000
9453  -47.092  -46.337  -16.500 0.100000
156751  -48.092  -46.337  -16.500 0.100000
86250  -49.092  -46.337  -16.500 0.100000
27614  -44.772  -46.830  -17.151 0.100000
61385  -45.522  -46.402  -17.462 0.100000
156748  -46.520  -46.217  -17.235 0.100000
86249  -47.500  -46.173  -17.173 0.100000
156754  -48.500  -46.173  -17.173 0.100000
156753  -49.500  -46.173  -17.173 0.100000
5100  -44.861  -46.844  -18.097 0.100000
111640  -45.381  -46.256  -18.612 0.100000
86229  -44.957  -46.818  -18.855 0.100000
156727  -49.500  -42.491  -15.443 0.200000
156728  -45.869  -46.536  -20.095 0.100000
156729  -46.374  -46.536  -20.608 0.100000
156721  -46.864  -46.536  -21.118 0.100000
48158  -47.374  -46.536  -21.608 0.100000
48159  -47.905  -46.541  -22.054 0.100000
17440  -48.554  -46.493  -22.394 0.100000
143631  -49.198  -46.514  -22.823 0.100000
143633  -49.809  -46.632  -23.659 0.100000
143632  -50.409  -46.107  -23.881 0.100000
75365  -50.082  -46.943  -24.313 0.100000
105124  -51.628  -46.456  -24.846 0.100000
17443  -51.724  -46.656  -25.698 0.100000
48164  -51.684  -46.423  -26.538 0.100000
111606  -43.370  -41.452  -8.283 0.200000
38566  -45.604  -46.158  -5.102 0.200000
156658  -54.350  -49.348  -7.485 0.300000
156659  -54.593  -48.996  -8.042 0.300000
51763  -43.370  -41.452  -8.283 0.200000
21043  -44.254  -41.516  -8.477 0.200000
86172  -44.745  -42.173  -8.827 0.200000
86173  -53.230  -49.577  -7.348 0.300000
38567  -53.706  -48.103  -6.033 0.300000
111616  -42.089  -51.485  -15.500 0.300000
111617  -43.816  -52.645  -14.524 0.300000
111618  -44.168  -53.105  -13.956 0.300000
111619  -45.470  -53.588  -14.370 0.300000
5096  -40.671  -51.087  -15.234 0.300000
111615  -42.089  -51.485  -15.500 0.300000
86186  -43.927  -52.901  -14.047 0.300000
9445  -44.778  -53.198  -13.633 0.300000
156681  -47.565  -54.185  -13.611 0.300000
27603  -37.843  -49.431  -13.456 0.200000
125850  -39.443  -50.509  -14.500 0.300000
156682  -43.395  -43.746  -10.536 0.200000
156683  -43.768  -43.209  -9.827 0.200000
61365  -37.784  -48.998  -14.020 0.200000
5095  -37.842  -48.423  -14.450 0.200000
135245  -37.887  -47.880  -13.867 0.200000
96723  -38.250  -47.653  -14.452 0.300000
135248  -37.842  -48.423  -14.450 0.300000
12775  -38.494  -49.267  -15.697 0.300000
43495  -40.781  -46.225  -15.598 0.200000
135249  -38.250  -47.653  -14.452 0.300000
68578  -40.509  -46.981  -14.511 0.200000
31235  -41.200  -46.378  -15.086 0.200000
135253  -41.264  -45.782  -15.438 0.200000
86242  -43.842  -45.500  -15.253 0.100000
51782  -46.043  -45.942  -18.031 0.100000
156749  -46.929  -45.847  -17.847 0.100000
156757  -47.908  -45.827  -17.827 0.100000
86256  -48.908  -45.827  -17.827 0.100000
111642  -45.899  -45.759  -18.759 0.100000
51783  -46.568  -45.626  -18.626 0.100000
51784  -47.500  -45.582  -18.582 0.100000
156759  -48.509  -45.550  -18.598 0.100000
21063  -45.675  -45.910  -19.292 0.100000
111643  -46.252  -45.655  -19.411 0.100000
111644  -47.092  -45.536  -19.482 0.100000
111646  -48.101  -45.468  -19.516 0.100000
111647  -49.210  -45.260  -19.609 0.100000
86231  -45.875  -45.986  -19.841 0.100000
86232  -46.512  -45.865  -20.234 0.100000
86236  -48.387  -45.463  -20.539 0.100000
86235  -49.183  -45.183  -20.802 0.100000
86233  -46.889  -45.972  -20.875 0.100000
156730  -47.583  -45.865  -21.234 0.100000
156731  -48.466  -45.543  -21.452 0.100000
120797  -49.179  -45.255  -21.763 0.100000
1760  -47.889  -45.978  -21.848 0.100000
48160  -48.512  -45.833  -22.120 0.100000
143629  -49.260  -45.577  -22.542 0.100000
34189  -49.840  -45.603  -23.152 0.100000
17442  -51.512  -45.821  -24.248 0.100000
21040  -43.805  -51.129  -9.682 0.300000
2295  -44.516  -51.516  -11.500 0.300000
51764  -46.227  -51.761  -11.373 0.300000
21044  -42.794  -42.159  -8.748 0.200000
111608  -42.794  -42.159  -8.748 0.200000
9443  -44.255  -42.745  -9.255 0.200000
156677  -45.302  -51.824  -12.339 0.300000
156678  -46.004  -52.819  -11.987 0.300000
156679  -46.111  -53.236  -12.046 0.300000
86174  -44.745  -43.173  -9.827 0.200000
86185  -40.769  -51.167  -14.476 0.300000
156673  -42.500  -51.548  -13.500 0.300000
86189  -44.991  -52.096  -13.063 0.300000
86191  -45.779  -53.220  -12.659 0.300000
156680  -43.255  -42.745  -9.255 0.200000
125847  -37.842  -49.918  -13.020 0.200000
86184  -40.769  -51.167  -14.476 0.300000
156670  -40.827  -51.173  -13.500 0.300000
135243  -37.629  -48.582  -12.582 0.200000
68573  -37.629  -48.582  -12.582 0.200000
31233  -37.887  -47.880  -13.867 0.200000
135247  -39.421  -47.399  -13.501 0.200000
68576  -40.435  -47.173  -12.803 0.300000
68577  -40.509  -46.981  -14.511 0.200000
68579  -40.509  -46.981  -14.511 0.200000
156733  -49.786  -44.750  -21.232 0.100000
120799  -49.838  -44.838  -22.138 0.100000
25440  -50.557  -44.514  -22.468 0.100000
75362  -50.581  -44.890  -23.087 0.100000
125843  -41.127  -43.576  -5.572 0.100000
27601  -41.500  -50.500  -8.500 0.200000
125844  -42.694  -50.986  -9.091 0.300000
125845  -42.865  -51.164  -9.736 0.300000
27602  -42.197  -51.065  -10.156 0.300000
156667  -41.861  -51.204  -10.820 0.300000
156674  -41.588  -51.435  -12.524 0.300000
86182  -41.650  -51.374  -11.626 0.300000
51767  -36.833  -41.028  -11.443 0.300000
21047  -39.500  -50.582  -12.500 0.300000
111613  -40.854  -51.211  -12.524 0.300000
9444  -40.984  -51.258  -11.766 0.300000
135233  -37.573  -48.541  -11.557 0.200000
31232  -37.858  -47.795  -11.827 0.200000
68572  -39.884  -43.626  -12.573 0.100000
135246  -39.533  -47.199  -12.758 0.200000
68568  -40.051  -43.015  -13.280 0.100000
101048  -39.829  -46.282  -11.882 0.200000
15178  -40.598  -46.704  -12.264 0.200000
101049  -40.742  -46.205  -11.940 0.200000
101050  -40.598  -46.704  -12.264 0.300000
61364  -42.197  -51.065  -10.156 0.300000
156666  -41.514  -50.855  -10.228 0.300000
38569  -40.571  -50.676  -10.518 0.300000
86180  -40.486  -50.923  -11.585 0.300000
21045  -36.859  -40.553  -10.772 0.300000
111612  -39.500  -50.582  -12.500 0.300000
86178  -39.806  -50.620  -11.500 0.300000
135232  -37.594  -49.441  -11.464 0.200000
31229  -37.573  -48.541  -11.557 0.200000
135239  -39.529  -42.496  -12.109 0.100000
68569  -39.787  -42.356  -13.136 0.100000
15176  -40.263  -42.482  -13.698 0.100000
101046  -40.797  -42.443  -14.228 0.100000
15177  -41.509  -42.446  -14.639 0.100000
156662  -39.500  -50.500  -9.500 0.300000
156661  -38.500  -50.337  -8.582 0.200000
156664  -39.582  -50.518  -10.500 0.300000
86179  -40.571  -50.676  -10.518 0.300000
156663  -38.642  -50.440  -10.458 0.300000
135231  -37.484  -48.518  -10.498 0.200000
111609  -36.859  -40.553  -10.772 0.300000
21046  -38.921  -50.464  -11.482 0.300000
68562  -37.293  -46.548  -9.749 0.200000
31228  -37.484  -48.518  -10.498 0.200000
15174  -39.033  -41.028  -11.899 0.100000
101042  -39.387  -41.458  -11.513 0.100000
45894  -38.967  -40.833  -12.276 0.100000
135235  -39.356  -41.380  -12.610 0.100000
31230  -39.806  -41.365  -13.665 0.100000
135237  -40.063  -41.930  -13.705 0.100000
68566  -40.006  -41.028  -14.177 0.100000
68567  -40.417  -41.486  -14.205 0.100000
101044  -41.196  -41.500  -14.692 0.100000
101043  -41.819  -41.452  -15.141 0.100000
86176  -37.915  -50.127  -9.418 0.200000
86175  -37.534  -49.436  -9.115 0.200000
86177  -37.999  -50.237  -10.264 0.200000
135229  -37.191  -47.525  -9.512 0.200000
6800  -37.624  -49.553  -10.287 0.200000
15173  -39.511  -40.581  -10.703 0.100000
68561  -37.293  -46.548  -9.749 0.200000
45893  -39.121  -40.510  -11.392 0.100000
135234  -39.475  -40.524  -13.459 0.100000
24080  -39.797  -40.628  -14.057 0.100000
68565  -40.908  -40.500  -14.636 0.100000
117629  -41.561  -40.500  -15.031 0.100000
117632  -42.253  -40.482  -15.357 0.100000
117625  -39.760  -39.661  -14.044 0.100000
117627  -40.495  -39.518  -14.487 0.100000
55493  -41.194  -39.500  -14.806 0.100000
24081  -41.824  -39.482  -15.194 0.100000
141958  -40.087  -38.518  -14.304 0.100000
141959  -40.786  -38.500  -14.622 0.100000
55492  -41.439  -38.500  -14.969 0.100000
38553  -50.736  -48.509  -16.557 0.400000
111587  -50.908  -50.255  -15.255 0.500000
111588  -49.923  -50.207  -15.239 0.500000
86139  -51.566  -49.795  -15.827 0.400000
21033  -49.450  -49.463  -15.682 0.500000
156618  -50.227  -49.125  -16.157 0.600000
156615  -53.370  -49.457  -16.493 0.500000
125828  -54.222  -50.986  -14.104 0.400000
86127  -52.500  -46.617  -19.564 0.500000
27594  -53.564  -49.791  -15.827 0.400000
156617  -50.149  -47.908  -16.876 0.500000
21029  -53.442  -47.823  -17.393 0.500000
156616  -51.785  -48.998  -16.990 0.600000
111582  -51.500  -46.827  -18.827 0.500000
86129  -49.979  -45.858  -17.184 0.300000
156605  -49.048  -46.119  -20.167 0.500000
51750  -52.273  -47.739  -17.480 0.500000
156601  -54.432  -46.685  -20.528 0.500000
111583  -52.468  -47.252  -18.159 0.500000
111590  -47.434  -48.205  -16.173 0.400000
86130  -48.857  -46.167  -19.452 0.400000
69955  -46.256  -43.693  -24.324 0.500000
69956  -49.292  -45.495  -19.384 0.400000
69958  -49.637  -45.100  -19.993 0.400000
101880  -48.060  -45.022  -18.760 0.400000
137005  -48.813  -43.167  -19.972 0.300000
31882  -48.113  -44.087  -20.090 0.400000
156591  -54.001  -56.816  -18.510 0.200000
125831  -54.266  -51.223  -12.595 0.500000
86138  -52.582  -49.827  -15.827 0.400000
111592  -46.507  -48.102  -16.167 0.300000
86142  -49.108  -47.867  -16.836 0.400000
156620  -49.418  -47.500  -17.500 0.600000
9448  -47.314  -46.668  -13.532 0.300000
156706  -46.296  -47.790  -13.949 0.400000
111593  -45.951  -48.038  -15.412 0.400000
9439  -47.418  -47.500  -17.500 0.500000
156621  -48.500  -47.173  -18.173 0.600000
86134  -49.500  -47.173  -18.173 0.600000
86132  -50.500  -47.173  -18.173 0.600000
111585  -51.134  -47.915  -16.963 0.600000
21031  -52.202  -48.137  -17.069 0.600000
21030  -51.482  -47.209  -18.173 0.500000
86131  -51.500  -46.658  -19.523 0.500000
156627  -45.889  -47.105  -17.890 0.400000
86146  -46.548  -47.162  -18.120 0.400000
38555  -46.500  -46.821  -18.804 0.500000
86135  -48.500  -46.663  -19.500 0.600000
38552  -47.500  -46.640  -19.541 0.500000
156610  -46.504  -45.167  -21.417 0.500000
86133  -50.500  -46.827  -18.827 0.500000
156608  -46.841  -45.135  -22.167 0.500000
156609  -50.500  -46.663  -19.500 0.500000
86147  -44.491  -46.485  -16.558 0.400000
156707  -44.823  -46.112  -15.107 0.400000
86145  -45.582  -46.495  -19.477 0.500000
156614  -47.500  -46.827  -18.827 0.500000
15638  -47.500  -46.516  -17.667 0.400000
156613  -44.308  -42.825  -23.632 0.500000
7079  -45.518  -43.778  -23.740 0.500000
86149  -44.053  -46.171  -17.856 0.400000
86151  -45.051  -45.167  -17.500 0.300000
156626  -44.866  -45.847  -20.576 0.500000
156624  -45.604  -46.398  -20.388 0.500000
118277  -46.547  -46.637  -20.497 0.500000
46359  -47.550  -45.500  -17.671 0.400000
101878  -45.087  -42.087  -25.133 0.500000
24359  -45.684  -46.304  -21.385 0.500000
118278  -46.956  -43.588  -17.802 0.400000
15640  -48.142  -44.914  -18.147 0.400000
137002  -47.601  -44.542  -17.895 0.400000
24361  -45.816  -45.963  -23.004 0.400000
55960  -45.633  -45.402  -22.683 0.400000
118279  -47.066  -42.889  -18.101 0.400000
69962  -47.754  -43.506  -19.211 0.400000
61352  -53.541  -51.378  -10.622 0.500000
27595  -54.409  -51.027  -13.437 0.400000
51749  -53.979  -48.198  -16.978 0.500000
111626  -49.933  -47.109  -10.875 0.500000
125826  -54.523  -49.745  -15.763 0.500000
111628  -39.957  -45.957  -19.402 0.300000
21055  -45.265  -42.405  -6.216 0.200000
111631  -47.354  -45.525  -13.406 0.300000
156708  -46.124  -45.172  -15.322 0.400000
111633  -46.735  -44.100  -14.016 0.300000
51778  -46.953  -43.900  -13.798 0.300000
86215  -45.700  -43.976  -14.998 0.300000
86217  -44.803  -43.947  -16.009 0.300000
156711  -45.173  -44.715  -17.500 0.300000
156630  -44.785  -44.151  -20.356 0.300000
86150  -44.923  -44.399  -19.421 0.300000
3293  -45.379  -44.557  -22.214 0.300000
156631  -44.538  -43.434  -20.429 0.300000
156712  -43.877  -43.162  -19.018 0.200000
10973  -44.843  -43.456  -21.443 0.300000
93480  -45.259  -43.569  -22.379 0.300000
10974  -45.777  -43.589  -23.156 0.300000
41694  -45.532  -42.191  -21.807 0.200000
55962  -46.423  -43.601  -23.656 0.300000
118283  -46.130  -44.518  -23.584 0.400000
118284  -46.783  -44.703  -24.150 0.400000
3295  -48.445  -42.200  -23.695 0.200000
55963  -47.797  -42.856  -24.061 0.300000
55964  -47.058  -43.836  -24.109 0.200000
161738  -48.231  -40.531  -23.018 0.200000
161742  -49.472  -41.460  -23.836 0.200000
114151  -48.976  -50.163  -22.027 0.100000
22456  -48.976  -50.163  -22.027 0.100000
96717  -53.341  -50.570  -9.819 0.400000
156689  -52.988  -49.803  -10.160 0.400000
12770  -54.480  -51.439  -10.561 0.500000
61349  -55.869  -50.454  -13.369 0.400000
125827  -54.798  -50.129  -15.134 0.500000
86200  -50.840  -48.193  -10.765 0.500000
27608  -40.049  -48.804  -18.350 0.400000
125864  -39.998  -45.012  -17.812 0.300000
27610  -45.989  -42.044  -5.953 0.200000
125866  -45.215  -41.822  -5.967 0.200000
27611  -43.747  -49.065  -14.388 0.100000
61377  -43.747  -49.065  -14.388 0.100000
21059  -47.020  -43.122  -14.228 0.200000
51781  -48.833  -43.119  -13.952 0.200000
9449  -45.558  -42.454  -16.445 0.200000
111636  -46.455  -42.217  -16.520 0.200000
38585  -44.302  -42.247  -18.514 0.200000
86219  -44.784  -42.109  -17.456 0.200000
131  -45.331  -41.291  -20.474 0.200000
156717  -45.771  -41.137  -17.047 0.200000
156714  -46.491  -49.509  -17.557 0.100000
41695  -47.020  -41.100  -21.927 0.200000
156715  -46.085  -49.082  -18.185 0.100000
34184  -46.795  -49.253  -18.625 0.100000
143620  -46.795  -49.253  -18.625 0.100000
143619  -47.021  -40.020  -22.195 0.200000
161737  -47.524  -40.493  -22.418 0.200000
143621  -46.964  -49.011  -19.364 0.100000
75355  -46.964  -49.011  -19.364 0.100000
90406  -47.586  -49.247  -19.608 0.100000
90407  -47.586  -49.247  -19.608 0.100000
90408  -48.569  -49.786  -19.557 0.100000
90410  -49.228  -50.037  -19.980 0.100000
143624  -47.806  -49.097  -20.215 0.100000
114149  -48.372  -49.311  -20.529 0.100000
22457  -49.086  -49.924  -20.539 0.100000
143626  -48.684  -49.284  -21.516 0.100000
143627  -48.715  -49.550  -22.456 0.100000
143628  -48.715  -49.550  -22.456 0.100000
34191  -48.597  -49.303  -23.366 0.100000
27591  -56.784  -51.704  -12.342 0.300000
125821  -57.107  -51.114  -14.092 0.300000
12767  -56.483  -51.511  -8.447 0.300000
96710  -57.008  -51.999  -10.463 0.300000
43488  -55.831  -51.184  -8.845 0.300000
96712  -48.110  -42.961  -9.013 0.300000
125820  -56.892  -51.483  -11.818 0.300000
61346  -56.790  -50.934  -12.715 0.300000
61347  -50.284  -43.448  -9.548 0.300000
96713  -55.058  -51.013  -9.044 0.300000
96715  -54.751  -51.249  -9.722 0.300000
43489  -54.870  -50.755  -8.845 0.300000
43490  -54.483  -50.533  -9.295 0.300000
5089  -55.590  -51.112  -11.319 0.300000
38577  -52.835  -49.143  -9.962 0.400000
86198  -53.395  -48.507  -9.290 0.400000
156687  -54.438  -48.947  -9.231 0.400000
12771  -53.697  -49.625  -9.651 0.400000
125858  -41.301  -49.877  -18.115 0.400000
21053  -51.239  -47.792  -10.073 0.400000
156690  -51.628  -48.067  -9.930 0.400000
125857  -40.621  -50.114  -17.488 0.400000
61374  -39.852  -47.457  -17.266 0.300000
96727  -39.036  -48.583  -16.735 0.300000
61375  -46.768  -41.567  -5.945 0.200000
96732  -43.438  -48.222  -14.312 0.100000
61380  -43.635  -48.282  -15.302 0.100000
125870  -43.828  -48.484  -16.353 0.100000
111638  -47.500  -42.495  -15.477 0.200000
86227  -44.091  -48.173  -17.096 0.100000
156724  -49.443  -42.796  -14.759 0.200000
86222  -45.556  -48.463  -18.463 0.100000
86223  -45.556  -48.463  -18.463 0.100000
156716  -46.137  -48.741  -18.813 0.100000
156719  -45.933  -48.222  -19.239 0.100000
105116  -46.917  -48.103  -20.347 0.100000
143623  -47.567  -48.560  -20.550 0.100000
17439  -47.852  -48.103  -21.349 0.100000
75358  -47.852  -48.103  -21.349 0.100000
75359  -48.336  -48.527  -21.680 0.100000
75360  -48.814  -48.427  -22.759 0.100000
34190  -49.123  -48.024  -23.002 0.100000
75366  -48.752  -48.505  -24.655 0.100000
135219  -48.600  -42.601  -8.720 0.200000
135220  -47.693  -42.456  -8.772 0.200000
61342  -49.186  -42.050  -8.178 0.200000
552  -55.096  -49.509  -8.371 0.300000
51771  -43.880  -54.061  -15.759 0.300000
111623  -51.646  -47.599  -9.537 0.400000
125855  -40.940  -50.803  -16.817 0.300000
27606  -39.390  -50.167  -16.458 0.300000
43498  -42.221  -47.442  -12.437 0.100000
12780  -43.704  -47.294  -15.453 0.100000
43500  -43.704  -47.294  -15.453 0.100000
96735  -44.060  -46.928  -15.750 0.100000
61382  -44.060  -46.928  -15.750 0.100000
125872  -43.757  -47.847  -16.201 0.100000
125873  -44.195  -47.199  -16.467 0.100000
61384  -44.195  -47.199  -16.467 0.100000
125874  -44.384  -47.499  -17.465 0.100000
38589  -44.765  -47.504  -18.376 0.100000
86224  -45.560  -47.463  -19.445 0.100000
86225  -46.100  -47.778  -19.794 0.100000
38588  -46.000  -47.167  -20.167 0.100000
105120  -48.050  -47.767  -21.777 0.100000
31223  -48.418  -41.817  -8.178 0.200000
6798  -46.200  -41.486  -8.457 0.200000
68556  -46.718  -42.207  -8.772 0.200000
68555  -55.436  -51.116  -6.823 0.300000
156657  -45.745  -42.173  -8.827 0.200000
111614  -41.560  -51.207  -16.488 0.300000
51769  -41.560  -51.207  -16.488 0.300000
21050  -43.881  -53.513  -15.458 0.300000
111620  -45.396  -53.842  -15.102 0.300000
27605  -39.487  -50.441  -15.500 0.300000
125851  -40.182  -50.776  -15.415 0.300000
61366  -38.775  -50.158  -14.557 0.300000
43499  -42.748  -46.576  -13.576 0.100000
135251  -40.858  -45.811  -15.733 0.200000
135252  -42.661  -46.077  -13.976 0.100000
156741  -43.182  -46.486  -14.475 0.100000
156742  -43.757  -46.425  -15.250 0.100000
38595  -44.485  -46.409  -15.886 0.100000
156745  -44.485  -46.409  -15.886 0.100000
21068  -45.452  -46.133  -15.982 0.100000
86246  -45.452  -46.133  -15.982 0.100000
111653  -46.436  -46.092  -15.944 0.100000
86245  -46.436  -46.092  -15.944 0.100000
61386  -44.673  -46.730  -16.510 0.100000
156747  -45.202  -46.511  -16.548 0.100000
86247  -46.092  -46.360  -16.541 0.100000
86248  -46.092  -46.360  -16.541 0.100000
156752  -47.092  -46.337  -16.500 0.100000
156755  -47.092  -46.337  -16.500 0.100000
38598  -48.092  -46.337  -16.500 0.100000
86251  -48.092  -46.337  -16.500 0.100000
86252  -49.092  -46.337  -16.500 0.100000
125875  -44.772  -46.830  -17.151 0.100000
27615  -45.522  -46.402  -17.462 0.100000
125876  -45.522  -46.402  -17.462 0.100000
38597  -46.520  -46.217  -17.235 0.100000
125877  -46.520  -46.217  -17.235 0.100000
156756  -47.500  -46.173  -17.173 0.100000
38599  -48.500  -46.173  -17.173 0.100000
111655  -49.500  -46.173  -17.173 0.100000
111641  -44.861  -46.844  -18.097 0.100000
21062  -45.381  -46.256  -18.612 0.100000
156726  -44.957  -46.818  -18.855 0.100000
38590  -45.390  -46.536  -19.433 0.100000
156722  -46.864  -46.536  -21.118 0.100000
143630  -48.554  -46.493  -22.394 0.100000
21042  -42.341  -41.356  -8.192 0.200000
111607  -43.370  -41.452  -8.283 0.200000
86171  -45.604  -46.158  -5.102 0.200000
51762  -45.675  -51.351  -10.677 0.300000
86170  -43.768  -42.173  -8.791 0.200000
21049  -43.399  -51.853  -14.432 0.300000
86192  -45.607  -53.417  -13.530 0.300000
86183  -40.156  -50.820  -14.476 0.300000
156672  -42.398  -51.568  -14.500 0.300000
86188  -44.429  -52.589  -13.558 0.300000
86187  -43.953  -51.773  -13.953 0.300000
86190  -45.121  -53.113  -12.974 0.300000
38574  -47.150  -53.827  -13.126 0.300000
125849  -37.843  -49.431  -13.456 0.300000
135244  -37.690  -48.509  -13.524 0.200000
27604  -39.443  -50.509  -14.500 0.300000
31234  -40.241  -47.371  -13.401 0.300000
135250  -38.494  -49.267  -15.697 0.200000
31236  -43.151  -45.500  -14.754 0.100000
135254  -41.944  -45.480  -15.156 0.200000
86243  -43.842  -45.500  -15.253 0.100000
2298  -46.043  -45.942  -18.031 0.100000
156758  -46.929  -45.847  -17.847 0.100000
86255  -48.908  -45.827  -17.827 0.100000
21064  -46.568  -45.626  -18.626 0.100000
51786  -47.500  -45.582  -18.582 0.100000
51785  -47.500  -45.582  -18.582 0.100000
86230  -45.675  -45.910  -19.292 0.100000
9451  -47.092  -45.536  -19.482 0.100000
86234  -46.512  -45.865  -20.234 0.100000
38591  -49.183  -45.183  -20.802 0.100000
156732  -49.183  -45.183  -20.802 0.100000
120798  -49.179  -45.255  -21.763 0.100000
51760  -44.645  -51.258  -10.482 0.300000
51761  -45.280  -51.027  -10.123 0.300000
125846  -43.626  -51.376  -10.556 0.300000
156668  -43.520  -51.480  -11.520 0.300000
38573  -45.302  -51.824  -12.339 0.300000
156676  -44.443  -51.624  -12.443 0.300000
38571  -41.582  -51.418  -13.500 0.300000
38572  -43.443  -51.624  -13.443 0.300000
156671  -42.500  -51.548  -13.500 0.300000
156675  -43.500  -51.548  -12.500 0.300000
125848  -38.477  -50.190  -13.500 0.300000
1218  -37.842  -49.918  -13.020 0.300000
135242  -37.617  -49.402  -12.443 0.200000
156669  -39.402  -50.550  -13.500 0.300000
68574  -38.610  -47.286  -12.429 0.200000
68575  -40.435  -47.173  -12.803 0.200000
6803  -41.095  -47.349  -13.517 0.200000
68581  -41.461  -47.202  -14.202 0.200000
5093  -41.127  -43.576  -5.572 0.100000
61362  -41.500  -50.500  -8.500 0.200000
61363  -41.475  -50.631  -9.459 0.300000
38570  -42.561  -51.439  -11.561 0.300000
86181  -41.058  -51.065  -11.014 0.300000
51765  -37.893  -50.049  -12.425 0.300000
51766  -38.619  -50.392  -12.482 0.300000
135241  -37.573  -48.541  -11.557 0.200000
68571  -38.191  -47.111  -11.298 0.200000
6802  -39.884  -43.626  -12.573 0.100000
68570  -39.884  -43.626  -12.573 0.100000
101047  -39.516  -45.471  -12.484 0.200000
5094  -40.500  -50.518  -9.500 0.300000
156665  -42.197  -51.065  -10.156 0.300000
111611  -38.035  -50.178  -11.323 0.300000
68563  -37.594  -49.441  -11.464 0.200000
68564  -37.665  -47.456  -10.646 0.200000
135240  -38.007  -46.963  -10.705 0.200000
31231  -39.529  -42.496  -12.109 0.100000
135238  -39.529  -42.496  -12.109 0.100000
135236  -39.529  -42.496  -12.109 0.100000
6801  -39.529  -42.496  -12.109 0.100000
101045  -40.263  -42.482  -13.698 0.100000
38568  -38.588  -50.435  -9.476 0.300000
111610  -38.642  -50.440  -10.458 0.300000
135230  -37.484  -48.518  -10.498 0.200000
68560  -39.719  -41.542  -10.559 0.100000
101041  -39.033  -41.028  -11.899 0.100000
117626  -38.967  -40.833  -12.276 0.100000
3138  -40.417  -41.486  -14.205 0.100000
135226  -37.176  -48.551  -8.471 0.200000
135227  -37.376  -48.575  -9.498 0.200000
101040  -39.511  -40.581  -10.703 0.100000
117628  -39.797  -40.628  -14.057 0.100000
24079  -39.760  -39.661  -14.044 0.100000
156578  -50.650  -45.620  -18.388 0.300000
156576  -51.492  -45.375  -16.808 0.300000
156577  -51.311  -45.414  -17.522 0.300000
127791  -49.181  -55.896  -11.980 0.200000
53154  -48.071  -55.841  -13.833 0.200000
156575  -49.443  -49.044  -22.880 0.400000
62753  -48.950  -55.119  -9.831 0.300000
43958  -50.650  -45.620  -18.388 0.400000
5558  -51.492  -45.375  -16.808 0.300000
28436  -52.826  -46.202  -15.561 0.300000
551  -49.807  -45.729  -20.221 0.400000
97558  -51.835  -45.323  -18.428 0.400000
62754  -52.748  -46.272  -16.638 0.300000
28437  -49.463  -55.468  -12.557 0.200000
43960  -49.974  -45.466  -21.125 0.400000
43959  -50.979  -45.269  -20.523 0.400000
127795  -52.432  -45.320  -18.097 0.400000
136992  -48.793  -45.235  -22.042 0.400000
136993  -48.173  -44.827  -22.827 0.400000
13239  -51.426  -45.044  -21.101 0.400000
28438  -52.748  -46.272  -16.638 0.300000
90346  -49.463  -55.468  -12.557 0.300000
161683  -49.512  -44.851  -22.612 0.400000
97559  -51.195  -45.073  -21.213 0.400000
62757  -52.277  -44.952  -20.699 0.300000
127794  -52.748  -46.272  -16.638 0.400000
136994  -47.857  -44.167  -24.167 0.400000
97560  -50.993  -44.874  -21.867 0.400000
28439  -52.763  -45.054  -20.477 0.300000
31879  -47.548  -44.457  -23.493 0.400000
90362  -48.827  -44.173  -24.173 0.400000
161684  -49.412  -44.395  -23.584 0.400000
5560  -50.993  -44.874  -21.867 0.400000
136995  -47.213  -43.734  -24.704 0.400000
161685  -50.413  -44.307  -23.466 0.400000
62760  -51.639  -44.222  -23.500 0.300000
136997  -46.523  -43.163  -25.125 0.400000
90363  -48.827  -44.173  -24.173 0.400000
40243  -49.798  -44.116  -24.116 0.400000
161688  -50.950  -43.956  -23.956 0.400000
7080  -47.473  -43.263  -25.424 0.400000
114122  -48.466  -43.457  -25.452 0.400000
161686  -49.198  -43.817  -24.786 0.400000
161687  -50.307  -43.798  -24.537 0.400000
161689  -51.299  -43.773  -24.526 0.300000
136998  -46.724  -42.478  -25.807 0.400000
22442  -48.595  -43.085  -26.077 0.400000
90365  -49.443  -43.473  -25.459 0.400000
40244  -50.950  -43.956  -23.956 0.300000
161690  -51.299  -43.773  -24.526 0.200000
31880  -49.483  -46.545  -19.313 0.300000
114121  -47.393  -42.863  -25.877 0.400000
136999  -46.965  -42.020  -26.232 0.400000
22441  -47.183  -41.443  -26.456 0.400000
114124  -48.595  -43.085  -26.077 0.400000
90364  -48.595  -43.085  -26.077 0.400000
90367  -50.482  -43.343  -25.461 0.200000
90368  -50.254  -42.991  -26.206 0.200000
161699  -51.346  -43.016  -25.984 0.300000
69960  -50.219  -44.486  -20.938 0.300000
69959  -49.637  -45.100  -19.993 0.300000
137000  -50.582  -44.510  -21.743 0.300000
114125  -48.802  -42.399  -26.792 0.300000
161697  -49.831  -42.751  -26.822 0.200000
10003  -48.595  -43.085  -26.077 0.200000
161698  -50.620  -42.811  -26.661 0.200000
40248  -49.747  -50.235  -22.730 0.200000
137007  -49.541  -44.500  -20.264 0.300000
31881  -50.219  -44.486  -20.938 0.300000
53162  -48.022  -41.557  -26.732 0.400000
161694  -52.524  -44.875  -11.962 0.100000
31883  -49.904  -43.486  -20.666 0.300000
137009  -50.219  -44.486  -20.938 0.300000
1374  -50.484  -44.459  -12.443 0.200000
161692  -50.500  -47.500  -15.500 0.200000
40247  -53.421  -44.747  -12.419 0.100000
90376  -49.373  -50.643  -23.389 0.200000
137011  -50.410  -46.202  -15.483 0.200000
127801  -50.484  -44.459  -12.443 0.200000
28442  -51.418  -44.173  -13.173 0.100000
40246  -52.418  -44.173  -13.173 0.100000
90373  -53.418  -44.205  -13.158 0.100000
90374  -54.418  -44.246  -13.198 0.100000
69965  -50.046  -42.566  -20.913 0.200000
69967  -50.082  -43.411  -21.561 0.300000
31884  -49.171  -43.200  -21.935 0.300000
101883  -49.716  -41.936  -20.895 0.200000
69964  -46.500  -43.500  -13.500 0.100000
69966  -49.904  -43.486  -20.666 0.300000
69969  -50.515  -45.687  -15.565 0.200000
127803  -50.160  -43.776  -13.799 0.100000
90371  -52.092  -43.827  -13.827 0.100000
22445  -53.092  -43.827  -13.827 0.100000
90372  -54.092  -43.827  -13.827 0.100000
101884  -50.153  -42.069  -21.094 0.200000
7082  -49.381  -42.794  -21.894 0.200000
69970  -50.515  -45.687  -15.565 0.200000
137012  -48.495  -43.448  -14.480 0.100000
28441  -49.495  -43.529  -14.561 0.100000
127804  -50.500  -43.582  -14.582 0.100000
127805  -51.500  -43.582  -14.582 0.100000
114127  -52.500  -43.582  -14.582 0.100000
114129  -53.500  -43.582  -14.582 0.100000
114132  -54.500  -43.582  -14.582 0.100000
101886  -46.874  -43.126  -14.915 0.100000
31885  -49.445  -45.802  -15.894 0.200000
137013  -48.655  -43.221  -15.468 0.100000
62763  -49.827  -43.396  -15.459 0.100000
127807  -50.892  -43.468  -15.500 0.100000
114126  -51.908  -43.500  -15.500 0.100000
22444  -52.890  -43.464  -15.500 0.100000
22446  -53.849  -43.423  -15.459 0.100000
114133  -54.827  -43.418  -15.418 0.100000
5561  -48.643  -43.043  -16.043 0.100000
62765  -50.362  -43.214  -16.479 0.100000
28444  -51.484  -43.387  -16.418 0.100000
2483  -53.383  -43.219  -16.434 0.100000
53168  -54.254  -43.195  -16.202 0.100000
62767  -52.061  -43.167  -17.167 0.100000
15179  -41.665  -46.392  -12.361 0.200000
15641  -48.507  -44.402  -24.582 0.200000
46362  -44.908  -42.827  -14.827 0.100000
101885  -45.855  -42.880  -14.866 0.100000
101887  -45.539  -42.578  -15.582 0.100000
137015  -47.773  -42.875  -15.843 0.100000
15644  -46.243  -42.408  -16.412 0.100000
137016  -48.408  -42.715  -16.468 0.100000
97562  -49.438  -42.757  -16.816 0.100000
53166  -52.848  -43.106  -17.093 0.100000
53165  -52.848  -43.106  -17.093 0.100000
127809  -52.452  -43.376  -16.412 0.100000
13242  -50.147  -42.833  -17.085 0.100000
97556  -51.492  -45.375  -16.808 0.300000
13238  -51.492  -45.375  -16.808 0.400000
127792  -53.064  -46.717  -16.500 0.300000
62755  -52.290  -45.697  -17.188 0.300000
97557  -51.492  -45.375  -16.808 0.300000
127793  -52.784  -46.493  -17.483 0.300000
13240  -50.220  -45.196  -21.625 0.400000
127796  -52.821  -45.056  -19.599 0.300000
31878  -48.500  -44.500  -23.500 0.400000
62756  -51.426  -45.044  -21.101 0.400000
62758  -52.277  -44.952  -20.699 0.300000
90361  -48.173  -43.791  -24.809 0.400000
114123  -47.653  -42.431  -26.278 0.400000
90366  -49.525  -43.084  -26.173 0.200000
40245  -51.450  -43.380  -25.469 0.200000
53161  -49.566  -43.532  -23.500 0.300000
22443  -51.516  -47.421  -15.500 0.200000
90375  -50.973  -42.856  -27.030 0.200000
137008  -50.219  -44.486  -20.938 0.300000
137001  -49.815  -43.493  -22.527 0.300000
161693  -49.582  -47.500  -14.500 0.200000
161696  -52.725  -45.214  -11.921 0.100000
53163  -48.164  -41.037  -27.003 0.400000
137010  -50.846  -46.162  -14.846 0.200000
127802  -50.047  -47.042  -17.068 0.200000
90370  -51.500  -44.500  -12.500 0.100000
10004  -54.484  -44.817  -12.738 0.100000
90369  -51.418  -44.173  -13.173 0.100000
161695  -52.418  -44.173  -13.173 0.100000
69968  -50.082  -43.411  -21.561 0.300000
62762  -50.160  -43.776  -13.799 0.100000
5562  -52.092  -43.827  -13.827 0.100000
114128  -53.092  -43.827  -13.827 0.100000
114130  -54.092  -43.827  -13.827 0.100000
15643  -45.582  -43.179  -14.196 0.100000
137014  -47.548  -43.376  -14.370 0.100000
62761  -48.495  -43.448  -14.480 0.100000
28443  -50.500  -43.582  -14.582 0.100000
127808  -51.500  -43.582  -14.582 0.100000
53167  -54.500  -43.582  -14.582 0.100000
127806  -49.827  -43.396  -15.459 0.100000
22448  -54.827  -43.418  -15.418 0.100000
97561  -48.643  -43.043  -16.043 0.100000
69972  -47.773  -42.875  -15.843 0.100000
156597  -55.144  -55.418  -21.005 0.300000
21021  -52.765  -45.643  -12.500 0.200000
51740  -51.383  -56.705  -19.173 0.300000
111566  -52.765  -45.643  -12.500 0.200000
9436  -55.867  -47.472  -18.482 0.400000
86123  -52.437  -45.468  -11.541 0.200000
86124  -55.443  -47.221  -19.474 0.400000
156598  -55.893  -46.960  -20.754 0.300000
111565  -53.296  -46.113  -12.542 0.200000
156600  -54.673  -47.048  -19.145 0.400000
111567  -52.765  -45.643  -12.500 0.200000
21020  -52.765  -45.643  -12.500 0.200000
111563  -44.155  -60.541  -11.676 0.100000
111564  -53.105  -45.935  -13.452 0.200000
9433  -44.755  -60.216  -11.994 0.100000
9434  -49.561  -51.490  -21.710 0.300000
86095  -44.125  -59.923  -12.089 0.100000
156573  -52.911  -45.923  -14.167 0.200000
86097  -44.563  -59.718  -12.619 0.100000
86098  -45.501  -59.733  -12.777 0.100000
86099  -46.381  -59.499  -12.408 0.100000
38537  -46.938  -59.069  -12.770 0.100000
86091  -44.785  -59.242  -13.593 0.100000
156567  -45.832  -59.385  -13.412 0.100000
156568  -46.640  -59.085  -13.312 0.100000
86090  -44.942  -58.918  -14.175 0.100000
38534  -46.153  -59.022  -13.896 0.100000
156602  -50.560  -51.563  -21.697 0.300000
86103  -52.765  -45.643  -12.500 0.200000
38538  -52.958  -46.208  -14.833 0.200000
86101  -53.105  -45.935  -13.452 0.200000
86100  -53.217  -46.500  -14.429 0.200000
156559  -46.570  -58.417  -13.819 0.100000
38533  -45.233  -58.402  -14.374 0.100000
156603  -50.582  -45.500  -13.500 0.200000
86106  -47.500  -48.472  -22.506 0.300000
156574  -52.384  -45.746  -14.511 0.200000
156570  -52.826  -46.202  -15.561 0.200000
156560  -47.317  -57.541  -13.055 0.100000
156557  -45.688  -57.500  -14.387 0.100000
156558  -46.411  -57.557  -14.097 0.100000
86105  -48.500  -47.582  -22.418 0.300000
156572  -47.833  -51.520  -22.781 0.300000
86128  -50.664  -45.390  -16.213 0.200000
127790  -53.133  -46.702  -15.489 0.200000
2291  -47.772  -56.839  -12.730 0.100000
114107  -46.735  -56.980  -13.918 0.100000
22433  -47.340  -56.533  -13.698 0.100000
53155  -48.227  -56.255  -13.284 0.100000
114108  -47.040  -56.020  -14.206 0.100000
38540  -50.989  -45.316  -16.083 0.200000
22435  -48.711  -55.716  -13.688 0.100000
161665  -49.283  -55.483  -13.416 0.100000
22434  -47.664  -55.456  -14.240 0.100000
114110  -48.573  -55.249  -14.137 0.100000
156604  -50.566  -45.620  -17.313 0.200000
90347  -49.815  -54.790  -12.418 0.100000
161666  -49.761  -54.795  -13.356 0.100000
90348  -50.210  -54.152  -13.076 0.100000
161660  -47.531  -54.577  -14.666 0.100000
90341  -48.462  -54.523  -14.481 0.100000
114111  -49.384  -54.564  -14.144 0.100000
40237  -50.119  -54.113  -13.828 0.100000
127797  -52.693  -45.194  -20.436 0.300000
161670  -50.174  -53.504  -14.342 0.100000
38548  -47.111  -50.040  -21.688 0.300000
38547  -55.708  -47.015  -20.274 0.300000
156599  -50.582  -45.500  -13.500 0.200000
38539  -48.484  -51.577  -22.302 0.300000
53153  -48.071  -55.841  -13.833 0.100000
114109  -48.071  -55.841  -13.833 0.100000
156571  -48.950  -55.119  -9.831 0.200000
86102  -52.452  -45.624  -13.452 0.200000
86104  -48.938  -51.778  -22.014 0.300000
156569  -46.938  -59.069  -12.770 0.100000
161659  -47.040  -56.020  -14.206 0.100000
90342  -47.664  -55.456  -14.240 0.100000
161667  -49.761  -54.795  -13.356 0.100000
40234  -47.531  -54.577  -14.666 0.100000
10000  -48.462  -54.523  -14.481 0.100000
5559  -52.540  -46.321  -18.628 0.200000
90349  -49.210  -56.384  -21.500 0.100000
10001  -48.302  -56.489  -22.428 0.100000
114116  -53.024  -47.046  -21.134 0.200000
90355  -48.084  -55.992  -23.024 0.100000
114114  -52.415  -46.395  -20.475 0.200000
114115  -52.653  -46.784  -21.115 0.200000
114117  -53.108  -47.216  -21.201 0.200000
22438  -50.120  -55.003  -22.429 0.100000
161677  -47.702  -55.709  -23.090 0.100000
114118  -52.644  -46.658  -22.278 0.200000
53159  -50.110  -54.790  -23.114 0.100000
114112  -52.674  -45.612  -21.294 0.200000
53157  -50.353  -54.423  -21.895 0.100000
22439  -48.828  -54.841  -22.930 0.100000
114119  -49.568  -54.393  -23.492 0.100000
127798  -52.763  -45.054  -20.477 0.200000
22436  -52.415  -46.395  -20.475 0.200000
53158  -50.468  -53.482  -22.548 0.100000
22440  -49.659  -53.461  -24.020 0.100000
53156  -50.501  -52.411  -22.318 0.100000
53160  -50.243  -52.787  -23.974 0.100000
62759  -52.763  -45.054  -20.477 0.200000
127799  -52.526  -44.463  -23.452 0.200000
127800  -51.952  -43.839  -24.812 0.200000
161701  -49.630  -51.594  -23.692 0.100000
2482  -50.625  -51.571  -23.145 0.100000
28440  -52.021  -44.125  -24.167 0.200000
161700  -50.541  -50.495  -22.523 0.100000
161702  -49.659  -53.461  -24.020 0.100000
114113  -52.592  -46.586  -19.451 0.100000
22437  -52.613  -46.667  -20.223 0.100000
86122  -54.389  -54.461  -20.424 0.200000
51741  -53.146  -45.906  -11.518 0.100000
61344  -56.766  -52.039  -11.248 0.200000
125817  -50.473  -42.462  -8.319 0.100000
111604  -42.662  -41.163  -7.821 0.100000
15170  -47.716  -41.174  -7.809 0.100000
135217  -48.182  -41.227  -7.725 0.100000
156655  -45.173  -41.500  -8.500 0.100000
68553  -47.359  -41.418  -8.180 0.100000
86163  -46.221  -51.015  -9.227 0.200000
9442  -43.475  -40.760  -7.642 0.100000
45890  -46.524  -40.617  -7.402 0.100000
111603  -45.935  -51.130  -9.935 0.200000
111605  -43.898  -41.082  -8.175 0.100000
86169  -44.476  -40.956  -8.120 0.100000
156652  -45.418  -40.908  -8.092 0.100000
101037  -46.388  -40.882  -8.033 0.100000
101036  -47.000  -40.844  -7.903 0.100000
86120  -54.173  -55.233  -20.044 0.200000
125818  -49.748  -49.517  -1.625 0.100000
68552  -46.402  -46.491  -4.418 0.100000
156653  -45.604  -46.158  -5.102 0.100000
156654  -44.254  -41.516  -8.477 0.100000
111602  -44.399  -51.042  -9.880 0.200000
61343  -50.044  -43.043  -8.920 0.100000
101034  -47.716  -41.174  -7.809 0.100000
101035  -47.716  -41.174  -7.809 0.100000
38565  -45.173  -41.500  -8.500 0.100000
86167  -43.475  -40.760  -7.642 0.100000
86121  -54.061  -55.786  -20.240 0.100000
38546  -54.625  -55.473  -20.525 0.100000
156660  -37.815  -49.931  -7.955 0.100000
12774  -38.296  -50.093  -7.866 0.100000
96721  -39.173  -50.173  -7.827 0.100000
12773  -40.198  -50.183  -7.786 0.100000
27600  -41.386  -50.266  -7.456 0.100000
96722  -39.418  -50.418  -8.582 0.100000
61360  -40.443  -50.427  -8.541 0.100000
43492  -37.758  -49.113  -6.962 0.100000
12772  -38.332  -49.211  -6.807 0.100000
96718  -39.280  -49.264  -6.704 0.100000
61357  -40.318  -49.430  -6.441 0.100000
43494  -37.905  -49.552  -7.444 0.100000
43493  -38.758  -49.722  -7.278 0.100000
96719  -39.770  -49.754  -7.214 0.100000
61359  -40.725  -49.861  -7.116 0.100000
125838  -41.295  -49.993  -6.963 0.100000
135224  -37.540  -49.473  -8.154 0.100000
141908  -39.633  -48.100  -4.900 0.100000
141912  -37.125  -47.738  -5.853 0.100000
141911  -37.669  -48.076  -5.701 0.100000
141910  -38.329  -48.271  -5.679 0.100000
141909  -39.371  -48.348  -5.437 0.100000
285  -36.978  -48.194  -6.645 0.100000
5092  -39.725  -48.861  -6.116 0.100000
141905  -40.216  -49.050  -5.985 0.100000
135225  -36.880  -48.187  -7.791 0.100000
68558  -36.884  -48.172  -8.259 0.100000
73956  -37.535  -47.576  -4.330 0.100000
73955  -38.271  -47.864  -4.658 0.100000
33593  -39.210  -48.075  -4.530 0.100000
141938  -36.954  -47.249  -5.469 0.100000
141939  -36.594  -47.423  -6.436 0.100000
31225  -36.642  -47.473  -7.500 0.100000
31227  -37.193  -48.024  -8.980 0.100000
101051  -41.434  -47.133  -12.836 0.100000
101052  -42.092  -47.337  -13.500 0.100000
68583  -42.516  -46.969  -14.224 0.100000
141941  -36.567  -46.551  -7.153 0.100000
68559  -36.659  -46.696  -8.259 0.100000
135228  -36.879  -46.549  -9.092 0.100000
45898  -41.239  -46.030  -12.059 0.100000
68580  -41.276  -46.729  -14.700 0.100000
31237  -42.024  -46.307  -14.934 0.100000
45900  -42.475  -45.582  -12.387 0.100000
68585  -43.602  -46.641  -14.668 0.100000
135257  -42.554  -46.023  -15.044 0.100000
31238  -43.104  -46.570  -14.719 0.100000
33594  -37.546  -47.733  -5.141 0.100000
73954  -38.276  -47.868  -4.131 0.100000
73953  -38.721  -47.998  -4.121 0.100000
135255  -43.842  -45.500  -15.253 0.100000
125842  -41.127  -43.576  -5.572 0.100000
125840  -41.127  -43.576  -5.572 0.100000
61361  -41.500  -50.500  -8.500 0.100000
31226  -37.915  -50.127  -9.418 0.100000
135256  -41.461  -47.202  -14.202 0.100000
96720  -39.173  -50.173  -7.827 0.100000
125841  -40.198  -50.183  -7.786 0.100000
125839  -41.386  -50.266  -7.456 0.100000
61358  -41.386  -50.266  -7.456 0.100000
135223  -37.540  -49.473  -8.154 0.100000
141940  -36.594  -47.423  -6.436 0.100000
15180  -42.092  -47.337  -13.500 0.100000
135258  -42.554  -46.023  -15.044 0.100000
118286  -48.837  -43.511  -24.452 0.100000
118287  -49.728  -43.408  -24.758 0.100000
24363  -49.365  -42.375  -24.203 0.100000
156585  -45.933  -61.918  -18.869 0.100000
27588  -45.009  -61.988  -20.975 0.100000
125814  -49.870  -60.966  -18.071 0.100000
156584  -43.029  -61.016  -19.161 0.100000
61341  -44.268  -61.409  -21.009 0.100000
61340  -45.295  -61.523  -21.211 0.100000
156586  -49.899  -60.395  -17.845 0.100000
156581  -43.076  -60.412  -18.801 0.100000
38542  -46.768  -60.534  -18.817 0.100000
86113  -49.668  -59.500  -17.967 0.100000
96708  -42.819  -59.557  -19.022 0.100000
156580  -43.337  -59.598  -18.683 0.100000
156583  -47.452  -59.827  -18.894 0.100000
156579  -44.634  -59.030  -19.147 0.100000
38541  -47.164  -59.158  -19.205 0.100000
46011  -38.454  -58.459  -13.289 0.100000
46012  -38.079  -58.055  -14.014 0.100000
68922  -38.088  -58.118  -16.858 0.100000
68923  -38.546  -58.162  -17.574 0.100000
31397  -39.382  -58.135  -17.940 0.100000
135698  -39.960  -58.083  -18.193 0.100000
156587  -51.150  -58.130  -18.173 0.100000
1258  -39.412  -58.371  -18.653 0.100000
135699  -40.135  -58.090  -18.859 0.100000
12766  -42.970  -59.037  -18.865 0.100000
43486  -44.207  -58.822  -19.087 0.100000
51739  -51.152  -58.119  -18.841 0.100000
126353  -39.532  -58.376  -19.559 0.100000
61727  -40.563  -58.070  -19.641 0.100000
96941  -41.568  -58.065  -19.842 0.100000
43484  -42.699  -58.539  -19.563 0.100000
550  -43.708  -58.350  -19.390 0.100000
135195  -45.748  -58.660  -19.707 0.100000
86108  -47.736  -58.484  -19.532 0.100000
21019  -51.097  -58.122  -19.221 0.100000
27820  -38.864  -58.464  -20.494 0.100000
12896  -40.778  -58.106  -20.336 0.100000
43615  -44.941  -57.985  -20.243 0.100000
135194  -45.514  -58.143  -20.114 0.100000
46013  -37.684  -57.616  -15.726 0.100000
101257  -37.981  -57.510  -16.348 0.100000
6873  -38.690  -57.409  -16.925 0.100000
86112  -51.072  -57.014  -17.120 0.100000
86114  -51.771  -57.078  -16.961 0.100000
38543  -52.282  -56.928  -17.037 0.100000
68924  -38.845  -57.729  -17.294 0.100000
135697  -39.891  -57.856  -17.893 0.100000
135696  -39.891  -57.100  -18.176 0.100000
2292  -51.561  -57.343  -18.478 0.100000
5215  -41.434  -57.471  -19.637 0.100000
96939  -42.323  -57.531  -19.805 0.100000
12895  -43.195  -57.769  -19.781 0.100000
31215  -48.161  -57.804  -19.804 0.100000
135704  -43.444  -57.257  -20.332 0.100000
135705  -44.393  -57.551  -20.468 0.100000
135706  -45.248  -57.544  -20.476 0.100000
135196  -48.358  -57.179  -20.220 0.100000
1257  -38.167  -56.875  -14.904 0.100000
46014  -37.946  -56.902  -15.553 0.100000
117793  -38.618  -56.265  -15.429 0.100000
117792  -39.606  -56.020  -14.941 0.100000
9435  -52.040  -56.071  -16.129 0.100000
15294  -37.861  -57.037  -16.004 0.100000
135691  -39.253  -56.532  -16.842 0.100000
86111  -51.008  -56.592  -17.008 0.100000
156593  -53.100  -56.079  -16.528 0.100000
135692  -39.779  -56.525  -17.542 0.100000
156582  -50.687  -56.424  -17.465 0.100000
156594  -52.649  -56.394  -17.513 0.100000
135695  -39.802  -56.900  -17.998 0.100000
68931  -40.799  -56.557  -19.095 0.100000
68933  -41.460  -56.579  -19.660 0.100000
135701  -41.942  -56.874  -19.869 0.100000
135700  -41.922  -56.449  -20.026 0.100000
31401  -43.257  -56.433  -20.694 0.100000
68938  -47.500  -56.722  -20.740 0.100000
31214  -49.087  -56.261  -20.122 0.100000
135703  -44.625  -56.359  -21.165 0.100000
31402  -47.534  -56.120  -21.162 0.100000
24151  -40.397  -55.680  -15.862 0.100000
86110  -51.986  -55.654  -16.043 0.100000
117794  -38.912  -55.949  -15.921 0.100000
117795  -40.827  -55.474  -16.464 0.100000
55612  -41.818  -55.025  -16.303 0.100000
55610  -42.648  -54.969  -15.821 0.100000
111569  -50.894  -55.159  -16.993 0.100000
21023  -51.486  -55.453  -16.436 0.100000
111572  -52.274  -55.284  -16.154 0.100000
68926  -40.430  -55.730  -17.486 0.100000
24152  -41.254  -55.039  -17.362 0.100000
86109  -50.593  -55.375  -17.544 0.100000
156595  -52.967  -55.727  -17.980 0.100000
135694  -40.722  -55.817  -18.500 0.100000
31398  -41.183  -55.192  -18.380 0.100000
68535  -49.742  -55.209  -18.760 0.100000
86107  -50.219  -55.749  -18.187 0.100000
31399  -40.788  -56.037  -18.963 0.100000
68937  -48.847  -55.154  -19.939 0.100000
68932  -42.559  -55.523  -20.283 0.100000
68934  -44.895  -55.441  -21.471 0.100000
135702  -46.832  -55.418  -21.401 0.100000
55613  -41.755  -54.512  -16.988 0.100000
117796  -41.529  -54.500  -17.529 0.100000
6795  -50.670  -54.520  -17.350 0.100000
38545  -53.781  -54.875  -17.781 0.100000
68534  -49.750  -54.529  -18.750 0.100000
31216  -50.259  -54.539  -18.228 0.100000
101264  -47.898  -54.078  -20.088 0.100000
68929  -43.087  -54.500  -20.611 0.100000
68930  -43.668  -54.500  -21.144 0.100000
6874  -45.396  -54.508  -21.751 0.100000
135201  -50.942  -53.889  -17.126 0.100000
21022  -52.025  -53.139  -16.119 0.100000
135200  -51.110  -53.305  -17.507 0.100000
68925  -41.872  -53.884  -18.712 0.100000
6794  -49.898  -53.898  -18.898 0.100000
68536  -50.493  -53.379  -18.493 0.100000
135199  -50.976  -53.316  -18.033 0.100000
68927  -42.368  -53.572  -19.488 0.100000
15298  -48.757  -53.764  -19.821 0.100000
68935  -49.531  -53.330  -19.475 0.100000
135693  -43.403  -53.500  -20.829 0.100000
101263  -48.422  -53.311  -20.424 0.100000
101265  -49.010  -53.228  -20.033 0.100000
68928  -47.684  -53.426  -21.064 0.100000
135202  -51.786  -52.555  -16.525 0.100000
135203  -52.285  -52.669  -16.029 0.100000
15165  -50.817  -52.075  -17.658 0.100000
68538  -51.198  -52.510  -17.357 0.100000
117797  -42.535  -52.445  -18.502 0.100000
15164  -49.915  -52.173  -18.759 0.100000
101026  -50.398  -52.354  -18.345 0.100000
101266  -49.763  -52.371  -19.185 0.100000
101024  -50.108  -52.925  -19.025 0.100000
15296  -48.035  -52.361  -21.137 0.100000
31218  -51.734  -51.312  -15.400 0.100000
68539  -51.451  -51.694  -16.549 0.100000
101027  -50.480  -51.581  -17.616 0.100000
68537  -51.018  -51.792  -17.239 0.100000
24153  -42.846  -51.685  -18.594 0.100000
15297  -49.406  -51.571  -19.376 0.100000
101260  -47.787  -51.263  -20.837 0.100000
135211  -51.204  -50.776  -15.471 0.100000
3178  -43.930  -51.038  -20.352 0.100000
55611  -40.176  -55.798  -15.003 0.100000
93268  -42.098  -54.520  -14.284 0.100000
10856  -42.428  -54.434  -14.810 0.100000
55608  -42.705  -54.593  -15.302 0.100000
55609  -42.866  -54.900  -15.270 0.100000
68920  -38.088  -58.118  -16.858 0.100000
31400  -39.960  -58.083  -18.193 0.100000
126351  -39.960  -58.083  -18.193 0.100000
27819  -40.135  -58.090  -18.859 0.100000
61726  -39.532  -58.376  -19.559 0.100000
61725  -40.563  -58.070  -19.641 0.100000
96940  -40.563  -58.070  -19.641 0.100000
43616  -41.568  -58.065  -19.842 0.100000
43617  -42.699  -58.539  -19.563 0.100000
12764  -42.699  -58.539  -19.563 0.100000
101258  -37.981  -57.510  -16.348 0.100000
135197  -48.161  -57.804  -19.804 0.100000
135690  -37.946  -56.902  -15.553 0.100000
68936  -44.625  -56.359  -21.165 0.100000
111568  -50.894  -55.159  -16.993 0.100000
135198  -50.219  -55.749  -18.187 0.100000
31217  -50.942  -53.889  -17.126 0.100000
101025  -49.898  -53.898  -18.898 0.100000
46018  -49.010  -53.228  -20.033 0.100000
68540  -51.786  -52.555  -16.525 0.100000
117788  -42.098  -54.520  -14.284 0.100000
46975  -47.644  -54.033  -11.967 0.100000
16254  -48.008  -54.003  -11.956 0.100000
102993  -41.608  -54.332  -12.908 0.100000
71810  -42.197  -54.460  -12.620 0.100000
16258  -43.109  -54.468  -12.525 0.100000
139287  -44.150  -54.372  -12.710 0.100000
102988  -46.986  -54.088  -13.042 0.100000
102995  -40.946  -54.248  -14.652 0.100000
102997  -41.461  -54.454  -16.462 0.100000
102998  -41.777  -54.443  -17.250 0.100000
46974  -44.716  -53.124  -10.859 0.100000
129163  -46.092  -53.173  -10.827 0.100000
63772  -47.888  -53.185  -10.907 0.100000
46976  -43.812  -53.171  -11.712 0.100000
32688  -42.509  -53.527  -12.439 0.100000
139285  -43.533  -53.419  -12.127 0.100000
16256  -45.600  -53.632  -12.408 0.100000
129162  -49.025  -53.740  -12.190 0.100000
102992  -40.876  -53.394  -13.885 0.100000
139286  -45.714  -53.936  -13.388 0.100000
139288  -45.762  -54.082  -14.020 0.100000
16259  -41.539  -53.436  -15.545 0.100000
16261  -41.685  -53.535  -16.689 0.100000
102999  -41.981  -53.548  -17.385 0.100000
16262  -42.353  -53.516  -18.028 0.100000
2606  -51.726  -52.100  -7.882 0.100000
115392  -50.894  -52.226  -9.052 0.100000
53898  -51.602  -52.348  -8.501 0.100000
28994  -43.006  -51.989  -10.058 0.100000
63773  -44.908  -52.262  -9.786 0.100000
5844  -45.908  -52.255  -9.745 0.100000
129166  -47.908  -52.246  -9.802 0.100000
129165  -49.840  -52.224  -9.799 0.100000
23123  -50.663  -52.408  -9.728 0.100000
129164  -42.957  -52.319  -10.766 0.100000
98168  -49.582  -52.532  -10.516 0.100000
687  -42.614  -52.354  -11.435 0.100000
63771  -48.923  -53.024  -11.282 0.100000
71808  -41.849  -52.512  -12.436 0.100000
139284  -42.582  -52.757  -12.103 0.100000
46980  -42.062  -52.222  -17.056 0.100000
92243  -50.741  -51.066  -6.859 0.100000
53897  -49.636  -51.040  -7.880 0.100000
92242  -51.541  -51.669  -7.520 0.100000
129167  -43.661  -50.963  -8.993 0.100000
28995  -44.186  -51.116  -8.893 0.100000
63775  -46.092  -51.173  -8.827 0.100000
129170  -41.889  -51.025  -10.073 0.100000
129171  -42.362  -51.328  -9.939 0.100000
71809  -41.184  -51.457  -14.378 0.100000
102990  -41.465  -51.269  -15.227 0.100000
102991  -41.691  -51.439  -16.156 0.100000
46978  -41.918  -51.017  -17.022 0.100000
46979  -42.257  -51.446  -17.602 0.100000
119140  -40.889  -50.505  -13.632 0.100000
53896  -47.767  -49.100  -6.908 0.100000
115393  -45.559  -49.500  -8.464 0.100000
24730  -41.528  -49.527  -14.851 0.100000
23122  -45.739  -48.494  -8.225 0.100000
129172  -41.521  -48.559  -12.778 0.100000
129173  -41.625  -48.392  -13.611 0.100000
158732  -46.700  -47.469  -6.593 0.100000
24729  -43.641  -47.257  -14.579 0.100000
129175  -44.575  -47.195  -14.798 0.100000
129176  -45.500  -47.133  -14.820 0.100000
63774  -43.650  -46.310  -9.882 0.100000
129169  -42.905  -46.765  -11.448 0.100000
28996  -42.846  -46.852  -12.516 0.100000
28997  -43.572  -46.796  -13.545 0.100000
63779  -44.411  -46.196  -13.352 0.100000
129174  -44.005  -46.974  -14.282 0.100000
63782  -44.557  -46.802  -14.179 0.100000
63778  -44.255  -45.468  -12.729 0.100000
63776  -43.814  -44.733  -11.447 0.100000
129168  -44.020  -45.000  -12.260 0.100000
63777  -45.037  -45.037  -13.212 0.100000
63780  -42.362  -51.328  -9.939 0.100000
56574  -43.641  -47.257  -14.579 0.100000
63781  -43.572  -46.796  -13.545 0.100000
