#!ascii label  , from subject fsaverage vox2ras=TkReg 
513
551  -42.572  -79.633  0.119 0.0000000000
616  -42.856  -74.239  -5.499 0.0000000000
1373  -39.939  -74.478  0.770 0.0000000000
1374  -41.499  -77.519  -3.143 0.0000000000
1375  -41.705  -71.390  -3.099 0.0000000000
2293  -44.464  -78.243  3.616 0.0000000000
2294  -40.949  -73.165  4.727 0.0000000000
2296  -43.239  -70.176  6.358 0.0000000000
3293  -39.376  -71.498  0.444 0.0000000000
3294  -40.492  -72.884  -1.421 0.0000000000
3295  -40.529  -69.826  -1.622 0.0000000000
5090  -42.646  -75.931  4.505 0.0000000000
5091  -44.325  -73.983  5.890 0.0000000000
5097  -41.687  -67.670  6.077 0.0000000000
5098  -40.718  -68.601  5.078 0.0000000000
5560  -42.630  -81.264  -1.602 0.0000000000
5561  -41.816  -75.807  -4.534 0.0000000000
5562  -41.144  -79.137  -4.604 0.0000000000
5563  -41.713  -77.451  -6.059 0.0000000000
7079  -41.514  -77.277  0.370 0.0000000000
7080  -41.884  -78.866  -1.626 0.0000000000
7082  -41.425  -74.306  -3.254 0.0000000000
7083  -42.318  -72.776  -4.205 0.0000000000
9438  -41.558  -76.834  2.408 0.0000000000
9439  -39.903  -74.217  2.817 0.0000000000
9440  -39.131  -71.053  2.497 0.0000000000
9446  -45.323  -72.270  6.637 0.0000000000
9447  -42.313  -71.554  5.487 0.0000000000
9448  -39.694  -69.969  4.083 0.0000000000
9449  -39.357  -67.290  1.759 0.0000000000
10003  -41.754  -80.318  -3.092 0.0000000000
10013  -44.391  -69.818  -5.904 0.0000000000
10014  -44.628  -72.630  -6.285 0.0000000000
10015  -44.341  -74.181  -8.254 0.0000000000
10973  -39.425  -69.906  0.221 0.0000000000
10974  -39.790  -70.634  -0.663 0.0000000000
13240  -42.581  -80.437  -0.856 0.0000000000
13241  -42.258  -74.966  -5.073 0.0000000000
13242  -41.712  -76.536  -5.112 0.0000000000
13243  -42.272  -75.678  -5.746 0.0000000000
13244  -42.481  -76.408  -6.672 0.0000000000
13245  -43.153  -74.939  -6.227 0.0000000000
15638  -40.667  -75.903  0.624 0.0000000000
15640  -40.535  -75.178  -0.413 0.0000000000
15641  -41.082  -72.067  -2.370 0.0000000000
15642  -41.118  -73.572  -2.436 0.0000000000
15643  -41.546  -72.701  -3.197 0.0000000000
15644  -41.799  -73.436  -3.838 0.0000000000
15645  -42.080  -72.073  -3.729 0.0000000000
21030  -42.615  -78.007  2.080 0.0000000000
21031  -42.989  -77.677  3.027 0.0000000000
21032  -41.820  -74.607  4.811 0.0000000000
21033  -41.117  -75.280  3.789 0.0000000000
21034  -40.316  -73.786  3.858 0.0000000000
21035  -39.339  -72.651  2.682 0.0000000000
21036  -39.708  -72.292  3.656 0.0000000000
21052  -44.252  -71.239  6.450 0.0000000000
21053  -43.849  -71.912  5.978 0.0000000000
21054  -42.806  -70.717  5.740 0.0000000000
21055  -39.822  -67.512  4.305 0.0000000000
21056  -40.178  -69.256  4.562 0.0000000000
21057  -39.410  -68.130  3.665 0.0000000000
21058  -39.213  -68.756  2.998 0.0000000000
22441  -41.602  -78.307  -2.340 0.0000000000
22442  -41.959  -79.592  -2.415 0.0000000000
22443  -41.639  -78.967  -3.081 0.0000000000
22445  -41.130  -80.846  -4.747 0.0000000000
22468  -43.582  -69.222  -5.919 0.0000000000
22470  -44.647  -71.239  -6.036 0.0000000000
22473  -44.242  -72.799  -7.581 0.0000000000
24359  -39.580  -73.063  0.695 0.0000000000
24360  -40.052  -73.642  -0.351 0.0000000000
24361  -39.820  -72.178  -0.486 0.0000000000
24362  -40.427  -71.471  -1.460 0.0000000000
24363  -41.154  -70.635  -2.311 0.0000000000
27594  -43.566  -77.113  4.072 0.0000000000
27596  -43.546  -74.952  5.384 0.0000000000
27597  -42.597  -73.677  5.438 0.0000000000
27607  -42.310  -68.978  6.248 0.0000000000
27608  -41.906  -69.471  5.653 0.0000000000
27609  -41.207  -68.026  5.547 0.0000000000
27610  -40.231  -66.922  4.831 0.0000000000
27611  -39.807  -65.738  3.970 0.0000000000
28441  -41.573  -76.632  -3.959 0.0000000000
28442  -41.359  -78.262  -3.859 0.0000000000
28443  -41.460  -77.461  -4.561 0.0000000000
28444  -41.345  -78.429  -5.339 0.0000000000
28445  -41.505  -79.354  -6.412 0.0000000000
28447  -42.170  -78.254  -7.151 0.0000000000
28448  -42.911  -77.156  -7.750 0.0000000000
28449  -43.665  -76.257  -8.346 0.0000000000
31877  -42.024  -78.483  0.275 0.0000000000
31878  -42.108  -79.324  -0.763 0.0000000000
31880  -41.380  -77.484  -1.586 0.0000000000
31881  -41.324  -76.795  -2.427 0.0000000000
31882  -40.729  -74.432  -1.422 0.0000000000
31883  -41.196  -75.211  -2.490 0.0000000000
31884  -41.403  -76.015  -3.307 0.0000000000
31885  -41.647  -75.099  -3.973 0.0000000000
31886  -42.061  -74.253  -4.432 0.0000000000
31887  -42.630  -73.505  -4.772 0.0000000000
38550  -42.257  -78.140  1.171 0.0000000000
38551  -41.490  -76.981  1.468 0.0000000000
38552  -40.519  -75.757  1.706 0.0000000000
38553  -41.953  -76.591  3.463 0.0000000000
38554  -40.618  -75.618  2.704 0.0000000000
38555  -39.752  -74.407  1.796 0.0000000000
38556  -39.376  -72.984  1.697 0.0000000000
38557  -39.186  -71.327  1.482 0.0000000000
38558  -39.250  -69.624  1.280 0.0000000000
38577  -44.964  -72.988  6.233 0.0000000000
38578  -43.305  -72.730  5.732 0.0000000000
38579  -41.635  -72.369  5.212 0.0000000000
38580  -41.447  -70.122  5.233 0.0000000000
38581  -40.837  -70.943  4.909 0.0000000000
38582  -40.230  -71.646  4.373 0.0000000000
38583  -39.346  -70.569  3.384 0.0000000000
38584  -39.162  -69.218  2.204 0.0000000000
40243  -42.291  -80.007  -1.676 0.0000000000
40244  -42.194  -80.748  -2.387 0.0000000000
40246  -41.305  -79.878  -3.827 0.0000000000
40247  -41.389  -81.343  -3.944 0.0000000000
40267  -42.748  -71.213  -4.195 0.0000000000
40268  -43.066  -72.013  -4.578 0.0000000000
40269  -43.479  -72.654  -5.100 0.0000000000
40277  -44.370  -71.960  -5.492 0.0000000000
40278  -43.866  -73.389  -5.760 0.0000000000
40279  -44.088  -74.090  -6.707 0.0000000000
40280  -44.142  -74.707  -7.675 0.0000000000
41693  -39.623  -69.044  0.114 0.0000000000
41694  -39.700  -69.484  -0.352 0.0000000000
43959  -42.782  -80.644  -0.429 0.0000000000
43960  -42.591  -80.021  -0.368 0.0000000000
43961  -42.530  -74.595  -5.307 0.0000000000
43962  -42.241  -75.288  -5.383 0.0000000000
43963  -42.611  -74.980  -5.625 0.0000000000
43964  -42.702  -75.311  -5.996 0.0000000000
43965  -43.023  -74.640  -5.814 0.0000000000
46358  -40.239  -75.184  0.713 0.0000000000
46359  -40.544  -75.542  0.094 0.0000000000
46360  -40.235  -74.799  0.164 0.0000000000
46361  -41.377  -71.754  -2.767 0.0000000000
46362  -41.336  -72.370  -2.855 0.0000000000
46363  -41.629  -72.045  -3.171 0.0000000000
46364  -41.806  -72.378  -3.497 0.0000000000
46365  -41.925  -71.692  -3.458 0.0000000000
51747  -44.797  -78.884  3.481 0.0000000000
51749  -44.191  -78.595  3.117 0.0000000000
51750  -43.504  -78.253  2.820 0.0000000000
51751  -43.738  -77.999  3.345 0.0000000000
51752  -41.351  -73.884  4.823 0.0000000000
51753  -41.014  -74.242  4.378 0.0000000000
51754  -40.589  -73.515  4.358 0.0000000000
51755  -39.982  -73.042  3.784 0.0000000000
51756  -40.291  -72.847  4.224 0.0000000000
51768  -43.476  -69.864  6.724 0.0000000000
51769  -44.189  -70.054  7.107 0.0000000000
51770  -43.939  -70.396  6.732 0.0000000000
51771  -44.429  -70.904  6.764 0.0000000000
51772  -43.705  -70.735  6.368 0.0000000000
51773  -43.500  -71.019  6.051 0.0000000000
51774  -42.987  -70.453  5.972 0.0000000000
51775  -39.582  -66.895  3.807 0.0000000000
51776  -39.620  -67.803  3.986 0.0000000000
51778  -39.303  -67.468  3.126 0.0000000000
51779  -39.425  -66.486  2.942 0.0000000000
53161  -41.524  -77.976  -2.723 0.0000000000
53162  -41.672  -78.667  -2.703 0.0000000000
53163  -41.568  -78.282  -3.076 0.0000000000
53190  -44.207  -71.275  -6.439 0.0000000000
53192  -44.406  -72.337  -7.101 0.0000000000
53193  -44.013  -72.124  -7.174 0.0000000000
55958  -39.469  -72.293  0.582 0.0000000000
55959  -39.677  -72.611  0.124 0.0000000000
55960  -39.591  -71.817  -0.023 0.0000000000
55961  -40.158  -70.273  -1.136 0.0000000000
55962  -40.092  -71.040  -1.029 0.0000000000
55963  -40.454  -70.654  -1.498 0.0000000000
55964  -40.806  -71.072  -1.909 0.0000000000
55965  -40.841  -70.216  -2.004 0.0000000000
61355  -43.064  -74.309  5.447 0.0000000000
61356  -43.468  -73.832  5.697 0.0000000000
61371  -42.554  -68.739  6.543 0.0000000000
61372  -41.961  -68.341  6.190 0.0000000000
61373  -41.740  -68.550  5.913 0.0000000000
61374  -41.450  -67.842  5.822 0.0000000000
61378  -39.944  -66.357  4.432 0.0000000000
62760  -42.410  -81.754  -2.075 0.0000000000
62761  -41.680  -76.220  -4.251 0.0000000000
62762  -41.520  -77.032  -4.202 0.0000000000
62763  -41.611  -76.624  -4.514 0.0000000000
62764  -41.632  -76.967  -5.532 0.0000000000
62765  -41.516  -77.490  -5.211 0.0000000000
62766  -41.446  -77.947  -5.716 0.0000000000
62768  -41.571  -78.437  -6.249 0.0000000000
62769  -41.810  -78.855  -6.782 0.0000000000
62771  -42.932  -75.986  -6.934 0.0000000000
62772  -42.690  -76.834  -7.247 0.0000000000
62773  -43.110  -76.310  -7.530 0.0000000000
62774  -43.315  -76.693  -8.072 0.0000000000
62775  -43.479  -75.859  -7.768 0.0000000000
69953  -41.810  -77.870  0.332 0.0000000000
69954  -41.796  -78.299  -0.174 0.0000000000
69959  -41.303  -77.165  -1.991 0.0000000000
69960  -41.188  -76.398  -2.046 0.0000000000
69961  -40.211  -73.248  -0.890 0.0000000000
69962  -40.375  -74.028  -0.853 0.0000000000
69963  -40.570  -73.673  -1.381 0.0000000000
69965  -41.153  -74.393  -2.458 0.0000000000
69966  -41.311  -74.760  -2.899 0.0000000000
69967  -41.336  -75.594  -2.919 0.0000000000
69968  -41.439  -75.141  -3.300 0.0000000000
69969  -41.514  -75.562  -3.669 0.0000000000
69971  -42.068  -73.084  -4.058 0.0000000000
69972  -41.949  -73.840  -4.134 0.0000000000
69973  -42.175  -73.499  -4.299 0.0000000000
69974  -42.326  -73.875  -4.610 0.0000000000
69975  -42.490  -73.163  -4.462 0.0000000000
86132  -42.063  -77.405  2.228 0.0000000000
86133  -42.010  -77.478  1.782 0.0000000000
86134  -41.496  -76.896  1.971 0.0000000000
86135  -41.006  -76.391  1.609 0.0000000000
86136  -40.993  -76.333  2.120 0.0000000000
86137  -43.093  -76.546  4.301 0.0000000000
86138  -42.740  -76.891  3.763 0.0000000000
86139  -42.268  -76.321  3.997 0.0000000000
86140  -40.431  -74.770  3.348 0.0000000000
86141  -40.829  -75.481  3.265 0.0000000000
86142  -40.255  -74.943  2.795 0.0000000000
86143  -40.118  -75.038  2.247 0.0000000000
86144  -39.814  -74.346  2.271 0.0000000000
86145  -39.551  -73.722  1.742 0.0000000000
86146  -39.561  -73.629  2.270 0.0000000000
86147  -39.194  -71.835  2.595 0.0000000000
86148  -39.218  -72.041  2.105 0.0000000000
86149  -39.144  -71.218  1.982 0.0000000000
86150  -39.173  -70.470  1.383 0.0000000000
86151  -39.120  -70.371  1.878 0.0000000000
86199  -45.160  -72.608  6.420 0.0000000000
86200  -43.153  -71.694  5.728 0.0000000000
86201  -43.653  -72.274  5.846 0.0000000000
86202  -42.797  -72.150  5.608 0.0000000000
86203  -42.443  -72.591  5.487 0.0000000000
86204  -41.979  -71.978  5.350 0.0000000000
86205  -41.266  -69.041  5.369 0.0000000000
86206  -41.714  -69.775  5.415 0.0000000000
86207  -41.063  -69.367  5.147 0.0000000000
86208  -39.879  -69.598  4.353 0.0000000000
86209  -40.465  -70.100  4.722 0.0000000000
86210  -40.190  -70.517  4.544 0.0000000000
86211  -40.513  -71.327  4.683 0.0000000000
86212  -39.941  -70.857  4.238 0.0000000000
86213  -39.714  -71.132  3.888 0.0000000000
86214  -39.510  -70.290  3.752 0.0000000000
86215  -39.190  -67.998  2.398 0.0000000000
86216  -39.144  -68.996  2.603 0.0000000000
86217  -39.227  -68.249  1.992 0.0000000000
86218  -39.283  -68.470  1.581 0.0000000000
90361  -41.995  -79.094  -1.174 0.0000000000
90362  -42.255  -79.643  -1.239 0.0000000000
90363  -42.099  -79.429  -1.684 0.0000000000
90364  -41.899  -79.943  -2.751 0.0000000000
90365  -42.107  -80.178  -2.397 0.0000000000
90366  -41.976  -80.522  -2.745 0.0000000000
90367  -41.975  -81.245  -2.801 0.0000000000
90368  -41.775  -81.042  -3.149 0.0000000000
90369  -41.242  -78.675  -4.226 0.0000000000
90370  -41.327  -79.012  -3.859 0.0000000000
90371  -41.217  -79.517  -4.213 0.0000000000
90372  -41.199  -81.619  -4.895 0.0000000000
90373  -41.221  -81.118  -4.335 0.0000000000
90422  -42.542  -70.853  -4.005 0.0000000000
90423  -42.915  -70.482  -4.229 0.0000000000
90426  -43.440  -71.585  -4.809 0.0000000000
90427  -43.225  -72.326  -4.829 0.0000000000
90428  -43.657  -71.939  -5.017 0.0000000000
90447  -44.713  -71.935  -6.137 0.0000000000
90448  -44.669  -71.609  -5.795 0.0000000000
90449  -44.549  -72.285  -5.877 0.0000000000
90450  -44.175  -72.670  -5.619 0.0000000000
90451  -44.310  -72.996  -5.999 0.0000000000
90452  -43.995  -73.750  -6.204 0.0000000000
90453  -44.423  -73.336  -6.469 0.0000000000
90454  -44.481  -73.808  -7.791 0.0000000000
90455  -44.428  -74.032  -7.511 0.0000000000
90456  -44.333  -74.398  -7.968 0.0000000000
93479  -39.324  -70.723  0.319 0.0000000000
93480  -39.539  -71.050  -0.138 0.0000000000
93481  -39.569  -70.296  -0.238 0.0000000000
93482  -39.884  -69.870  -0.769 0.0000000000
93483  -40.257  -69.474  -1.274 0.0000000000
96728  -41.237  -67.113  5.734 0.0000000000
96729  -41.102  -66.345  5.665 0.0000000000
97560  -42.600  -80.842  -1.256 0.0000000000
97561  -41.997  -75.389  -4.816 0.0000000000
97562  -41.706  -76.161  -4.805 0.0000000000
97563  -41.927  -75.681  -5.106 0.0000000000
97564  -41.946  -76.063  -5.420 0.0000000000
97565  -41.960  -76.495  -5.886 0.0000000000
97566  -42.069  -76.936  -6.383 0.0000000000
97567  -42.354  -76.039  -6.180 0.0000000000
97568  -42.808  -75.607  -6.439 0.0000000000
97569  -43.267  -75.250  -6.687 0.0000000000
101876  -41.121  -76.613  0.506 0.0000000000
101878  -40.912  -76.288  0.006 0.0000000000
101879  -40.755  -75.944  -0.528 0.0000000000
101880  -40.803  -75.541  -1.008 0.0000000000
101881  -40.788  -72.437  -1.922 0.0000000000
101882  -40.809  -73.213  -1.892 0.0000000000
101883  -41.061  -72.747  -2.382 0.0000000000
101884  -41.307  -73.090  -2.838 0.0000000000
101885  -41.459  -73.472  -3.215 0.0000000000
101886  -41.529  -73.834  -3.552 0.0000000000
101887  -41.659  -73.066  -3.536 0.0000000000
101888  -41.924  -72.770  -3.772 0.0000000000
101889  -42.199  -72.430  -3.943 0.0000000000
111584  -42.771  -77.864  2.518 0.0000000000
111585  -42.240  -77.301  2.706 0.0000000000
111586  -42.238  -75.271  4.653 0.0000000000
111587  -41.855  -75.654  4.151 0.0000000000
111588  -41.449  -74.963  4.295 0.0000000000
111589  -40.700  -74.530  3.866 0.0000000000
111590  -40.051  -74.012  3.329 0.0000000000
111591  -39.592  -73.456  2.770 0.0000000000
111592  -39.736  -73.257  3.302 0.0000000000
111593  -39.495  -72.473  3.199 0.0000000000
111594  -39.327  -71.665  3.066 0.0000000000
111621  -44.962  -71.400  6.839 0.0000000000
111622  -44.765  -71.771  6.537 0.0000000000
111623  -44.561  -72.119  6.285 0.0000000000
111624  -44.041  -71.574  6.175 0.0000000000
111625  -43.332  -71.352  5.863 0.0000000000
111626  -42.626  -71.068  5.607 0.0000000000
111627  -40.210  -68.100  4.741 0.0000000000
111628  -40.474  -68.950  4.814 0.0000000000
111629  -39.975  -68.406  4.430 0.0000000000
111630  -39.709  -68.731  4.142 0.0000000000
111631  -39.517  -69.065  3.878 0.0000000000
111632  -39.374  -69.402  3.590 0.0000000000
111633  -39.303  -68.451  3.319 0.0000000000
111634  -39.247  -67.754  2.764 0.0000000000
111635  -39.353  -67.029  2.198 0.0000000000
114121  -41.745  -78.603  -2.000 0.0000000000
114122  -41.946  -79.213  -2.081 0.0000000000
114123  -41.787  -78.985  -2.384 0.0000000000
114124  -41.797  -79.304  -2.738 0.0000000000
114125  -41.674  -79.657  -3.124 0.0000000000
114127  -41.109  -79.989  -4.662 0.0000000000
114170  -43.724  -69.922  -6.033 0.0000000000
114171  -44.151  -70.189  -6.029 0.0000000000
114172  -44.482  -70.502  -5.935 0.0000000000
114173  -44.381  -70.880  -6.188 0.0000000000
114174  -44.616  -71.604  -6.366 0.0000000000
114175  -44.671  -72.306  -6.542 0.0000000000
114176  -44.601  -72.995  -6.755 0.0000000000
114178  -44.672  -73.044  -7.418 0.0000000000
114179  -44.337  -73.566  -7.969 0.0000000000
118277  -39.688  -73.795  0.824 0.0000000000
118278  -39.980  -74.067  0.189 0.0000000000
118279  -39.794  -73.352  0.237 0.0000000000
118280  -39.913  -72.907  -0.402 0.0000000000
118281  -40.140  -72.501  -0.963 0.0000000000
118282  -39.757  -71.364  -0.585 0.0000000000
118283  -40.095  -71.824  -1.006 0.0000000000
118284  -40.448  -72.136  -1.464 0.0000000000
118285  -40.790  -71.767  -1.912 0.0000000000
118286  -41.117  -71.400  -2.305 0.0000000000
118287  -41.440  -71.009  -2.697 0.0000000000
125826  -44.046  -77.655  3.853 0.0000000000
125829  -43.499  -76.128  4.838 0.0000000000
125831  -43.974  -75.605  5.224 0.0000000000
125832  -43.100  -75.453  5.000 0.0000000000
125833  -42.665  -74.797  5.099 0.0000000000
125834  -42.209  -74.136  5.163 0.0000000000
125835  -41.721  -73.453  5.150 0.0000000000
125856  -42.892  -69.295  6.634 0.0000000000
125857  -42.742  -69.595  6.306 0.0000000000
125858  -42.520  -69.879  5.961 0.0000000000
125859  -42.142  -69.242  5.954 0.0000000000
125860  -41.501  -68.764  5.605 0.0000000000
125861  -40.952  -68.309  5.315 0.0000000000
125862  -40.945  -67.269  5.471 0.0000000000
125863  -40.686  -67.501  5.219 0.0000000000
125864  -40.437  -67.810  4.997 0.0000000000
125865  -40.012  -67.228  4.591 0.0000000000
125866  -39.706  -66.623  4.117 0.0000000000
125867  -39.660  -65.988  3.630 0.0000000000
127801  -41.512  -77.057  -3.561 0.0000000000
127802  -41.490  -77.834  -3.494 0.0000000000
127803  -41.461  -77.426  -3.864 0.0000000000
127804  -41.361  -77.870  -4.216 0.0000000000
127805  -41.286  -78.302  -4.566 0.0000000000
127808  -41.203  -78.783  -4.976 0.0000000000
127810  -41.347  -79.784  -6.035 0.0000000000
127816  -42.280  -77.370  -6.937 0.0000000000
127817  -42.541  -77.674  -7.480 0.0000000000
127818  -42.793  -78.039  -8.033 0.0000000000
127819  -43.143  -77.566  -8.358 0.0000000000
127820  -43.497  -77.125  -8.684 0.0000000000
136991  -42.273  -79.076  0.209 0.0000000000
136992  -42.307  -79.484  -0.332 0.0000000000
136993  -42.018  -78.898  -0.258 0.0000000000
136994  -41.822  -78.688  -0.692 0.0000000000
136995  -41.673  -78.454  -1.123 0.0000000000
136997  -41.451  -77.801  -1.118 0.0000000000
136998  -41.622  -78.170  -1.571 0.0000000000
136999  -41.506  -77.893  -1.939 0.0000000000
137000  -41.423  -77.559  -2.352 0.0000000000
137001  -41.405  -77.168  -2.820 0.0000000000
137002  -40.282  -74.413  -0.352 0.0000000000
137003  -40.637  -74.829  -0.882 0.0000000000
137005  -40.894  -74.015  -1.947 0.0000000000
137006  -41.007  -74.807  -1.982 0.0000000000
137008  -41.256  -76.007  -2.497 0.0000000000
137009  -41.384  -76.403  -2.864 0.0000000000
137010  -41.437  -76.743  -3.254 0.0000000000
137011  -41.520  -76.325  -3.651 0.0000000000
137012  -41.639  -75.888  -4.011 0.0000000000
137013  -41.756  -75.448  -4.271 0.0000000000
137014  -41.716  -74.216  -3.873 0.0000000000
137015  -41.813  -74.660  -4.234 0.0000000000
137016  -41.950  -75.030  -4.521 0.0000000000
137017  -42.187  -74.614  -4.747 0.0000000000
137018  -42.447  -74.225  -4.946 0.0000000000
137019  -42.791  -73.886  -5.070 0.0000000000
156606  -42.442  -78.908  0.672 0.0000000000
156607  -42.156  -78.285  0.725 0.0000000000
156608  -41.890  -77.693  0.799 0.0000000000
156609  -42.459  -78.085  1.625 0.0000000000
156610  -41.980  -77.547  1.280 0.0000000000
156611  -41.516  -77.109  0.916 0.0000000000
156612  -41.051  -76.491  1.061 0.0000000000
156613  -40.563  -75.808  1.189 0.0000000000
156614  -40.154  -75.146  1.257 0.0000000000
156615  -43.242  -77.435  3.576 0.0000000000
156616  -42.450  -77.155  3.239 0.0000000000
156617  -41.715  -76.745  2.916 0.0000000000
156618  -41.516  -75.972  3.645 0.0000000000
156619  -41.235  -76.142  3.091 0.0000000000
156620  -41.064  -76.242  2.567 0.0000000000
156621  -40.483  -75.695  2.207 0.0000000000
156622  -40.085  -75.112  1.773 0.0000000000
156623  -39.824  -74.459  1.313 0.0000000000
156624  -39.589  -73.752  1.288 0.0000000000
156625  -39.456  -73.032  1.179 0.0000000000
156626  -39.300  -72.271  1.151 0.0000000000
156627  -39.335  -72.857  2.200 0.0000000000
156628  -39.248  -72.180  1.614 0.0000000000
156629  -39.240  -71.411  0.966 0.0000000000
156630  -39.249  -70.573  0.864 0.0000000000
156631  -39.338  -69.749  0.769 0.0000000000
156690  -44.389  -72.445  6.114 0.0000000000
156691  -44.104  -72.834  5.974 0.0000000000
156692  -43.805  -73.327  5.833 0.0000000000
156693  -43.003  -73.208  5.630 0.0000000000
156694  -42.102  -73.012  5.356 0.0000000000
156695  -41.308  -72.747  5.003 0.0000000000
156696  -42.351  -70.126  5.695 0.0000000000
156697  -42.145  -70.424  5.499 0.0000000000
156698  -41.842  -70.857  5.351 0.0000000000
156699  -40.757  -69.721  4.902 0.0000000000
156700  -41.138  -70.522  5.069 0.0000000000
156701  -41.541  -71.287  5.212 0.0000000000
156702  -41.207  -71.717  5.043 0.0000000000
156703  -40.886  -72.063  4.833 0.0000000000
156704  -40.602  -72.433  4.563 0.0000000000
156705  -39.982  -71.988  4.046 0.0000000000
156706  -39.485  -71.425  3.471 0.0000000000
156707  -39.230  -70.823  2.951 0.0000000000
156708  -39.250  -69.687  3.224 0.0000000000
156709  -39.179  -69.935  2.809 0.0000000000
156710  -39.135  -70.160  2.381 0.0000000000
156711  -39.178  -69.451  1.791 0.0000000000
156712  -39.370  -68.708  1.093 0.0000000000
161683  -42.409  -79.812  -0.807 0.0000000000
161684  -42.439  -80.218  -1.256 0.0000000000
161685  -42.455  -80.601  -1.633 0.0000000000
161686  -42.132  -79.790  -2.099 0.0000000000
161687  -42.297  -80.382  -2.042 0.0000000000
161688  -42.412  -80.988  -2.011 0.0000000000
161689  -42.221  -81.505  -2.459 0.0000000000
161692  -41.459  -78.626  -3.493 0.0000000000
161693  -41.479  -79.327  -3.487 0.0000000000
161694  -41.496  -80.133  -3.456 0.0000000000
161695  -41.194  -80.347  -4.235 0.0000000000
161696  -41.333  -80.649  -3.837 0.0000000000
161697  -41.558  -80.845  -3.492 0.0000000000
161738  -40.425  -68.614  -1.374 0.0000000000
161743  -41.212  -69.774  -2.421 0.0000000000
161744  -41.503  -70.184  -2.765 0.0000000000
161745  -41.764  -70.575  -3.160 0.0000000000
161754  -42.013  -70.927  -3.457 0.0000000000
161755  -42.225  -71.272  -3.740 0.0000000000
161756  -42.396  -71.636  -3.946 0.0000000000
161757  -42.515  -72.027  -4.108 0.0000000000
161758  -43.121  -70.844  -4.444 0.0000000000
161759  -42.894  -71.634  -4.375 0.0000000000
161760  -42.713  -72.434  -4.356 0.0000000000
161761  -42.858  -72.761  -4.631 0.0000000000
161762  -43.041  -73.063  -4.921 0.0000000000
161763  -43.228  -73.450  -5.197 0.0000000000
161785  -44.720  -70.883  -5.727 0.0000000000
161786  -44.540  -71.260  -5.489 0.0000000000
161787  -44.129  -71.596  -5.241 0.0000000000
161788  -43.923  -72.300  -5.289 0.0000000000
161789  -43.716  -72.968  -5.376 0.0000000000
161790  -43.342  -73.827  -5.622 0.0000000000
161791  -43.506  -74.204  -6.003 0.0000000000
161792  -43.631  -74.533  -6.466 0.0000000000
161793  -43.680  -74.871  -6.946 0.0000000000
161795  -44.077  -74.464  -7.226 0.0000000000
161796  -43.720  -75.139  -7.407 0.0000000000
161797  -43.841  -75.451  -8.008 0.0000000000
