#!ascii label  , from subject fsaverage vox2ras=TkReg coords=white
418
37  -28.228  5.765  -34.174 -2.8878712654
333  -36.573  11.344  -32.695 -2.5710697174
813  -31.539  9.764  -34.322 -2.2111539841
1751  -40.900  10.642  -28.327 -3.3772137165
1976  -39.432  5.603  -27.801 -2.9248316288
1977  -35.847  5.503  -30.444 -1.9933731556
1978  -32.302  3.734  -30.362 -1.9897278547
2733  -29.240  8.170  -34.409 -2.4515931606
2734  -28.537  11.049  -36.180 -2.2606234550
2735  -26.910  8.549  -36.451 -2.4643249512
2737  -26.639  5.672  -35.861 -2.7483901978
3878  -38.839  11.125  -30.733 -2.9641160965
3879  -39.787  14.204  -30.609 -2.7534172535
3880  -37.330  14.691  -33.025 -2.3465921879
4339  -37.089  3.067  -27.566 -2.1048758030
4340  -35.492  2.738  -28.143 -1.8894724846
4341  -33.966  4.793  -30.776 -1.8116801977
4342  -33.871  2.184  -27.977 -1.8334153891
6071  -34.175  10.865  -33.857 -2.2709531784
6072  -34.447  14.337  -34.712 -2.1747624874
6073  -31.492  12.960  -35.557 -2.1597311497
8517  -40.212  8.099  -28.440 -3.2855913639
8518  -38.230  8.402  -30.450 -2.8554368019
8519  -38.563  3.033  -26.475 -2.3657331467
8520  -37.677  5.809  -29.354 -2.4635257721
8521  -36.253  8.252  -31.951 -2.3278183937
8522  -34.040  7.699  -32.752 -1.9920289516
8523  -31.838  6.682  -32.892 -2.0489807129
8524  -30.257  4.999  -32.469 -2.4510467052
10413  -28.558  7.087  -34.364 -2.6621341705
10414  -27.825  8.626  -35.398 -2.5333919525
10415  -27.440  7.307  -35.375 -2.7126481533
10416  -26.678  7.145  -36.283 -2.5977792740
10417  -27.355  5.840  -35.041 -2.8951332569
11558  -37.694  11.307  -31.810 -2.7646155357
11559  -38.017  12.982  -31.861 -2.6826686859
11560  -36.848  13.094  -32.916 -2.5189502239
12021  -34.655  2.575  -28.239 -1.8411786556
13958  -32.931  10.341  -34.112 -2.2043952942
13959  -32.783  12.128  -34.680 -2.2378849983
13960  -31.411  11.456  -34.963 -2.2341630459
13961  -27.796  10.863  -37.288 -2.1478683949
18770  -39.847  6.859  -28.199 -3.1449809074
18771  -39.221  8.297  -29.469 -3.0945291519
18772  -38.944  6.982  -29.083 -2.9349956512
18776  -36.565  4.328  -29.026 -2.0669975281
18777  -37.396  4.487  -28.580 -2.2635037899
18778  -36.753  5.752  -29.998 -2.2094945908
18779  -36.995  7.057  -30.737 -2.3967177868
18780  -36.040  6.841  -31.322 -2.1423616409
18781  -35.171  8.035  -32.449 -2.1178946495
18782  -35.085  6.597  -31.746 -1.9561446905
18783  -33.062  4.275  -30.689 -1.8658033609
18784  -33.034  5.722  -31.927 -1.8863204718
18785  -32.087  5.110  -31.823 -2.0034620762
18786  -30.933  5.872  -32.700 -2.2213234901
18787  -31.330  4.364  -31.451 -2.1881422997
23351  -30.268  9.074  -34.443 -2.2951323986
23352  -29.900  10.648  -35.212 -2.2830216885
23353  -28.660  9.722  -35.345 -2.3847305775
23354  -27.551  9.896  -36.380 -2.3505809307
23355  -26.966  9.450  -37.519 -2.2040872574
23357  -26.445  8.090  -37.497 -2.2714757919
23358  -26.171  6.656  -37.219 -2.3684265614
23359  -26.069  5.196  -36.701 -2.5217108727
25412  -39.887  10.889  -29.589 -3.1656382084
25413  -40.308  12.452  -29.457 -3.1164543629
25414  -39.230  12.728  -30.706 -2.8792855740
25415  -38.565  14.563  -31.737 -2.5148627758
26243  -36.260  2.879  -27.904 -1.9821681976
26244  -35.683  4.154  -29.382 -1.9115731716
26245  -34.929  5.220  -30.732 -1.8536766768
26246  -34.800  3.907  -29.546 -1.8259603977
26247  -33.914  3.514  -29.473 -1.8198297024
26248  -33.135  3.056  -29.272 -1.8761532307
29525  -35.397  11.150  -33.353 -2.3993806839
29526  -35.541  13.009  -33.692 -2.3867318630
29527  -34.199  12.664  -34.272 -2.2907197475
29528  -32.979  13.748  -35.238 -2.1511583328
29530  -29.948  12.035  -35.929 -2.1967380047
34138  -35.940  14.659  -33.984 -2.2369260788
35821  -40.517  9.362  -28.478 -3.3520517349
35822  -39.527  9.588  -29.611 -3.1695632935
35823  -38.514  9.779  -30.660 -2.9597845078
35824  -37.434  9.849  -31.619 -2.7271101475
35827  -39.022  4.398  -27.261 -2.6503307819
35828  -37.816  3.123  -27.032 -2.2377521992
35829  -38.239  4.529  -27.940 -2.4669299126
35830  -38.565  5.765  -28.630 -2.7128489017
35831  -37.993  7.048  -29.949 -2.6755125523
35832  -37.244  8.392  -31.246 -2.5878007412
35833  -36.340  9.830  -32.466 -2.4926748276
35834  -35.272  9.590  -33.003 -2.2890143394
35835  -34.108  9.257  -33.371 -2.1482663155
35836  -32.878  8.773  -33.573 -2.0922908783
35837  -34.073  6.154  -31.881 -1.8675041199
35838  -32.910  7.256  -32.863 -1.9682632685
35839  -31.621  8.237  -33.694 -2.1307337284
35840  -30.573  7.495  -33.659 -2.2617785931
35841  -29.698  6.612  -33.567 -2.4696102142
35842  -29.219  5.477  -33.309 -2.7158975601
39820  -33.295  1.577  -27.440 -1.8391895294
39821  -32.541  2.352  -28.538 -1.9510911703
39824  -31.695  2.972  -29.689 -2.1304564476
39825  -30.795  3.483  -30.798 -2.3818364143
39826  -29.843  3.892  -31.771 -2.6745073795
39827  -28.995  4.210  -32.673 -2.9349198341
41133  -28.405  6.414  -34.273 -2.7763733864
41134  -27.978  7.258  -34.856 -2.7086565495
41135  -27.836  6.522  -34.771 -2.8130781651
41136  -27.421  6.569  -35.224 -2.8054795265
41137  -27.776  5.829  -34.614 -2.9135994911
42278  -37.124  11.355  -32.272 -2.6663422585
42279  -37.267  12.233  -32.446 -2.6475970745
42280  -36.665  12.205  -32.824 -2.5622255802
44678  -32.242  10.063  -34.219 -2.1981849670
44679  -32.186  10.929  -34.506 -2.2258696556
44680  -31.427  10.588  -34.639 -2.2331733704
49488  -39.893  5.512  -27.415 -3.0106875896
49489  -40.132  6.091  -27.553 -3.1286227703
49490  -39.648  6.207  -28.027 -3.0439143181
49491  -39.387  6.917  -28.649 -3.0473635197
49492  -39.209  6.279  -28.432 -2.9437060356
49496  -36.210  4.915  -29.747 -2.0297350883
49497  -36.647  5.023  -29.503 -2.1310811043
49498  -36.297  5.606  -30.200 -2.0940036774
49499  -36.403  6.309  -30.670 -2.1732017994
49500  -35.940  6.156  -30.870 -2.0606245995
49501  -35.545  6.730  -31.531 -2.0384650230
49502  -35.476  6.058  -31.102 -1.9668021202
49503  -32.683  4.022  -30.582 -1.9217216969
49504  -32.587  4.709  -31.267 -1.9230611324
49505  -32.171  4.414  -31.165 -1.9950244427
49506  -31.669  4.774  -31.687 -2.0903310776
49507  -31.826  4.068  -30.938 -2.0787143707
54278  -29.654  8.653  -34.419 -2.3650498390
54279  -29.469  9.492  -34.885 -2.3536107540
54280  -28.886  8.985  -34.871 -2.4252364635
54281  -27.292  8.650  -35.899 -2.5174436569
54282  -27.614  9.275  -35.851 -2.4468781948
54283  -27.138  9.250  -36.398 -2.4047100544
54284  -27.196  9.739  -36.936 -2.2886497974
54285  -26.824  9.074  -36.986 -2.3319430351
54286  -26.654  8.791  -37.480 -2.2354948521
54287  -26.659  8.367  -36.973 -2.3797008991
54288  -26.640  6.378  -36.123 -2.6709449291
54289  -26.394  6.944  -36.764 -2.4927120209
54290  -26.361  6.194  -36.536 -2.5610835552
54291  -26.123  5.941  -36.965 -2.4362671375
54292  -26.337  5.461  -36.275 -2.6398792267
57713  -39.355  11.012  -30.164 -3.0643718243
57714  -39.570  11.785  -30.161 -3.0340740681
57715  -39.005  11.916  -30.768 -2.9305579662
57716  -37.671  13.907  -32.421 -2.5192463398
57717  -38.276  13.816  -31.803 -2.6055011749
57718  -38.004  14.616  -32.375 -2.4226658344
57719  -38.323  15.252  -32.385 -2.3173029423
57720  -37.700  15.227  -32.981 -2.2347667217
59098  -35.904  2.875  -28.056 -1.9308872223
59099  -35.994  3.511  -28.637 -1.9502460957
59100  -35.600  3.478  -28.814 -1.8953189850
59101  -35.221  4.005  -29.500 -1.8588706255
59102  -35.180  3.322  -28.850 -1.8556162119
59103  -34.306  2.395  -28.112 -1.8334015608
59104  -34.309  3.069  -28.866 -1.8249704838
59105  -33.936  2.841  -28.764 -1.8314884901
59106  -33.546  3.258  -29.389 -1.8423430920
59107  -33.506  2.658  -28.658 -1.8479164839
64913  -34.806  11.053  -33.619 -2.3284499645
64914  -34.791  11.955  -33.836 -2.3483743668
64915  -34.182  11.798  -34.078 -2.2971193790
64916  -32.125  12.638  -35.126 -2.2051079273
64917  -32.853  12.992  -34.956 -2.2100782394
64918  -32.252  13.363  -35.379 -2.1517133713
64919  -32.435  14.027  -35.745 -2.0722463131
64920  -31.687  13.549  -35.822 -2.0855743885
64921  -29.136  10.918  -35.655 -2.2846493721
64922  -29.962  11.344  -35.533 -2.2497200966
64923  -29.236  11.590  -36.011 -2.2253718376
75226  -40.037  13.338  -29.984 -2.9456396103
75241  -34.971  13.752  -34.199 -2.2833848000
75242  -35.691  13.887  -33.852 -2.3271710873
75243  -35.223  14.498  -34.334 -2.2005276680
79346  -40.505  7.335  -27.892 -3.3038949966
79348  -40.668  7.957  -27.938 -3.3618288040
79350  -40.351  8.716  -28.461 -3.3265359402
79351  -40.050  9.431  -29.021 -3.2638809681
79352  -39.867  8.864  -29.017 -3.2398376465
79353  -38.772  8.340  -29.937 -2.9802157879
79354  -38.888  9.000  -30.114 -3.0357942581
79355  -38.368  9.079  -30.562 -2.9192457199
79356  -37.951  9.834  -31.161 -2.8453774452
79357  -37.855  9.114  -31.034 -2.7954175472
79365  -38.819  3.737  -26.846 -2.5063059330
79368  -37.412  3.088  -27.278 -2.1711709499
79369  -37.528  5.169  -29.023 -2.3597078323
79370  -37.812  4.531  -28.301 -2.3663175106
79371  -37.989  5.158  -28.683 -2.4769275188
79372  -38.417  5.143  -28.268 -2.5901753902
79373  -38.143  5.780  -28.983 -2.5911624432
79374  -38.286  6.428  -29.307 -2.7039921284
79375  -37.827  6.431  -29.664 -2.5705955029
79376  -36.651  7.622  -31.338 -2.3595190048
79377  -37.139  7.661  -30.954 -2.4951016903
79378  -36.744  8.349  -31.640 -2.4541604519
79379  -36.797  9.158  -31.914 -2.5397350788
79380  -36.285  9.043  -32.231 -2.4170272350
79381  -35.805  9.719  -32.762 -2.3848321438
79382  -35.781  8.944  -32.556 -2.3043463230
79383  -34.592  7.911  -32.651 -2.0429224968
79384  -34.656  8.643  -32.904 -2.1272118092
79385  -34.088  8.437  -33.078 -2.0697720051
79386  -33.523  8.991  -33.485 -2.1088042259
79387  -33.453  8.256  -33.206 -2.0362269878
79388  -34.449  4.983  -30.768 -1.8200104237
79389  -34.512  5.691  -31.315 -1.8496459723
79390  -34.019  5.461  -31.332 -1.8301392794
79391  -32.447  6.216  -32.432 -1.9581501484
79392  -32.994  6.471  -32.398 -1.9198085070
79393  -32.424  6.924  -32.841 -1.9959594011
79394  -32.298  7.747  -33.281 -2.0447852612
79395  -31.760  7.419  -33.283 -2.0869154930
79396  -31.082  7.878  -33.683 -2.1852569580
79397  -31.202  7.125  -33.312 -2.1529405117
79398  -30.592  5.444  -32.597 -2.3322374821
79399  -30.326  6.240  -33.138 -2.3463771343
79400  -29.989  5.790  -33.051 -2.4648547173
79401  -29.430  6.072  -33.457 -2.5914320946
79402  -29.742  5.250  -32.868 -2.5887911320
89308  -32.914  1.995  -27.978 -1.8879806995
89318  -31.246  3.236  -30.251 -2.2480697632
89323  -29.400  4.052  -32.220 -2.8146891594
92471  -28.860  7.659  -34.395 -2.5520141125
92472  -28.498  8.463  -34.894 -2.5103225708
92473  -28.185  7.888  -34.908 -2.6060726643
92474  -27.597  7.998  -35.414 -2.6206872463
92475  -27.096  7.971  -35.906 -2.5938122272
92476  -26.768  7.845  -36.377 -2.5288195610
92477  -27.032  7.259  -35.828 -2.6739664078
92478  -26.989  6.511  -35.691 -2.7556788921
92479  -26.962  5.785  -35.453 -2.8370499611
94532  -38.280  11.214  -31.259 -2.8641731739
94533  -38.404  12.022  -31.310 -2.8320312500
94534  -37.821  12.142  -31.873 -2.7377290726
94535  -37.467  13.031  -32.396 -2.5969691277
94536  -37.104  13.910  -32.928 -2.4446330070
95365  -35.065  2.745  -28.224 -1.8594592810
98852  -33.573  10.603  -34.000 -2.2290537357
98853  -33.535  11.546  -34.290 -2.2587513924
98854  -32.861  11.241  -34.413 -2.2346627712
98855  -32.124  11.792  -34.814 -2.2295868397
98856  -31.382  12.248  -35.257 -2.2099847794
98857  -28.114  11.045  -36.720 -2.2134187222
98858  -28.658  11.644  -36.557 -2.1809275150
105040  -39.597  14.932  -31.241 -2.5462517738
105049  -33.952  14.740  -35.239 -2.0645902157
105050  -34.716  14.954  -34.888 -2.0731987953
107513  -40.315  6.728  -27.765 -3.2266623974
107514  -40.021  7.501  -28.365 -3.2256472111
107515  -39.734  8.178  -28.954 -3.1965632439
107516  -39.543  7.581  -28.839 -3.1323313713
107517  -39.099  7.640  -29.303 -3.0245087147
107518  -38.598  7.684  -29.777 -2.9036710262
107524  -36.858  3.713  -28.304 -2.0950732231
107525  -37.265  3.789  -28.049 -2.1780431271
107526  -36.971  4.421  -28.794 -2.1623106003
107527  -37.094  5.148  -29.293 -2.2427787781
107528  -37.197  5.813  -29.725 -2.3345298767
107529  -37.344  6.432  -30.030 -2.4339611530
107530  -36.862  6.408  -30.399 -2.2995557785
107531  -36.497  6.967  -31.064 -2.2635648251
107532  -36.106  7.546  -31.700 -2.2336440086
107533  -35.717  8.160  -32.241 -2.2141451836
107534  -35.636  7.440  -31.940 -2.1229400635
107535  -35.101  7.316  -32.130 -2.0320479870
107536  -34.579  7.144  -32.272 -1.9645153284
107537  -33.534  4.566  -30.771 -1.8277636766
107538  -33.523  5.246  -31.358 -1.8370584249
107539  -33.027  5.005  -31.354 -1.8689575195
107540  -32.502  5.455  -31.902 -1.9339469671
107541  -31.936  5.918  -32.419 -2.0207858086
107542  -31.342  6.309  -32.836 -2.1252207756
107543  -31.526  5.492  -32.275 -2.1045298576
107544  -31.186  5.073  -32.127 -2.2046098709
107545  -30.805  4.677  -31.964 -2.3144018650
115925  -30.842  9.435  -34.421 -2.2435495853
115926  -30.715  10.263  -34.763 -2.2569198608
115927  -29.995  9.918  -34.878 -2.2971727848
115928  -29.212  10.256  -35.307 -2.3274540901
115929  -28.546  10.443  -35.760 -2.3294777870
115930  -28.216  9.179  -35.333 -2.4539146423
115931  -28.030  9.889  -35.866 -2.3838217258
115932  -27.986  10.481  -36.293 -2.3024277687
115933  -27.603  10.411  -36.863 -2.2492511272
115934  -27.376  10.153  -37.375 -2.1753122807
115940  -26.499  7.641  -36.875 -2.4328494072
115941  -26.292  7.381  -37.351 -2.3147091866
120734  -40.368  10.800  -28.958 -3.2693190575
120735  -40.577  11.551  -28.901 -3.2612388134
120736  -40.090  11.660  -29.510 -3.1437485218
120737  -39.817  12.587  -30.055 -2.9921009541
120738  -39.474  13.547  -30.641 -2.8174533844
120739  -38.602  12.846  -31.277 -2.7765073776
120740  -38.894  13.686  -31.225 -2.7044997215
120741  -39.191  14.416  -31.211 -2.6246833801
120742  -39.001  15.120  -31.793 -2.4206304550
122665  -39.618  4.906  -27.193 -2.8759467602
122673  -36.682  2.997  -27.741 -2.0410461426
122674  -36.439  3.619  -28.479 -2.0179109573
122675  -36.122  4.241  -29.234 -1.9820559025
122676  -35.779  4.817  -29.931 -1.9435039759
122677  -35.423  5.351  -30.574 -1.9121334553
122678  -35.325  4.724  -30.115 -1.8764115572
122679  -34.830  4.519  -30.169 -1.8312051296
122680  -34.382  4.354  -30.181 -1.8091793060
122681  -34.751  3.194  -28.911 -1.8323045969
122682  -34.358  3.661  -29.566 -1.8133474588
122683  -33.943  4.117  -30.183 -1.8101041317
122684  -33.501  3.874  -30.092 -1.8320279121
122685  -33.128  3.652  -29.996 -1.8712978363
122686  -32.737  3.399  -29.814 -1.9224957228
130607  -36.011  11.253  -33.036 -2.4811835289
130608  -36.092  12.189  -33.244 -2.4827895164
130609  -35.443  12.059  -33.543 -2.4108695984
130610  -34.850  12.856  -34.029 -2.3337762356
130611  -34.237  13.583  -34.518 -2.2492766380
130612  -33.502  12.455  -34.531 -2.2584702969
130613  -33.572  13.292  -34.748 -2.2248198986
130614  -33.710  14.101  -34.969 -2.1585965157
130615  -33.197  14.387  -35.473 -2.0647990704
130618  -30.663  11.014  -35.083 -2.2518947124
130619  -30.619  11.797  -35.436 -2.2248444557
130620  -30.706  12.542  -35.731 -2.1748106480
130621  -29.391  12.144  -36.433 -2.1517565250
130622  -30.121  12.644  -36.225 -2.1259157658
130623  -30.940  13.124  -36.027 -2.1037135124
143482  -36.178  13.075  -33.352 -2.4487230778
143483  -36.408  13.919  -33.425 -2.3808236122
143484  -36.658  14.676  -33.534 -2.2851617336
143485  -35.479  15.179  -34.542 -2.0924618244
143486  -36.218  15.226  -34.111 -2.1244168282
143487  -36.986  15.241  -33.586 -2.1711230278
148453  -40.676  10.022  -28.451 -3.3670349121
148454  -40.175  10.147  -29.025 -3.2720925808
148455  -39.700  10.225  -29.563 -3.1759662628
148456  -39.197  10.328  -30.166 -3.0771024227
148457  -39.395  8.920  -29.559 -3.1429545879
148458  -39.010  9.710  -30.154 -3.0681943893
148459  -38.670  10.445  -30.720 -2.9747340679
148460  -38.110  10.535  -31.234 -2.8689329624
148461  -37.510  10.646  -31.780 -2.7607882023
148462  -36.999  10.616  -32.188 -2.6522953510
148470  -39.475  4.239  -26.868 -2.7293386459
148471  -39.243  5.036  -27.572 -2.7918519974
148474  -38.146  3.109  -26.779 -2.3029847145
148475  -37.635  3.820  -27.817 -2.2633976936
148476  -38.026  3.890  -27.561 -2.3480546474
148477  -38.431  3.802  -27.197 -2.4296112061
148478  -38.635  4.494  -27.565 -2.5623404980
148479  -38.835  5.087  -27.944 -2.6960086823
148480  -38.997  5.735  -28.245 -2.8249607086
148481  -38.751  6.379  -28.894 -2.8295624256
148482  -38.445  7.035  -29.539 -2.8099672794
148483  -38.094  7.714  -30.191 -2.7724418640
148484  -37.488  7.050  -30.325 -2.5359950066
148485  -37.645  7.668  -30.570 -2.6346294880
148486  -37.684  8.429  -30.884 -2.7232522964
148487  -37.288  9.168  -31.502 -2.6674861908
148488  -36.885  9.881  -32.070 -2.6082198620
148489  -36.459  10.578  -32.612 -2.5463652611
148490  -35.882  10.489  -32.930 -2.4465062618
148491  -35.299  10.410  -33.249 -2.3563480377
148492  -34.740  10.239  -33.443 -2.2793250084
148493  -35.205  8.788  -32.744 -2.2064356804
148494  -34.685  9.425  -33.200 -2.2091178894
148495  -34.152  10.050  -33.623 -2.2184736729
148496  -33.536  9.813  -33.755 -2.1761581898
148497  -32.895  9.564  -33.877 -2.1540849209
148498  -32.209  9.293  -33.955 -2.1533772945
148499  -35.019  5.888  -31.219 -1.8955937624
148500  -34.558  6.394  -31.807 -1.8985521793
148501  -34.041  6.930  -32.354 -1.9226652384
148502  -33.527  5.962  -31.880 -1.8635934591
148503  -33.505  6.727  -32.399 -1.9077243805
148504  -33.504  7.482  -32.798 -1.9668945074
148505  -32.919  8.007  -33.216 -2.0277581215
148506  -32.277  8.499  -33.616 -2.0995693207
148507  -31.587  8.943  -33.989 -2.1745266914
148508  -30.936  8.682  -34.079 -2.2175021172
148509  -30.395  8.289  -34.036 -2.2815375328
148510  -29.910  7.849  -34.026 -2.3651478291
148511  -30.725  6.711  -33.240 -2.2406258583
148512  -30.096  7.092  -33.625 -2.3578262329
148513  -29.463  7.397  -33.983 -2.4656357765
148514  -29.110  6.898  -33.971 -2.5789630413
148515  -28.918  6.263  -33.865 -2.6993989944
148516  -28.703  5.654  -33.757 -2.8194468021
160418  -33.573  1.875  -27.732 -1.8370223045
160419  -33.225  2.295  -28.327 -1.8688694239
160420  -32.839  2.701  -28.915 -1.9148734808
160421  -32.434  3.039  -29.487 -1.9786247015
160429  -32.163  2.672  -29.133 -2.0313866138
160430  -31.990  3.362  -30.058 -2.0622713566
160431  -31.536  3.654  -30.600 -2.1662158966
160432  -31.049  3.922  -31.142 -2.2886123657
160433  -30.549  4.190  -31.676 -2.4251785278
160435  -30.321  3.710  -31.300 -2.5266890526
160436  -30.044  4.442  -32.163 -2.5686669350
160437  -29.571  4.660  -32.578 -2.7089083195
160438  -29.088  4.838  -33.041 -2.8337037563
160439  -28.621  4.989  -33.501 -2.9304926395
160681  -28.531  4.329  -33.269 -3.0236659050
160682  -28.096  5.101  -34.023 -2.9891264439
160683  -27.688  5.137  -34.438 -3.0045089722
160684  -27.283  5.074  -34.815 -2.9779605865
160685  -26.917  5.002  -35.191 -2.9164845943
160688  -26.589  4.895  -35.570 -2.8305051327
160689  -26.274  4.712  -36.016 -2.7309627533
