#!ascii label  , from subject fsaverage vox2ras=TkReg coords=white
413
520  -3.531  36.079  -23.822 -2.6649377346
1141  -5.474  37.978  -24.394 -1.6950018406
1142  -3.896  42.608  -22.363 -2.8041760921
2202  -3.949  28.853  -23.301 -2.1034219265
2203  -7.304  39.788  -17.197 -1.1331062317
2204  -6.571  34.054  -18.421 -0.9812976718
2205  -6.939  27.794  -16.986 -1.5897860527
3061  -4.526  43.502  -23.471 -1.9180188179
3062  -4.143  45.384  -21.405 -2.1707668304
4863  -4.085  37.207  -24.942 -2.3342766762
4865  -4.127  33.362  -25.364 -2.0989725590
4866  -4.337  29.699  -24.650 -1.6867417097
4867  -3.618  32.321  -24.080 -2.4800951481
4869  -7.856  42.352  -16.381 -1.4446763992
4874  -6.663  30.966  -18.087 -1.2956496477
6663  -4.269  40.325  -24.171 -2.3524167538
6664  -3.715  39.359  -23.096 -2.8699159622
9168  -4.618  25.883  -21.846 -1.6892644167
9169  -5.176  44.179  -19.140 -2.5057234764
9170  -4.985  41.290  -20.097 -2.6957700253
9171  -4.736  38.193  -20.846 -2.3444168568
9173  -6.897  37.156  -18.051 -0.8794183731
9174  -4.458  35.008  -21.413 -2.2273659706
9175  -4.474  31.712  -21.391 -2.2920567989
9176  -5.108  28.653  -20.495 -2.1939177513
9177  -5.619  25.739  -18.848 -2.0829255581
12543  -3.696  36.709  -24.572 -2.5447239876
12544  -4.124  35.345  -25.234 -2.2318868637
12545  -3.742  34.791  -24.843 -2.4426515102
12546  -3.763  32.897  -24.902 -2.3180909157
12547  -3.548  34.287  -24.115 -2.5838663578
14943  -4.046  43.053  -23.124 -2.4060940742
14944  -4.363  41.951  -23.805 -2.1838126183
14945  -4.019  41.470  -23.452 -2.6172609329
14946  -3.893  39.848  -23.837 -2.6854121685
14947  -3.837  41.079  -22.727 -2.9108228683
20358  -4.056  29.259  -24.200 -1.9060763121
20359  -4.613  27.981  -24.195 -1.4224027395
20360  -4.345  27.466  -23.559 -1.6491992474
20362  -4.266  27.275  -22.660 -1.8814941645
20364  -5.184  45.515  -18.747 -2.1315553188
20365  -6.774  44.788  -17.677 -1.9125423431
20366  -7.549  41.027  -16.800 -1.3217029572
20367  -6.646  41.976  -18.458 -2.1280379295
20368  -6.488  40.563  -18.790 -1.9646394253
20369  -4.903  39.768  -20.392 -2.5296504498
20370  -6.152  39.119  -19.182 -1.7484399080
20376  -6.725  35.637  -18.383 -0.8865447640
20377  -5.571  36.240  -19.799 -1.5370024443
20378  -5.536  34.549  -19.924 -1.5924363136
20379  -4.476  33.350  -21.458 -2.2700831890
20380  -5.532  32.954  -19.940 -1.7075705528
20381  -6.742  29.405  -17.548 -1.4475117922
20382  -5.828  29.948  -19.279 -1.8934675455
20383  -6.021  28.374  -18.677 -1.9455236197
20384  -5.400  27.208  -19.725 -2.1332883835
20385  -6.130  26.899  -18.029 -1.9959537983
20386  -6.444  25.363  -17.383 -2.0335106850
20387  -7.168  26.186  -16.458 -1.7276937962
23943  -4.123  44.489  -22.689 -2.0978696346
23944  -3.964  44.035  -21.903 -2.5358457565
27185  -4.670  37.664  -24.899 -2.0537786484
27186  -5.434  36.248  -24.666 -1.6706142426
27187  -4.697  35.781  -25.131 -1.9771518707
27188  -4.738  33.966  -25.439 -1.8478585482
27189  -4.661  32.202  -25.352 -1.6739853621
27191  -4.165  31.540  -25.079 -1.9198082685
27192  -3.817  31.009  -24.640 -2.1402699947
27193  -3.728  30.530  -23.761 -2.3171074390
27195  -7.960  43.737  -16.063 -1.4249997139
27204  -6.609  32.534  -18.340 -1.1319403648
30904  -5.614  39.526  -23.835 -1.6104214191
30906  -4.854  40.735  -24.037 -1.9128230810
30907  -4.717  39.226  -24.592 -2.0426669121
30908  -4.132  38.791  -24.652 -2.3914396763
30909  -3.680  38.286  -24.317 -2.6383543015
30910  -3.559  37.790  -23.519 -2.7636380196
37746  -4.866  24.472  -20.828 -1.5345450640
37747  -4.435  46.097  -19.924 -2.0531268120
37748  -4.274  44.785  -20.323 -2.4742820263
37749  -4.136  43.482  -20.833 -2.8114674091
37750  -6.754  43.333  -18.081 -2.1213893890
37751  -5.076  42.781  -19.694 -2.7113935947
37752  -4.127  42.024  -21.277 -2.9697306156
37753  -4.095  40.469  -21.587 -2.9372980595
37754  -3.982  38.836  -21.964 -2.8010270596
37755  -3.816  37.230  -22.464 -2.6709032059
37761  -7.126  38.494  -17.641 -0.9676916003
37762  -5.807  37.743  -19.550 -1.5882583857
37763  -4.532  36.678  -21.161 -2.2365880013
37764  -3.746  35.560  -22.754 -2.6004486084
37765  -3.768  33.791  -22.976 -2.5671212673
37766  -3.804  32.008  -22.795 -2.5090436935
37767  -3.941  30.324  -22.556 -2.3901345730
37768  -5.497  31.486  -19.771 -1.8185191154
37769  -4.717  30.164  -21.070 -2.2590107918
37770  -4.241  28.699  -22.101 -2.2306101322
37771  -4.658  27.265  -21.345 -2.0745339394
37772  -4.994  25.864  -20.441 -1.9451347589
37773  -5.228  24.436  -19.415 -1.8244240284
37774  -5.901  24.170  -17.982 -1.9995721579
43263  -3.573  36.383  -24.232 -2.6201207638
43264  -3.713  35.793  -24.733 -2.4946358204
43265  -3.579  35.451  -24.429 -2.5731732845
43266  -3.619  34.544  -24.522 -2.5258364677
43267  -3.524  35.204  -24.005 -2.6240751743
45663  -3.941  42.847  -22.779 -2.6230897903
45664  -4.044  42.248  -23.314 -2.5281543732
45665  -3.912  42.070  -22.983 -2.7248675823
45666  -3.898  41.294  -23.125 -2.7873346806
45667  -3.881  41.847  -22.549 -2.8790440559
51078  -3.964  29.018  -23.791 -2.0092749596
51079  -4.156  28.357  -23.953 -1.7775455713
51080  -4.103  28.162  -23.481 -1.8866815567
51081  -4.272  27.342  -23.124 -1.7661353350
51082  -4.095  28.005  -22.979 -1.9906004667
51084  -6.720  45.519  -17.497 -1.7555714846
51085  -7.571  45.068  -16.757 -1.5795987844
51086  -7.444  40.387  -16.978 -1.2294986248
51087  -7.158  40.843  -17.794 -1.6377482414
51088  -7.003  40.174  -17.993 -1.5339004993
51089  -6.302  39.863  -19.024 -1.8552531004
51090  -6.898  39.487  -18.236 -1.4287143946
51094  -7.118  34.507  -17.648 -0.6955117583
51095  -7.208  35.266  -17.633 -0.6511427760
51096  -6.642  34.833  -18.422 -0.9244199395
51097  -6.125  35.122  -19.162 -1.2155076265
51098  -6.082  34.324  -19.201 -1.2654291391
51099  -5.514  33.762  -19.954 -1.6467119455
51100  -6.058  33.557  -19.201 -1.3304535151
51101  -6.845  28.593  -17.296 -1.5191714764
51102  -6.386  28.919  -18.108 -1.7198895216
51103  -6.430  28.136  -17.814 -1.7707574368
51104  -6.032  27.644  -18.343 -1.9704927206
51105  -6.493  27.334  -17.522 -1.8211954832
51106  -6.650  26.555  -17.233 -1.8705840111
51107  -7.016  26.978  -16.760 -1.6598424911
55265  -4.104  44.952  -22.067 -2.1526401043
55266  -4.024  44.314  -22.314 -2.3270370960
55267  -4.047  44.716  -21.606 -2.3597726822
60668  -4.351  37.449  -24.961 -2.2034642696
60669  -4.673  36.782  -25.023 -2.0236787796
60670  -4.379  36.534  -25.097 -2.1625754833
60671  -4.146  34.343  -25.325 -2.1699295044
60672  -4.415  34.628  -25.368 -2.0484654903
60673  -4.402  33.700  -25.500 -1.9771982431
60674  -4.700  33.086  -25.469 -1.7667365074
60675  -4.402  32.758  -25.377 -1.8948767185
60676  -4.417  31.862  -25.209 -1.7999358177
60677  -4.148  32.448  -25.215 -2.0162715912
60678  -3.665  32.640  -24.561 -2.4095799923
60679  -3.777  31.953  -24.807 -2.2370240688
60680  -3.696  31.665  -24.407 -2.3311817646
60681  -3.775  30.747  -24.219 -2.2366604805
60682  -3.646  31.406  -23.923 -2.4066693783
67867  -5.695  40.244  -23.584 -1.5299960375
67871  -4.311  41.114  -23.935 -2.2838714123
67872  -4.601  41.331  -23.935 -2.0531582832
67873  -4.504  40.552  -24.157 -2.1432535648
67874  -4.795  39.979  -24.279 -1.9927020073
67875  -4.464  39.763  -24.421 -2.2025828362
67876  -4.409  38.999  -24.671 -2.2297899723
67877  -4.210  39.545  -24.433 -2.3873186111
67878  -3.749  39.634  -23.505 -2.8005447388
67879  -3.797  39.060  -24.064 -2.6720409393
67880  -3.672  38.820  -23.721 -2.7667875290
67881  -3.579  38.065  -23.953 -2.7200956345
67882  -3.623  38.582  -23.301 -2.8192346096
84127  -4.766  25.195  -21.361 -1.6081506014
84129  -4.479  46.778  -19.831 -1.8433570862
84130  -4.692  46.513  -19.192 -1.9068957567
84131  -5.223  44.828  -18.944 -2.3323664665
84132  -4.648  45.124  -19.492 -2.3385093212
84133  -4.597  44.455  -19.712 -2.5366218090
84134  -4.183  44.156  -20.588 -2.6603834629
84135  -4.551  43.842  -19.994 -2.7023587227
84136  -7.856  43.035  -16.217 -1.4549013376
84137  -7.560  43.554  -17.134 -1.7688524723
84138  -7.492  42.867  -17.312 -1.8001195192
84139  -5.752  41.672  -19.309 -2.4433660507
84140  -5.819  42.377  -19.123 -2.4725584984
84141  -4.944  42.035  -19.944 -2.7294878960
84142  -4.534  42.453  -20.432 -2.8872737885
84143  -4.462  41.653  -20.689 -2.8979907036
84144  -4.106  41.252  -21.453 -2.9736258984
84145  -4.407  40.879  -20.846 -2.8620166779
84146  -4.843  38.988  -20.605 -2.4317939281
84147  -4.367  39.300  -21.169 -2.7088489532
84148  -4.272  38.483  -21.416 -2.6242632866
84149  -3.877  37.990  -22.257 -2.7299766541
84150  -4.174  37.691  -21.658 -2.5519869328
84162  -7.342  36.742  -17.373 -0.6206943989
84164  -7.411  37.468  -17.154 -0.6363268495
84165  -7.442  38.135  -16.913 -0.6720491648
84166  -6.994  37.840  -17.871 -0.9120787978
84167  -6.565  38.154  -18.632 -1.2585150003
84168  -6.389  37.488  -18.813 -1.2074639797
84169  -4.948  35.660  -20.590 -1.9036315680
84170  -5.028  36.471  -20.470 -1.9023432732
84171  -4.450  35.863  -21.298 -2.2212655544
84172  -4.058  36.113  -22.005 -2.4685454369
84173  -4.065  35.249  -22.123 -2.4565291405
84174  -3.761  34.669  -22.892 -2.5828421116
84175  -4.061  34.407  -22.238 -2.4563798904
84176  -4.473  32.542  -21.446 -2.2873239517
84177  -4.086  32.714  -22.168 -2.4545712471
84178  -4.107  31.891  -22.106 -2.4369657040
84179  -3.823  31.201  -22.721 -2.4571034908
84180  -4.142  31.037  -22.012 -2.4034712315
84181  -6.643  31.777  -18.242 -1.2144395113
84182  -6.099  32.048  -19.027 -1.4772418737
84183  -6.114  31.269  -18.908 -1.5469505787
84184  -5.467  29.326  -19.971 -2.0976200104
84185  -5.248  30.101  -20.226 -2.0996899605
84186  -4.922  29.396  -20.824 -2.2278699875
84187  -4.448  29.467  -21.630 -2.2990200520
84188  -4.640  28.728  -21.386 -2.2387716770
84189  -4.465  27.974  -21.758 -2.1498231888
84190  -4.842  27.972  -20.970 -2.1803462505
84191  -5.524  26.520  -19.298 -2.1083526611
84192  -5.155  26.539  -20.135 -2.0794932842
84193  -5.293  25.842  -19.648 -2.0352773666
84194  -5.127  25.158  -19.924 -1.8864661455
84195  -5.399  25.121  -19.139 -1.9888590574
84196  -5.523  24.337  -18.703 -1.9323576689
84197  -5.700  24.962  -18.435 -2.0498609543
84198  -6.924  24.906  -16.542 -1.9468163252
84199  -6.604  24.445  -16.915 -2.0289232731
93064  -4.225  46.035  -21.232 -1.9792984724
96305  -3.875  36.960  -24.810 -2.4480757713
96306  -4.099  36.286  -25.054 -2.2867245674
96307  -3.873  36.051  -24.928 -2.3976604939
96308  -3.907  35.032  -25.073 -2.3431322575
96309  -3.915  34.034  -25.156 -2.2827625275
96310  -3.913  33.118  -25.162 -2.2131481171
96311  -3.760  33.870  -24.926 -2.3853268623
96312  -3.671  33.594  -24.583 -2.4731419086
96313  -3.628  33.319  -24.166 -2.5378932953
100625  -4.207  43.301  -23.389 -2.1674542427
100626  -4.474  42.751  -23.654 -2.0588433743
100627  -4.221  42.515  -23.544 -2.3026604652
100628  -4.172  41.679  -23.681 -2.4131240845
100629  -4.122  40.885  -23.827 -2.4913661480
100630  -4.064  40.080  -24.063 -2.5343482494
100631  -3.994  40.693  -23.589 -2.6692349911
100632  -3.844  40.485  -23.266 -2.8106493950
100633  -3.795  40.194  -22.880 -2.9044837952
110372  -4.185  29.494  -24.479 -1.7980005741
110373  -4.480  28.872  -24.455 -1.5560064316
110374  -4.290  28.614  -24.274 -1.6669301987
110375  -4.436  27.686  -23.999 -1.5343307257
110380  -4.451  26.562  -22.282 -1.7803565264
110382  -5.172  46.228  -18.634 -1.9198132753
110383  -5.889  45.902  -18.096 -1.8708447218
110384  -5.932  45.188  -18.265 -2.0624198914
110385  -5.951  44.476  -18.449 -2.2329676151
110386  -7.692  41.702  -16.593 -1.3973875046
110387  -7.393  42.183  -17.460 -1.7839428186
110388  -7.322  41.541  -17.657 -1.7259633541
110389  -6.555  41.273  -18.590 -2.0611145496
110390  -5.707  40.934  -19.465 -2.3713798523
110391  -4.971  40.529  -20.243 -2.6234517097
110392  -5.632  40.193  -19.659 -2.2729730606
110393  -5.530  39.459  -19.814 -2.1658003330
110394  -5.403  38.700  -20.016 -2.0655777454
110403  -7.262  36.000  -17.551 -0.6257546544
110404  -6.803  36.390  -18.247 -0.8709793687
110405  -6.279  36.741  -18.956 -1.1834766865
110406  -6.204  35.967  -19.127 -1.1868129969
110407  -5.548  35.392  -19.878 -1.5534250736
110408  -4.946  34.789  -20.672 -1.9276312590
110409  -4.447  34.170  -21.458 -2.2469546795
110410  -4.960  33.962  -20.705 -1.9662952423
110411  -4.952  33.187  -20.720 -2.0098998547
110412  -4.964  32.372  -20.681 -2.0493886471
110413  -6.696  30.162  -17.831 -1.3733879328
110414  -6.261  30.498  -18.656 -1.6101483107
110415  -6.343  29.711  -18.358 -1.6671437025
110416  -5.996  29.174  -18.971 -1.9206773043
110417  -5.586  28.538  -19.589 -2.0930070877
110418  -5.257  27.899  -20.113 -2.1616210938
110419  -5.688  27.801  -19.237 -2.0893166065
110420  -5.746  27.123  -18.883 -2.0879399776
110421  -5.826  26.371  -18.484 -2.0871624947
110422  -5.975  25.582  -18.106 -2.0817301273
110423  -6.297  26.115  -17.708 -2.0191216469
110424  -6.799  25.761  -16.920 -1.9150543213
110425  -7.235  25.358  -16.130 -1.7883371115
117307  -4.281  44.023  -23.150 -2.0170099735
117308  -4.083  43.805  -22.901 -2.2593073845
117309  -3.970  43.591  -22.560 -2.4874205589
117310  -3.903  43.323  -22.165 -2.6874814034
124871  -5.059  37.817  -24.764 -1.8837348223
124872  -5.462  37.112  -24.535 -1.6953727007
124873  -5.053  36.945  -24.864 -1.8680332899
124874  -5.050  36.009  -24.964 -1.8309420347
124875  -5.096  35.131  -25.087 -1.7771995068
124876  -4.382  35.557  -25.214 -2.1101884842
124877  -4.724  34.859  -25.279 -1.9179778099
124878  -5.089  34.244  -25.238 -1.7100681067
124879  -5.031  33.388  -25.420 -1.6312561035
124880  -4.979  32.475  -25.368 -1.5413529873
124885  -4.190  30.603  -24.872 -1.8093212843
124886  -3.917  32.191  -25.076 -2.1307971478
124887  -3.954  31.264  -24.912 -2.0336337090
124888  -4.059  30.337  -24.673 -1.9217903614
124889  -3.960  30.116  -24.385 -2.0287635326
124890  -3.876  29.898  -24.014 -2.1278812885
124891  -3.808  29.678  -23.574 -2.2142860889
124893  -7.986  44.443  -15.876 -1.3584746122
124894  -7.853  43.939  -15.036 -1.1142408848
124895  -7.823  43.248  -15.152 -1.1404838562
124896  -7.753  42.571  -15.397 -1.1346186399
124899  -7.616  41.915  -15.604 -1.0978507996
124900  -7.558  41.245  -15.791 -1.0362076759
124901  -7.547  40.611  -16.032 -0.9587985873
124902  -7.474  40.009  -16.222 -0.8756134510
124913  -7.066  33.764  -17.659 -0.7562565804
124914  -6.592  33.288  -18.401 -1.0523895025
124915  -7.076  33.021  -17.660 -0.8296639323
124916  -7.112  32.224  -17.597 -0.9113387465
124917  -7.113  31.468  -17.508 -0.9969741106
124920  -7.124  30.609  -17.304 -1.0832897425
124921  -7.183  29.785  -17.055 -1.1685075760
124922  -7.234  29.017  -16.838 -1.2523040771
124923  -7.366  28.178  -16.521 -1.3353304863
134350  -5.492  38.763  -24.171 -1.6666275263
134354  -4.719  42.120  -23.781 -1.9380351305
134355  -4.989  41.514  -23.823 -1.8080117702
134356  -5.270  40.867  -23.752 -1.6711863279
134357  -5.206  40.157  -24.001 -1.7645843029
134358  -5.119  39.412  -24.287 -1.8333320618
134359  -5.054  38.648  -24.572 -1.8731843233
134360  -4.683  38.503  -24.779 -2.0619397163
134361  -4.340  38.289  -24.841 -2.2280409336
134362  -4.070  38.057  -24.820 -2.3712291718
134363  -3.975  39.306  -24.321 -2.5442569256
134364  -3.885  38.568  -24.537 -2.5276420116
134365  -3.874  37.804  -24.674 -2.4930393696
134366  -3.701  37.534  -24.433 -2.5936682224
134367  -3.567  37.260  -24.100 -2.6694359779
134368  -3.522  36.947  -23.686 -2.7110698223
154200  -5.008  23.745  -20.265 -1.4641906023
154202  -4.315  46.388  -20.485 -1.9375129938
154203  -4.244  45.753  -20.683 -2.1405928135
154204  -4.705  45.812  -19.327 -2.1237461567
154205  -4.321  45.448  -20.123 -2.2672417164
154206  -4.139  45.101  -20.894 -2.3440032005
154207  -4.016  44.436  -21.170 -2.5366482735
154208  -3.984  43.757  -21.411 -2.7058906555
154209  -3.942  43.057  -21.642 -2.8395454884
154210  -7.515  44.296  -16.935 -1.6922879219
154211  -6.763  44.047  -17.915 -2.0391759872
154212  -5.942  43.764  -18.669 -2.3658123016
154213  -6.737  42.651  -18.273 -2.1509733200
154214  -5.863  43.071  -18.933 -2.4477021694
154215  -5.117  43.488  -19.436 -2.6357581615
154216  -4.526  43.168  -20.215 -2.8219940662
154217  -4.167  42.775  -21.041 -2.9163732529
154218  -3.928  42.328  -21.852 -2.9287991524
154219  -3.937  41.576  -22.027 -2.9706695080
154220  -3.900  40.794  -22.193 -2.9688982964
154221  -3.864  39.910  -22.373 -2.9332809448
154222  -4.425  40.115  -20.979 -2.7934136391
154223  -4.032  39.675  -21.741 -2.8746373653
154224  -3.800  39.114  -22.541 -2.8770365715
154225  -3.714  38.314  -22.749 -2.8135688305
154226  -3.641  37.524  -23.007 -2.7536408901
154227  -3.610  36.705  -23.179 -2.7035229206
154236  -7.475  39.400  -16.453 -0.7957178354
154244  -7.477  38.758  -16.694 -0.7262163758
154245  -7.226  39.148  -17.417 -1.0431479216
154246  -6.695  38.808  -18.440 -1.3340371847
154247  -5.983  38.411  -19.396 -1.6566445827
154248  -5.237  37.968  -20.231 -1.9841396809
154249  -5.675  37.023  -19.668 -1.5479816198
154250  -5.132  37.245  -20.343 -1.9287549257
154251  -4.600  37.438  -21.014 -2.2776687145
154252  -4.091  36.911  -21.854 -2.4993815422
154253  -3.782  36.416  -22.627 -2.6280317307
154254  -3.587  35.832  -23.319 -2.6644651890
154255  -3.581  34.941  -23.483 -2.6331961155
154256  -3.594  34.010  -23.596 -2.6032998562
154257  -3.645  33.048  -23.595 -2.5670907497
154258  -4.077  33.566  -22.238 -2.4588067532
154259  -3.764  32.830  -22.885 -2.5447304249
154260  -3.629  32.126  -23.466 -2.5182144642
154261  -3.633  31.267  -23.352 -2.4531984329
154262  -3.764  30.398  -23.194 -2.3724572659
154263  -3.875  29.556  -22.973 -2.2797963619
154264  -6.083  32.776  -19.131 -1.4033643007
154265  -5.524  32.200  -19.873 -1.7667837143
154266  -4.941  31.614  -20.631 -2.0783596039
154267  -5.637  30.741  -19.561 -1.8604171276
154268  -5.072  30.860  -20.444 -2.0945913792
154269  -4.567  30.931  -21.258 -2.2819542885
154270  -4.263  30.251  -21.859 -2.3559021950
154271  -4.085  29.518  -22.353 -2.3126292229
154272  -4.038  28.754  -22.714 -2.1809477806
154273  -4.198  27.970  -22.439 -2.0820379257
154274  -4.382  27.253  -22.095 -1.9880628586
154275  -4.597  26.569  -21.648 -1.9021807909
154276  -5.013  27.228  -20.556 -2.1270470619
154277  -4.837  26.578  -20.918 -2.0065987110
154278  -4.761  25.882  -21.212 -1.8250770569
154279  -4.914  25.162  -20.690 -1.7548651695
154280  -5.019  24.467  -20.175 -1.6872764826
154281  -5.146  23.722  -19.621 -1.6163902283
154282  -5.344  23.688  -18.926 -1.7515919209
154283  -5.687  23.586  -18.252 -1.8569831848
154284  -6.109  23.381  -17.501 -1.9221725464
154285  -6.161  24.750  -17.676 -2.0629653931
154286  -6.359  23.929  -17.209 -2.0197842121
