#!ascii label  , from subject fsaverage vox2ras=TkReg coords=white
321
526  -52.441  26.880  6.260 -3.0827054977
1159  -50.090  31.834  6.698 -3.7097356319
1630  -37.799  34.940  7.610 -2.3380711079
2220  -42.786  31.870  9.507 -3.8279864788
2221  -49.325  27.773  9.536 -2.3853023052
4914  -39.788  33.066  8.671 -3.2817668915
4915  -43.672  33.514  7.827 -3.3773705959
4916  -52.009  29.648  6.489 -3.8003745079
4917  -49.651  30.592  8.655 -3.8662281036
4918  -51.747  27.778  7.951 -3.0480160713
4919  -51.776  25.797  9.766 -1.4122503996
4920  -52.864  25.001  7.707 -1.9441310167
4922  -51.890  24.144  6.462 -2.0108168125
6693  -47.226  33.259  6.674 -2.9162716866
6695  -51.850  30.401  4.511 -3.0051672459
6696  -52.133  28.331  4.933 -2.9379162788
6697  -50.823  25.954  5.618 -2.2861742973
9223  -39.150  31.236  10.799 -3.1218008995
9224  -42.647  29.310  11.155 -2.7099897861
9225  -46.672  32.306  8.505 -3.9614229202
9226  -46.219  30.061  10.031 -3.4043915272
9227  -46.246  27.154  10.997 -1.5990247726
12594  -42.321  34.177  7.282 -2.9490303993
12595  -44.117  34.308  6.849 -2.7207424641
12596  -52.371  28.400  6.456 -3.5274150372
12597  -51.778  28.928  7.277 -3.6310098171
12598  -52.395  27.390  7.034 -3.1660537720
12599  -52.403  26.363  7.766 -2.4833421707
12600  -52.594  25.876  6.842 -2.6005237103
12601  -52.653  24.497  6.965 -2.0492913723
12602  -52.257  25.422  6.266 -2.5381076336
14998  -51.810  29.496  3.661 -2.4396412373
14999  -52.244  29.408  4.762 -3.0625450611
15000  -51.632  28.663  4.119 -2.4103674889
15001  -51.106  27.810  4.626 -2.2434806824
20500  -36.948  33.781  8.956 -2.4901103973
20501  -41.220  32.498  9.060 -3.6600296497
20502  -39.341  32.230  9.670 -3.3208119869
20503  -40.931  31.631  10.076 -3.5300967693
20504  -40.884  30.336  11.099 -3.0749344826
20505  -42.649  30.660  10.487 -3.4403192997
20506  -48.684  32.524  6.673 -3.3698596954
20507  -47.035  32.858  7.816 -3.5789234638
20508  -48.479  32.209  7.801 -3.8777558804
20509  -49.456  29.235  9.061 -3.2795717716
20510  -47.957  30.425  9.443 -3.6812815666
20511  -47.843  28.964  9.735 -2.9271001816
20512  -46.181  28.598  10.319 -2.5326220989
20513  -47.783  27.493  10.242 -1.9727970362
27275  -39.381  34.994  7.041 -2.5159471035
27276  -38.631  33.839  8.308 -2.8056178093
27277  -40.442  33.980  7.790 -2.9966413975
27278  -41.716  33.325  8.234 -3.4473683834
27279  -43.208  32.810  8.614 -3.7907176018
27280  -51.156  30.880  6.684 -3.8640308380
27281  -49.830  31.397  7.773 -4.0032563210
27282  -50.908  30.274  7.620 -3.9212069511
27283  -50.738  29.185  8.249 -3.5330212116
27284  -50.598  27.843  8.730 -2.7673792839
27285  -50.589  26.660  9.538 -1.8568298817
27286  -51.750  26.663  8.672 -2.2170209885
27287  -52.555  25.473  8.740 -1.7175909281
30975  -45.729  34.001  6.233 -2.4347894192
30981  -51.232  31.207  5.590 -3.4286653996
30982  -52.024  30.207  5.663 -3.5558807850
30983  -52.509  29.030  5.634 -3.4719033241
30984  -52.364  27.733  5.699 -3.2020924091
30985  -51.902  26.241  5.741 -2.7838389874
30986  -51.603  27.162  5.274 -2.6667368412
30987  -50.244  26.796  5.236 -1.9810594320
37911  -37.948  32.905  9.393 -2.9273400307
37912  -37.638  31.918  10.530 -2.8985781670
37917  -45.599  33.573  7.504 -3.1694500446
37918  -45.213  32.973  8.266 -3.7346212864
37919  -44.652  32.146  9.023 -3.9591057301
37920  -48.158  31.521  8.704 -4.0116753578
37921  -46.386  31.433  9.445 -3.9197597504
37922  -44.531  31.028  9.956 -3.7317817211
37923  -44.420  29.703  10.511 -3.0658690929
37924  -44.420  28.202  11.056 -2.1579701900
37944  -51.415  25.027  5.880 -2.2853517532
43314  -43.468  34.690  6.494 -2.4995965958
43315  -44.385  34.625  6.316 -2.3543479443
43316  -52.446  27.679  6.366 -3.3231058121
43317  -52.361  27.985  6.800 -3.3972032070
43318  -52.509  27.203  6.621 -3.1509637833
43319  -52.547  26.628  6.908 -2.8893694878
43320  -52.518  26.377  6.523 -2.8782920837
43321  -52.487  25.633  6.519 -2.5929329395
43322  -52.371  26.089  6.223 -2.8164556026
45719  -51.764  29.101  3.848 -2.4449872971
51220  -37.337  34.347  8.305 -2.4268434048
51221  -42.006  32.226  9.271 -3.7757375240
51222  -41.020  32.091  9.556 -3.6386594772
51223  -41.835  31.730  9.763 -3.6992559433
51224  -41.762  31.154  10.314 -3.5253386497
51225  -42.690  31.312  10.021 -3.6857573986
51226  -49.410  32.225  6.708 -3.5592336655
51227  -48.642  32.386  7.266 -3.6616549492
51228  -49.316  32.063  7.284 -3.8056797981
51229  -49.359  28.483  9.267 -2.8548672199
51230  -48.657  29.098  9.414 -3.1121611595
51231  -48.585  28.356  9.611 -2.6592793465
51232  -47.798  28.239  9.920 -2.4546797276
51233  -48.558  27.637  9.896 -2.1783919334
51234  -48.473  27.003  10.331 -1.7121851444
51235  -49.222  27.113  9.917 -1.9120856524
60819  -39.883  34.461  7.456 -2.7554702759
60820  -40.848  34.574  7.193 -2.7705316544
60821  -42.954  33.819  7.570 -3.1684901714
60822  -42.020  33.737  7.765 -3.2275977135
60823  -42.639  33.441  7.986 -3.4373257160
60824  -42.452  33.071  8.437 -3.6372561455
60825  -43.413  33.167  8.239 -3.6242494583
60826  -51.623  30.272  6.611 -3.8597192764
60827  -51.082  30.591  7.175 -3.9464082718
60828  -51.532  29.985  7.059 -3.8853781223
60829  -51.750  28.346  7.626 -3.3848779202
60830  -51.330  29.043  7.781 -3.6047713757
60831  -51.264  28.476  8.079 -3.3059341908
60832  -50.645  28.578  8.501 -3.1862874031
60833  -51.221  27.894  8.359 -2.9246094227
60834  -51.199  27.255  8.658 -2.4916117191
60835  -51.758  27.217  8.250 -2.6471855640
60836  -52.646  25.662  7.694 -2.2035565376
60837  -52.493  25.849  8.192 -2.0940349102
60838  -52.769  25.224  8.179 -1.8439490795
60843  -52.307  24.328  6.671 -2.0488386154
68029  -51.725  30.417  3.886 -2.6604840755
68031  -51.539  30.832  4.413 -2.9013345242
68032  -51.240  31.260  4.946 -3.1101953983
68033  -51.612  30.819  5.041 -3.2357020378
68034  -51.643  30.702  5.642 -3.5191817284
68035  -51.957  30.340  5.105 -3.3099691868
68036  -52.224  28.860  4.793 -3.0207226276
68037  -52.368  29.251  5.196 -3.3034667969
68038  -52.401  28.666  5.227 -3.2289187908
68039  -52.475  28.402  5.654 -3.3581178188
68040  -52.308  28.072  5.314 -3.1125299931
68041  -52.099  27.431  5.414 -2.9584479332
68042  -51.936  27.767  5.101 -2.8185994625
68044  -50.708  27.334  4.933 -2.1217715740
84541  -39.139  33.418  8.513 -3.0485000610
84542  -38.232  33.384  8.817 -2.8866190910
84543  -38.837  32.964  9.012 -3.1181781292
84544  -39.183  31.762  10.210 -3.2495391369
84545  -38.435  32.088  10.077 -3.1089715958
84546  -38.327  31.576  10.648 -3.0349512100
84551  -41.734  29.849  11.131 -2.9274768829
84556  -46.454  33.620  6.489 -2.6741118431
84557  -45.667  33.813  6.958 -2.8117876053
84558  -46.470  33.463  7.176 -3.0454032421
84559  -46.896  32.610  8.130 -3.8156361580
84560  -46.171  32.938  8.064 -3.6648967266
84561  -45.964  32.638  8.410 -3.8677544594
84562  -44.935  32.626  8.610 -3.8984956741
84563  -45.686  32.287  8.794 -3.9728574753
84564  -49.726  31.083  8.278 -3.9928512573
84565  -49.040  31.519  8.278 -4.0213866234
84566  -48.917  31.098  8.739 -3.9634947777
84567  -47.090  30.250  9.785 -3.5524432659
84568  -47.169  30.955  9.521 -3.8236083984
84569  -46.306  30.792  9.822 -3.7186932564
84570  -45.439  31.232  9.721 -3.8384828568
84571  -45.375  30.582  10.070 -3.5923533440
84572  -44.455  30.389  10.252 -3.4459195137
84573  -45.291  29.891  10.284 -3.2406415939
84574  -46.224  27.866  10.614 -2.0520343781
84575  -45.292  28.380  10.704 -2.3387179375
84576  -45.356  27.658  11.029 -1.8706132174
84586  -51.201  26.202  9.652 -1.6201865673
84587  -50.559  26.226  10.115 -1.4412139654
84588  -51.166  25.820  10.312 -1.2493774891
84623  -51.433  26.109  5.640 -2.5568223000
84624  -51.707  25.577  5.806 -2.5381014347
84625  -51.139  25.499  5.772 -2.3261654377
96396  -41.719  34.617  6.934 -2.7248594761
96397  -42.572  34.644  6.700 -2.6287982464
96398  -43.225  34.244  7.077 -2.8490843773
96399  -43.900  33.888  7.379 -3.0691025257
96400  -52.226  29.055  6.463 -3.6883099079
96401  -51.887  29.369  6.932 -3.7709085941
96402  -52.152  28.705  6.842 -3.6063776016
96403  -52.107  28.179  7.157 -3.4168035984
96404  -52.120  27.622  7.513 -3.1304142475
96405  -52.114  27.073  7.860 -2.7695615292
96406  -52.419  26.858  7.402 -2.8519642353
96407  -52.553  26.138  7.269 -2.5629785061
96408  -52.716  25.418  7.254 -2.2785568237
96409  -52.836  24.746  7.316 -2.0136380196
96410  -52.675  25.142  6.883 -2.3153014183
96411  -52.416  24.957  6.578 -2.3111281395
96412  -52.075  24.784  6.333 -2.2641489506
100723  -51.744  29.933  3.463 -2.3901195526
100724  -51.931  29.881  4.054 -2.7383151054
100725  -52.100  29.879  4.631 -3.0586087704
100726  -52.033  29.445  4.234 -2.7681357861
100727  -52.020  29.007  4.378 -2.7527217865
100728  -51.899  28.508  4.518 -2.6969072819
100729  -51.718  28.061  4.760 -2.6058683395
100730  -51.416  28.244  4.354 -2.3413393497
110629  -40.474  32.760  8.858 -3.4907581806
110630  -39.570  32.626  9.125 -3.3322672844
110631  -40.281  32.351  9.291 -3.5115823746
110632  -40.113  31.954  9.852 -3.4577472210
110633  -40.048  31.472  10.407 -3.3318645954
110634  -40.036  30.837  10.967 -3.1394312382
110635  -40.880  31.008  10.623 -3.3388824463
110636  -41.742  30.507  10.758 -3.2624719143
110637  -42.632  30.007  10.824 -3.1066212654
110638  -47.944  32.901  6.731 -3.1517972946
110639  -47.189  33.103  7.308 -3.2716054916
110640  -47.920  32.733  7.303 -3.4804587364
110641  -47.805  32.559  7.781 -3.7466187477
110642  -47.597  32.275  8.152 -3.9292464256
110643  -49.568  29.960  8.900 -3.6245698929
110644  -48.873  30.526  9.100 -3.7872869968
110645  -48.753  29.851  9.262 -3.4979054928
110646  -47.905  29.703  9.608 -3.3475310802
110647  -47.049  29.520  9.893 -3.1789343357
110648  -46.154  29.366  10.122 -2.9976799488
110649  -47.038  28.815  9.965 -2.7314264774
110650  -47.027  28.068  10.225 -2.2494509220
110651  -47.030  27.335  10.584 -1.7770526409
110652  -47.025  26.723  10.988 -1.3533071280
110653  -47.738  26.884  10.650 -1.5235120058
110678  -50.126  25.842  5.650 -1.9843822718
110679  -50.483  25.413  5.802 -2.0753548145
125081  -38.551  34.953  7.307 -2.4439327717
125082  -38.165  34.364  7.977 -2.5656962395
125083  -39.007  34.397  7.699 -2.6821918488
125084  -39.515  33.906  8.022 -2.9272916317
125085  -40.080  33.508  8.248 -3.1690750122
125086  -41.435  34.113  7.508 -3.0028576851
125087  -41.030  33.616  8.015 -3.2305307388
125088  -40.710  33.182  8.438 -3.3957793713
125089  -41.446  32.902  8.652 -3.5946333408
125090  -42.219  32.668  8.831 -3.7534241676
125091  -42.977  32.372  9.023 -3.8618919849
125092  -50.658  31.392  6.693 -3.8131935596
125093  -49.989  31.645  7.256 -3.9045481682
125094  -50.549  31.197  7.269 -3.9525504112
125095  -50.405  30.898  7.738 -3.9889817238
125096  -50.331  30.535  8.160 -3.9128179550
125097  -51.451  29.557  7.423 -3.8008644581
125098  -50.858  29.798  7.975 -3.7824990749
125099  -50.262  29.990  8.469 -3.7215654850
125100  -50.111  29.277  8.683 -3.4222302437
125101  -50.052  28.539  8.886 -3.0332875252
125102  -49.989  27.837  9.152 -2.5846505165
125103  -49.924  27.195  9.507 -2.1147620678
125104  -50.583  27.220  9.084 -2.3110835552
125105  -51.213  26.672  9.094 -2.0443265438
125106  -51.780  26.171  9.193 -1.7946044207
125107  -52.118  26.562  8.211 -2.3659718037
125108  -52.193  26.069  8.696 -1.9553868771
125109  -52.238  25.694  9.232 -1.5711538792
134541  -45.087  34.413  5.939 -2.2054500580
134542  -45.672  34.109  5.432 -2.0600445271
134543  -46.379  33.706  5.698 -2.2923214436
134544  -47.157  33.322  5.916 -2.5360918045
134547  -47.909  32.980  6.023 -2.7832841873
134548  -48.653  32.642  6.037 -3.0235447884
134549  -49.405  32.314  6.058 -3.2450265884
134550  -50.145  31.981  6.109 -3.4358727932
134558  -50.758  31.650  5.493 -3.2874925137
134559  -50.756  31.560  6.112 -3.5855438709
134560  -51.209  31.080  6.146 -3.6860923767
134561  -51.648  30.538  6.136 -3.7329335213
134562  -52.031  29.921  6.064 -3.7246685028
134563  -52.216  29.818  5.167 -3.3318240643
134564  -52.311  29.661  5.634 -3.5391442776
134565  -52.298  29.311  6.031 -3.6628596783
134566  -52.424  28.724  6.065 -3.5507242680
134567  -52.448  28.075  6.051 -3.3925302029
134568  -52.400  27.359  6.001 -3.1933925152
134569  -52.251  26.546  5.959 -2.9601504803
134570  -52.174  27.011  5.732 -3.0085375309
134571  -51.739  26.758  5.525 -2.7710132599
134572  -51.168  26.562  5.461 -2.4869279861
134573  -51.411  27.512  5.001 -2.4841794968
134574  -50.954  26.952  5.244 -2.3361554146
134575  -50.511  26.377  5.459 -2.1669702530
134576  -49.774  26.269  5.510 -1.8273850679
141244  -38.158  35.496  6.978 -2.2202637196
141245  -38.898  35.506  6.701 -2.2858598232
154695  -37.743  33.850  8.572 -2.6524448395
154696  -37.432  33.340  9.143 -2.7071774006
154698  -38.622  32.549  9.530 -3.1375663280
154699  -37.776  32.429  9.957 -2.9305272102
154713  -45.033  34.191  6.651 -2.5792908669
154714  -44.840  33.929  7.199 -2.9459953308
154715  -44.683  33.563  7.676 -3.2833585739
154716  -46.338  33.227  7.695 -3.3834435940
154717  -45.427  33.272  7.904 -3.4846875668
154718  -44.443  33.240  8.067 -3.5686457157
154719  -44.199  32.927  8.436 -3.7803468704
154720  -43.966  32.508  8.788 -3.8998801708
154721  -43.757  31.989  9.275 -3.9132111073
154722  -49.169  31.821  7.786 -3.9650757313
154723  -48.301  31.896  8.201 -3.9993000031
154724  -47.429  31.907  8.591 -4.0104842186
154725  -48.001  31.057  9.187 -3.9059245586
154726  -47.310  31.471  9.111 -3.9773368835
154727  -46.491  31.906  8.974 -3.9997122288
154728  -45.481  31.823  9.272 -3.9657196999
154729  -44.571  31.607  9.527 -3.9049246311
154730  -43.659  31.428  9.798 -3.8126540184
154731  -43.584  30.867  10.184 -3.5986146927
154732  -43.557  30.202  10.530 -3.2821702957
154733  -43.536  29.500  10.820 -2.8863546848
154734  -45.297  29.139  10.438 -2.8099582195
154735  -44.407  28.953  10.751 -2.6230344772
154736  -43.535  28.746  11.093 -2.4450912476
154749  -49.854  26.655  9.999 -1.6639870405
154794  -52.095  25.853  5.998 -2.7028090954
154795  -51.888  25.226  6.058 -2.4352014065
154796  -51.634  24.611  6.147 -2.1739368439
154797  -50.802  24.927  5.940 -2.0933213234
154798  -51.111  24.514  6.087 -2.0421423912
154799  -51.372  24.000  6.342 -1.9350627661
