#!ascii label  , from subject fsaverage vox2ras=TkReg coords=white
990
132  -45.141  -63.411  10.635 -1.9715137482
554  -51.684  -61.750  5.175 -5.6142187119
556  -49.057  -58.121  8.734 -3.2160232067
557  -56.412  -53.527  3.183 -2.0187687874
1219  -44.468  -64.384  8.397 -2.4109351635
1220  -46.033  -61.308  4.999 -4.4538850784
1221  -48.852  -64.030  8.372 -4.3190479279
1227  -48.268  -53.254  5.929 -3.3747251034
1228  -52.523  -56.624  5.550 -4.1171507835
1229  -52.077  -51.514  3.789 -3.1241097450
2298  -44.066  -61.137  2.217 -2.5148656368
2299  -50.274  -59.840  1.703 -3.0986242294
2306  -48.722  -61.924  11.130 -3.3318028450
2307  -53.545  -62.346  8.654 -4.7982435226
2308  -57.126  -59.905  5.789 -3.3764469624
3139  -45.014  -63.998  9.816 -2.0937266350
3140  -46.317  -63.778  8.213 -3.3057837486
3141  -47.306  -63.753  9.658 -2.9971654415
3146  -46.249  -51.434  7.073 -2.6657633781
3147  -48.154  -51.114  5.682 -2.8317701817
3148  -50.056  -52.553  4.942 -3.7070114613
3149  -49.952  -50.233  4.336 -2.5605220795
3150  -51.627  -49.396  3.136 -1.9879419804
5101  -42.148  -62.714  4.190 -2.9567854404
5102  -48.877  -61.251  5.070 -5.2926177979
5103  -47.893  -60.230  3.201 -4.2339906693
5104  -50.815  -60.258  3.425 -4.4614181519
5105  -53.271  -59.874  1.901 -2.8073871136
5106  -53.896  -60.773  3.666 -3.8792707920
5118  -46.488  -56.007  8.479 -2.7437341213
5120  -46.735  -57.993  10.405 -2.7362046242
5121  -46.479  -59.585  11.039 -2.7723438740
5122  -49.131  -60.143  10.306 -3.3583459854
5123  -51.489  -62.389  10.053 -4.1582074165
5124  -51.450  -60.150  9.001 -3.9022278786
5125  -54.412  -55.294  4.248 -3.4812870026
5126  -54.828  -58.375  5.690 -3.9377136230
5127  -56.821  -56.494  4.329 -2.5963873863
6803  -42.895  -64.418  6.986 -2.7586295605
6804  -43.371  -62.495  5.184 -3.5880970955
6805  -44.776  -62.908  6.718 -3.6256031990
6806  -47.306  -62.692  6.721 -4.6024179459
6807  -50.169  -63.157  6.812 -5.5264987946
6815  -44.420  -51.428  8.702 -2.2949020863
6816  -46.024  -53.755  7.008 -2.8096053600
6817  -48.650  -55.689  6.783 -3.2821862698
6818  -51.018  -57.623  6.966 -3.7504868507
6819  -50.456  -54.911  5.579 -3.9152214527
6820  -52.184  -54.007  4.362 -3.9646878242
6821  -54.166  -52.658  3.412 -2.8238699436
9453  -44.927  -61.042  3.555 -3.6092660427
9454  -47.249  -60.212  1.647 -2.9583961964
9475  -45.947  -61.225  11.671 -2.5513145924
9476  -47.382  -63.009  11.025 -2.7941889763
9477  -50.080  -63.846  10.097 -3.8752965927
9478  -51.993  -64.361  8.805 -4.9997744560
9479  -53.433  -63.398  6.975 -5.6499400139
9480  -53.179  -59.712  7.319 -4.2723221779
9481  -55.221  -61.634  7.127 -4.7115821838
9482  -55.201  -62.114  5.354 -4.6544170380
9483  -57.551  -60.369  4.100 -2.7782433033
10819  -45.088  -63.769  10.264 -2.0069255829
10820  -46.085  -63.786  9.724 -2.5157155991
10821  -46.210  -63.572  10.233 -2.4302523136
10826  -47.265  -50.174  6.203 -2.3909604549
10827  -48.115  -49.980  5.355 -2.2702281475
10828  -49.015  -50.702  5.056 -2.7570528984
10829  -48.980  -49.589  4.715 -2.0862100124
10830  -49.892  -49.283  4.156 -1.8724124432
12782  -50.316  -61.532  5.122 -5.5835242271
12783  -49.818  -60.679  4.146 -5.0872902870
12784  -51.193  -60.907  4.331 -5.1304993629
12785  -52.347  -60.521  3.584 -4.2795405388
12786  -52.675  -61.280  4.472 -4.8765153885
12798  -47.741  -57.061  8.617 -2.9554257393
12799  -46.595  -57.102  9.502 -2.7228367329
12800  -47.902  -58.150  9.673 -2.9692974091
12801  -47.968  -58.987  10.400 -3.0194234848
12802  -49.159  -59.152  9.716 -3.2769651413
12803  -50.347  -60.152  9.712 -3.6423566341
12804  -50.252  -59.109  8.881 -3.5316922665
12805  -55.453  -54.408  3.642 -2.7601377964
12806  -55.569  -55.949  4.220 -3.0535821915
12807  -56.632  -54.953  3.539 -2.3000328541
15179  -43.692  -64.382  7.644 -2.5965864658
15180  -43.689  -63.469  6.774 -3.1672616005
15181  -44.510  -63.685  7.470 -3.0150115490
15182  -47.533  -63.842  8.247 -3.8146588802
15183  -46.723  -63.347  7.487 -3.9809482098
15184  -48.041  -63.451  7.548 -4.4908823967
15185  -48.730  -62.810  6.740 -5.0974073410
15186  -49.407  -63.713  7.621 -4.9727849960
15197  -44.762  -50.431  8.724 -2.2477226257
15198  -47.175  -52.382  6.473 -3.0166351795
15199  -46.089  -52.510  7.030 -2.7824378014
15200  -47.170  -53.533  6.378 -3.0837070942
15201  -47.306  -54.702  6.680 -3.0521903038
15202  -48.415  -54.473  6.046 -3.3640060425
15203  -49.645  -55.294  6.117 -3.6079149246
15204  -49.369  -54.137  5.615 -3.6853928566
15205  -51.037  -52.086  4.404 -3.5379145145
15206  -51.090  -53.300  4.598 -3.9374165535
15207  -52.075  -52.769  4.061 -3.6335375309
15208  -53.142  -53.416  3.772 -3.5029661655
15209  -53.099  -52.136  3.552 -3.0750381947
15211  -53.056  -50.933  3.201 -2.5924856663
21066  -45.428  -60.696  1.152 -2.2506215572
21067  -44.642  -61.791  5.011 -4.0178422928
21068  -44.072  -61.732  4.407 -3.7143981457
21069  -45.428  -61.080  4.217 -4.1094455719
21070  -49.060  -59.986  2.453 -3.7283926010
21071  -47.494  -60.165  2.424 -3.5765466690
21072  -48.748  -59.976  1.613 -3.0840108395
21073  -48.565  -60.078  0.813 -2.5354313850
21074  -50.100  -59.947  0.831 -2.5477814674
21076  -51.528  -59.976  0.899 -2.4710428715
21077  -54.827  -59.901  1.934 -2.5386221409
21078  -54.308  -59.763  1.088 -2.1483442783
21123  -47.587  -60.715  11.046 -3.0452096462
21124  -46.220  -60.381  11.294 -2.7104368210
21125  -47.358  -61.569  11.453 -2.9237549305
21126  -46.942  -62.261  11.598 -2.6823503971
21127  -48.247  -62.715  11.196 -3.1283943653
21128  -48.735  -63.368  10.648 -3.3122315407
21129  -49.573  -63.038  10.829 -3.6133871078
21130  -52.614  -62.402  9.395 -4.5207748413
21131  -52.226  -63.597  9.699 -4.5888085365
21132  -53.146  -63.551  8.848 -5.0050773621
21133  -52.749  -64.082  7.911 -5.4505486488
21134  -53.917  -63.363  7.989 -5.2727222443
21135  -51.762  -57.113  6.211 -3.9967482090
21136  -52.015  -58.611  7.060 -4.0060224533
21137  -52.808  -58.133  6.298 -4.1472945213
21138  -56.091  -59.211  5.876 -3.6861553192
21139  -55.155  -60.064  6.608 -4.2581477165
21140  -56.110  -60.864  6.404 -4.1611776352
21141  -55.509  -62.092  6.363 -4.7725086212
21142  -56.548  -61.275  5.690 -3.9627153873
21143  -56.406  -61.293  4.790 -3.6834678650
21144  -57.666  -60.250  5.134 -3.0662131310
24083  -44.865  -64.200  9.205 -2.2341482639
24084  -45.290  -63.984  8.227 -2.8301675320
24085  -45.864  -63.966  9.063 -2.6532168388
24086  -46.934  -63.872  8.933 -3.1351718903
24087  -48.212  -63.988  8.955 -3.6431105137
24094  -45.553  -50.396  7.752 -2.3747169971
24095  -46.430  -50.331  6.985 -2.4271681309
24096  -47.183  -51.306  6.407 -2.7906336784
24097  -48.231  -52.215  5.931 -3.2147791386
24098  -49.163  -52.931  5.492 -3.6193404198
24099  -49.080  -51.882  5.339 -3.3076488972
24100  -49.962  -51.332  4.716 -3.2209208012
24101  -50.980  -50.845  4.092 -2.9409370422
24102  -51.941  -50.360  3.468 -2.5434708595
24103  -50.827  -49.885  3.746 -2.2823326588
24104  -50.661  -48.875  3.479 -1.6655803919
27614  -41.656  -62.857  3.555 -2.5335528851
27615  -42.988  -61.886  3.260 -2.7699277401
27616  -47.471  -61.172  5.036 -4.8875403404
27617  -46.847  -60.590  4.093 -4.4941067696
27618  -48.379  -60.547  4.062 -4.8404102325
27619  -49.398  -60.159  3.249 -4.4273247719
27620  -50.544  -59.946  2.555 -3.7502679825
27621  -51.744  -59.804  1.829 -3.0012717247
27622  -52.024  -60.034  2.742 -3.6200959682
27623  -53.577  -60.199  2.782 -3.3405685425
27624  -55.181  -60.341  2.886 -2.9469008446
27644  -45.090  -54.935  8.464 -2.5570578575
27646  -45.395  -56.119  9.467 -2.5263950825
27647  -45.489  -57.085  10.302 -2.5085787773
27648  -45.388  -57.844  10.897 -2.5148830414
27649  -45.309  -58.621  11.173 -2.5254430771
27650  -46.686  -58.806  10.817 -2.7662279606
27651  -47.805  -59.879  10.757 -3.0626561642
27652  -48.959  -61.090  10.716 -3.3968341351
27653  -50.086  -62.263  10.631 -3.7524077892
27654  -50.275  -61.227  10.170 -3.7423291206
27655  -51.490  -61.241  9.580 -4.0591897964
27656  -52.528  -61.234  8.918 -4.3272590637
27657  -53.400  -56.045  4.975 -3.9689943790
27658  -53.673  -57.567  5.556 -4.0830883980
27659  -54.550  -56.792  4.922 -3.7075655460
27660  -55.802  -57.575  5.082 -3.3403003216
27661  -57.066  -58.204  5.155 -2.9356389046
27662  -58.106  -58.739  5.092 -2.5723335743
31235  -42.187  -64.506  6.303 -2.8577957153
31236  -42.287  -63.487  5.439 -3.1883258820
31237  -42.983  -63.423  6.076 -3.2399771214
31238  -43.968  -62.574  5.898 -3.6784772873
31239  -45.347  -62.096  5.816 -4.1386833191
31240  -45.547  -63.367  7.443 -3.4834728241
31241  -45.973  -62.686  6.682 -4.1067662239
31242  -46.665  -61.914  5.850 -4.6082844734
31243  -48.068  -61.931  5.913 -5.0831761360
31244  -49.507  -62.100  5.956 -5.5239405632
31245  -50.924  -62.450  5.995 -5.8156099319
31261  -44.087  -52.544  8.584 -2.3352682590
31262  -45.304  -51.466  7.823 -2.4915792942
31263  -45.047  -52.536  7.733 -2.5515832901
31264  -44.957  -53.735  7.812 -2.5714201927
31265  -46.210  -54.881  7.480 -2.7842783928
31266  -47.584  -55.939  7.542 -2.9911739826
31267  -48.861  -56.989  7.677 -3.2173054218
31268  -50.098  -57.926  7.837 -3.4779870510
31269  -49.855  -56.643  6.918 -3.5112252235
31270  -50.723  -56.182  6.201 -3.8163554668
31271  -51.505  -55.730  5.614 -4.0580801964
31272  -50.186  -53.715  5.107 -3.9236793518
31273  -51.330  -54.460  5.006 -4.0843038559
31274  -52.344  -55.204  4.973 -4.0968537331
31275  -53.282  -54.615  4.279 -3.8017108440
31276  -54.275  -53.978  3.708 -3.1890859604
31277  -55.315  -53.130  3.295 -2.4424045086
31282  -52.656  -49.820  2.865 -2.1334748268
38595  -42.714  -62.632  4.677 -3.3334894180
38596  -43.487  -61.786  3.858 -3.2676494122
38597  -44.420  -61.023  2.900 -3.0469884872
38598  -46.405  -60.476  3.334 -3.9449629784
38599  -45.974  -60.542  2.582 -3.3328993320
38600  -45.620  -60.525  1.814 -2.7510280609
38601  -47.008  -60.306  0.906 -2.4269812107
38607  -52.981  -59.848  0.982 -2.3303155899
38661  -45.046  -59.316  11.335 -2.5024642944
38662  -44.807  -60.110  11.572 -2.4101421833
38666  -46.269  -63.154  10.741 -2.3827133179
38667  -47.506  -63.456  10.342 -2.8912723064
38668  -48.820  -63.832  9.775 -3.4786210060
38669  -49.728  -64.256  9.195 -4.1112570763
38670  -51.023  -63.358  10.359 -4.1106667519
38671  -51.191  -64.272  9.507 -4.4509263039
38672  -50.397  -64.313  8.588 -4.7475638390
38673  -51.051  -64.093  7.784 -5.3338088989
38674  -51.818  -63.483  6.965 -5.7546257973
38675  -52.574  -62.720  6.057 -5.7940998077
38676  -51.188  -58.908  7.987 -3.7799890041
38677  -52.304  -60.030  8.198 -4.1257662773
38678  -53.463  -61.159  8.281 -4.5100550652
38679  -53.992  -59.163  6.474 -4.2461166382
38680  -54.344  -60.835  7.515 -4.5238647461
38681  -54.303  -62.097  7.887 -4.9045152664
38682  -54.651  -62.774  7.089 -5.2372984886
38683  -54.245  -62.757  6.124 -5.3952903748
38684  -53.391  -62.128  5.246 -5.2788395882
38685  -54.535  -61.602  4.531 -4.3434729576
38686  -55.792  -61.037  3.879 -3.3388304710
38687  -57.005  -60.094  2.997 -2.5014855862
38688  -58.633  -59.094  4.440 -2.2881493568
38689  -58.467  -59.274  3.289 -2.0714528561
41539  -45.124  -63.604  10.460 -1.9838159084
41540  -45.635  -63.652  10.278 -2.2101354599
41541  -45.654  -63.485  10.450 -2.1867685318
41546  -47.744  -49.507  5.638 -2.0548853874
41547  -48.125  -49.427  5.281 -1.9579714537
41548  -48.550  -49.791  5.030 -2.1842639446
41549  -48.554  -49.249  4.943 -1.8547365665
41550  -48.975  -49.140  4.670 -1.7499153614
43502  -50.988  -61.618  5.143 -5.6409244537
43503  -50.750  -61.193  4.701 -5.4214863777
43504  -51.408  -61.299  4.735 -5.4045572281
43505  -51.939  -61.106  4.412 -5.0431942940
43506  -52.136  -61.531  4.840 -5.3009843826
43518  -48.394  -57.599  8.689 -3.0789451599
43519  -47.825  -57.631  9.169 -2.9561476707
43520  -48.481  -58.140  9.230 -3.0908668041
43521  -48.533  -58.641  9.705 -3.1155269146
43522  -49.134  -58.641  9.295 -3.2405629158
43523  -49.721  -59.149  9.317 -3.4049282074
43524  -49.678  -58.610  8.809 -3.3669638634
43525  -55.950  -53.982  3.373 -2.3792273998
43526  -56.040  -54.666  3.555 -2.5283768177
43527  -56.540  -54.211  3.278 -2.1575198174
45895  -44.268  -64.579  8.843 -2.1386163235
45897  -44.114  -64.694  8.490 -2.2290012836
45898  -43.758  -64.741  8.107 -2.3224289417
45899  -44.100  -64.386  8.016 -2.5045683384
45900  -44.081  -64.011  7.550 -2.7977631092
45901  -44.489  -64.098  7.916 -2.7061855793
45902  -48.183  -63.903  8.291 -4.0709071159
45903  -47.784  -63.712  7.890 -4.1570081711
45904  -48.453  -63.796  7.960 -4.4104914665
45905  -48.704  -63.529  7.556 -4.7397828102
45906  -49.112  -63.925  8.022 -4.6522841454
45917  -45.001  -49.912  8.713 -2.2176561356
45918  -47.705  -52.840  6.191 -3.1984217167
45919  -47.148  -52.942  6.417 -3.0668423176
45920  -47.709  -53.419  6.152 -3.2298109531
45921  -47.778  -54.014  6.201 -3.2278597355
45922  -48.307  -53.880  5.928 -3.3847410679
45923  -48.905  -54.310  5.826 -3.5277192593
45924  -48.812  -53.718  5.732 -3.5387923717
45925  -51.581  -51.820  4.102 -3.3552877903
45926  -51.554  -52.399  4.184 -3.6151530743
45927  -52.072  -52.145  3.931 -3.3953695297
45928  -52.575  -52.503  3.846 -3.3762209415
45929  -52.579  -51.822  3.626 -3.1280417442
45930  -53.094  -51.528  3.371 -2.8349645138
45931  -52.595  -51.257  3.494 -2.8634948730
51786  -44.725  -60.890  1.669 -2.3819780350
51787  -45.328  -61.510  4.983 -4.2357430458
51788  -45.023  -61.418  4.608 -4.0968279839
51789  -45.717  -61.162  4.595 -4.3050789833
51790  -49.648  -59.897  2.076 -3.4204268456
51791  -48.876  -59.969  2.032 -3.3956670761
51792  -49.521  -59.900  1.638 -3.1058084965
51793  -49.455  -59.912  1.210 -2.8167157173
51794  -50.203  -59.887  1.255 -2.8099579811
51795  -50.828  -59.994  0.863 -2.5191020966
51796  -50.934  -59.859  1.337 -2.7782011032
51843  -48.146  -61.293  11.112 -3.1879594326
51844  -47.471  -61.115  11.267 -2.9992947578
51845  -48.008  -61.725  11.292 -3.1246089935
51846  -47.842  -62.135  11.407 -3.0281493664
51847  -48.522  -62.329  11.253 -3.2480421066
51848  -48.859  -62.861  11.023 -3.3675312996
51849  -49.154  -62.524  11.006 -3.4743225574
51850  -53.137  -62.419  9.065 -4.6740956306
51851  -53.021  -63.004  9.205 -4.7627711296
51852  -53.447  -62.955  8.787 -4.9213252068
51853  -53.573  -63.458  8.422 -5.1658086777
51854  -53.830  -62.865  8.380 -5.0398797989
51855  -52.094  -56.907  5.836 -4.0815100670
51856  -52.272  -57.607  6.210 -4.0766210556
51857  -52.661  -57.350  5.893 -4.1243362427
51858  -56.666  -59.587  5.878 -3.5345137119
51859  -56.183  -60.084  6.198 -3.9047152996
51860  -56.618  -60.408  6.054 -3.7845280170
51861  -56.399  -61.102  6.088 -4.0732812881
51862  -56.959  -60.661  5.801 -3.6510450840
51863  -57.093  -60.808  5.435 -3.5091843605
51864  -57.467  -60.137  5.545 -3.2189190388
55499  -44.912  -64.116  9.591 -2.1579537392
55500  -45.363  -64.055  9.143 -2.4343709946
55501  -45.412  -63.931  9.510 -2.3583798409
55502  -46.693  -63.752  9.677 -2.7519032955
55503  -46.549  -63.846  9.355 -2.8141286373
55504  -47.156  -63.820  9.317 -3.0614383221
55505  -47.544  -63.932  8.944 -3.3892560005
55506  -47.785  -63.869  9.285 -3.3131368160
55516  -46.162  -49.792  7.359 -2.2851421833
55517  -46.539  -49.703  6.925 -2.2592122555
55518  -47.669  -50.644  5.933 -2.6009247303
55519  -47.215  -50.755  6.317 -2.6106951237
55520  -47.674  -51.242  6.078 -2.8239207268
55521  -47.677  -51.782  6.184 -2.9996397495
55522  -48.181  -51.675  5.807 -3.0508058071
55523  -48.661  -52.092  5.617 -3.2795689106
55524  -48.600  -51.512  5.534 -3.0720207691
55525  -49.484  -50.463  4.695 -2.6725628376
55526  -49.470  -51.008  4.860 -3.0001230240
55527  -49.955  -50.761  4.517 -2.9029798508
55528  -50.466  -51.094  4.394 -3.1020605564
55529  -50.453  -50.519  4.184 -2.7702853680
55530  -50.968  -50.301  3.901 -2.6112329960
55531  -50.398  -50.055  4.046 -2.4276533127
55533  -50.325  -49.088  3.826 -1.7660416365
61382  -41.588  -63.247  4.319 -2.8201241493
61383  -41.321  -63.348  4.008 -2.6287796497
61384  -41.931  -62.770  3.872 -2.7467138767
61385  -42.324  -62.357  3.413 -2.6459295750
61386  -42.566  -62.299  3.725 -2.8769586086
61387  -48.187  -61.182  5.060 -5.0972452164
61388  -47.909  -60.849  4.561 -4.9100008011
61389  -48.644  -60.852  4.551 -5.0913128853
61390  -50.264  -60.411  3.761 -4.8179411888
61391  -49.601  -60.317  3.664 -4.7698006630
61392  -50.107  -60.222  3.321 -4.4684791565
61393  -49.940  -60.082  2.900 -4.1102313995
61394  -50.686  -60.077  2.979 -4.1032824516
61395  -51.310  -59.942  2.627 -3.7047300339
61396  -51.421  -60.134  3.087 -4.0505304337
61397  -53.126  -60.655  3.612 -4.1035604477
61398  -52.955  -60.335  3.164 -3.8027124405
61399  -53.732  -60.476  3.220 -3.6137695312
61400  -54.371  -60.309  2.835 -3.1545367241
61401  -54.515  -60.583  3.299 -3.3915600777
61433  -45.761  -55.478  8.453 -2.6495697498
61434  -45.245  -55.545  8.962 -2.5418887138
61435  -45.964  -56.068  8.989 -2.6326613426
61436  -46.700  -57.600  9.981 -2.7256093025
61437  -46.067  -57.103  9.923 -2.6142480373
61438  -46.087  -57.521  10.343 -2.6161637306
61439  -45.408  -57.429  10.664 -2.5093073845
61440  -46.070  -57.903  10.676 -2.6242046356
61441  -46.056  -58.311  10.877 -2.6350219250
61442  -46.733  -58.375  10.666 -2.7513453960
61443  -48.576  -59.564  10.382 -3.1824431419
61444  -47.941  -59.444  10.606 -3.0452599525
61445  -48.501  -60.038  10.565 -3.2109212875
61446  -48.346  -60.479  10.737 -3.2259194851
61447  -49.048  -60.625  10.509 -3.3870966434
61448  -49.642  -61.199  10.444 -3.5718464851
61449  -49.653  -60.655  10.214 -3.5455319881
61450  -50.897  -60.133  9.348 -3.7758393288
61451  -50.913  -60.666  9.660 -3.8446741104
61452  -51.488  -60.668  9.320 -3.9817168713
61453  -52.037  -61.230  9.248 -4.2008552551
61454  -51.979  -60.673  8.986 -4.1080474854
61455  -53.920  -55.672  4.587 -3.7652957439
61456  -53.956  -56.424  4.936 -3.8541350365
61457  -54.454  -56.030  4.579 -3.5994355679
61458  -56.185  -56.233  4.260 -2.8229687214
61459  -55.652  -56.752  4.662 -3.1944108009
61460  -56.269  -57.059  4.757 -2.9742527008
61461  -56.444  -57.908  5.130 -3.1372475624
61462  -56.907  -57.355  4.782 -2.7573339939
61463  -57.503  -57.688  4.794 -2.5539536476
68575  -43.024  -64.890  7.412 -2.5044596195
68577  -42.645  -64.960  7.081 -2.5850064754
68578  -42.320  -65.086  6.781 -2.6521465778
68579  -42.498  -64.449  6.644 -2.8187370300
68580  -42.550  -63.941  6.186 -3.0392262936
68581  -42.855  -63.920  6.539 -3.0085797310
68582  -44.223  -63.122  6.717 -3.3923885822
68583  -43.826  -63.029  6.355 -3.4376287460
68584  -44.394  -62.718  6.303 -3.6668047905
68585  -44.669  -62.301  5.850 -3.9072008133
68586  -45.036  -62.494  6.282 -3.9009211063
68587  -45.771  -63.830  8.210 -3.0622460842
68588  -45.405  -63.648  7.795 -3.1548492908
68589  -45.936  -63.620  7.806 -3.3960845470
68590  -47.011  -63.058  7.129 -4.3031792641
68591  -46.352  -63.033  7.094 -4.0519104004
68592  -46.631  -62.709  6.708 -4.3531064987
68593  -46.308  -62.318  6.244 -4.3786468506
68594  -46.978  -62.287  6.267 -4.6220536232
68595  -47.357  -61.899  5.878 -4.8461065292
68596  -47.685  -62.275  6.301 -4.8672833443
68597  -49.442  -62.983  6.782 -5.3272209167
68598  -49.104  -62.467  6.347 -5.3433604240
68599  -49.807  -62.631  6.397 -5.5523695946
68600  -50.232  -62.319  6.017 -5.6987037659
68601  -50.511  -62.816  6.445 -5.7186598778
68632  -44.244  -51.965  8.612 -2.3161249161
68633  -45.855  -50.899  7.383 -2.5100886822
68634  -45.415  -50.943  7.790 -2.4419207573
68635  -45.777  -51.473  7.428 -2.5828769207
68636  -46.041  -53.104  6.988 -2.8048698902
68637  -45.552  -52.533  7.377 -2.6652834415
68638  -45.485  -53.148  7.340 -2.6820013523
68639  -44.958  -53.154  7.703 -2.5661416054
68640  -45.487  -53.752  7.401 -2.6861639023
68641  -45.553  -54.324  7.596 -2.6802067757
68642  -46.088  -54.301  7.167 -2.8012409210
68643  -47.988  -55.204  6.697 -3.1680967808
68644  -47.453  -55.329  7.062 -3.0214169025
68645  -48.124  -55.828  7.126 -3.1310837269
68646  -48.236  -56.456  7.589 -3.1005802155
68647  -48.758  -56.340  7.205 -3.2435777187
68648  -49.362  -56.838  7.316 -3.3606908321
68649  -49.279  -56.172  6.822 -3.3960723877
68650  -50.079  -55.138  5.856 -3.7697358131
68651  -50.215  -55.751  6.170 -3.7160861492
68652  -50.587  -55.530  5.881 -3.8682069778
68653  -51.108  -55.963  5.909 -3.9526784420
68654  -50.975  -55.299  5.608 -3.9972271919
68655  -49.597  -52.738  5.231 -3.6905484200
68656  -49.679  -53.313  5.312 -3.7878873348
68657  -50.104  -53.142  5.011 -3.8496317863
68658  -51.629  -53.661  4.465 -3.9763386250
68659  -51.171  -53.954  4.749 -4.0401668549
68660  -51.749  -54.249  4.697 -4.0679521561
68661  -51.832  -54.828  4.993 -4.1085977554
68662  -52.289  -54.558  4.644 -4.0520987511
68663  -52.815  -54.927  4.625 -3.9947569370
68664  -52.737  -54.305  4.311 -3.9051997662
68665  -53.671  -53.061  3.577 -3.1776905060
68666  -53.726  -53.685  3.726 -3.3651192188
68667  -54.244  -53.316  3.495 -3.0133230686
68668  -54.790  -53.590  3.494 -2.8182497025
68669  -54.714  -52.892  3.351 -2.6440346241
68677  -51.803  -49.867  3.316 -2.2589216232
68678  -52.315  -50.106  3.149 -2.3344044685
68679  -52.158  -49.571  2.996 -2.0859000683
86242  -42.791  -62.961  5.307 -3.3822808266
86243  -42.477  -62.982  5.048 -3.2879004478
86244  -43.019  -62.558  4.898 -3.4801902771
86245  -44.459  -61.376  3.995 -3.6880097389
86246  -43.748  -61.772  4.134 -3.5036604404
86247  -44.136  -61.385  3.714 -3.4367148876
86248  -43.915  -61.392  3.407 -3.1713984013
86249  -44.666  -61.046  3.251 -3.3292598724
86250  -47.380  -60.392  3.637 -4.4001832008
86251  -46.631  -60.502  3.701 -4.2338900566
86252  -47.158  -60.291  3.231 -4.0980377197
86253  -47.376  -60.189  2.020 -3.2585341930
86254  -46.717  -60.345  2.493 -3.4633121490
86255  -46.553  -60.368  2.129 -3.1542077065
86256  -45.808  -60.520  2.188 -3.0338084698
86257  -46.422  -60.356  1.731 -2.8619163036
86258  -46.310  -60.374  1.349 -2.5912611485
86259  -47.128  -60.233  1.254 -2.6805684566
86260  -49.271  -60.095  0.399 -2.3165225983
86261  -48.451  -60.191  0.416 -2.2990469933
86272  -52.515  -59.834  1.860 -2.9151406288
86273  -52.373  -59.829  1.405 -2.6503953934
86274  -53.128  -59.828  1.442 -2.5601015091
86276  -54.115  -59.871  0.663 -1.9677073956
86408  -45.908  -59.095  11.090 -2.6453535557
86409  -45.159  -58.962  11.238 -2.5206370354
86410  -45.746  -59.446  11.158 -2.6340942383
86411  -46.138  -60.870  11.493 -2.6438782215
86412  -45.539  -60.259  11.438 -2.5551488400
86413  -45.388  -60.667  11.593 -2.4814376831
86418  -47.242  -62.702  11.364 -2.7409160137
86420  -46.718  -62.858  11.184 -2.5596866608
86421  -46.261  -62.952  11.065 -2.3638682365
86422  -46.831  -63.082  10.872 -2.5933797359
86423  -46.872  -63.300  10.547 -2.6257591248
86424  -47.509  -63.242  10.674 -2.8434252739
86425  -49.448  -63.620  10.444 -3.5900204182
86426  -48.807  -63.623  10.282 -3.3967466354
86427  -49.420  -63.848  9.954 -3.6930623055
86428  -49.304  -64.027  9.479 -3.7918307781
86429  -49.957  -64.095  9.633 -3.9966509342
86430  -50.833  -62.327  10.355 -3.9589028358
86431  -50.594  -62.834  10.512 -3.9324111938
86432  -51.323  -62.900  10.248 -4.1568784714
86433  -52.318  -64.102  9.285 -4.7998647690
86434  -51.808  -64.017  9.707 -4.5474672318
86435  -51.581  -64.377  9.207 -4.7318091393
86436  -50.829  -64.418  9.060 -4.6064434052
86437  -51.179  -64.440  8.712 -4.9018535614
86438  -50.721  -64.236  8.217 -5.0518398285
86439  -51.545  -64.374  8.303 -5.1805257797
86440  -53.119  -63.736  7.439 -5.5949177742
86441  -52.277  -63.904  7.453 -5.6272921562
86442  -52.636  -63.485  6.984 -5.7475180626
86443  -52.166  -63.073  6.540 -5.8374195099
86444  -52.988  -63.101  6.487 -5.7589631081
86445  -50.582  -57.775  7.367 -3.6140463352
86446  -50.648  -58.397  7.894 -3.6235725880
86447  -51.106  -58.268  7.437 -3.7520318031
86448  -52.573  -59.129  7.191 -4.1388850212
86449  -52.167  -59.334  7.639 -4.0523056984
86450  -52.722  -59.871  7.771 -4.2133579254
86451  -52.889  -60.579  8.275 -4.3140864372
86452  -53.331  -60.470  7.914 -4.3790149689
86453  -54.216  -57.956  5.602 -4.0250005722
86454  -53.808  -58.379  5.994 -4.1529960632
86455  -54.401  -58.754  6.017 -4.1314058304
86456  -55.251  -60.885  6.987 -4.4689431190
86457  -54.734  -60.452  7.036 -4.4311528206
86458  -54.809  -61.248  7.363 -4.6295385361
86459  -54.392  -61.493  7.823 -4.7060418129
86460  -54.727  -61.931  7.510 -4.8526835442
86461  -54.536  -62.503  7.540 -5.0850763321
86462  -54.951  -62.228  7.160 -4.9745483398
86463  -55.414  -62.163  5.863 -4.7378888130
86464  -55.003  -62.536  6.223 -5.0961661339
86465  -54.714  -62.433  5.733 -5.0747513771
86466  -53.845  -62.503  5.668 -5.3747982979
86467  -54.335  -62.211  5.292 -4.9900403023
86468  -53.942  -61.876  4.891 -4.8423256874
86469  -54.893  -61.910  4.943 -4.5218253136
86470  -56.968  -60.839  4.515 -3.2102847099
86471  -56.117  -61.155  4.344 -3.5184440613
86472  -56.771  -60.774  3.977 -3.0539951324
86473  -56.439  -60.540  3.439 -2.8926069736
86474  -57.313  -60.237  3.552 -2.6395986080
86475  -58.518  -58.147  4.751 -2.2136671543
86476  -58.483  -58.917  4.858 -2.4201767445
86477  -58.859  -58.343  4.472 -2.0806646347
86479  -58.911  -58.665  3.447 -1.8774707317
93203  -45.094  -63.897  10.046 -2.0432260036
93204  -45.536  -63.867  9.777 -2.2949576378
93205  -45.622  -63.759  10.046 -2.2455837727
93206  -46.182  -63.676  10.012 -2.4667661190
93207  -46.771  -63.657  9.972 -2.7013041973
93214  -46.945  -49.703  6.505 -2.2099976540
93215  -47.354  -49.620  6.050 -2.1405112743
93216  -47.695  -50.058  5.763 -2.3401854038
93217  -48.095  -50.512  5.496 -2.5668532848
93218  -48.568  -50.923  5.384 -2.8102409840
93219  -48.558  -50.346  5.189 -2.5085158348
93220  -49.028  -50.125  4.835 -2.4273681641
93221  -49.486  -49.916  4.552 -2.3268635273
93222  -49.917  -49.761  4.248 -2.2121315002
93223  -49.443  -49.445  4.458 -1.9806678295
93224  -49.424  -48.996  4.400 -1.6477262974
96735  -41.857  -63.188  4.582 -2.9992203712
96736  -49.539  -61.376  5.069 -5.4606566429
96737  -49.329  -60.961  4.576 -5.2475013733
96738  -50.050  -61.084  4.643 -5.3634567261
96739  -50.508  -60.788  4.251 -5.1416163445
96740  -50.973  -60.544  3.900 -4.8097701073
96741  -51.563  -60.372  3.557 -4.3994860649
96742  -51.737  -60.712  4.022 -4.7363576889
96743  -52.545  -60.905  4.029 -4.5940651894
96744  -53.274  -60.996  4.084 -4.3867487907
96764  -47.152  -56.551  8.497 -2.8444478512
96765  -46.580  -56.561  9.003 -2.7292010784
96766  -47.157  -57.114  9.077 -2.8360507488
96767  -47.241  -57.634  9.601 -2.8386094570
96768  -47.326  -58.092  10.064 -2.8511474133
96769  -47.370  -58.482  10.404 -2.8704848289
96770  -47.949  -58.597  10.110 -2.9920165539
96771  -48.569  -59.109  10.092 -3.1481871605
96772  -49.212  -59.659  10.081 -3.3188226223
96773  -49.762  -60.158  10.027 -3.5027425289
96774  -49.755  -59.669  9.732 -3.4528532028
96775  -50.310  -59.646  9.361 -3.5834887028
96776  -50.835  -59.609  8.937 -3.7101075649
96777  -54.951  -54.899  3.953 -3.1370856762
96778  -54.971  -55.635  4.229 -3.2766485214
96779  -55.534  -55.151  3.855 -2.9102039337
96780  -56.122  -55.446  3.833 -2.6758942604
96781  -56.746  -55.702  3.884 -2.4456276894
101050  -43.401  -64.821  7.738 -2.4154930115
101051  -43.295  -64.393  7.334 -2.6828367710
101052  -43.252  -63.924  6.880 -2.9543333054
101053  -43.660  -63.944  7.182 -2.8822121620
101054  -44.091  -63.559  7.110 -3.0980176926
101055  -44.594  -63.276  7.095 -3.3258514404
101056  -46.913  -63.837  8.235 -3.5578248501
101057  -46.481  -63.617  7.826 -3.6453611851
101058  -47.077  -63.641  7.852 -3.9001574516
101059  -47.379  -63.400  7.532 -4.2359004021
101060  -47.661  -63.081  7.156 -4.5565829277
101061  -48.010  -62.719  6.728 -4.8524103165
101062  -48.352  -63.123  7.139 -4.8079872131
101063  -49.063  -63.276  7.173 -5.0497775078
101064  -49.780  -63.446  7.214 -5.2697501183
101083  -44.584  -50.928  8.734 -2.2724850178
101084  -46.702  -51.898  6.749 -2.8366730213
101085  -46.165  -51.974  7.076 -2.7376184464
101086  -46.612  -52.427  6.723 -2.9008615017
101087  -46.617  -53.034  6.634 -2.9340229034
101088  -46.616  -53.657  6.647 -2.9425194263
101089  -46.658  -54.247  6.788 -2.9330160618
101090  -47.224  -54.150  6.458 -3.0758340359
101091  -47.874  -54.608  6.379 -3.2036321163
101092  -48.547  -55.097  6.373 -3.3257286549
101093  -49.163  -55.485  6.421 -3.4426796436
101094  -49.023  -54.878  6.068 -3.4907479286
101095  -49.482  -54.722  5.807 -3.6563451290
101096  -49.926  -54.528  5.605 -3.8113157749
101097  -50.532  -52.332  4.694 -3.6572692394
101098  -50.569  -52.928  4.758 -3.8469398022
101099  -51.045  -52.694  4.517 -3.7690393925
101100  -51.567  -53.020  4.305 -3.8252837658
101101  -52.113  -53.391  4.177 -3.8255984783
101102  -52.665  -53.725  4.069 -3.7726027966
101103  -52.606  -53.118  3.929 -3.5946311951
101104  -53.120  -52.809  3.719 -3.3014848232
101105  -53.636  -52.403  3.478 -2.9708893299
111648  -46.128  -60.642  0.690 -2.1211373806
111649  -43.961  -62.099  5.065 -3.8011949062
111650  -43.633  -62.131  4.777 -3.6817023754
111651  -44.319  -61.741  4.683 -3.8883087635
111652  -44.740  -61.379  4.284 -3.9118785858
111653  -45.185  -61.026  3.862 -3.8738114834
111654  -48.446  -60.090  2.806 -4.0052456856
111655  -47.675  -60.166  2.810 -3.9051706791
111656  -48.267  -60.034  2.401 -3.6666350365
111657  -48.123  -60.061  2.001 -3.3406066895
111658  -48.047  -60.077  1.576 -3.0339992046
111659  -47.897  -60.129  1.214 -2.7507317066
111660  -48.688  -59.993  1.205 -2.7969336510
111661  -49.387  -59.954  0.801 -2.5538835526
111662  -50.025  -60.059  0.412 -2.3111133575
111664  -50.727  -60.097  0.430 -2.2850832939
111665  -51.442  -60.165  0.461 -2.2418794632
111666  -52.112  -60.065  0.538 -2.1853959560
111667  -54.057  -59.887  1.920 -2.6808304787
111668  -53.866  -59.808  1.482 -2.4556803703
111669  -54.580  -59.760  1.521 -2.3394236565
111749  -47.024  -60.144  10.997 -2.9060194492
111750  -46.332  -59.980  11.126 -2.7522401810
111751  -46.927  -60.553  11.178 -2.8744571209
111752  -46.829  -60.977  11.395 -2.8171293736
111753  -46.684  -61.379  11.573 -2.7319149971
111754  -46.484  -61.743  11.683 -2.6187849045
111755  -47.197  -61.934  11.582 -2.8175854683
111756  -47.615  -62.464  11.446 -2.8991293907
111757  -47.879  -62.923  11.151 -2.9752454758
111758  -48.071  -63.172  10.839 -3.0458469391
111759  -48.513  -63.091  10.954 -3.2231290340
111760  -49.230  -63.319  10.772 -3.4816727638
111761  -49.963  -63.478  10.545 -3.7473695278
111762  -52.096  -62.414  9.731 -4.3468818665
111763  -51.953  -63.002  9.918 -4.3732299805
111764  -52.494  -63.026  9.560 -4.5771660805
111765  -52.738  -63.630  9.290 -4.8085379601
111766  -52.665  -64.053  8.852 -5.0341019630
111767  -52.383  -64.304  8.379 -5.2446107864
111768  -53.083  -63.966  8.409 -5.2384548187
111769  -53.437  -63.779  7.955 -5.3954310417
111770  -53.777  -63.518  7.479 -5.4819188118
111771  -51.434  -57.364  6.556 -3.8814575672
111772  -51.513  -58.085  6.970 -3.8761854172
111773  -51.909  -57.838  6.579 -3.9884338379
111774  -52.397  -58.414  6.656 -4.0938076973
111775  -52.974  -58.955  6.763 -4.1950721741
111776  -55.469  -58.832  5.798 -3.8230895996
111777  -55.015  -59.214  6.119 -4.0822620392
111778  -55.624  -59.686  6.221 -4.0056719780
111779  -55.683  -60.507  6.594 -4.2234582901
111780  -55.645  -61.224  6.752 -4.4776697159
111781  -55.424  -61.856  6.763 -4.7617750168
111782  -55.940  -61.526  6.451 -4.4539456367
111783  -55.983  -61.698  6.012 -4.3959288597
111784  -55.934  -61.807  5.525 -4.3031039238
111785  -55.784  -61.714  5.062 -4.1762619019
111786  -56.535  -61.330  5.242 -3.8320820332
111787  -57.126  -60.887  5.006 -3.3619225025
111788  -57.672  -60.324  4.663 -2.9196763039
117634  -44.371  -64.448  9.203 -2.0541965961
117635  -44.704  -64.311  8.773 -2.3195765018
117636  -44.868  -64.205  8.282 -2.6121816635
117637  -45.153  -64.116  8.728 -2.5201981068
117638  -45.612  -63.977  8.658 -2.7384274006
117639  -46.102  -63.890  8.616 -2.9718577862
117640  -45.963  -63.888  9.417 -2.5781445503
117641  -46.358  -63.898  8.988 -2.8880488873
117642  -46.660  -63.886  8.599 -3.2174820900
117643  -47.271  -63.928  8.599 -3.4713654518
117644  -47.877  -63.929  8.609 -3.7281780243
117645  -48.569  -64.042  8.669 -3.9805433750
117658  -45.352  -49.898  8.189 -2.2632009983
117659  -45.773  -49.865  7.741 -2.2863440514
117660  -46.010  -50.374  7.351 -2.4115393162
117661  -46.322  -50.871  7.034 -2.5629458427
117662  -46.841  -50.256  6.590 -2.4203333855
117663  -46.751  -50.806  6.659 -2.5973556042
117664  -46.699  -51.348  6.705 -2.7363891602
117665  -47.188  -51.840  6.472 -2.9259617329
117666  -47.713  -52.303  6.262 -3.1238894463
117667  -48.262  -52.719  5.973 -3.3212988377
117668  -48.718  -53.101  5.737 -3.5088875294
117669  -48.691  -52.568  5.701 -3.4250907898
117670  -49.124  -52.417  5.414 -3.4970443249
117671  -49.535  -52.204  5.144 -3.5238227844
117672  -49.025  -51.282  5.237 -3.0565242767
117673  -49.517  -51.606  5.051 -3.2898354530
117674  -50.007  -51.946  4.853 -3.4944939613
117675  -50.488  -51.691  4.563 -3.4041218758
117676  -51.018  -51.463  4.258 -3.2559537888
117677  -51.524  -51.185  3.963 -3.0611014366
117678  -52.028  -50.948  3.652 -2.8354005814
117679  -51.486  -50.617  3.790 -2.7500143051
117680  -51.401  -50.108  3.615 -2.4371290207
117681  -51.255  -49.657  3.459 -2.1332654953
117682  -50.345  -49.597  3.944 -2.0893664360
117683  -50.758  -49.399  3.622 -1.9649835825
117684  -51.135  -49.166  3.308 -1.8446507454
125877  -43.468  -61.463  2.753 -2.6462509632
125878  -46.784  -61.222  5.055 -4.6717262268
125879  -46.451  -60.974  4.587 -4.5116229057
125880  -47.174  -60.875  4.577 -4.7144927979
125881  -47.636  -60.585  4.092 -4.6747746468
125882  -48.137  -60.324  3.619 -4.5503454208
125883  -49.106  -60.577  4.077 -4.9820299149
125884  -48.850  -60.247  3.642 -4.6767792702
125885  -48.658  -60.147  3.213 -4.3463330269
125886  -49.246  -60.035  2.834 -4.0756807327
125887  -49.798  -59.966  2.503 -3.7574291229
125888  -50.372  -59.845  2.136 -3.4131262302
125889  -51.007  -59.807  1.772 -3.0631985664
125890  -51.127  -59.829  2.216 -3.3732185364
125891  -51.890  -59.860  2.273 -3.3013427258
125892  -52.645  -59.914  2.312 -3.1991040707
125893  -52.169  -60.234  3.165 -3.9499199390
125894  -52.787  -60.082  2.746 -3.4975736141
125895  -53.402  -59.988  2.350 -3.0692539215
125896  -54.270  -60.084  2.349 -2.9154767990
125897  -55.070  -60.078  2.357 -2.7425119877
125942  -44.470  -54.362  8.522 -2.4609553814
125944  -44.569  -54.997  8.932 -2.4512996674
125945  -44.741  -55.568  9.424 -2.4368455410
125946  -44.809  -56.105  9.866 -2.4218103886
125947  -45.994  -56.597  9.481 -2.6199841499
125948  -45.430  -56.616  9.930 -2.5144195557
125949  -44.828  -56.588  10.289 -2.4101517200
125950  -44.797  -56.995  10.589 -2.4042379856
125951  -44.739  -57.374  10.843 -2.4041423798
125952  -44.717  -57.793  11.121 -2.4078996181
125954  -45.403  -58.253  11.075 -2.5217957497
125955  -46.034  -58.728  11.008 -2.6438832283
125956  -46.605  -59.206  10.940 -2.7751922607
125957  -47.366  -58.862  10.615 -2.8917391300
125958  -47.287  -59.321  10.782 -2.9089519978
125959  -47.092  -59.686  10.892 -2.9157588482
125960  -47.663  -60.294  10.888 -3.0647184849
125961  -48.257  -60.898  10.894 -3.2202897072
125962  -48.843  -61.517  10.915 -3.3802969456
125963  -49.386  -62.139  10.891 -3.5422139168
125964  -49.514  -61.692  10.694 -3.5731182098
125965  -50.221  -61.769  10.410 -3.7631244659
125966  -50.902  -61.831  10.125 -3.9471545219
125967  -50.300  -60.661  9.949 -3.6986944675
125968  -50.898  -61.213  9.898 -3.9055650234
125969  -51.524  -61.837  9.828 -4.1221370697
125970  -52.071  -61.814  9.512 -4.2851128578
125971  -52.598  -61.806  9.188 -4.4323806763
125972  -53.096  -61.845  8.856 -4.5584998131
125973  -52.923  -56.325  5.268 -4.0845694542
125974  -53.100  -57.065  5.535 -4.1129794121
125975  -53.533  -56.771  5.231 -4.0260343552
125976  -54.109  -57.182  5.225 -3.9364900589
125977  -54.676  -57.569  5.292 -3.8164594173
125978  -55.031  -56.377  4.583 -3.4063296318
125979  -55.141  -57.139  4.955 -3.5337536335
125980  -55.282  -57.994  5.410 -3.6690409184
125981  -55.959  -58.395  5.482 -3.5008437634
125982  -56.589  -58.711  5.530 -3.3210430145
125983  -57.165  -59.055  5.524 -3.1395392418
125984  -57.647  -59.341  5.449 -2.9649429321
125985  -57.642  -58.522  5.146 -2.7451646328
125986  -58.049  -57.932  4.797 -2.3715143204
135250  -42.032  -65.230  6.478 -2.7003848553
135251  -41.934  -64.612  6.002 -2.8707728386
135252  -41.905  -64.057  5.574 -3.0108780861
135253  -42.207  -63.981  5.858 -3.0411682129
135254  -42.601  -63.438  5.731 -3.2317364216
135255  -43.138  -62.926  5.622 -3.4376661777
135256  -43.312  -63.430  6.438 -3.2166552544
135257  -43.444  -62.953  5.978 -3.4547810555
135258  -43.698  -62.499  5.507 -3.6538307667
135259  -44.308  -62.159  5.417 -3.8757460117
135260  -44.974  -61.890  5.382 -4.1004762650
135261  -45.640  -61.607  5.362 -4.3266549110
135262  -44.924  -63.852  7.835 -2.9239926338
135263  -45.016  -63.480  7.451 -3.2446212769
135264  -45.152  -63.116  7.105 -3.5621328354
135265  -46.105  -63.330  7.446 -3.7294638157
135266  -45.718  -63.037  7.074 -3.8045628071
135267  -45.355  -62.764  6.705 -3.8641562462
135268  -45.671  -62.369  6.241 -4.1382870674
135269  -45.997  -61.954  5.805 -4.3723273277
135270  -46.367  -61.543  5.434 -4.5541014671
135271  -47.064  -61.547  5.481 -4.7825627327
135272  -47.752  -61.554  5.493 -5.0101404190
135273  -48.476  -61.567  5.542 -5.2318029404
135274  -48.399  -62.352  6.316 -5.1104211807
135275  -48.793  -61.996  5.942 -5.3129997253
135276  -49.193  -61.649  5.527 -5.4376678467
135277  -49.919  -61.817  5.555 -5.6125760078
135278  -50.631  -61.984  5.578 -5.7363872528
135279  -51.281  -62.070  5.546 -5.7870593071
135319  -43.972  -53.070  8.660 -2.3498640060
135320  -45.138  -50.444  8.211 -2.3190939426
135321  -44.966  -50.956  8.257 -2.3616988659
135322  -44.853  -51.402  8.251 -2.3948616982
135323  -45.666  -51.991  7.436 -2.6333520412
135324  -45.174  -51.977  7.809 -2.5272200108
135325  -44.724  -51.947  8.180 -2.4212653637
135326  -44.576  -52.541  8.154 -2.4419031143
135327  -44.466  -53.129  8.191 -2.4562604427
135328  -44.426  -53.716  8.304 -2.4629046917
135329  -45.014  -54.336  8.056 -2.5678956509
135330  -45.654  -54.904  7.946 -2.6668052673
135331  -46.341  -55.451  7.951 -2.7634923458
135332  -46.772  -54.831  7.068 -2.9122748375
135333  -46.909  -55.440  7.490 -2.8867757320
135334  -47.035  -56.003  8.010 -2.8624849319
135335  -47.675  -56.506  8.066 -2.9677300453
135336  -48.292  -57.038  8.146 -3.0822248459
135337  -48.957  -57.586  8.199 -3.2076761723
135338  -49.605  -58.062  8.269 -3.3450548649
135339  -49.489  -57.469  7.819 -3.3427832127
135340  -49.975  -57.301  7.377 -3.4838397503
135341  -50.424  -57.120  6.961 -3.6290068626
135342  -49.763  -55.961  6.479 -3.5554757118
135343  -50.323  -56.426  6.546 -3.6654336452
135344  -50.879  -56.913  6.564 -3.7738280296
135345  -51.230  -56.645  6.217 -3.9097807407
135346  -51.601  -56.424  5.901 -4.0238113403
135347  -52.014  -56.190  5.559 -4.0982766151
135348  -49.244  -53.509  5.556 -3.6783356667
135349  -49.788  -53.911  5.422 -3.8233070374
135350  -50.349  -54.274  5.338 -3.9399433136
135351  -50.619  -53.551  4.846 -3.9672846794
135352  -50.760  -54.104  5.045 -4.0228872299
135353  -50.881  -54.671  5.315 -4.0268874168
135354  -51.380  -55.045  5.321 -4.0842590332
135355  -51.893  -55.470  5.292 -4.1128892899
135356  -52.413  -55.901  5.267 -4.1131482124
135357  -52.878  -55.624  4.961 -4.0501217842
135358  -53.381  -55.331  4.618 -3.8983063698
135359  -53.838  -54.964  4.274 -3.6586253643
135360  -53.232  -54.005  3.971 -3.6708631516
135361  -53.775  -54.314  3.982 -3.5262215137
135362  -54.342  -54.605  3.976 -3.3456099033
135363  -54.860  -54.255  3.703 -2.9840514660
135364  -55.387  -53.793  3.422 -2.6031532288
135365  -55.888  -53.326  3.231 -2.2303557396
135376  -52.473  -50.673  3.316 -2.5956394672
135377  -52.861  -50.358  3.027 -2.3567507267
156741  -41.971  -63.548  5.200 -3.1091487408
156742  -42.157  -63.118  4.826 -3.1579627991
156743  -42.401  -62.694  4.453 -3.1556839943
156744  -43.336  -62.170  4.523 -3.5202820301
156745  -43.062  -62.205  4.273 -3.3248744011
156746  -42.796  -62.235  4.033 -3.1065428257
156747  -43.212  -61.838  3.575 -3.0192711353
156748  -43.673  -61.427  3.092 -2.9046618938
156749  -44.225  -61.077  2.562 -2.7731735706
156750  -46.132  -60.814  4.165 -4.3044362068
156751  -45.899  -60.724  3.813 -4.0570383072
156752  -45.676  -60.731  3.437 -3.7803122997
156753  -46.939  -60.283  2.854 -3.7814803123
156754  -46.185  -60.507  2.936 -3.6402819157
156755  -45.453  -60.793  3.104 -3.4875323772
156756  -45.241  -60.760  2.707 -3.1918647289
156757  -45.018  -60.764  2.355 -2.9044263363
156758  -44.873  -60.808  1.989 -2.6330382824
156759  -45.520  -60.589  1.496 -2.4893317223
156760  -46.203  -60.469  1.032 -2.3442893028
156761  -46.923  -60.425  0.594 -2.1977539062
156762  -47.788  -60.188  0.832 -2.4923126698
156763  -47.708  -60.278  0.451 -2.2586362362
156777  -51.634  -59.828  1.364 -2.7240252495
156778  -52.236  -59.908  0.934 -2.4070541859
156779  -52.815  -59.993  0.584 -2.1191077232
156780  -53.656  -59.809  1.061 -2.2434239388
156781  -53.474  -59.936  0.632 -2.0458920002
156875  -45.150  -63.153  10.858 -1.9669022560
156942  -45.648  -59.830  11.285 -2.6052560806
156943  -44.970  -59.718  11.454 -2.4666609764
156955  -45.711  -63.018  10.919 -2.1631119251
156956  -45.683  -63.228  10.636 -2.1723425388
156957  -46.253  -63.365  10.457 -2.4035122395
156958  -46.847  -63.503  10.264 -2.6603782177
156959  -47.416  -63.644  10.078 -2.9413108826
156960  -48.155  -63.412  10.471 -3.1122076511
156961  -48.128  -63.625  10.073 -3.1768298149
156962  -48.067  -63.787  9.678 -3.2428789139
156963  -48.643  -63.937  9.325 -3.5601453781
156964  -49.039  -64.064  9.004 -3.8874461651
156965  -49.319  -64.200  8.769 -4.2188878059
156966  -49.873  -62.712  10.770 -3.7036597729
156967  -50.314  -63.200  10.579 -3.8623471260
156968  -50.606  -63.652  10.263 -4.0163612366
156969  -51.677  -63.503  10.086 -4.3542647362
156970  -51.229  -63.847  9.984 -4.2844920158
156971  -50.627  -64.050  9.796 -4.1637177467
156972  -50.429  -64.347  9.332 -4.3027343750
156973  -50.067  -64.335  8.901 -4.4316749573
156974  -49.601  -64.198  8.455 -4.5487742424
156975  -49.909  -64.088  8.121 -4.8707938194
156976  -50.214  -63.875  7.699 -5.1762514114
156977  -50.618  -63.650  7.281 -5.4515056610
156978  -51.919  -64.212  7.858 -5.4291129112
156979  -51.452  -63.843  7.370 -5.5763468742
156980  -51.006  -63.362  6.878 -5.6757521629
156981  -51.382  -62.988  6.463 -5.8202886581
156982  -51.748  -62.587  6.025 -5.8526940346
156983  -52.151  -62.251  5.625 -5.7462921143
156984  -50.178  -58.528  8.338 -3.4947452545
156985  -50.737  -59.029  8.433 -3.6569762230
156986  -51.306  -59.551  8.545 -3.8320212364
156987  -51.617  -58.784  7.521 -3.8982076645
156988  -51.744  -59.464  8.088 -3.9474444389
156989  -51.877  -60.093  8.606 -4.0199356079
156990  -52.436  -60.636  8.686 -4.2206759453
156991  -53.019  -61.235  8.624 -4.4332075119
156992  -53.497  -61.725  8.439 -4.6549377441
156993  -53.218  -57.842  5.942 -4.1493787766
156994  -53.386  -58.681  6.368 -4.2052879333
156995  -53.584  -59.489  6.886 -4.2885575294
156996  -54.567  -59.601  6.545 -4.2650303841
156997  -54.170  -60.014  7.012 -4.3691401482
156998  -53.771  -60.284  7.465 -4.4024562836
156999  -53.894  -61.012  7.896 -4.5453038216
157000  -53.923  -61.630  8.104 -4.7092905045
157001  -53.904  -62.221  8.231 -4.8805193901
157002  -54.195  -62.745  7.971 -5.1011061668
157003  -54.266  -63.054  7.509 -5.3037848473
157004  -54.121  -63.197  7.026 -5.4722290039
157005  -55.049  -62.431  6.707 -5.0596213341
157006  -54.535  -62.882  6.612 -5.3456759453
157007  -53.796  -63.081  6.528 -5.5886430740
157008  -53.388  -62.796  6.051 -5.6370649338
157009  -52.945  -62.424  5.617 -5.6062617302
157010  -52.527  -61.960  5.222 -5.4926724434
157011  -52.965  -61.689  4.874 -5.1096277237
157012  -53.559  -61.423  4.509 -4.6376361847
157013  -54.177  -61.186  4.123 -4.1261386871
157014  -55.499  -61.570  4.635 -4.0173645020
157015  -55.162  -61.285  4.213 -3.8299720287
157016  -54.815  -60.942  3.768 -3.6191537380
157017  -55.476  -60.655  3.377 -3.1471014023
157018  -56.106  -60.298  2.926 -2.7262027264
157020  -58.021  -59.512  5.210 -2.8028271198
157021  -58.198  -59.630  4.769 -2.6552121639
157022  -58.229  -59.710  4.250 -2.5211682320
157023  -58.939  -58.536  4.032 -1.9699766636
157024  -58.602  -59.194  3.883 -2.1733307838
157025  -58.059  -59.776  3.708 -2.3976767063
157026  -57.829  -59.742  3.147 -2.2809832096
