#!ascii label  , from subject fsaverage vox2ras=TkReg coords=white
199
564  -31.525  -73.941  31.211 -4.3949079514
2332  -30.752  -67.838  34.860 -4.0212626457
2333  -30.447  -70.104  27.168 -3.2909445763
5186  -31.799  -76.061  33.008 -3.3757648468
5188  -31.754  -72.671  35.065 -3.6994857788
5189  -31.197  -69.484  37.430 -3.7901225090
5190  -31.446  -70.787  33.053 -4.5471057892
5191  -30.749  -68.848  31.154 -4.2142205238
5192  -30.982  -71.917  29.231 -4.2558722496
6858  -32.141  -77.066  29.675 -3.6472744942
6859  -31.938  -75.288  27.344 -3.6919422150
9557  -29.733  -66.071  32.711 -3.4213891029
9558  -29.834  -67.123  29.198 -3.3898322582
12866  -31.712  -75.072  32.015 -3.9672391415
12867  -31.772  -74.431  33.992 -3.5637476444
12868  -31.600  -73.401  33.076 -4.1622533798
12869  -31.660  -71.800  34.175 -4.2445383072
12870  -31.391  -72.329  32.192 -4.5534000397
12871  -31.120  -71.358  31.159 -4.6005697250
12872  -31.289  -72.860  30.227 -4.5001702309
15269  -32.123  -77.950  30.879 -3.2752554417
15270  -32.290  -78.477  29.167 -3.1807234287
15271  -32.246  -77.545  28.056 -3.3664805889
21326  -31.018  -68.729  36.137 -4.0431990623
21327  -30.359  -68.480  37.875 -3.6737968922
21328  -30.266  -67.694  36.526 -3.7121150494
21330  -29.866  -66.899  35.320 -3.5172524452
21331  -29.359  -66.066  34.231 -3.1896526814
21332  -30.310  -66.977  33.773 -3.7690382004
21333  -30.516  -69.492  29.116 -3.8966548443
21334  -30.286  -67.960  30.155 -3.8094494343
21335  -30.221  -68.598  28.140 -3.4353971481
21339  -31.763  -74.220  26.196 -3.2646350861
27772  -31.628  -70.987  36.371 -3.7836287022
27773  -31.458  -70.136  35.266 -4.2132439613
27774  -31.180  -69.230  34.073 -4.3723716736
27775  -30.811  -68.279  33.045 -4.2290449142
27776  -31.115  -69.785  32.157 -4.5114741325
27777  -30.881  -70.383  30.189 -4.3294739723
27778  -30.691  -70.982  28.233 -3.7980906963
31361  -32.052  -76.551  31.270 -3.6600122452
31362  -31.839  -75.651  30.289 -4.0788426399
31363  -31.651  -74.687  29.175 -4.2277960777
31364  -32.058  -76.239  28.503 -3.8258035183
38910  -28.672  -65.202  33.323 -2.8442354202
38911  -29.026  -65.254  31.859 -3.0689740181
38912  -30.404  -67.402  32.054 -3.9023911953
38913  -29.872  -66.539  31.090 -3.5226175785
38914  -29.288  -65.694  30.153 -3.1414198875
38918  -31.452  -73.592  28.246 -4.0271096230
38919  -31.142  -72.590  27.166 -3.5654065609
43586  -31.625  -74.510  31.626 -4.2129187584
43587  -31.621  -74.207  32.591 -4.0793023109
43588  -31.519  -73.649  32.211 -4.3218441010
43589  -31.512  -72.863  32.700 -4.3948688507
43590  -31.406  -73.179  31.664 -4.4947557449
43591  -31.289  -72.660  31.178 -4.5808038712
43592  -31.419  -73.467  30.657 -4.4940123558
45989  -32.287  -78.827  29.820 -3.0362436771
52046  -30.904  -68.298  35.498 -4.0676288605
52047  -30.665  -68.165  36.349 -3.8973350525
52048  -30.582  -67.728  35.690 -3.8715908527
52049  -30.078  -67.284  35.895 -3.6395428181
52050  -30.385  -67.333  35.068 -3.7843594551
52051  -30.167  -66.931  34.614 -3.6505672932
52052  -30.546  -67.391  34.302 -3.9157421589
52053  -30.468  -69.803  28.165 -3.6245794296
52054  -30.384  -69.050  28.624 -3.6648144722
52055  -30.308  -69.327  27.671 -3.3840181828
52056  -30.159  -68.933  27.172 -3.1515109539
52057  -30.310  -69.664  26.663 -3.0486888885
61639  -31.752  -73.572  34.490 -3.6377019882
61645  -31.726  -71.806  35.690 -3.7488610744
61646  -31.571  -71.293  33.653 -4.4357562065
61647  -31.628  -70.980  34.739 -4.2440791130
61648  -31.515  -70.494  34.161 -4.4032268524
61649  -31.336  -69.710  34.624 -4.3329362869
61650  -31.384  -70.007  33.563 -4.4814271927
61651  -31.213  -69.512  33.081 -4.4752845764
61652  -31.272  -70.297  32.600 -4.5706377029
61653  -30.992  -71.634  30.167 -4.4788079262
61654  -31.008  -70.844  30.686 -4.4962291718
61655  -30.894  -71.146  29.738 -4.3146643639
61656  -30.751  -70.700  29.233 -4.1037173271
61657  -30.845  -71.448  28.769 -4.0421662331
68846  -32.132  -77.506  30.250 -3.4758596420
68847  -32.086  -77.255  31.071 -3.4735739231
68848  -32.093  -76.828  30.505 -3.6925265789
68849  -31.975  -76.121  30.774 -3.8933012486
68850  -32.073  -76.364  29.988 -3.8730151653
68851  -31.979  -75.958  29.394 -3.9944641590
68852  -32.123  -76.652  29.126 -3.7701308727
68854  -32.251  -77.035  27.432 -3.3738672733
87016  -31.247  -69.786  37.973 -3.5895676613
87018  -30.873  -69.260  38.228 -3.5943727493
87033  -29.588  -66.058  33.441 -3.3139202595
87034  -29.072  -65.637  33.723 -3.0144288540
87035  -29.227  -65.610  32.969 -3.1383731365
87036  -28.868  -65.165  32.599 -2.9676432610
87037  -29.410  -65.653  32.271 -3.2433493137
87038  -30.817  -68.577  32.099 -4.2561588287
87039  -30.631  -67.844  32.518 -4.0789670944
87040  -30.576  -68.093  31.616 -4.0821123123
87041  -30.055  -67.532  29.656 -3.5991427898
87042  -30.112  -67.237  30.654 -3.6900553703
87043  -29.895  -66.811  30.184 -3.4895207882
87044  -29.604  -66.119  30.589 -3.3315634727
87045  -29.630  -66.394  29.698 -3.2896296978
87046  -29.322  -65.957  29.253 -3.0902965069
87047  -29.594  -66.708  28.738 -3.1821169853
87053  -31.806  -75.031  28.272 -3.9969079494
87054  -31.593  -74.080  28.777 -4.1694512367
87055  -31.680  -74.477  27.724 -3.8694152832
87056  -31.684  -73.703  25.703 -2.9878127575
87057  -31.447  -73.435  26.662 -3.4196057320
87058  -31.343  -72.907  26.133 -3.1424317360
87059  -31.020  -72.097  26.657 -3.2924540043
96886  -31.768  -75.588  32.470 -3.6808121204
96887  -31.718  -75.250  33.421 -3.4767754078
96888  -31.694  -74.750  32.986 -3.7899508476
96889  -31.690  -73.934  33.513 -3.8773899078
96890  -31.711  -73.073  34.044 -3.9442598820
96891  -31.720  -72.232  34.645 -3.9915270805
96892  -31.635  -72.597  33.651 -4.2170486450
96893  -31.549  -72.074  33.167 -4.4327340126
96894  -31.429  -71.578  32.603 -4.5708456039
96895  -31.286  -71.086  32.099 -4.6196804047
96896  -31.250  -71.894  31.652 -4.6229195595
96897  -31.152  -72.106  30.709 -4.5733733177
96898  -31.130  -72.381  29.713 -4.4159369469
101211  -32.113  -78.327  31.508 -3.0624268055
101212  -32.193  -78.578  30.719 -3.0739686489
101213  -32.186  -78.212  30.034 -3.2537200451
101214  -32.190  -77.718  29.355 -3.4127628803
101215  -32.161  -77.356  28.860 -3.5336892605
101216  -32.271  -78.050  28.606 -3.2965865135
112114  -31.119  -69.138  36.793 -3.9472091198
112115  -30.845  -68.925  37.653 -3.7497205734
112116  -30.748  -68.567  37.021 -3.8551917076
112117  -30.303  -68.112  37.195 -3.7240946293
112124  -29.623  -66.497  34.789 -3.3616998196
112125  -29.908  -66.503  34.027 -3.4883842468
112126  -30.043  -66.555  33.237 -3.5994725227
112127  -30.640  -69.163  30.170 -4.0949902534
112128  -30.517  -68.388  30.691 -4.0172810555
112129  -30.438  -68.720  29.657 -3.8781671524
112130  -30.242  -68.279  29.142 -3.6574559212
112131  -30.027  -67.841  28.656 -3.4384577274
112132  -29.810  -67.435  28.254 -3.2228713036
112133  -30.015  -68.155  27.717 -3.2117176056
112137  -31.848  -74.752  26.741 -3.5071094036
126239  -31.510  -70.524  37.487 -3.5607991219
126240  -31.447  -70.153  37.003 -3.7993566990
126241  -31.718  -71.429  35.228 -4.0188541412
126242  -31.555  -70.562  35.871 -4.0237865448
126243  -31.365  -69.794  36.386 -4.0017890930
126244  -31.262  -69.396  35.743 -4.1476836205
126245  -31.133  -68.964  35.118 -4.2217440605
126246  -30.975  -68.503  34.528 -4.2187633514
126247  -30.797  -68.039  33.965 -4.1457247734
126248  -30.992  -68.742  33.580 -4.3333544731
126249  -31.001  -68.957  32.667 -4.3941326141
126250  -30.949  -69.303  31.673 -4.3856015205
126251  -31.132  -70.574  31.655 -4.5802197456
126252  -31.022  -70.081  31.189 -4.4656414986
126253  -30.844  -69.611  30.675 -4.2966747284
126254  -30.711  -69.948  29.665 -4.1229209900
126255  -30.612  -70.262  28.693 -3.8680162430
126256  -30.592  -70.548  27.683 -3.5432236195
135588  -31.932  -76.795  32.728 -3.2604997158
135589  -32.061  -77.670  31.689 -3.2355747223
135590  -32.037  -76.971  31.880 -3.4002263546
135591  -31.905  -76.332  32.121 -3.5501518250
135592  -31.874  -75.887  31.538 -3.8265113831
135593  -31.769  -75.380  31.100 -4.0689606667
135594  -31.673  -74.802  30.697 -4.2550477982
135595  -31.578  -74.278  30.195 -4.3643007278
135596  -31.730  -75.172  29.746 -4.1956195831
135597  -31.898  -75.525  28.820 -4.0390682220
135598  -32.023  -75.797  27.969 -3.8009486198
135599  -32.139  -76.897  28.255 -3.5980253220
135600  -32.137  -76.435  27.678 -3.5901896954
157670  -30.440  -68.816  38.405 -3.5694098473
157694  -30.606  -67.582  33.421 -4.0189023018
157695  -30.384  -67.172  32.915 -3.8578274250
157696  -30.111  -66.717  32.435 -3.6796605587
157697  -30.335  -67.647  31.142 -3.8895206451
157698  -30.124  -66.938  31.601 -3.7140629292
157699  -29.817  -66.267  31.955 -3.4959518909
157700  -29.516  -65.864  31.466 -3.3126382828
157701  -29.183  -65.468  31.006 -3.1314530373
157712  -31.471  -73.720  29.706 -4.3835768700
157713  -31.345  -73.160  29.250 -4.3112025261
157714  -31.177  -72.731  28.710 -4.1580748558
157715  -31.555  -73.946  27.155 -3.6698443890
157716  -31.285  -73.108  27.694 -3.8179888725
157717  -31.020  -72.244  28.242 -3.9445595741
157718  -30.863  -71.755  27.735 -3.6943726540
157719  -30.735  -71.291  27.194 -3.4292669296
