#!ascii label  , from subject fsaverage vox2ras=TkReg coords=white
495
188  -46.048  -56.960  40.531 -6.2252130508
668  -48.411  -52.601  44.039 -5.0600070953
925  -48.586  -59.228  40.528 -4.8508191109
926  -46.121  -61.193  42.740 -5.3529868126
1491  -45.709  -53.181  40.646 -4.8985023499
1492  -49.247  -56.082  42.343 -5.4548301697
1920  -43.301  -58.331  39.431 -4.9881143570
1921  -42.173  -62.033  43.893 -4.1482181549
2846  -48.448  -61.512  40.432 -4.5684800148
3445  -50.000  -53.650  43.566 -4.9474029541
3446  -48.948  -54.465  43.529 -5.5905900002
3447  -50.044  -55.122  41.864 -4.8360018730
3448  -49.731  -56.606  40.072 -4.4148702621
4215  -44.710  -55.434  39.144 -5.5530495644
4216  -43.559  -55.810  38.059 -4.4354033470
4217  -44.792  -57.516  39.653 -6.0753369331
4219  -44.264  -61.794  43.538 -4.8546032906
6273  -47.474  -58.101  41.203 -5.6889452934
6274  -46.056  -58.921  41.052 -6.0124492645
6275  -47.407  -60.248  41.837 -5.2878432274
6276  -47.099  -62.495  42.081 -4.6823015213
7318  -44.414  -53.415  39.059 -4.6298842430
7319  -46.081  -55.028  40.464 -5.6736083031
7320  -46.967  -53.012  42.506 -5.1418914795
7321  -47.608  -54.771  42.172 -5.5711941719
7322  -47.730  -56.509  41.788 -5.8363995552
7323  -49.011  -57.503  41.085 -5.1739354134
8367  -44.535  -59.893  41.382 -5.7897353172
8368  -42.665  -60.327  41.826 -4.9538283348
8369  -40.832  -60.122  41.880 -4.0917367935
11125  -50.146  -53.839  42.247 -4.3772974014
11126  -50.055  -54.374  42.821 -4.9905610085
11895  -45.406  -56.215  39.854 -6.1020970345
11896  -44.755  -56.450  39.291 -5.9198279381
11897  -45.399  -57.229  40.039 -6.2746658325
14295  -48.097  -58.610  41.080 -5.2750616074
14296  -47.363  -59.143  41.401 -5.4980883598
14297  -48.031  -59.783  41.227 -5.0990056992
14299  -47.898  -61.923  41.332 -4.7001028061
16090  -44.644  -52.386  39.806 -4.4785838127
16091  -44.061  -52.451  39.117 -4.2985935211
16092  -45.079  -53.307  39.797 -4.8030090332
16093  -45.291  -54.233  39.777 -5.2343931198
16094  -45.991  -54.110  40.537 -5.2618904114
16095  -47.266  -51.996  43.285 -4.7182927132
16096  -46.490  -52.147  42.456 -4.7916121483
16097  -47.667  -52.826  43.387 -5.2041854858
16098  -49.196  -55.280  42.977 -5.5558409691
16099  -48.334  -54.682  42.915 -5.6018538475
16100  -48.432  -55.488  42.588 -5.6443996429
16101  -47.690  -55.652  41.990 -5.7341351509
16102  -48.541  -56.308  42.217 -5.6469125748
16103  -48.466  -57.095  41.700 -5.5869550705
16104  -49.243  -56.806  41.706 -5.3271884918
16106  -49.395  -57.400  39.491 -4.2759084702
18408  -43.527  -57.058  38.573 -4.7635116577
18412  -42.389  -58.569  39.492 -4.3585538864
18413  -46.091  -60.090  41.937 -5.7290258408
18414  -45.280  -59.456  41.163 -5.9949650764
18415  -45.335  -60.524  42.285 -5.6478652954
18416  -43.182  -61.943  43.762 -4.4878172874
18417  -43.459  -61.073  42.759 -5.0465493202
18418  -42.425  -61.133  42.899 -4.6487770081
18419  -41.759  -60.218  41.872 -4.4923782349
18420  -41.480  -61.067  42.936 -4.2850317955
23553  -48.973  -59.918  39.683 -4.4417753220
23554  -48.541  -60.387  40.525 -4.7146754265
23555  -49.036  -61.048  39.487 -4.3355131149
24632  -45.222  -52.379  40.682 -4.6026029587
24633  -49.356  -53.137  44.239 -5.1762614250
24634  -48.693  -53.565  43.892 -5.4572429657
24635  -49.528  -54.080  43.885 -5.4027600288
24636  -49.781  -54.907  43.051 -5.3710546494
24637  -49.813  -55.635  42.203 -5.2059807777
24638  -49.722  -56.353  41.423 -5.0114612579
24639  -49.969  -55.820  40.980 -4.6127567291
26019  -44.047  -54.592  38.448 -4.6774201393
26020  -43.575  -54.800  37.890 -4.0696511269
26021  -44.179  -55.590  38.569 -5.1003160477
26022  -44.204  -56.699  38.875 -5.4357419014
26023  -44.124  -57.923  39.444 -5.6092376709
26024  -45.957  -62.344  43.350 -4.8368406296
26025  -45.303  -61.595  43.252 -5.1670536995
28919  -47.995  -51.780  43.901 -4.4068427086
28922  -49.057  -52.256  44.452 -4.6419129372
28923  -49.869  -52.748  44.058 -4.6179213524
28924  -50.254  -53.155  42.951 -4.2514238358
29997  -46.820  -57.601  41.048 -6.0372962952
29998  -46.091  -57.945  40.727 -6.1982488632
29999  -46.730  -58.533  41.112 -5.8885340691
30000  -46.728  -59.650  41.666 -5.6633472443
30001  -46.811  -60.730  42.267 -5.3861460686
30002  -48.052  -60.834  41.388 -4.9247503281
30003  -47.424  -61.344  42.062 -5.0401387215
30004  -46.680  -61.893  42.651 -5.0191473961
30005  -46.329  -62.995  42.769 -4.4844222069
32481  -44.591  -54.460  39.123 -5.0759959221
32482  -45.389  -55.268  39.749 -5.7132353783
32483  -46.086  -55.991  40.489 -6.0366005898
32485  -45.843  -52.263  41.565 -4.7183551788
32486  -46.374  -53.086  41.558 -5.0090122223
32487  -48.044  -53.747  43.235 -5.4836263657
32488  -47.362  -53.926  42.354 -5.3841857910
32489  -46.672  -53.983  41.457 -5.2929043770
32490  -46.802  -54.866  41.361 -5.5934567451
32491  -46.857  -55.755  41.190 -5.8747005463
32492  -46.893  -56.750  41.117 -6.0431342125
32493  -47.650  -57.356  41.496 -5.8205866814
32494  -48.326  -57.802  41.272 -5.4517483711
32495  -48.739  -58.273  40.685 -5.0066733360
32496  -49.464  -57.075  40.676 -4.8324918747
32497  -49.173  -57.819  40.132 -4.6783337593
32498  -49.009  -58.823  39.872 -4.5497379303
35385  -45.381  -58.278  40.426 -6.2180242538
35386  -44.718  -58.692  40.361 -6.0184860229
35387  -43.888  -59.142  40.475 -5.6022825241
35388  -44.529  -60.921  42.639 -5.4061055183
35389  -43.606  -60.205  41.628 -5.4160628319
35390  -42.959  -59.402  40.680 -5.0618548393
35391  -42.049  -59.417  40.737 -4.5104861259
41846  -50.058  -54.167  41.811 -4.3585057259
42615  -45.701  -56.634  40.213 -6.2128643990
42616  -45.383  -56.750  39.922 -6.2192368507
42617  -45.725  -57.099  40.264 -6.2748193741
45015  -48.331  -58.960  40.882 -5.0618934631
45016  -48.019  -59.236  41.137 -5.1856074333
45017  -48.302  -59.482  40.865 -4.9813270569
46810  -45.159  -52.765  40.174 -4.6870083809
46811  -44.891  -52.846  39.805 -4.6268873215
46812  -45.388  -53.224  40.192 -4.8532733917
46813  -45.549  -53.694  40.155 -5.0433712006
46814  -45.881  -53.640  40.595 -5.0713233948
46815  -47.848  -52.296  43.703 -4.9065704346
46816  -47.478  -52.418  43.375 -4.9860224724
46817  -48.046  -52.727  43.743 -5.1649675369
46818  -49.222  -55.686  42.660 -5.5096302032
46819  -48.840  -55.456  42.822 -5.6054224968
46820  -48.867  -55.821  42.587 -5.5840072632
46821  -48.488  -55.904  42.442 -5.6513624191
46822  -48.926  -56.211  42.318 -5.5541033745
46823  -48.924  -56.580  42.031 -5.5142688751
46824  -49.278  -56.435  42.009 -5.3940658569
49128  -43.466  -57.718  38.920 -4.8921303749
49130  -42.986  -57.889  38.936 -4.5543642044
49131  -42.527  -58.019  38.908 -4.2313027382
49132  -42.835  -58.484  39.512 -4.6669483185
49133  -46.145  -60.662  42.416 -5.5546007156
49134  -45.747  -60.312  42.094 -5.7088847160
49135  -45.761  -60.838  42.589 -5.5103058815
49136  -42.661  -61.982  43.838 -4.3103709221
49137  -42.792  -61.545  43.344 -4.6024346352
49138  -42.285  -61.582  43.409 -4.4218835831
49139  -41.952  -61.107  42.924 -4.4593586922
49140  -41.851  -61.561  43.426 -4.2560167313
49141  -41.372  -61.542  43.425 -4.1093058586
49142  -41.714  -62.063  43.909 -4.0067052841
54615  -49.194  -60.197  39.137 -4.2416348457
54616  -49.028  -60.501  39.575 -4.3903431892
54617  -49.275  -60.796  39.027 -4.1941547394
56413  -44.651  -51.945  40.229 -4.4176659584
56414  -44.970  -51.948  40.650 -4.4725661278
56415  -49.735  -53.421  43.994 -5.1081991196
56416  -49.446  -53.638  44.044 -5.3277611732
56417  -49.824  -53.872  43.752 -5.2100920677
56418  -50.062  -54.733  42.379 -4.9298601151
56419  -49.961  -54.675  42.989 -5.2099237442
56420  -49.998  -55.014  42.545 -5.1375608444
56421  -49.833  -55.266  42.630 -5.2973399162
56422  -49.993  -55.419  42.029 -5.0399208069
56423  -49.943  -55.777  41.594 -4.9317083359
56424  -50.004  -55.491  41.377 -4.7256546021
58725  -44.378  -55.031  38.815 -5.1404013634
58726  -44.117  -55.101  38.503 -4.8928918839
58727  -44.428  -55.511  38.847 -5.3623933792
58728  -44.782  -56.954  39.448 -6.0261354446
58729  -44.475  -56.529  39.077 -5.7118258476
58730  -44.502  -57.110  39.276 -5.8171219826
58731  -44.184  -57.312  39.135 -5.5448827744
58732  -44.522  -57.706  39.533 -5.8709545135
58733  -45.731  -62.865  43.463 -4.5069303513
58734  -45.507  -62.477  43.655 -4.6894378662
63613  -47.448  -51.510  43.468 -4.2417507172
63623  -49.494  -52.509  44.386 -4.6703958511
65925  -47.215  -57.829  41.243 -5.8759808540
65926  -46.789  -58.032  41.010 -5.9762868881
65927  -47.097  -58.314  41.161 -5.7948188782
65928  -47.362  -59.737  41.654 -5.3950304985
65929  -47.032  -59.407  41.551 -5.5900073051
65930  -47.070  -59.947  41.800 -5.4751195908
65931  -46.756  -60.174  41.976 -5.5322484970
65932  -47.113  -60.458  42.032 -5.3509612083
65933  -48.533  -60.956  40.506 -4.6462459564
65934  -48.313  -60.611  40.969 -4.8290648460
65935  -48.268  -61.173  40.953 -4.7471542358
65936  -47.513  -62.173  41.713 -4.7125873566
65937  -47.682  -61.628  41.746 -4.8702983856
65938  -47.332  -61.899  42.101 -4.8809647560
65939  -47.065  -61.630  42.384 -5.0490107536
65940  -46.966  -62.181  42.437 -4.8509621620
65941  -46.556  -62.472  42.742 -4.7777404785
65942  -46.732  -62.730  42.411 -4.6061959267
71313  -44.269  -52.922  39.087 -4.4478502274
71314  -43.761  -52.459  38.744 -4.1619048119
71315  -43.949  -52.975  38.724 -4.3045806885
71317  -44.127  -53.522  38.732 -4.4799861908
71318  -44.202  -54.051  38.779 -4.6841926575
71319  -44.531  -53.944  39.095 -4.8418502808
71320  -45.684  -54.626  40.101 -5.4811449051
71321  -45.341  -54.742  39.774 -5.4751610756
71322  -45.720  -55.133  40.088 -5.7081518173
71323  -45.751  -55.627  40.102 -5.9179739952
71324  -46.109  -55.507  40.477 -5.8697576523
71328  -46.743  -52.567  42.498 -4.9821424484
71329  -46.164  -52.199  42.011 -4.7658205032
71330  -46.413  -52.606  42.033 -4.9303712845
71331  -46.109  -52.655  41.563 -4.8668088913
71332  -46.669  -53.047  42.031 -5.0763831139
71333  -48.785  -54.046  43.783 -5.5524563789
71334  -48.362  -53.674  43.591 -5.4957237244
71335  -48.465  -54.177  43.459 -5.5742416382
71336  -47.967  -54.717  42.559 -5.5841369629
71337  -47.844  -54.294  42.661 -5.5204520226
71338  -47.498  -54.361  42.266 -5.4812159538
71339  -47.023  -53.959  41.919 -5.3317360878
71340  -47.124  -54.399  41.825 -5.4525432587
71341  -46.761  -54.454  41.394 -5.4415025711
71342  -47.213  -54.824  41.762 -5.5729451180
71343  -47.700  -56.094  41.903 -5.7970981598
71344  -47.269  -55.706  41.603 -5.7977833748
71345  -47.293  -56.167  41.519 -5.8839921951
71346  -46.876  -56.245  41.135 -5.9789061546
71347  -47.293  -56.633  41.419 -5.9385647774
71348  -47.242  -57.100  41.364 -5.9547972679
71349  -47.705  -56.949  41.668 -5.8450555801
71350  -48.786  -57.320  41.461 -5.3965597153
71351  -48.427  -57.465  41.461 -5.5275526047
71352  -48.708  -57.668  41.212 -5.3192915916
71353  -48.576  -58.047  40.996 -5.2343649864
71354  -48.898  -57.836  40.835 -5.0904617310
71355  -49.780  -56.489  40.790 -4.7232627869
71356  -49.614  -56.705  41.041 -4.9190459251
71357  -49.631  -56.850  40.381 -4.6331391335
71358  -49.297  -57.839  39.271 -4.2263655663
71359  -49.286  -57.619  39.810 -4.4864425659
71360  -49.207  -58.062  39.608 -4.4276757240
71361  -49.077  -58.292  39.964 -4.6108951569
71362  -49.149  -58.556  39.475 -4.3762087822
71363  -49.116  -59.097  39.407 -4.3297991753
78263  -43.570  -55.292  37.948 -4.2524719238
78278  -46.081  -58.404  40.814 -6.1203675270
78279  -45.738  -58.092  40.547 -6.2317910194
78280  -45.718  -58.584  40.737 -6.1444931030
78281  -44.937  -59.734  41.325 -5.9164175987
78282  -45.003  -59.071  40.801 -6.0503468513
78283  -44.622  -59.288  40.830 -5.9236640930
78284  -44.307  -58.937  40.386 -5.8331708908
78285  -44.162  -59.520  40.869 -5.7475943565
78286  -44.809  -61.719  43.420 -5.0228796005
78287  -44.906  -61.253  42.977 -5.3052177429
78288  -44.432  -61.344  43.121 -5.1526708603
78289  -43.026  -60.695  42.268 -5.0431981087
78290  -43.532  -60.665  42.220 -5.2547464371
78291  -43.120  -60.293  41.719 -5.1900038719
78292  -43.235  -59.825  41.132 -5.2885608673
78293  -42.796  -59.878  41.248 -5.0318746567
78294  -42.503  -59.429  40.745 -4.7816700935
78295  -42.348  -59.875  41.318 -4.7738189697
78296  -41.318  -60.159  41.883 -4.2821455002
78297  -41.430  -59.801  41.297 -4.2905869484
93753  -50.132  -53.781  42.969 -4.6988458633
93754  -50.057  -54.029  43.241 -5.0011787415
93755  -50.114  -54.100  42.572 -4.7110137939
93756  -50.079  -54.419  42.134 -4.6695766449
93757  -50.044  -54.790  41.618 -4.5891389847
93758  -49.980  -55.165  41.151 -4.4860825539
95139  -45.063  -55.824  39.500 -5.8809275627
95140  -44.727  -55.936  39.181 -5.7588267326
95141  -45.074  -56.340  39.563 -6.0492911339
95142  -45.081  -56.843  39.692 -6.1603326797
95143  -45.087  -57.362  39.840 -6.2106156349
99459  -47.780  -58.344  41.184 -5.4861016273
99460  -47.397  -58.595  41.206 -5.5972838402
99461  -47.722  -58.885  41.229 -5.3922224045
99462  -47.687  -59.518  41.384 -5.2972803116
99463  -47.719  -60.031  41.563 -5.2022900581
99464  -48.338  -62.058  40.333 -4.4722514153
99465  -48.205  -61.727  40.908 -4.6500148773
99466  -48.028  -62.292  40.847 -4.5266327858
99467  -47.715  -62.484  41.275 -4.5415215492
99468  -47.303  -62.723  41.625 -4.5113277435
99469  -46.879  -62.967  41.988 -4.4326910973
102690  -44.110  -51.991  39.419 -4.2792859077
102691  -43.800  -51.996  39.088 -4.1812396049
102692  -44.360  -52.424  39.445 -4.4007287025
102693  -44.597  -52.883  39.458 -4.5515017509
102694  -44.755  -53.374  39.433 -4.7335424423
102695  -44.869  -53.870  39.419 -4.9453597069
102696  -45.205  -53.791  39.774 -5.0069546700
102697  -45.634  -54.157  40.134 -5.2551226616
102698  -46.060  -54.577  40.495 -5.4659547806
102699  -46.658  -51.687  42.814 -4.5183672905
102700  -46.287  -51.741  42.391 -4.5717701912
102701  -46.878  -52.094  42.921 -4.7806038857
102702  -47.098  -52.505  42.957 -5.0063991547
102703  -47.285  -52.912  42.975 -5.1905632019
102704  -49.090  -54.871  43.286 -5.5867362022
102705  -48.623  -54.604  43.264 -5.6097936630
102706  -48.779  -55.034  43.045 -5.6163387299
102707  -48.403  -55.101  42.742 -5.6285309792
102708  -47.998  -55.124  42.430 -5.6380839348
102709  -47.661  -55.213  42.075 -5.6564512253
102710  -48.057  -55.568  42.315 -5.6844863892
102711  -48.088  -56.007  42.229 -5.7203569412
102712  -48.138  -56.403  42.044 -5.7396039963
102713  -48.155  -56.792  41.873 -5.7358274460
102714  -48.530  -56.691  41.986 -5.6266064644
102715  -48.852  -56.955  41.738 -5.4621043205
102716  -49.127  -57.166  41.365 -5.2536144257
102717  -49.589  -56.691  39.456 -4.1048383713
102718  -49.576  -56.981  39.753 -4.3379354477
102719  -49.462  -57.152  39.167 -4.0488224030
102720  -49.317  -57.623  38.933 -4.0084600449
106862  -43.587  -56.387  38.265 -4.6087622643
106869  -42.050  -58.097  38.853 -3.9328851700
106870  -41.877  -58.579  39.440 -4.0720739365
106871  -46.039  -59.538  41.462 -5.8811039925
106872  -45.673  -59.160  41.070 -6.0254325867
106873  -45.725  -59.760  41.553 -5.8797903061
106874  -45.318  -60.010  41.737 -5.8363928795
106875  -44.924  -60.239  41.889 -5.7484374046
106876  -43.707  -61.859  43.638 -4.6725549698
106877  -43.871  -61.409  43.177 -4.9776754379
106878  -43.322  -61.486  43.264 -4.7907519341
106879  -42.920  -61.111  42.816 -4.8473224640
106880  -42.554  -60.692  42.337 -4.8262987137
106881  -42.191  -60.287  41.865 -4.7183918953
106882  -42.087  -60.674  42.417 -4.6137037277
106883  -41.614  -60.632  42.413 -4.4128813744
106884  -41.143  -60.581  42.444 -4.2288899422
106885  -40.693  -60.517  42.385 -4.0647950172
106886  -41.006  -61.015  42.960 -4.1295099258
116397  -48.786  -59.584  40.132 -4.6441802979
116398  -48.545  -59.805  40.510 -4.7812285423
116399  -48.765  -60.173  40.101 -4.5849318504
116400  -48.821  -60.726  40.050 -4.5260038376
116401  -48.764  -61.282  39.961 -4.4617595673
116402  -49.258  -61.346  38.947 -4.1400814056
116403  -48.959  -61.597  39.391 -4.2723155022
116404  -48.652  -61.827  39.835 -4.3851809502
118914  -44.398  -51.964  39.818 -4.3552250862
118915  -44.921  -52.351  40.205 -4.5430192947
118916  -45.490  -52.776  40.658 -4.7432312965
118917  -48.929  -52.861  44.260 -5.1560955048
118918  -48.597  -53.090  44.008 -5.2941555977
118919  -49.038  -53.393  44.130 -5.3532938957
118920  -49.127  -53.862  43.971 -5.4743733406
118921  -49.272  -54.292  43.724 -5.5265731812
118922  -49.899  -54.291  43.394 -5.2396578789
118923  -49.673  -54.512  43.448 -5.4119520187
118924  -49.415  -54.712  43.387 -5.5236783028
118925  -49.523  -55.106  43.050 -5.4823203087
118926  -49.568  -55.477  42.662 -5.4177575111
118927  -49.562  -55.863  42.301 -5.3415222168
118928  -49.586  -56.236  41.933 -5.2606081963
118929  -49.794  -55.984  41.842 -5.1083273888
118930  -49.877  -56.108  41.220 -4.8238992691
118931  -49.841  -56.203  40.542 -4.5072193146
118932  -49.923  -55.517  40.707 -4.3758020401
118933  -49.829  -55.893  40.291 -4.2706375122
118934  -49.717  -56.291  39.859 -4.1789431572
122153  -43.805  -54.662  38.178 -4.3916840553
122154  -43.859  -55.192  38.229 -4.5898561478
122155  -43.892  -55.705  38.315 -4.7834563255
122156  -44.478  -55.999  38.931 -5.5575451851
122157  -44.206  -56.117  38.679 -5.2851128578
122158  -43.907  -56.250  38.443 -4.9607005119
122159  -43.881  -56.884  38.703 -5.1116294861
122160  -43.817  -57.533  39.006 -5.2290763855
122161  -43.725  -58.137  39.396 -5.3082542419
122162  -46.066  -61.764  43.052 -5.1165089607
122163  -45.737  -61.383  42.979 -5.2787680626
122164  -45.653  -61.932  43.366 -5.0073218346
122165  -45.181  -62.099  43.637 -4.8641638756
128961  -47.052  -51.608  43.150 -4.4101061821
128962  -47.634  -51.886  43.601 -4.5946030617
128963  -48.210  -52.167  43.988 -4.7601737976
128971  -48.544  -52.020  44.244 -4.5474476814
128972  -48.745  -52.403  44.275 -4.8842668533
128973  -49.222  -52.661  44.382 -4.9457244873
128974  -49.613  -52.942  44.192 -4.9277324677
128975  -49.938  -53.242  43.861 -4.8203577995
128977  -50.133  -53.078  43.568 -4.4772634506
128978  -50.128  -53.421  43.293 -4.6225719452
128979  -50.191  -53.498  42.612 -4.3438224792
131889  -46.451  -57.294  40.812 -6.1596374512
131890  -46.083  -57.439  40.594 -6.2364711761
131891  -46.463  -57.749  40.835 -6.1293873787
131892  -46.430  -58.218  40.888 -6.0607814789
131893  -46.414  -58.731  41.076 -5.9637932777
131894  -47.030  -58.841  41.294 -5.6974110603
131895  -46.720  -59.075  41.361 -5.7824563980
131896  -46.385  -59.308  41.413 -5.8461647034
131897  -46.388  -59.855  41.794 -5.7118616104
131898  -46.432  -60.402  42.184 -5.5605869293
131899  -46.471  -60.972  42.499 -5.3881926537
131900  -48.310  -60.047  40.927 -4.9049224854
131901  -48.067  -60.286  41.341 -5.0137243271
131902  -47.769  -60.514  41.709 -5.1043410301
131903  -48.015  -61.391  41.387 -4.8237862587
131904  -47.752  -61.080  41.744 -4.9968891144
131905  -47.459  -60.775  41.989 -5.1721568108
131906  -47.116  -61.057  42.256 -5.2119188309
131907  -46.764  -61.324  42.503 -5.2183122635
131908  -46.408  -61.554  42.738 -5.1871986389
131909  -46.319  -62.142  42.979 -4.9482016563
131910  -46.166  -62.730  43.107 -4.6616754532
131911  -45.903  -63.215  43.142 -4.3211851120
131912  -46.463  -63.202  42.365 -4.3055615425
131913  -46.043  -63.458  42.742 -4.1341214180
138681  -43.514  -52.002  38.749 -4.0521707535
138688  -44.295  -54.538  38.780 -4.9087710381
138689  -44.652  -54.954  39.120 -5.3189816475
138690  -44.945  -54.345  39.456 -5.1806135178
138691  -44.993  -54.857  39.455 -5.4271740913
138692  -45.030  -55.356  39.444 -5.6674098969
138693  -45.405  -55.732  39.787 -5.9287395477
138694  -45.727  -56.127  40.135 -6.0913472176
138695  -46.055  -56.491  40.520 -6.1582884789
138699  -45.942  -51.797  41.946 -4.5813984871
138700  -45.622  -51.859  41.522 -4.5605211258
138701  -45.315  -51.928  41.080 -4.5213851929
138702  -45.535  -52.334  41.122 -4.6615271568
138703  -45.823  -52.754  41.132 -4.8027038574
138704  -46.104  -53.176  41.130 -4.9489150047
138705  -48.215  -53.208  43.685 -5.3615994453
138706  -47.856  -53.280  43.329 -5.3690185547
138707  -47.505  -53.377  42.909 -5.3332543373
138708  -48.168  -54.237  43.073 -5.5572600365
138709  -47.685  -53.843  42.754 -5.4400720596
138710  -47.194  -53.479  42.470 -5.2737135887
138711  -46.918  -53.514  42.021 -5.2081704140
138712  -46.557  -53.531  41.532 -5.1495227814
138713  -46.228  -53.587  41.061 -5.1041388512
138714  -46.357  -54.053  40.993 -5.2709259987
138715  -46.416  -54.519  40.946 -5.4482445717
138716  -46.446  -54.939  40.881 -5.6301627159
138717  -47.244  -55.258  41.694 -5.6905341148
138718  -46.835  -55.300  41.276 -5.7417283058
138719  -46.454  -55.365  40.820 -5.8052439690
138720  -46.464  -55.861  40.832 -5.9584498405
138721  -46.464  -56.364  40.830 -6.0745735168
138722  -46.474  -56.861  40.829 -6.1427431107
138723  -46.831  -57.197  41.077 -6.0620403290
138724  -47.221  -57.471  41.287 -5.9321365356
138725  -47.599  -57.707  41.371 -5.7661700249
138726  -48.090  -57.223  41.620 -5.7056159973
138727  -47.999  -57.585  41.434 -5.6500158310
138728  -47.827  -57.908  41.257 -5.5743775368
138729  -48.184  -58.171  41.122 -5.3654479980
138730  -48.431  -58.474  40.906 -5.1470689774
138731  -48.623  -58.748  40.610 -4.9260249138
138732  -49.519  -56.596  41.569 -5.1782040596
138733  -49.401  -56.955  41.223 -5.0953364372
138734  -49.252  -57.324  40.904 -5.0124664307
138735  -49.445  -57.228  40.082 -4.5544066429
138736  -49.299  -57.454  40.377 -4.7522048950
138737  -49.118  -57.657  40.633 -4.9305610657
138738  -49.007  -58.036  40.414 -4.8512649536
138739  -48.894  -58.520  40.295 -4.7764449120
138740  -48.826  -59.017  40.199 -4.7074112892
138741  -48.971  -59.361  39.794 -4.4939699173
138742  -49.150  -59.640  39.276 -4.2858381271
147159  -45.742  -57.585  40.385 -6.2785720825
147160  -45.392  -57.743  40.173 -6.2715525627
147161  -45.076  -57.908  40.065 -6.2039871216
147162  -45.332  -58.835  40.720 -6.1234259605
147163  -45.042  -58.479  40.375 -6.1480221748
147164  -44.758  -58.121  39.970 -6.0708160400
147165  -44.409  -58.331  39.927 -5.8752193451
147166  -44.014  -58.552  39.934 -5.6282391548
147167  -43.621  -58.745  39.938 -5.3459787369
147168  -45.346  -61.069  42.788 -5.4264187813
147169  -44.942  -60.756  42.477 -5.5457110405
147170  -44.517  -60.422  42.010 -5.6176223755
147171  -44.023  -61.017  42.713 -5.2364478111
147172  -44.088  -60.582  42.146 -5.4499454498
147173  -44.091  -60.070  41.515 -5.6198701859
147174  -43.662  -59.718  41.041 -5.5316567421
147175  -43.446  -59.295  40.570 -5.3400278091
147176  -43.137  -58.906  40.056 -5.0461301804
147177  -42.681  -58.998  40.117 -4.7446203232
147178  -42.212  -59.030  40.116 -4.4537262917
147179  -41.703  -59.022  40.082 -4.1819033623
147180  -41.894  -59.829  41.316 -4.5243320465
147181  -41.564  -59.414  40.708 -4.2562003136
