#!ascii label  , from subject fsaverage vox2ras=TkReg coords=white
507
604  -21.329  -14.038  -30.226 -7.8805189133
1346  -20.471  -14.189  -26.838 -7.5086436272
1347  -20.466  -17.841  -26.324 -7.5656027794
1348  -24.803  -18.723  -29.947 -5.4442615509
2448  -23.273  -12.742  -28.804 -7.3999476433
2449  -20.278  -9.815  -30.439 -8.0222816467
3266  -21.564  -18.381  -24.962 -7.3313097954
3267  -21.081  -19.830  -24.649 -6.8781943321
3268  -21.248  -19.916  -26.518 -7.0033783913
5478  -19.524  -13.558  -27.987 -7.9996232986
5479  -19.704  -11.293  -28.118 -7.8677520752
5480  -20.258  -11.662  -30.071 -8.0922250748
5481  -22.939  -10.635  -32.758 -6.9430294037
5482  -23.959  -12.747  -32.622 -6.8354735374
5483  -27.746  -12.709  -32.326 -4.2220778465
5484  -25.229  -14.905  -32.176 -6.0288052559
5485  -26.424  -20.893  -28.900 -3.7240655422
5486  -28.047  -18.920  -29.786 -3.1499428749
7030  -23.486  -16.357  -26.810 0.0000000000
7031  -22.386  -17.251  -25.689 -7.4366765022
7032  -20.163  -15.876  -26.443 -7.7614536285
7033  -20.295  -15.740  -28.223 -7.8993124962
7034  -23.054  -16.394  -30.357 -7.0246539116
7035  -21.834  -18.134  -28.459 -7.2275414467
7036  -23.553  -20.468  -28.266 -5.8074603081
9902  -22.042  -9.731  -29.888 -7.7643904686
9903  -21.536  -13.030  -27.634 -7.3554668427
9904  -20.546  -10.150  -28.707 -7.9063987732
9905  -20.997  -8.395  -30.951 -7.7770028114
9906  -22.624  -8.706  -32.870 -6.6706914902
9912  -26.713  -16.890  -31.089 -4.5875697136
10946  -21.921  -20.093  -23.859 -6.5767602921
13154  -22.302  -7.019  -32.269 -6.9369735718
13158  -20.044  -13.700  -28.948 -8.0939025879
13159  -19.697  -12.460  -28.924 -8.1161956787
13160  -20.650  -12.852  -30.117 -8.0445232391
13161  -21.856  -12.256  -31.440 -7.7045516968
13162  -22.449  -13.325  -31.469 -7.5380239487
13163  -24.557  -13.801  -32.409 -6.5310111046
13164  -23.266  -14.548  -31.423 -7.1949377060
15557  -23.527  -18.651  -25.109 -7.3008308411
15558  -20.656  -17.984  -25.512 -7.4870400429
15559  -20.803  -17.147  -25.668 -7.6061983109
15560  -20.307  -16.836  -26.334 -7.7258911133
15561  -19.854  -15.657  -27.205 -7.8853516579
15562  -20.362  -16.778  -27.305 -7.7640376091
15563  -20.942  -16.876  -28.311 -7.6458983421
15564  -20.845  -17.882  -27.407 -7.5247178078
15565  -21.856  -20.983  -26.436 -6.5011534691
15566  -22.201  -20.160  -27.452 -6.6014666557
15567  -23.074  -21.288  -27.376 -5.8384017944
15568  -24.373  -21.613  -27.891 -4.9014053345
22190  -24.269  -12.734  -29.370 -7.3228111267
22191  -23.398  -11.169  -29.958 -7.5012149811
22192  -22.429  -11.132  -29.326 -7.6498432159
22193  -21.655  -15.120  -26.753 -7.3285803795
22194  -22.353  -14.747  -27.243 -7.2352728844
22195  -20.937  -13.554  -27.184 -7.3889875412
22196  -19.701  -10.396  -29.075 -8.0684909821
22197  -20.031  -10.557  -28.256 -7.8704957962
22198  -20.104  -9.726  -29.409 -8.0595216751
22199  -20.685  -9.204  -29.796 -8.0165681839
22200  -20.598  -9.006  -30.706 -7.9315609932
22201  -21.345  -8.501  -31.855 -7.3856415749
22202  -21.170  -9.280  -31.644 -7.5541386604
22203  -25.200  -10.975  -33.469 -5.8545427322
22204  -24.800  -9.942  -33.665 -5.7894334793
22210  -28.150  -13.694  -31.880 -3.8144285679
22215  -23.875  -17.534  -30.163 -6.3023376465
22216  -24.919  -16.759  -31.046 -5.9214782715
22217  -25.585  -17.770  -30.701 -5.0825405121
22219  -28.868  -17.803  -30.004 -2.7736892700
24310  -23.005  -19.082  -24.573 -7.1429901123
24311  -22.380  -19.518  -24.187 -6.8792772293
24312  -21.360  -19.131  -24.737 -7.1158413887
24313  -20.702  -18.931  -25.538 -7.2812728882
24314  -20.804  -18.873  -26.384 -7.3287920952
24315  -20.871  -19.832  -25.629 -7.0519480705
24316  -21.178  -20.790  -25.549 -6.7654776573
28292  -19.670  -13.639  -27.273 -7.7629876137
28293  -19.973  -12.791  -27.452 -7.6406493187
28294  -19.486  -12.399  -28.052 -7.9255743027
28295  -19.593  -11.328  -28.991 -8.0896835327
28296  -20.078  -10.625  -30.150 -8.0745201111
28297  -21.117  -10.186  -31.546 -7.6765961647
28298  -21.239  -11.149  -31.422 -7.7368226051
28299  -23.343  -11.690  -32.749 -6.9597744942
28300  -25.601  -11.969  -33.233 -5.8001666069
28301  -27.369  -11.724  -32.747 -4.4875802994
28302  -26.112  -12.956  -32.875 -5.5819821358
28303  -26.609  -13.904  -32.407 -5.1815671921
28304  -27.082  -14.824  -32.002 -4.6237435341
28305  -25.592  -19.758  -29.547 -4.5528988838
28306  -26.456  -18.876  -30.041 -4.2376275063
28307  -27.330  -19.883  -29.375 -3.4718420506
31764  -22.789  -16.736  -26.269 -7.3521614075
31765  -21.207  -15.653  -26.304 -7.4685196877
31766  -21.888  -17.766  -25.241 -7.4445486069
31767  -20.924  -16.354  -25.965 -7.5888361931
31768  -20.183  -14.996  -26.572 -7.6647329330
31769  -19.601  -14.637  -27.176 -7.8740811348
31770  -19.782  -14.656  -28.101 -8.0100650787
31771  -20.635  -14.898  -29.114 -7.9609293938
31772  -22.074  -15.174  -30.266 -7.5515151024
31773  -21.386  -16.012  -29.266 -7.6729731560
31774  -22.318  -17.213  -29.369 -7.1977124214
31775  -23.206  -18.395  -29.318 -6.5208134651
31776  -21.583  -19.007  -27.515 -7.1560859680
31777  -22.599  -19.245  -28.429 -6.6114401817
31778  -24.124  -19.588  -29.151 -5.6802096367
31779  -25.031  -20.769  -28.737 -4.7721471786
31780  -25.757  -21.848  -28.142 -3.9032728672
39944  -22.014  -8.380  -30.506 -7.6228289604
39946  -23.050  -14.399  -27.862 -7.1989579201
39947  -22.189  -12.803  -28.198 -7.3850564957
39948  -20.352  -11.994  -27.667 -7.5872702599
39949  -20.876  -11.396  -28.027 -7.6168160439
39950  -21.524  -11.178  -28.539 -7.6687121391
39951  -21.140  -9.851  -29.261 -7.8952074051
39952  -21.256  -8.709  -30.132 -7.8798384666
39953  -21.562  -7.819  -31.118 -7.5408396721
39954  -21.818  -7.745  -32.087 -7.1787829399
39957  -22.699  -9.658  -32.827 -6.8314847946
39958  -24.474  -8.933  -33.745 -5.6604485512
39972  -24.011  -15.607  -31.285 -6.6502923965
39973  -26.019  -15.907  -31.699 -5.3549537659
39974  -27.587  -15.792  -31.418 -3.9799053669
39975  -27.453  -17.907  -30.481 -3.8271367550
39976  -28.293  -16.841  -30.682 -3.3403418064
43878  -20.524  -13.786  -29.540 -8.0374078751
43879  -20.287  -13.212  -29.483 -8.0950527191
43880  -20.983  -13.491  -30.190 -7.9803466797
43881  -21.504  -13.115  -30.772 -7.8540158272
43882  -21.819  -13.720  -30.775 -7.7500309944
43883  -22.795  -13.910  -31.443 -7.3907699585
43884  -22.160  -14.229  -30.828 -7.6030445099
46278  -20.477  -17.889  -25.836 -7.5373568535
46279  -20.460  -17.485  -25.977 -7.6199188232
46280  -20.320  -17.407  -26.369 -7.6580476761
46281  -20.228  -16.766  -26.771 -7.7574520111
46282  -20.404  -17.365  -26.838 -7.6736702919
46283  -20.618  -17.350  -27.355 -7.6584587097
46284  -20.570  -17.822  -26.839 -7.5659337044
46285  -22.233  -21.570  -26.479 -6.1626186371
46286  -22.410  -21.122  -26.912 -6.2156085968
46287  -22.819  -21.742  -26.890 -5.8174986839
46288  -23.437  -21.912  -27.263 -5.3988490105
52908  -24.389  -13.581  -28.874 -7.2525014877
52909  -24.864  -13.499  -29.084 0.0000000000
52910  -23.791  -12.803  -29.146 -7.3759083748
52911  -23.305  -11.978  -29.399 -7.4958004951
52912  -22.858  -12.017  -29.029 -7.5313677788
52913  -21.030  -14.599  -26.756 -7.4056353569
52914  -21.328  -14.381  -26.949 -7.3429608345
52915  -20.706  -13.871  -26.955 -7.4395737648
52916  -19.927  -10.038  -29.707 -8.0904922485
52917  -19.903  -10.019  -29.228 -8.0644092560
52918  -20.110  -9.694  -29.865 -8.0723104477
52919  -20.364  -9.376  -30.041 -8.0460338593
52920  -20.404  -9.453  -30.570 -7.9831619263
52921  -20.735  -9.119  -31.126 -7.7838840485
52922  -20.666  -9.565  -31.044 -7.8452425003
52935  -24.427  -18.128  -30.074 -5.8843474388
52936  -24.741  -17.679  -30.487 -5.7161674500
52937  -25.260  -18.327  -30.357 -5.2800073624
55878  -21.445  -19.917  -24.207 -6.7387232780
55879  -21.580  -19.583  -24.325 -6.8685998917
55880  -21.190  -19.503  -24.689 -6.9944615364
55881  -20.958  -18.989  -25.119 -7.2103972435
55882  -20.931  -19.428  -25.091 -7.0966691971
55883  -20.823  -19.383  -25.548 -7.1685976982
55884  -20.887  -19.832  -25.159 -6.9858226776
55886  -21.048  -20.731  -25.059 -6.7556343079
55887  -21.164  -21.199  -24.973 -6.6071166992
55888  -21.401  -21.294  -25.491 -6.5621714592
62513  -19.538  -13.559  -27.598 -7.8906016350
62514  -19.565  -13.041  -27.668 -7.8371958733
62515  -19.528  -12.999  -28.024 -7.9654874802
62516  -19.904  -12.013  -29.425 -8.1337146759
62517  -19.612  -11.868  -28.980 -8.1049766541
62518  -19.817  -11.448  -29.446 -8.1295700073
62519  -19.828  -11.005  -29.531 -8.1186351776
62520  -20.153  -11.114  -30.114 -8.0888633728
62521  -20.610  -10.875  -30.752 -7.9570932388
62522  -20.697  -11.354  -30.735 -7.9665012360
62523  -22.830  -12.504  -32.102 -7.3293828964
62524  -22.467  -11.933  -32.142 -7.3843612671
62525  -23.709  -12.233  -32.693 -6.9180011749
62526  -24.552  -11.924  -33.132 -6.4166674614
62527  -24.902  -12.505  -33.054 -6.3514738083
62528  -25.856  -12.457  -33.085 -5.7135300636
62529  -25.064  -12.919  -32.922 -6.2422099113
62530  -24.912  -14.345  -32.307 -6.3042922020
62531  -25.471  -13.903  -32.628 -5.8804059029
62532  -25.949  -14.429  -32.367 -5.6282038689
62533  -26.831  -14.365  -32.204 -4.9187793732
62534  -26.224  -14.904  -32.138 -5.3339357376
62535  -26.011  -20.377  -29.155 -4.1261401176
62536  -26.590  -19.860  -29.466 -3.9942514896
62537  -26.846  -20.391  -29.183 -3.6070673466
69708  -23.161  -17.704  -25.621 0.0000000000
69709  -23.449  -17.511  -25.972 0.0000000000
69710  -22.455  -16.933  -25.991 -7.4000539780
69711  -22.010  -16.202  -26.253 -7.3986716270
69712  -21.713  -16.441  -26.056 -7.4584255219
69713  -22.240  -18.706  -24.729 -7.2373676300
69714  -22.382  -18.439  -24.905 -7.3179655075
69715  -21.726  -18.092  -25.053 -7.4037423134
69716  -20.487  -16.567  -26.064 -7.6940608025
69717  -20.856  -16.813  -25.793 -7.6144495010
69718  -20.548  -16.097  -26.151 -7.6773419380
69719  -20.562  -15.715  -26.262 -7.6291990280
69720  -20.146  -15.425  -26.465 -7.7265787125
69721  -19.827  -14.776  -26.843 -7.7731852531
69722  -19.836  -15.245  -26.798 -7.8184714317
69723  -19.983  -15.656  -27.672 -7.9116444588
69724  -19.744  -15.144  -27.643 -7.9506964684
69725  -20.029  -15.240  -28.124 -7.9717273712
69726  -20.109  -14.797  -28.554 -8.0184173584
69727  -20.429  -15.269  -28.672 -7.9420690536
69728  -20.788  -15.334  -29.072 -7.8384952545
69729  -20.728  -15.876  -28.708 -7.8281922340
69730  -21.348  -17.463  -28.361 -7.4595541954
69731  -21.514  -17.011  -28.843 -7.4747099876
69732  -22.043  -17.637  -28.899 -7.2274074554
69733  -22.759  -17.828  -29.384 -6.8837046623
69734  -22.444  -18.220  -28.932 -6.9290647507
69735  -21.024  -19.379  -26.510 -7.1817932129
69736  -21.059  -18.905  -26.888 -7.2801065445
69737  -21.334  -19.420  -26.987 -7.0895471573
69738  -22.810  -20.314  -27.896 -6.2480134964
69739  -22.404  -19.730  -27.910 -6.6178994179
69740  -23.092  -19.936  -28.354 -6.2291479111
69741  -23.394  -19.407  -28.841 -6.1858644485
69742  -23.833  -20.050  -28.780 -5.7563977242
69743  -24.718  -20.223  -29.017 -5.2274603844
69744  -24.371  -20.627  -28.563 -5.3053846359
69745  -24.699  -22.188  -27.762 -4.4470529556
69746  -25.063  -21.755  -28.072 -4.3973546028
69747  -25.466  -22.344  -27.874 -3.9654872417
89613  -22.644  -10.427  -29.942 -7.6478700638
89615  -22.488  -9.611  -30.137 -7.6464490891
89616  -22.416  -8.896  -30.420 -7.5810585022
89617  -21.981  -9.024  -30.160 -7.7286562920
89620  -23.878  -16.214  -27.082 0.0000000000
89621  -21.893  -13.878  -27.438 -7.2756352425
89622  -22.823  -14.592  -27.570 -7.2118134499
89623  -22.284  -13.750  -27.729 -7.2695646286
89624  -22.677  -13.573  -28.068 -7.2740964890
89625  -21.937  -12.908  -27.950 -7.3664579391
89626  -19.768  -12.072  -27.763 -7.7467350960
89627  -20.186  -12.399  -27.537 -7.6025357246
89628  -19.984  -11.560  -27.785 -7.7265052795
89629  -20.238  -10.302  -28.416 -7.8886828423
89630  -20.402  -10.873  -28.038 -7.7439756393
89631  -20.647  -10.700  -28.247 -7.7698841095
89632  -21.241  -11.248  -28.276 -7.6458034515
89633  -21.008  -10.625  -28.532 -7.7931656837
89634  -21.336  -10.521  -28.912 -7.8015336990
89635  -20.808  -9.994  -28.998 -7.9121975899
89636  -20.786  -8.709  -30.393 -7.9452390671
89637  -20.951  -8.933  -30.008 -7.9626808167
89638  -21.066  -8.467  -30.491 -7.8605961800
89639  -21.359  -8.204  -30.591 -7.7496705055
89640  -21.235  -8.085  -31.018 -7.6694240570
89641  -21.566  -7.702  -31.566 -7.3984432220
89642  -21.310  -8.043  -31.471 -7.5170946121
89643  -21.888  -8.605  -32.395 -7.0687732697
89644  -22.013  -8.175  -32.469 -6.9753737450
89645  -22.661  -8.275  -32.948 -6.5839443207
89647  -23.516  -8.364  -33.398 -6.1180453300
89648  -21.885  -10.413  -32.148 -7.3597970009
89649  -21.831  -9.928  -32.152 -7.3058662415
89650  -22.774  -10.111  -32.782 -6.8961510658
89652  -24.657  -9.456  -33.710 -5.7293543816
89670  -27.513  -12.193  -32.543 -4.3745560646
89685  -22.568  -15.804  -30.295 -7.3138380051
89686  -23.014  -15.443  -30.884 -7.1630573273
89687  -23.547  -16.038  -30.792 -6.8663558960
89688  -25.723  -16.843  -31.272 -5.2625713348
89689  -25.428  -16.304  -31.413 -5.6615824699
89690  -26.194  -16.316  -31.501 -4.9766149521
89691  -26.857  -15.851  -31.564 -4.6554670334
89692  -27.168  -16.401  -31.253 -4.2949256897
89693  -27.329  -18.977  -29.958 -3.6676452160
89694  -26.830  -18.351  -30.315 -4.0436506271
89695  -27.664  -18.376  -30.130 -3.4750876427
89697  -28.616  -17.373  -30.367 -3.0451662540
97406  -22.549  -6.981  -32.694 -6.6760129929
97412  -19.728  -13.627  -28.464 -8.0738010406
97413  -19.568  -13.065  -28.464 -8.0647344589
97414  -19.822  -13.065  -28.885 -8.1153402328
97415  -20.054  -12.617  -29.448 -8.1247091293
97416  -20.372  -12.189  -30.025 -8.0795354843
97417  -20.854  -11.891  -30.748 -7.9561862946
97418  -21.129  -12.472  -30.694 -7.9207119942
97419  -22.019  -12.770  -31.424 -7.6408905983
97420  -23.185  -13.072  -32.083 -7.2338566780
97421  -24.231  -13.311  -32.586 -6.7076172829
97422  -23.484  -13.640  -32.028 -7.0929727554
97423  -23.892  -14.182  -31.954 -6.9030389786
97424  -24.236  -14.714  -31.864 -6.6621751785
101731  -22.957  -17.939  -25.394 -7.3887333870
101732  -21.054  -18.179  -25.190 -7.4169497490
101733  -21.116  -17.797  -25.278 -7.4880518913
101734  -20.736  -17.589  -25.567 -7.5622167587
101735  -20.475  -16.957  -25.958 -7.6744761467
101736  -20.206  -16.366  -26.387 -7.7617526054
101737  -19.955  -15.742  -26.784 -7.8328766823
101738  -20.088  -16.264  -26.856 -7.8121333122
101739  -20.099  -16.214  -27.310 -7.8406519890
101740  -20.276  -16.248  -27.768 -7.8391098976
101741  -20.691  -16.365  -28.275 -7.7913274765
101742  -20.619  -16.843  -27.846 -7.7337784767
101743  -20.898  -17.382  -27.887 -7.5951566696
101744  -21.295  -18.013  -27.953 -7.4200515747
101745  -21.523  -20.463  -26.515 -6.7801647186
101746  -21.671  -20.046  -26.971 -6.8533611298
101747  -22.000  -20.577  -26.972 -6.5628318787
101748  -22.551  -20.721  -27.386 -6.2435798645
101749  -23.264  -20.901  -27.781 -5.8347096443
101750  -23.940  -21.032  -28.107 -5.3597812653
101751  -23.714  -21.464  -27.651 -5.3911199570
101752  -24.053  -22.056  -27.599 -4.9329342842
113672  -23.814  -11.935  -29.668 -7.4277129173
113673  -22.913  -11.191  -29.655 -7.5927734375
113674  -22.187  -10.474  -29.621 -7.7338867188
113675  -22.555  -15.763  -26.772 -7.2783741951
113676  -22.751  -15.497  -27.039 -7.2299737930
113677  -21.976  -14.917  -26.983 -7.2739820480
113678  -21.685  -14.128  -27.188 -7.2991094589
113679  -21.258  -13.306  -27.403 -7.3612012863
113680  -19.633  -10.765  -28.537 -7.9840617180
113681  -19.788  -10.852  -28.133 -7.8615274429
113682  -19.757  -10.366  -28.602 -7.9840259552
113683  -19.929  -10.110  -28.794 -7.9916057587
113684  -20.217  -9.876  -28.979 -7.9993381500
113685  -20.538  -9.629  -29.196 -7.9974713326
113686  -20.414  -9.440  -29.575 -8.0463800430
113687  -20.582  -9.056  -30.249 -8.0056114197
113688  -20.780  -8.696  -30.811 -7.8638410568
113689  -21.085  -8.408  -31.362 -7.6207218170
113690  -20.892  -8.723  -31.238 -7.7094073296
113691  -21.245  -8.902  -31.737 -7.4750509262
113692  -21.779  -9.014  -32.309 -7.1567702293
113693  -24.057  -10.881  -33.251 -6.4348101616
113694  -23.956  -10.394  -33.301 -6.3997607231
113695  -24.973  -10.452  -33.569 -5.8335790634
113706  -27.919  -13.179  -32.102 -4.0332946777
113715  -23.441  -16.970  -30.216 -6.6856427193
113716  -23.884  -16.562  -30.773 -6.5211753845
113717  -24.447  -17.156  -30.685 -6.1342668533
113718  -25.221  -17.263  -30.958 -5.5093798637
113719  -26.341  -17.413  -30.917 -4.8513169289
113721  -28.560  -18.409  -29.815 -2.9670155048
118164  -22.769  -19.330  -24.350 -7.0215177536
118165  -22.111  -19.038  -24.533 -7.1297211647
118166  -22.207  -19.813  -24.009 -6.7268185616
118167  -21.798  -19.294  -24.431 -7.0029630661
118168  -21.462  -18.768  -24.803 -7.2320861816
118169  -20.982  -18.577  -25.198 -7.3207678795
118170  -20.698  -18.431  -25.540 -7.3898706436
118171  -20.545  -18.356  -25.882 -7.4361672401
118172  -20.624  -18.390  -26.354 -7.4551463127
118173  -20.684  -18.897  -25.961 -7.3237409592
118174  -20.801  -19.352  -26.028 -7.2016868591
118175  -20.989  -19.873  -26.092 -7.0635514259
118176  -20.965  -20.259  -25.014 -6.8758578300
118177  -20.966  -20.297  -25.569 -6.9227595329
118178  -21.179  -20.366  -26.042 -6.8962974548
118179  -21.389  -20.865  -25.924 -6.6841063499
118180  -21.768  -21.415  -26.022 -6.4142193794
127453  -23.684  -13.594  -28.624 -7.2754735947
127454  -19.959  -13.838  -26.982 -7.6313219070
127455  -20.203  -13.473  -27.138 -7.5604357719
127456  -19.851  -13.206  -27.356 -7.6971306801
127457  -19.691  -12.574  -27.684 -7.7857928276
127458  -19.569  -11.824  -28.061 -7.8903818130
127459  -19.535  -12.386  -28.457 -8.0424060822
127460  -19.492  -11.816  -28.530 -8.0164499283
127461  -19.543  -11.233  -28.523 -7.9952211380
127462  -19.615  -10.811  -29.007 -8.0765514374
127463  -19.823  -10.467  -29.614 -8.1052436829
127464  -20.161  -10.224  -30.247 -8.0521411896
127465  -20.574  -10.041  -31.009 -7.8945937157
127466  -20.555  -10.421  -30.866 -7.9322056770
127467  -21.127  -10.602  -31.483 -7.7160429955
127468  -22.064  -10.908  -32.135 -7.3942241669
127469  -21.493  -11.647  -31.394 -7.7346835136
127470  -22.299  -11.431  -32.127 -7.4041881561
127471  -23.110  -11.126  -32.714 -6.9661993980
127472  -24.338  -11.433  -33.228 -6.4425578117
127473  -25.391  -11.496  -33.381 -5.8454713821
127476  -26.591  -11.907  -33.055 -5.1445918083
127477  -26.713  -12.332  -32.871 -5.0413718224
127478  -26.979  -12.832  -32.621 -4.8949513435
127479  -25.286  -13.397  -32.752 -6.0856246948
127480  -26.367  -13.431  -32.701 -5.4041867256
127481  -27.185  -13.349  -32.345 -4.7062444687
127482  -27.459  -13.810  -32.192 -4.4793248177
127483  -27.671  -14.305  -31.945 -4.2213678360
127484  -27.948  -14.827  -31.648 -3.9419188499
127485  -25.334  -19.301  -29.750 -4.9960265160
127486  -25.659  -18.822  -30.118 -4.8395624161
127487  -25.977  -19.321  -29.843 -4.4075398445
127488  -26.862  -19.378  -29.897 -3.8412134647
127489  -27.705  -19.401  -29.693 -3.3189907074
136684  -23.133  -16.511  -26.504 -7.3003239632
136685  -22.200  -15.916  -26.495 -7.3361601830
136686  -21.423  -15.410  -26.492 -7.3958220482
136687  -20.783  -14.961  -26.574 -7.4811043739
136688  -23.100  -18.818  -24.825 -7.2369651794
136689  -22.561  -18.164  -25.131 -7.3680586815
136690  -22.120  -17.493  -25.439 -7.4539651871
136691  -21.271  -17.420  -25.426 -7.5266909599
136692  -21.372  -17.095  -25.576 -7.5313210487
136693  -21.582  -16.783  -25.802 -7.5058965683
136694  -21.067  -16.032  -26.125 -7.5366582870
136695  -20.629  -15.302  -26.371 -7.5596666336
136696  -20.287  -14.579  -26.692 -7.5876965523
136697  -19.921  -14.275  -26.915 -7.7066025734
136698  -19.661  -14.139  -27.220 -7.8262019157
136699  -19.513  -14.098  -27.640 -7.9341621399
136700  -19.699  -15.144  -27.179 -7.8959407806
136701  -19.628  -14.590  -27.591 -7.9568533897
136702  -19.601  -14.100  -27.987 -8.0174655914
136703  -19.851  -14.171  -28.458 -8.0607032776
136704  -20.294  -14.294  -29.005 -8.0444717407
136705  -20.960  -14.472  -29.608 -7.9452748299
136706  -21.606  -14.614  -30.212 -7.7392539978
136707  -21.206  -14.974  -29.653 -7.8129892349
136708  -21.600  -15.571  -29.716 -7.6357355118
136709  -22.060  -16.130  -29.744 -7.4096851349
136710  -21.132  -16.439  -28.737 -7.6736712456
136711  -21.600  -16.495  -29.184 -7.4604058266
136712  -22.615  -16.787  -29.822 -7.1324820518
136713  -23.117  -17.382  -29.829 -6.8044638634
136714  -23.519  -17.991  -29.724 -6.4296860695
136715  -23.971  -18.542  -29.697 -6.0165181160
136716  -20.892  -18.433  -26.925 -7.4359774590
136717  -21.209  -18.460  -27.466 -7.3596520424
136718  -21.609  -18.560  -27.950 -7.2026853561
136719  -21.772  -19.517  -27.461 -6.9054551125
136720  -22.047  -19.109  -28.008 -6.9366011620
136721  -22.240  -18.695  -28.431 -6.9453573227
136722  -22.935  -18.855  -28.866 -6.5801105499
136723  -23.765  -19.063  -29.307 -6.1159458160
136724  -24.564  -19.169  -29.574 -5.5769395828
136725  -24.736  -19.702  -29.382 -5.1248388290
136726  -25.448  -20.343  -29.119 -4.6741633415
136727  -25.656  -20.881  -28.849 -4.2370252609
136728  -24.754  -21.191  -28.375 -4.8477406502
136729  -25.508  -21.331  -28.516 -4.3273000717
136730  -26.226  -21.381  -28.543 -3.8227641582
160789  -22.365  -8.288  -30.682 -7.4525485039
160790  -22.030  -7.880  -30.874 -7.4514808655
160794  -23.274  -15.406  -27.323 -7.1920208931
160795  -23.777  -15.288  -27.619 -7.1619906425
160796  -24.299  -15.178  -27.912 0.0000000000
160797  -23.606  -14.313  -28.141 -7.1890864372
160798  -23.190  -13.617  -28.356 -7.2795696259
160799  -22.707  -12.759  -28.506 -7.3999953270
160800  -20.418  -13.095  -27.253 -7.5047774315
160801  -20.669  -12.795  -27.459 -7.4712066650
160802  -20.882  -12.471  -27.622 -7.4615049362
160803  -20.143  -11.159  -27.904 -7.7267684937
160804  -20.578  -11.622  -27.786 -7.5939898491
160805  -21.194  -12.200  -27.856 -7.4725785255
160806  -21.492  -12.059  -28.088 -7.4964852333
160807  -21.969  -12.019  -28.392 -7.5222406387
160808  -22.354  -11.966  -28.719 -7.5375638008
160809  -22.063  -11.238  -28.969 -7.6732954979
160810  -21.721  -10.465  -29.288 -7.7842059135
160811  -21.569  -9.768  -29.587 -7.8473134041
160812  -20.884  -9.457  -29.448 -7.9759306908
160813  -21.175  -9.288  -29.708 -7.9265685081
160814  -21.566  -9.139  -29.927 -7.8445158005
160815  -21.593  -8.552  -30.302 -7.7662258148
160816  -21.651  -8.006  -30.694 -7.6126718521
160817  -21.817  -7.588  -31.228 -7.3922629356
160818  -21.859  -7.420  -31.667 -7.2651891708
160819  -22.067  -7.406  -32.188 -7.0622401237
160820  -22.379  -7.363  -32.633 -6.7786192894
160821  -21.570  -8.121  -31.979 -7.2866959572
160822  -22.168  -7.775  -32.539 -6.8783464432
160827  -21.109  -9.701  -31.569 -7.6218185425
160828  -21.770  -9.456  -32.204 -7.2368979454
160829  -22.632  -9.179  -32.860 -6.7546215057
160830  -23.754  -9.844  -33.316 -6.3440341949
160831  -23.629  -9.307  -33.321 -6.2743601799
160832  -23.554  -8.835  -33.366 -6.1971282959
160833  -24.410  -8.447  -33.801 -5.5894231796
160872  -22.705  -14.888  -30.883 -7.4084224701
160873  -23.529  -15.024  -31.351 -6.9480209351
160874  -24.602  -15.274  -31.812 -6.3713374138
160875  -24.416  -16.184  -31.257 -6.3055219650
160876  -24.938  -15.782  -31.617 -6.0350260735
160877  -25.599  -15.341  -31.897 -5.7095208168
160878  -26.473  -15.402  -31.913 -5.0059914589
160879  -27.370  -15.327  -31.673 -4.3068690300
160881  -26.165  -18.326  -30.394 -4.6545791626
160882  -26.586  -17.958  -30.654 -4.4411435127
160883  -26.945  -17.356  -30.882 -4.2007150650
160884  -28.243  -17.919  -30.322 -3.2662472725
160885  -27.769  -17.350  -30.586 -3.5911269188
160886  -27.493  -16.859  -30.960 -3.9366414547
160887  -27.983  -16.298  -31.031 -3.6544232368
