#!ascii label  , from subject fsaverage vox2ras=TkReg coords=white
508
1325  -6.459  -54.956  9.519 -2.7002720833
1326  -5.752  -55.751  13.749 -2.5959050655
1731  -4.705  -46.965  23.496 -2.2002973557
2392  -4.657  -49.416  27.735 -2.5400109291
2393  -6.997  -51.648  22.252 -2.0532314777
2396  -5.821  -57.120  17.110 -2.5649147034
3846  -5.046  -45.169  25.422 -2.3379635811
5335  -8.733  -51.212  27.175 -2.0169842243
5336  -6.133  -49.628  29.088 -2.2021958828
5337  -6.621  -51.336  26.323 -2.1071181297
5338  -5.099  -50.883  24.948 -2.2958214283
5339  -8.194  -52.167  23.537 -1.8557715416
5346  -6.136  -57.653  18.753 -2.1044783592
5347  -4.478  -60.244  16.626 -2.2706761360
5348  -4.659  -59.569  14.900 -2.7429795265
5417  -7.062  -56.932  9.978 -3.2149746418
6995  -5.862  -55.513  11.237 -2.5932273865
6996  -5.569  -57.746  11.572 -3.0679335594
7881  -4.388  -48.640  21.143 -1.8386113644
9732  -6.703  -46.965  30.213 -1.9516942501
9733  -4.902  -47.083  29.555 -2.4715847969
9734  -4.591  -46.208  27.445 -2.7054467201
9735  -4.507  -48.295  25.490 -2.6497855186
9736  -4.459  -49.966  23.014 -2.3074500561
9737  -6.091  -51.120  20.541 -2.0783591270
9744  -8.740  -54.785  20.824 -1.8325473070
9745  -8.343  -54.113  19.289 -2.1415615082
9746  -7.768  -53.558  17.708 -2.2338395119
9747  -5.682  -56.440  15.443 -2.6983890533
9748  -5.010  -58.804  13.198 -2.9428930283
11526  -5.088  -44.035  26.220 -2.1891126633
13015  -9.045  -51.853  25.745 -1.9685249329
13016  -7.653  -51.227  26.824 -2.0514616966
13017  -8.144  -51.781  25.333 -1.9417613745
13018  -7.304  -51.697  24.852 -1.9703220129
13019  -8.844  -52.408  24.044 -1.8250792027
13026  -4.402  -60.546  17.537 -2.0066008568
15497  -6.389  -54.476  13.856 -2.2153718472
15498  -6.241  -54.475  12.557 -2.1905581951
15499  -5.765  -55.700  12.443 -2.5735216141
15500  -5.604  -56.677  11.294 -2.9074470997
15501  -5.294  -56.860  12.403 -2.8769733906
17301  -4.483  -47.788  22.357 -2.0107841492
21768  -5.181  -49.654  28.587 -2.3835842609
21769  -5.391  -48.450  29.527 -2.3413052559
21770  -4.792  -48.289  28.716 -2.5465257168
21771  -4.582  -46.763  28.544 -2.6423778534
21772  -4.567  -47.909  27.653 -2.6896643639
21773  -4.579  -47.355  26.550 -2.7325007915
21774  -4.541  -48.907  26.581 -2.6432528496
21775  -5.842  -51.259  23.588 -2.1483967304
21776  -4.708  -50.488  23.988 -2.3512790203
21777  -5.372  -50.975  22.715 -2.2015347481
21778  -5.008  -50.596  21.783 -2.1554932594
21779  -6.568  -51.384  21.415 -2.1143283844
21798  -5.934  -57.383  17.985 -2.3510820866
21799  -7.451  -55.937  18.974 -2.1426107883
21800  -7.300  -55.715  18.156 -2.3319611549
21801  -8.088  -53.853  18.497 -2.2376425266
21802  -7.117  -55.554  17.313 -2.4442563057
21803  -7.001  -55.210  16.592 -2.4514358044
21804  -5.714  -56.825  16.260 -2.6840307713
21805  -5.489  -60.161  14.377 -2.5614798069
21806  -4.846  -59.215  14.049 -2.8710577488
21807  -5.711  -59.658  13.528 -2.7235543728
21808  -5.996  -59.242  12.810 -2.8647463322
22012  -6.607  -53.691  9.813 -2.3082082272
22014  -7.029  -54.652  8.925 -2.7394263744
24276  -6.708  -54.496  14.993 -2.2858994007
25356  -4.940  -46.072  24.506 -2.3335146904
28037  -7.388  -50.525  28.208 -2.0862123966
28038  -6.263  -50.668  27.841 -2.2035613060
28039  -5.330  -50.635  27.248 -2.3275387287
28040  -4.801  -50.296  26.406 -2.4447379112
28041  -5.745  -51.236  25.686 -2.1973793507
28042  -6.446  -51.526  24.310 -2.0518348217
28043  -7.598  -51.891  22.950 -1.9467147589
28055  -4.783  -59.335  18.576 -1.9948840141
28056  -4.745  -58.961  17.675 -2.2470676899
28057  -4.753  -58.759  16.762 -2.5192646980
28058  -4.776  -58.404  15.923 -2.7377014160
28059  -4.564  -59.974  15.708 -2.5356321335
28060  -5.390  -60.632  15.173 -2.3589527607
28183  -6.662  -56.065  9.590 -3.0210652351
28184  -7.304  -55.638  9.079 -3.0534296036
28185  -7.810  -56.489  9.515 -3.2401440144
31680  -6.374  -54.003  10.583 -2.2564089298
31682  -6.276  -54.240  11.469 -2.2097799778
31683  -6.118  -55.203  10.329 -2.6432027817
31684  -6.076  -56.386  10.349 -2.9633398056
31685  -6.284  -57.376  10.673 -3.1477429867
31686  -6.703  -58.067  11.355 -3.1364543438
39435  -6.362  -48.375  29.911 -2.0995795727
39436  -5.629  -47.103  30.171 -2.2314100266
39437  -4.935  -45.676  30.208 -2.3591077328
39438  -4.515  -45.393  29.311 -2.5278415680
39439  -4.448  -44.915  28.291 -2.5781853199
39440  -4.635  -44.449  27.213 -2.4703242779
39441  -4.739  -45.668  26.406 -2.6143400669
39442  -4.688  -46.678  25.422 -2.6247856617
39443  -4.530  -47.562  24.397 -2.5090641975
39444  -4.519  -49.795  25.367 -2.5161199570
39445  -4.375  -49.086  24.259 -2.4902873039
39446  -4.359  -48.499  23.261 -2.3217978477
39447  -4.338  -49.333  22.080 -2.1296169758
39448  -4.702  -50.160  20.807 -1.9883432388
39449  -5.690  -50.808  19.639 -1.9347859621
39468  -9.359  -53.668  22.740 -1.7499876022
39469  -8.940  -53.244  22.156 -1.8036168814
39470  -8.536  -52.902  21.444 -1.9185271263
39471  -7.606  -56.234  19.785 -1.9423979521
39472  -8.500  -54.437  20.061 -1.9850660563
39473  -8.171  -52.546  20.733 -2.0455212593
39474  -7.732  -52.216  19.979 -2.1222915649
39475  -7.344  -51.949  19.167 -2.1025731564
39476  -6.909  -51.745  18.367 -1.9861885309
39477  -7.419  -53.139  17.023 -2.1419522762
39478  -6.843  -54.872  15.774 -2.3802452087
39479  -5.692  -56.140  14.539 -2.6501879692
39480  -4.826  -58.017  15.037 -2.8565492630
39481  -4.923  -57.715  14.166 -2.8867089748
39482  -5.057  -57.302  13.297 -2.8775012493
39483  -5.219  -58.285  12.339 -2.9994463921
39484  -6.366  -58.626  12.092 -3.0033123493
43736  -8.547  -51.824  25.533 -1.9497482777
43737  -8.890  -52.160  24.847 -1.8934111595
43738  -8.494  -52.087  24.664 -1.8805707693
43739  -9.216  -52.564  24.203 -1.8385059834
46217  -6.042  -55.147  13.765 -2.4115080833
46218  -6.022  -55.119  13.098 -2.3932240009
46219  -5.739  -55.748  13.056 -2.5794775486
46220  -5.501  -56.327  12.373 -2.7411806583
46221  -5.471  -56.330  13.058 -2.7443459034
48017  -5.031  -46.399  23.503 -2.0764908791
48019  -4.883  -46.813  22.961 -2.0001335144
48020  -4.753  -47.228  22.400 -1.9126671553
48021  -4.540  -47.364  22.938 -2.1075682640
52488  -4.869  -49.597  28.188 -2.4662957191
52489  -4.934  -49.013  28.706 -2.4697573185
52490  -4.702  -48.914  28.269 -2.5550434589
52491  -4.604  -48.124  28.243 -2.6279351711
52492  -4.599  -48.678  27.725 -2.6260464191
52493  -4.553  -48.440  27.145 -2.6783070564
52494  -4.575  -49.178  27.179 -2.6006848812
52495  -6.384  -51.433  22.940 -2.0916712284
52496  -5.562  -51.139  23.170 -2.1842839718
52497  -6.133  -51.307  22.517 -2.1290643215
52498  -5.910  -51.147  22.072 -2.1476404667
52499  -6.785  -51.495  21.850 -2.0932996273
52518  -5.872  -57.251  17.530 -2.4667932987
52519  -6.661  -56.544  18.080 -2.3540856838
52520  -6.576  -56.440  17.667 -2.4485034943
52521  -7.224  -55.650  17.725 -2.4008288383
52522  -6.484  -56.355  17.230 -2.5205280781
52523  -6.401  -56.281  16.811 -2.5655937195
52524  -5.731  -56.973  16.727 -2.6384403706
52525  -6.237  -60.107  14.390 -2.4271948338
52526  -5.647  -59.895  13.989 -2.6466350555
52527  -6.352  -59.889  13.972 -2.5227508545
52528  -6.465  -59.576  13.623 -2.6146688461
52732  -6.503  -54.351  9.625 -2.5094256401
52733  -6.718  -54.183  9.285 -2.5321009159
52734  -6.724  -54.812  9.172 -2.7235496044
55820  -6.900  -53.740  15.085 -2.0895166397
55821  -7.056  -53.650  15.654 -2.1409249306
57617  -5.420  -44.486  25.367 -2.0875351429
57619  -5.351  -45.015  24.947 -2.1410551071
57620  -5.266  -45.469  24.508 -2.1549932957
57621  -5.024  -45.623  24.986 -2.3550426960
62085  -8.573  -50.845  27.832 -2.0015604496
62086  -7.934  -50.437  28.334 -2.0244526863
62087  -8.048  -50.900  27.727 -2.0444934368
62088  -7.096  -51.303  26.555 -2.0747661591
62089  -6.965  -50.979  27.346 -2.1210186481
62090  -6.396  -51.041  27.105 -2.1646935940
62091  -5.680  -50.742  27.608 -2.2648007870
62092  -5.930  -51.057  26.805 -2.2143065929
62093  -5.507  -51.010  26.483 -2.2683591843
62094  -6.148  -51.351  26.024 -2.1487812996
62095  -7.706  -51.901  24.215 -1.9071798325
62096  -6.866  -51.620  24.577 -2.0061388016
62097  -7.291  -51.735  23.982 -1.9440895319
62098  -7.006  -51.671  23.652 -1.9914560318
62099  -7.858  -52.056  23.265 -1.8959194422
62118  -4.445  -60.364  17.078 -2.1343615055
62119  -4.467  -59.771  17.580 -2.1421928406
62120  -4.509  -59.621  17.131 -2.2793431282
62121  -4.783  -58.860  17.238 -2.3853695393
62122  -4.509  -59.539  16.654 -2.4189689159
62123  -4.541  -59.408  16.195 -2.5518052578
62124  -4.523  -60.148  16.168 -2.4072132111
62126  -5.306  -60.859  15.585 -2.2422578335
62127  -5.956  -60.867  15.569 -2.1061320305
62128  -6.062  -60.644  15.150 -2.2191109657
62332  -6.844  -56.524  9.740 -3.1371426582
62333  -7.192  -56.344  9.463 -3.1564936638
62334  -7.451  -56.782  9.719 -3.2342565060
69535  -5.991  -55.046  11.882 -2.3911101818
69536  -6.250  -54.377  11.985 -2.1954445839
69537  -6.033  -54.885  11.339 -2.4055230618
69538  -6.118  -54.703  10.891 -2.4274594784
69539  -5.982  -55.342  10.780 -2.6157436371
69540  -6.068  -55.815  10.312 -2.8157527447
69541  -5.870  -55.983  10.716 -2.7875018120
69542  -5.550  -57.232  11.385 -3.0123784542
69543  -5.837  -57.073  10.909 -3.0433905125
69544  -5.878  -57.583  11.070 -3.1075260639
69545  -6.460  -57.739  10.994 -3.1687986851
69546  -6.046  -58.009  11.397 -3.1181886196
74942  -4.566  -48.026  21.218 -1.7424620390
74944  -4.499  -48.515  20.599 -1.6745728254
74946  -4.456  -49.163  20.539 -1.7758277655
88342  -6.277  -46.366  30.404 -2.0299515724
88343  -6.697  -49.543  29.213 -2.1055729389
88344  -6.786  -48.924  29.644 -2.0460159779
88345  -6.238  -48.997  29.536 -2.1610093117
88346  -5.135  -47.786  29.559 -2.4104475975
88347  -5.510  -47.793  29.864 -2.2912614346
88348  -5.224  -47.118  29.909 -2.3580827713
88349  -5.287  -46.413  30.218 -2.3000116348
88350  -4.930  -46.404  29.907 -2.4165861607
88351  -4.686  -45.580  29.804 -2.4556002617
88352  -4.690  -46.299  29.480 -2.5150573254
88353  -4.573  -46.490  27.991 -2.6901421547
88354  -4.501  -45.843  28.430 -2.6380422115
88355  -4.537  -45.590  27.906 -2.6519031525
88356  -4.523  -44.693  27.765 -2.5460674763
88357  -4.574  -45.320  27.400 -2.6265552044
88358  -4.695  -45.061  26.845 -2.5570280552
88359  -4.634  -45.941  26.935 -2.6820926666
88360  -4.525  -47.820  26.046 -2.7035934925
88361  -4.629  -47.044  25.977 -2.7006502151
88362  -4.568  -47.483  25.448 -2.6634516716
88363  -4.607  -47.137  24.928 -2.5799663067
88364  -4.495  -47.895  24.906 -2.6005790234
88365  -4.924  -50.607  25.664 -2.3736495972
88366  -4.668  -50.035  25.873 -2.4892201424
88367  -4.726  -50.339  25.166 -2.4132795334
88368  -4.565  -50.214  23.516 -2.3448696136
88369  -4.455  -49.851  24.142 -2.4322426319
88370  -4.395  -49.551  23.653 -2.3982706070
88371  -4.361  -48.820  23.755 -2.4255592823
88372  -4.343  -49.270  23.172 -2.3287415504
88373  -4.344  -48.920  22.679 -2.2224426270
88374  -4.421  -49.674  22.533 -2.2356219292
88375  -5.478  -50.877  21.175 -2.1054415703
88376  -4.836  -50.387  21.319 -2.0862684250
88377  -5.307  -50.702  20.680 -2.0403571129
88378  -5.111  -50.535  20.205 -1.9490996599
88379  -5.855  -50.976  20.092 -2.0185086727
88426  -9.595  -53.859  22.923 -1.7547994852
88427  -9.481  -54.681  22.392 -1.7325264215
88429  -9.137  -54.206  21.801 -1.7617945671
88430  -9.038  -53.990  21.428 -1.8074836731
88431  -8.726  -53.073  21.792 -1.8559678793
88432  -8.817  -53.817  21.092 -1.8686860800
88435  -6.848  -56.927  19.290 -2.0203003883
88436  -8.040  -55.041  19.097 -2.1450669765
88437  -8.121  -55.211  19.470 -2.0538480282
88438  -8.426  -54.266  19.668 -2.0669660568
88439  -8.523  -53.460  20.349 -2.0128903389
88440  -8.363  -53.291  19.993 -2.0804171562
88441  -7.924  -52.402  20.375 -2.0938842297
88442  -8.289  -53.125  19.603 -2.1339929104
88443  -7.843  -53.714  18.126 -2.2487294674
88444  -7.917  -52.802  18.877 -2.1742012501
88445  -7.663  -52.699  18.440 -2.1553938389
88446  -7.116  -51.830  18.760 -2.0544278622
88447  -7.480  -52.527  18.050 -2.1128146648
88448  -7.276  -52.347  17.703 -2.0517892838
88449  -7.563  -53.371  17.380 -2.1962873936
88450  -6.337  -55.854  16.081 -2.5763297081
88451  -6.942  -55.019  16.215 -2.4223575592
88452  -6.286  -55.677  15.633 -2.5513916016
88453  -6.210  -55.543  15.180 -2.5155959129
88454  -5.672  -56.279  15.002 -2.6783993244
88455  -4.568  -59.023  15.365 -2.7654907703
88456  -4.751  -58.214  15.486 -2.8102507591
88457  -4.646  -58.831  14.948 -2.8375160694
88458  -4.941  -59.023  13.607 -2.9114477634
88459  -4.788  -58.520  14.032 -2.9164571762
88460  -4.848  -58.338  13.606 -2.9334852695
88461  -4.961  -57.502  13.751 -2.8835551739
88462  -4.930  -58.079  13.210 -2.9440276623
88463  -5.007  -57.830  12.744 -2.9538269043
88464  -5.109  -58.543  12.798 -2.9707942009
88465  -6.740  -59.060  12.930 -2.7944571972
88466  -6.162  -58.903  12.507 -2.9338967800
88467  -6.865  -58.796  12.579 -2.8835496902
88468  -7.078  -58.513  12.140 -2.9704270363
94475  -5.435  -43.951  25.744 -1.9977763891
94476  -5.101  -44.595  25.855 -2.2812561989
97155  -8.856  -51.526  26.449 -2.0034527779
97156  -8.196  -51.192  27.009 -2.0342016220
97157  -8.356  -51.495  26.238 -1.9996905327
97158  -7.816  -51.547  26.031 -2.0016193390
97159  -7.365  -51.529  25.830 -2.0141718388
97160  -6.914  -51.534  25.579 -2.0394670963
97161  -7.711  -51.756  25.125 -1.9483203888
97162  -8.082  -51.983  24.484 -1.8851884604
97163  -8.499  -52.307  23.821 -1.8311566114
97176  -4.627  -61.068  17.110 -1.9600542784
97177  -4.717  -60.887  16.681 -2.0850143433
97178  -4.719  -60.768  16.254 -2.2163610458
101623  -6.632  -53.780  13.938 -2.0170083046
101624  -6.556  -53.795  13.328 -1.9993264675
101625  -6.304  -54.468  13.179 -2.1969008446
101626  -6.008  -55.087  12.501 -2.3865256310
101627  -5.806  -55.622  11.884 -2.5784630775
101628  -5.736  -56.098  11.242 -2.7639739513
101629  -5.592  -56.223  11.823 -2.7479109764
101630  -5.430  -56.800  11.828 -2.8880872726
101631  -5.311  -57.341  11.917 -2.9865498543
104870  -4.606  -47.611  21.823 -1.8240000010
104871  -4.419  -48.173  21.748 -1.9187458754
112909  -7.092  -47.532  30.054 -1.8848164082
112910  -5.638  -49.674  28.882 -2.2949733734
112911  -5.706  -49.040  29.402 -2.2704906464
112912  -5.278  -49.055  29.084 -2.3739883900
112913  -5.035  -48.390  29.155 -2.4497740269
112914  -4.871  -47.708  29.146 -2.5170505047
112915  -4.690  -47.008  29.067 -2.5678262711
112916  -4.681  -47.565  28.651 -2.6073153019
112917  -4.585  -47.369  28.120 -2.6769301891
112918  -4.570  -47.089  27.546 -2.7208819389
112919  -4.605  -46.813  26.992 -2.7332284451
112920  -4.533  -47.647  27.105 -2.7265677452
112921  -4.526  -48.129  26.591 -2.7062609196
112922  -4.514  -48.599  26.039 -2.6618266106
112923  -5.367  -51.119  24.262 -2.2184321880
112924  -4.882  -50.690  24.473 -2.3325755596
112925  -5.168  -50.933  23.800 -2.2540550232
112926  -4.937  -50.788  23.358 -2.2712955475
112927  -4.789  -50.545  22.880 -2.2632067204
112928  -4.666  -50.329  22.359 -2.2245399952
112929  -5.108  -50.799  22.263 -2.1934490204
112930  -5.715  -51.012  21.621 -2.1410424709
112931  -6.350  -51.238  20.991 -2.1103992462
112964  -6.017  -57.511  18.360 -2.2270336151
112965  -6.770  -56.803  18.867 -2.1305997372
112966  -6.691  -56.671  18.494 -2.2449872494
112967  -7.437  -55.802  18.566 -2.2431883812
112968  -7.929  -54.942  18.689 -2.2269713879
112969  -8.175  -53.979  18.905 -2.2006497383
112970  -7.778  -54.854  18.283 -2.2913365364
112971  -7.670  -54.727  17.885 -2.3320040703
112972  -7.564  -54.617  17.481 -2.3460984230
112973  -7.475  -54.438  17.128 -2.3344693184
112974  -7.040  -55.415  16.944 -2.4604713917
112975  -6.343  -56.074  16.423 -2.5831091404
112976  -5.639  -56.627  15.869 -2.7025191784
112977  -4.999  -59.947  14.579 -2.6717603207
112978  -4.762  -59.372  14.489 -2.8163397312
112979  -5.089  -59.779  14.137 -2.7493846416
112980  -5.213  -59.534  13.733 -2.8135344982
112981  -5.281  -59.363  13.258 -2.8681366444
112982  -5.420  -59.113  12.913 -2.9175283909
112983  -5.885  -59.419  13.204 -2.7952790260
112984  -6.591  -59.351  13.268 -2.7048339844
113352  -6.768  -53.475  9.431 -2.3289916515
113353  -6.930  -54.062  8.945 -2.5477163792
118084  -6.804  -53.763  14.546 -2.0473914146
118085  -6.508  -54.503  14.423 -2.2456684113
118086  -6.192  -55.163  14.372 -2.4401991367
120605  -5.169  -45.956  24.042 -2.1312685013
120606  -4.819  -46.538  24.006 -2.2789778709
126858  -7.288  -49.998  28.810 -2.0595321655
126859  -6.727  -50.105  28.671 -2.1397497654
126860  -7.518  -50.902  27.590 -2.0822126865
126861  -6.836  -50.623  28.053 -2.1445579529
126862  -6.137  -50.213  28.525 -2.2170140743
126863  -5.630  -50.237  28.270 -2.2930860519
126864  -5.171  -50.194  27.974 -2.3676090240
126865  -4.893  -50.080  27.581 -2.4384846687
126866  -4.712  -49.879  27.106 -2.5020921230
126867  -5.020  -50.508  26.877 -2.3889870644
126868  -5.198  -50.839  26.103 -2.3232188225
126869  -5.367  -51.127  25.386 -2.2483925819
126870  -6.446  -51.500  25.234 -2.0766816139
126871  -6.031  -51.401  24.951 -2.1226506233
126872  -5.678  -51.283  24.665 -2.1721146107
126873  -6.144  -51.402  23.994 -2.1016206741
126874  -6.688  -51.559  23.337 -2.0431296825
126875  -7.293  -51.809  22.598 -2.0016779900
126901  -5.380  -58.501  18.684 -2.0601167679
126902  -4.467  -59.957  18.042 -2.0162594318
126903  -4.816  -59.141  18.127 -2.1140515804
126904  -5.365  -58.323  18.240 -2.1843826771
126905  -5.268  -58.180  17.832 -2.3167142868
126906  -5.248  -58.069  17.383 -2.4475903511
126907  -5.225  -57.926  16.929 -2.5670895576
126908  -5.179  -57.763  16.527 -2.6664934158
126909  -4.757  -58.596  16.320 -2.6392614841
126910  -4.548  -59.221  15.768 -2.6693339348
126911  -4.603  -59.761  15.300 -2.6490354538
126912  -4.815  -60.587  15.813 -2.3466742039
126913  -4.866  -60.388  15.364 -2.4690532684
126914  -4.902  -60.176  14.960 -2.5783302784
126915  -5.442  -60.379  14.788 -2.4658095837
126916  -6.163  -60.378  14.788 -2.3262770176
127201  -6.514  -55.563  9.526 -2.8731546402
127202  -6.824  -55.356  9.230 -2.8956484795
127203  -6.978  -55.861  9.325 -3.0418806076
127204  -7.529  -56.058  9.244 -3.1648118496
136457  -6.463  -53.882  10.168 -2.2831017971
136458  -6.345  -54.492  10.013 -2.4824297428
136462  -6.516  -53.800  12.680 -1.9939345121
136463  -6.508  -53.668  12.177 -1.9994237423
136465  -6.286  -54.081  11.040 -2.2310159206
136466  -6.223  -54.612  10.452 -2.4540922642
136467  -6.294  -55.108  9.928 -2.6724436283
136468  -6.276  -55.680  9.878 -2.8454618454
136469  -6.325  -56.226  9.900 -2.9937520027
136470  -6.495  -56.698  10.048 -3.1094293594
136471  -5.842  -56.533  10.797 -2.9334199429
136472  -6.154  -56.902  10.447 -3.0768818855
136473  -6.686  -57.131  10.334 -3.1849195957
136474  -6.888  -57.517  10.648 -3.2139396667
136475  -7.106  -57.811  10.984 -3.1932055950
136476  -7.392  -58.069  11.420 -3.1232089996
159262  -6.954  -48.222  29.883 -1.9691456556
159263  -6.524  -47.658  30.070 -2.0266318321
159264  -5.847  -48.411  29.752 -2.2239270210
159265  -5.950  -47.744  30.066 -2.1625442505
159266  -6.145  -47.060  30.214 -2.0950248241
159267  -5.766  -46.423  30.362 -2.1698319912
159270  -4.644  -44.911  30.150 -2.3962271214
159271  -4.494  -44.730  29.634 -2.4609494209
159272  -4.407  -44.547  29.116 -2.4944086075
159273  -4.537  -46.097  28.972 -2.5906090736
159274  -4.439  -45.176  28.804 -2.5704736710
159275  -4.391  -44.261  28.585 -2.4915971756
159279  -4.815  -44.215  26.700 -2.3500359058
159280  -4.864  -44.796  26.332 -2.4409995079
159281  -4.881  -45.384  25.905 -2.4989421368
159282  -4.668  -46.546  26.477 -2.7074439526
159283  -4.740  -46.215  25.943 -2.6372854710
159284  -4.848  -45.909  25.452 -2.5191197395
159285  -4.785  -46.365  24.960 -2.5015294552
159286  -4.696  -46.827  24.458 -2.4505922794
159287  -4.570  -47.254  23.948 -2.3739514351
159288  -4.608  -49.662  26.573 -2.5536711216
159289  -4.549  -49.357  25.989 -2.5875630379
159290  -4.512  -49.046  25.473 -2.5973787308
159291  -4.592  -50.130  24.659 -2.4351382256
159292  -4.461  -49.431  24.799 -2.5186803341
159293  -4.443  -48.663  24.878 -2.5764963627
159294  -4.423  -48.304  24.315 -2.5187475681
159295  -4.419  -48.041  23.835 -2.4201288223
159296  -4.475  -47.705  23.377 -2.2809231281
159297  -4.397  -48.136  22.785 -2.1809644699
159298  -4.353  -48.516  22.194 -2.0828974247
159299  -4.356  -48.951  21.596 -1.9942377806
159300  -4.556  -50.057  21.916 -2.1528997421
159301  -4.481  -49.732  21.462 -2.0498528481
159302  -4.407  -49.445  20.980 -1.9210641384
159303  -4.651  -49.913  20.355 -1.8680011034
159360  -9.432  -53.105  23.576 -1.7909414768
159361  -9.196  -52.891  23.385 -1.7803988457
159362  -8.921  -52.771  23.144 -1.7907133102
159363  -9.331  -54.476  22.074 -1.7359324694
159364  -9.194  -53.404  22.473 -1.7669974566
159365  -8.633  -52.635  22.839 -1.8203129768
159366  -8.375  -52.475  22.527 -1.8656215668
159367  -8.121  -52.342  22.195 -1.9214749336
159368  -7.918  -52.158  21.839 -1.9811741114
159371  -8.315  -55.541  20.282 -1.8782857656
159372  -7.527  -56.084  19.374 -2.0394027233
159373  -8.172  -55.363  19.884 -1.9621801376
159374  -8.681  -54.631  20.435 -1.9043639898
159375  -8.692  -53.601  20.741 -1.9395849705
159376  -8.330  -52.715  21.086 -1.9843761921
159377  -7.653  -52.010  21.478 -2.0369524956
159378  -7.422  -51.836  21.135 -2.0807168484
159379  -7.206  -51.706  20.724 -2.1051182747
159380  -6.955  -51.568  20.309 -2.1046695709
159381  -8.027  -52.988  19.233 -2.1667306423
159382  -7.508  -52.102  19.589 -2.1257829666
159383  -6.743  -51.430  19.884 -2.0769178867
159384  -6.516  -51.290  19.434 -2.0228936672
159385  -6.321  -51.197  19.034 -1.9469672441
159387  -6.729  -51.564  18.044 -1.9047396183
159388  -7.093  -52.203  17.376 -1.9793691635
159389  -7.286  -52.967  16.675 -2.0780174732
159390  -7.441  -54.260  16.752 -2.3013575077
159391  -7.285  -54.034  16.385 -2.2532069683
159392  -7.183  -53.808  16.013 -2.1974039078
159393  -6.732  -54.659  15.387 -2.3325195312
159394  -6.179  -55.360  14.757 -2.4764635563
159395  -5.713  -55.951  14.132 -2.6207742691
159396  -5.176  -57.589  16.093 -2.7399454117
159397  -5.125  -57.382  15.614 -2.7856068611
159398  -5.179  -57.208  15.217 -2.8056938648
159399  -4.706  -58.658  14.502 -2.8864762783
159400  -4.840  -57.842  14.578 -2.8800537586
159401  -5.185  -57.025  14.814 -2.8056135178
159402  -5.246  -56.898  14.367 -2.7925486565
159403  -5.304  -56.734  13.899 -2.7739198208
159404  -5.357  -56.536  13.476 -2.7562274933
159405  -5.174  -57.078  12.844 -2.8740186691
159406  -5.154  -57.588  12.311 -2.9672069550
159407  -5.371  -58.025  11.943 -3.0315601826
159408  -5.516  -58.862  12.516 -2.9655416012
159409  -5.722  -58.565  12.142 -3.0147316456
159410  -5.883  -58.275  11.764 -3.0659527779
159411  -6.556  -58.331  11.692 -3.0717978477
159412  -7.260  -58.304  11.754 -3.0518753529
160153  -7.151  -55.173  8.965 -2.9100208282
