#!ascii label  , from subject fsaverage vox2ras=TkReg
450
606  -28.007  -23.030  -27.375 0.0000000000
1348  -24.803  -18.723  -29.947 0.0000000000
2447  -26.040  -6.870  -34.264 0.0000000000
2450  -27.104  -10.846  -33.069 0.0000000000
2451  -28.616  -14.734  -31.386 0.0000000000
2452  -30.697  -18.827  -29.087 0.0000000000
5473  -25.668  -4.981  -34.635 0.0000000000
5483  -27.746  -12.709  -32.326 0.0000000000
5484  -25.229  -14.905  -32.176 0.0000000000
5485  -26.424  -20.893  -28.900 0.0000000000
5486  -28.047  -18.920  -29.786 0.0000000000
5487  -29.516  -20.966  -28.382 0.0000000000
5755  -24.606  -26.387  -24.634 0.0000000000
7037  -25.235  -22.767  -27.473 0.0000000000
9893  -26.123  0.533  -36.283 0.0000000000
9896  -27.257  -0.638  -35.929 0.0000000000
9897  -28.274  -2.144  -35.118 0.0000000000
9898  -28.727  -4.088  -34.330 0.0000000000
9899  -29.012  -6.013  -33.498 0.0000000000
9907  -26.396  -8.817  -33.790 0.0000000000
9908  -29.417  -8.127  -32.621 0.0000000000
9909  -29.811  -10.109  -31.919 0.0000000000
9910  -30.349  -12.161  -31.156 0.0000000000
9911  -31.200  -14.399  -30.395 0.0000000000
9912  -26.713  -16.890  -31.089 0.0000000000
9913  -29.650  -16.770  -30.170 0.0000000000
13163  -24.557  -13.801  -32.409 0.0000000000
13164  -23.266  -14.548  -31.423 0.0000000000
13165  -27.257  -21.964  -28.147 0.0000000000
13166  -28.093  -20.975  -28.627 0.0000000000
13167  -28.684  -22.060  -27.938 0.0000000000
13432  -25.014  -29.973  -21.633 0.0000000000
13434  -25.255  -29.203  -22.471 0.0000000000
13435  -25.532  -28.397  -23.240 0.0000000000
15568  -24.373  -21.613  -27.891 0.0000000000
15569  -23.785  -22.456  -27.052 0.0000000000
22178  -27.866  -1.340  -35.558 0.0000000000
22180  -25.904  -5.926  -34.475 0.0000000000
22181  -27.192  -4.676  -34.587 0.0000000000
22182  -27.392  -5.627  -34.281 0.0000000000
22183  -28.847  -5.004  -33.932 0.0000000000
22184  -27.548  -6.529  -33.934 0.0000000000
22205  -26.755  -9.837  -33.493 0.0000000000
22206  -27.970  -8.575  -33.201 0.0000000000
22207  -28.266  -9.497  -32.732 0.0000000000
22208  -29.588  -9.051  -32.276 0.0000000000
22209  -28.463  -10.409  -32.413 0.0000000000
22210  -28.150  -13.694  -31.880 0.0000000000
22211  -29.119  -12.468  -31.621 0.0000000000
22212  -29.518  -13.507  -31.164 0.0000000000
22213  -30.738  -13.241  -30.799 0.0000000000
22214  -29.932  -14.546  -30.753 0.0000000000
22215  -23.875  -17.534  -30.163 0.0000000000
22216  -24.919  -16.759  -31.046 0.0000000000
22217  -25.585  -17.770  -30.701 0.0000000000
22218  -29.466  -18.844  -29.359 0.0000000000
22219  -28.868  -17.803  -30.004 0.0000000000
22220  -30.081  -17.786  -29.605 0.0000000000
22221  -30.819  -16.715  -29.857 0.0000000000
22222  -31.393  -17.862  -29.480 0.0000000000
23022  -25.896  -26.705  -24.720 0.0000000000
23023  -24.794  -25.545  -25.355 0.0000000000
23024  -26.074  -25.794  -25.413 0.0000000000
23025  -26.396  -24.884  -26.118 0.0000000000
28300  -25.601  -11.969  -33.233 0.0000000000
28301  -27.369  -11.724  -32.747 0.0000000000
28302  -26.112  -12.956  -32.875 0.0000000000
28303  -26.609  -13.904  -32.407 0.0000000000
28304  -27.082  -14.824  -32.002 0.0000000000
28305  -25.592  -19.758  -29.547 0.0000000000
28306  -26.456  -18.876  -30.041 0.0000000000
28307  -27.330  -19.883  -29.375 0.0000000000
28308  -28.794  -19.967  -29.121 0.0000000000
28309  -29.951  -19.852  -28.809 0.0000000000
28791  -25.754  -27.564  -23.993 0.0000000000
31778  -24.124  -19.588  -29.151 0.0000000000
31779  -25.031  -20.769  -28.737 0.0000000000
31780  -25.757  -21.848  -28.142 0.0000000000
31781  -26.695  -22.926  -27.455 0.0000000000
39916  -26.191  1.894  -37.447 0.0000000000
39924  -25.603  -0.668  -35.191 0.0000000000
39925  -26.675  -0.035  -36.199 0.0000000000
39927  -28.484  0.180  -36.630 0.0000000000
39928  -29.134  -0.611  -36.118 0.0000000000
39929  -29.607  -1.470  -35.575 0.0000000000
39930  -27.002  -3.719  -34.833 0.0000000000
39931  -28.522  -3.093  -34.728 0.0000000000
39932  -29.960  -2.531  -34.938 0.0000000000
39933  -30.177  -3.519  -34.386 0.0000000000
39934  -30.315  -4.529  -33.830 0.0000000000
39935  -30.439  -5.601  -33.307 0.0000000000
39959  -26.157  -7.849  -34.052 0.0000000000
39960  -27.748  -7.509  -33.563 0.0000000000
39961  -29.213  -7.052  -33.070 0.0000000000
39962  -30.574  -6.660  -32.838 0.0000000000
39963  -30.702  -7.730  -32.448 0.0000000000
39965  -31.060  -9.791  -31.746 0.0000000000
39966  -28.755  -11.399  -32.019 0.0000000000
39967  -30.079  -11.166  -31.521 0.0000000000
39972  -24.011  -15.607  -31.285 0.0000000000
39973  -26.019  -15.907  -31.699 0.0000000000
39974  -27.587  -15.792  -31.418 0.0000000000
39975  -27.453  -17.907  -30.481 0.0000000000
39976  -28.293  -16.841  -30.682 0.0000000000
39977  -29.107  -15.704  -30.740 0.0000000000
39978  -30.499  -15.684  -30.205 0.0000000000
39979  -31.731  -15.668  -29.955 0.0000000000
40942  -25.218  -23.766  -26.734 0.0000000000
40943  -26.477  -23.965  -26.780 0.0000000000
40944  -27.768  -24.055  -26.621 0.0000000000
43885  -27.728  -22.525  -27.745 0.0000000000
43886  -27.962  -21.983  -28.080 0.0000000000
43887  -28.422  -22.524  -27.594 0.0000000000
43888  -29.015  -22.505  -27.406 0.0000000000
43889  -28.616  -23.077  -27.273 0.0000000000
44152  -25.791  -29.939  -21.469 0.0000000000
44153  -25.148  -29.607  -22.106 0.0000000000
44154  -25.919  -29.583  -21.818 0.0000000000
52900  -25.991  -6.412  -34.351 0.0000000000
52901  -26.638  -5.769  -34.435 0.0000000000
52902  -26.703  -6.242  -34.317 0.0000000000
52903  -27.476  -6.060  -34.093 0.0000000000
52904  -26.816  -6.710  -34.195 0.0000000000
52923  -26.257  -10.958  -33.424 0.0000000000
52924  -26.070  -10.490  -33.527 0.0000000000
52925  -26.919  -10.363  -33.254 0.0000000000
52926  -27.544  -9.685  -33.143 0.0000000000
52927  -27.693  -10.143  -32.927 0.0000000000
52928  -28.366  -9.966  -32.608 0.0000000000
52929  -27.866  -10.658  -32.716 0.0000000000
52930  -28.411  -14.230  -31.641 0.0000000000
52931  -28.855  -13.611  -31.525 0.0000000000
52932  -29.054  -14.060  -31.280 0.0000000000
52933  -29.666  -13.963  -31.022 0.0000000000
52934  -29.281  -14.572  -31.040 0.0000000000
52935  -24.427  -18.128  -30.074 0.0000000000
52936  -24.741  -17.679  -30.487 0.0000000000
52937  -25.260  -18.327  -30.357 0.0000000000
52938  -30.042  -18.865  -29.205 0.0000000000
52939  -29.845  -18.270  -29.464 0.0000000000
52940  -30.392  -18.335  -29.482 0.0000000000
52941  -30.817  -17.822  -29.462 0.0000000000
52942  -30.873  -18.299  -29.190 0.0000000000
52943  -31.628  -18.376  -29.132 0.0000000000
52944  -31.353  -18.923  -29.042 0.0000000000
53743  -26.099  -26.253  -25.086 0.0000000000
62527  -24.902  -12.505  -33.054 0.0000000000
62528  -25.856  -12.457  -33.085 0.0000000000
62529  -25.064  -12.919  -32.922 0.0000000000
62530  -24.912  -14.345  -32.307 0.0000000000
62531  -25.471  -13.903  -32.628 0.0000000000
62532  -25.949  -14.429  -32.367 0.0000000000
62533  -26.831  -14.365  -32.204 0.0000000000
62534  -26.224  -14.904  -32.138 0.0000000000
62535  -26.011  -20.377  -29.155 0.0000000000
62536  -26.590  -19.860  -29.466 0.0000000000
62537  -26.846  -20.391  -29.183 0.0000000000
62538  -28.833  -20.961  -28.487 0.0000000000
62539  -28.350  -20.421  -28.832 0.0000000000
62540  -29.018  -20.394  -28.605 0.0000000000
62541  -29.312  -19.888  -28.906 0.0000000000
62542  -29.852  -20.454  -28.529 0.0000000000
62543  -30.354  -20.412  -28.363 0.0000000000
62544  -30.126  -20.922  -28.029 0.0000000000
63328  -24.209  -30.188  -21.408 0.0000000000
63329  -24.094  -30.527  -20.987 0.0000000000
63343  -25.564  -28.056  -23.613 0.0000000000
63345  -26.477  -27.586  -23.856 0.0000000000
69743  -24.718  -20.223  -29.017 0.0000000000
69745  -24.699  -22.188  -27.762 0.0000000000
69746  -25.063  -21.755  -28.072 0.0000000000
69747  -25.466  -22.344  -27.874 0.0000000000
69748  -26.295  -22.481  -27.927 0.0000000000
69749  -25.927  -22.855  -27.482 0.0000000000
89545  -25.913  0.834  -36.201 0.0000000000
89546  -25.987  1.526  -36.867 0.0000000000
89547  -26.233  1.201  -36.890 0.0000000000
89548  -26.521  1.592  -37.478 0.0000000000
89549  -26.520  0.897  -36.869 0.0000000000
89568  -26.665  -1.023  -35.644 0.0000000000
89569  -26.419  -0.687  -35.733 0.0000000000
89570  -26.982  -0.319  -36.088 0.0000000000
89571  -27.142  0.382  -36.623 0.0000000000
89572  -27.490  0.105  -36.433 0.0000000000
89573  -28.096  0.497  -36.870 0.0000000000
89574  -27.848  -0.193  -36.248 0.0000000000
89575  -28.099  -1.734  -35.346 0.0000000000
89576  -28.497  -0.975  -35.745 0.0000000000
89577  -28.749  -1.368  -35.508 0.0000000000
89578  -29.385  -1.030  -35.855 0.0000000000
89579  -28.954  -1.749  -35.279 0.0000000000
89582  -26.385  -4.382  -34.761 0.0000000000
89583  -27.966  -4.398  -34.431 0.0000000000
89584  -27.880  -3.910  -34.610 0.0000000000
89585  -28.641  -3.613  -34.518 0.0000000000
89586  -29.306  -2.763  -34.769 0.0000000000
89587  -29.403  -3.269  -34.541 0.0000000000
89588  -30.078  -3.033  -34.659 0.0000000000
89589  -29.486  -3.739  -34.305 0.0000000000
89590  -28.929  -5.500  -33.712 0.0000000000
89591  -29.634  -4.774  -33.837 0.0000000000
89592  -29.695  -5.265  -33.564 0.0000000000
89593  -30.366  -5.066  -33.587 0.0000000000
89594  -29.777  -5.773  -33.332 0.0000000000
89651  -25.663  -9.431  -33.793 0.0000000000
89653  -25.535  -8.952  -33.915 0.0000000000
89655  -26.294  -8.371  -33.925 0.0000000000
89656  -27.025  -7.761  -33.868 0.0000000000
89657  -27.151  -8.285  -33.661 0.0000000000
89658  -28.679  -8.292  -32.892 0.0000000000
89659  -28.563  -7.812  -33.046 0.0000000000
89660  -29.311  -7.586  -32.856 0.0000000000
89661  -29.911  -6.845  -32.898 0.0000000000
89662  -29.993  -7.355  -32.700 0.0000000000
89663  -30.633  -7.147  -32.633 0.0000000000
89664  -30.060  -7.835  -32.531 0.0000000000
89665  -29.685  -9.556  -32.113 0.0000000000
89666  -30.195  -8.838  -32.194 0.0000000000
89667  -30.303  -9.422  -31.976 0.0000000000
89668  -30.932  -9.220  -31.948 0.0000000000
89669  -30.455  -9.996  -31.743 0.0000000000
89670  -27.513  -12.193  -32.543 0.0000000000
89671  -28.094  -11.570  -32.326 0.0000000000
89672  -28.289  -12.094  -32.182 0.0000000000
89673  -29.749  -12.352  -31.333 0.0000000000
89674  -29.578  -11.808  -31.560 0.0000000000
89675  -30.223  -11.637  -31.346 0.0000000000
89676  -30.745  -10.985  -31.393 0.0000000000
89677  -30.916  -11.562  -31.185 0.0000000000
89680  -30.984  -13.900  -30.527 0.0000000000
89684  -31.767  -14.277  -30.425 0.0000000000
89686  -23.014  -15.443  -30.884 0.0000000000
89688  -25.723  -16.843  -31.272 0.0000000000
89689  -25.428  -16.304  -31.413 0.0000000000
89690  -26.194  -16.316  -31.501 0.0000000000
89691  -26.857  -15.851  -31.564 0.0000000000
89692  -27.168  -16.401  -31.253 0.0000000000
89693  -27.329  -18.977  -29.958 0.0000000000
89694  -26.830  -18.351  -30.315 0.0000000000
89695  -27.664  -18.376  -30.130 0.0000000000
89696  -29.329  -17.306  -30.078 0.0000000000
89697  -28.616  -17.373  -30.367 0.0000000000
89698  -29.054  -16.806  -30.338 0.0000000000
89699  -28.829  -16.324  -30.650 0.0000000000
89700  -29.397  -16.231  -30.373 0.0000000000
89701  -29.756  -15.641  -30.499 0.0000000000
89702  -30.042  -16.199  -30.236 0.0000000000
89703  -31.520  -16.733  -29.695 0.0000000000
89704  -31.261  -16.119  -29.920 0.0000000000
89705  -32.058  -16.326  -29.785 0.0000000000
92112  -27.161  -24.960  -26.066 0.0000000000
92113  -26.572  -24.468  -26.443 0.0000000000
92114  -27.271  -24.531  -26.444 0.0000000000
92115  -27.144  -24.018  -26.713 0.0000000000
92116  -27.850  -24.556  -26.348 0.0000000000
97421  -24.231  -13.311  -32.586 0.0000000000
97423  -23.892  -14.182  -31.954 0.0000000000
97424  -24.236  -14.714  -31.864 0.0000000000
97425  -26.979  -21.401  -28.468 0.0000000000
97426  -27.221  -20.957  -28.865 0.0000000000
97427  -27.680  -21.440  -28.363 0.0000000000
97428  -28.380  -21.434  -28.211 0.0000000000
97429  -29.151  -21.455  -28.003 0.0000000000
97430  -29.682  -21.371  -27.997 0.0000000000
97431  -29.263  -22.008  -27.770 0.0000000000
97432  -29.622  -22.457  -27.253 0.0000000000
97903  -24.858  -30.286  -21.309 0.0000000000
97909  -24.886  -28.279  -23.296 0.0000000000
97910  -25.427  -28.819  -22.861 0.0000000000
97911  -26.056  -28.819  -22.671 0.0000000000
101750  -23.940  -21.032  -28.107 0.0000000000
101751  -23.714  -21.464  -27.651 0.0000000000
101752  -24.053  -22.056  -27.599 0.0000000000
101753  -24.509  -22.623  -27.277 0.0000000000
113633  -25.742  0.208  -35.632 0.0000000000
113647  -26.890  -1.339  -35.533 0.0000000000
113648  -27.571  -0.978  -35.747 0.0000000000
113649  -27.109  -1.650  -35.405 0.0000000000
113650  -27.339  -2.078  -35.245 0.0000000000
113651  -27.551  -2.536  -35.079 0.0000000000
113653  -26.509  -4.902  -34.668 0.0000000000
113654  -26.576  -5.366  -34.558 0.0000000000
113655  -27.285  -5.153  -34.441 0.0000000000
113656  -28.021  -4.911  -34.224 0.0000000000
113657  -28.799  -4.532  -34.153 0.0000000000
113658  -28.093  -5.346  -34.068 0.0000000000
113659  -28.172  -5.825  -33.909 0.0000000000
113660  -28.261  -6.267  -33.685 0.0000000000
113697  -26.519  -9.262  -33.655 0.0000000000
113698  -27.265  -8.766  -33.507 0.0000000000
113699  -27.402  -9.265  -33.315 0.0000000000
113700  -28.131  -9.074  -32.960 0.0000000000
113701  -28.820  -8.807  -32.673 0.0000000000
113702  -29.521  -8.618  -32.425 0.0000000000
113703  -28.929  -9.268  -32.489 0.0000000000
113704  -29.023  -9.746  -32.314 0.0000000000
113705  -29.149  -10.258  -32.146 0.0000000000
113706  -27.919  -13.179  -32.102 0.0000000000
113707  -28.459  -12.605  -31.994 0.0000000000
113708  -28.662  -13.112  -31.778 0.0000000000
113709  -29.328  -12.965  -31.397 0.0000000000
113710  -29.875  -12.836  -31.168 0.0000000000
113711  -30.554  -12.695  -30.972 0.0000000000
113712  -30.121  -13.385  -30.979 0.0000000000
113713  -30.322  -13.851  -30.774 0.0000000000
113714  -30.432  -14.377  -30.562 0.0000000000
113716  -23.884  -16.562  -30.773 0.0000000000
113717  -24.447  -17.156  -30.685 0.0000000000
113718  -25.221  -17.263  -30.958 0.0000000000
113719  -26.341  -17.413  -30.917 0.0000000000
113720  -28.767  -18.836  -29.597 0.0000000000
113721  -28.560  -18.409  -29.815 0.0000000000
113722  -29.225  -18.371  -29.689 0.0000000000
113723  -29.483  -17.823  -29.944 0.0000000000
113724  -29.856  -17.193  -29.952 0.0000000000
113725  -30.245  -16.747  -30.013 0.0000000000
113726  -30.561  -17.295  -29.749 0.0000000000
113727  -31.241  -17.354  -29.563 0.0000000000
113728  -31.769  -17.281  -29.503 0.0000000000
113729  -32.274  -17.264  -29.570 0.0000000000
113730  -32.065  -17.916  -29.276 0.0000000000
115166  -25.277  -26.599  -24.768 0.0000000000
115167  -24.659  -25.967  -24.968 0.0000000000
115168  -25.285  -26.112  -25.042 0.0000000000
115169  -25.438  -25.689  -25.421 0.0000000000
115170  -25.550  -25.250  -25.783 0.0000000000
115171  -25.633  -24.777  -26.133 0.0000000000
115172  -26.280  -25.381  -25.786 0.0000000000
115173  -26.998  -25.470  -25.730 0.0000000000
127473  -25.391  -11.496  -33.381 0.0000000000
127474  -26.418  -11.442  -33.223 0.0000000000
127475  -27.240  -11.297  -32.918 0.0000000000
127476  -26.591  -11.907  -33.055 0.0000000000
127477  -26.713  -12.332  -32.871 0.0000000000
127478  -26.979  -12.832  -32.621 0.0000000000
127479  -25.286  -13.397  -32.752 0.0000000000
127480  -26.367  -13.431  -32.701 0.0000000000
127481  -27.185  -13.349  -32.345 0.0000000000
127482  -27.459  -13.810  -32.192 0.0000000000
127483  -27.671  -14.305  -31.945 0.0000000000
127484  -27.948  -14.827  -31.648 0.0000000000
127485  -25.334  -19.301  -29.750 0.0000000000
127486  -25.659  -18.822  -30.118 0.0000000000
127487  -25.977  -19.321  -29.843 0.0000000000
127488  -26.862  -19.378  -29.897 0.0000000000
127489  -27.705  -19.401  -29.693 0.0000000000
127490  -27.637  -20.411  -29.066 0.0000000000
127491  -28.166  -19.989  -29.168 0.0000000000
127492  -28.386  -19.368  -29.367 0.0000000000
127493  -29.082  -19.396  -29.183 0.0000000000
127494  -29.840  -19.349  -28.994 0.0000000000
127495  -30.452  -19.367  -29.006 0.0000000000
127496  -30.949  -19.412  -28.764 0.0000000000
127497  -30.671  -19.924  -28.624 0.0000000000
127500  -30.165  -21.406  -27.888 0.0000000000
128596  -23.933  -30.981  -20.637 0.0000000000
128614  -24.438  -26.850  -24.275 0.0000000000
128615  -24.921  -27.849  -23.674 0.0000000000
128616  -25.004  -27.468  -24.030 0.0000000000
128617  -25.099  -26.971  -24.388 0.0000000000
128618  -25.844  -27.105  -24.365 0.0000000000
128619  -26.419  -27.200  -24.245 0.0000000000
136724  -24.564  -19.169  -29.574 0.0000000000
136725  -24.736  -19.702  -29.382 0.0000000000
136726  -25.448  -20.343  -29.119 0.0000000000
136727  -25.656  -20.881  -28.849 0.0000000000
136728  -24.754  -21.191  -28.375 0.0000000000
136729  -25.508  -21.331  -28.516 0.0000000000
136730  -26.226  -21.381  -28.543 0.0000000000
136731  -26.497  -21.907  -28.139 0.0000000000
136732  -27.067  -22.521  -27.842 0.0000000000
136733  -27.487  -22.973  -27.416 0.0000000000
160704  -25.827  1.843  -36.670 0.0000000000
160729  -25.431  -0.346  -35.054 0.0000000000
160730  -25.902  -0.065  -35.739 0.0000000000
160732  -26.114  -0.346  -35.790 0.0000000000
160733  -26.388  0.236  -36.260 0.0000000000
160734  -26.846  0.619  -36.807 0.0000000000
160735  -27.289  1.054  -37.298 0.0000000000
160740  -28.197  -0.568  -36.005 0.0000000000
160741  -28.844  -0.183  -36.380 0.0000000000
160742  -29.355  0.070  -36.842 0.0000000000
160743  -29.669  -0.343  -36.582 0.0000000000
160744  -29.991  -0.868  -36.305 0.0000000000
160745  -30.223  -1.337  -35.994 0.0000000000
160747  -26.878  -3.280  -34.935 0.0000000000
160748  -27.703  -2.999  -34.913 0.0000000000
160749  -27.122  -4.181  -34.732 0.0000000000
160750  -27.790  -3.453  -34.764 0.0000000000
160751  -28.418  -2.591  -34.910 0.0000000000
160752  -29.154  -2.256  -35.013 0.0000000000
160753  -29.816  -2.000  -35.235 0.0000000000
160754  -30.416  -1.797  -35.663 0.0000000000
160755  -30.602  -2.300  -35.301 0.0000000000
160757  -30.795  -3.337  -34.601 0.0000000000
160758  -29.557  -4.252  -34.072 0.0000000000
160759  -30.251  -4.008  -34.091 0.0000000000
160834  -25.266  -7.929  -34.081 0.0000000000
160835  -26.088  -7.381  -34.163 0.0000000000
160836  -26.932  -7.229  -34.071 0.0000000000
160837  -27.619  -7.007  -33.776 0.0000000000
160838  -28.369  -6.821  -33.475 0.0000000000
160839  -27.865  -8.047  -33.370 0.0000000000
160840  -28.476  -7.349  -33.237 0.0000000000
160841  -29.090  -6.530  -33.273 0.0000000000
160842  -29.845  -6.293  -33.119 0.0000000000
160843  -30.505  -6.136  -33.060 0.0000000000
160848  -30.128  -8.285  -32.381 0.0000000000
160849  -30.780  -8.269  -32.265 0.0000000000
160851  -31.413  -8.658  -32.102 0.0000000000
160852  -31.512  -9.310  -31.904 0.0000000000
160854  -27.949  -11.105  -32.526 0.0000000000
160855  -28.644  -10.911  -32.225 0.0000000000
160856  -29.281  -10.760  -31.968 0.0000000000
160857  -28.905  -11.942  -31.841 0.0000000000
160858  -29.448  -11.306  -31.729 0.0000000000
160859  -29.916  -10.623  -31.754 0.0000000000
160860  -30.599  -10.470  -31.563 0.0000000000
160866  -31.272  -12.699  -30.838 0.0000000000
160873  -23.529  -15.024  -31.351 0.0000000000
160874  -24.602  -15.274  -31.812 0.0000000000
160875  -24.416  -16.184  -31.257 0.0000000000
160876  -24.938  -15.782  -31.617 0.0000000000
160877  -25.599  -15.341  -31.897 0.0000000000
160878  -26.473  -15.402  -31.913 0.0000000000
160879  -27.370  -15.327  -31.673 0.0000000000
160880  -28.186  -15.306  -31.283 0.0000000000
160881  -26.165  -18.326  -30.394 0.0000000000
160882  -26.586  -17.958  -30.654 0.0000000000
160883  -26.945  -17.356  -30.882 0.0000000000
160884  -28.243  -17.919  -30.322 0.0000000000
160885  -27.769  -17.350  -30.586 0.0000000000
160886  -27.493  -16.859  -30.960 0.0000000000
160887  -27.983  -16.298  -31.031 0.0000000000
160888  -28.461  -15.768  -31.048 0.0000000000
160889  -28.891  -15.241  -31.035 0.0000000000
160890  -29.498  -15.120  -30.719 0.0000000000
160891  -30.153  -15.054  -30.548 0.0000000000
160892  -30.746  -14.979  -30.332 0.0000000000
160893  -30.709  -16.172  -30.098 0.0000000000
160894  -31.019  -15.551  -30.128 0.0000000000
160895  -31.402  -14.993  -30.250 0.0000000000
163781  -24.410  -23.118  -26.962 0.0000000000
163782  -25.102  -23.239  -27.069 0.0000000000
163783  -25.802  -24.353  -26.438 0.0000000000
163784  -25.884  -23.893  -26.773 0.0000000000
163785  -25.855  -23.356  -27.122 0.0000000000
163786  -26.595  -23.469  -27.116 0.0000000000
163787  -27.359  -23.554  -27.012 0.0000000000
163788  -28.044  -23.600  -26.920 0.0000000000
