#!ascii label  , from subject  vox2ras=TkReg coords=orig
1199
128596  -23.933  -30.981  -20.637 0.4285714328
97904  -24.291  -29.830  -21.760 0.2857142985
63328  -24.209  -30.188  -21.408 0.4285714328
13432  -25.014  -29.973  -21.633 0.4285714328
44154  -25.919  -29.583  -21.818 0.4285714328
97907  -24.649  -29.096  -22.560 0.2857142985
13434  -25.255  -29.203  -22.471 0.4285714328
97911  -26.056  -28.819  -22.671 0.4285714328
128615  -24.921  -27.849  -23.674 0.4285714328
63343  -25.564  -28.056  -23.613 0.4285714328
128617  -25.099  -26.971  -24.388 0.4285714328
23022  -25.896  -26.705  -24.720 0.4285714328
23023  -24.794  -25.545  -25.355 0.5714285970
115168  -25.285  -26.112  -25.042 0.5714285970
53743  -26.099  -26.253  -25.086 0.4285714328
53745  -26.913  -25.878  -25.370 0.2857142985
115170  -25.550  -25.250  -25.783 0.7142857313
115172  -26.280  -25.381  -25.786 0.7142857313
92114  -27.271  -24.531  -26.444 0.7142857313
92116  -27.850  -24.556  -26.348 0.4285714328
23025  -26.396  -24.884  -26.118 0.7142857313
92112  -27.161  -24.960  -26.066 0.5714285970
163788  -28.044  -23.600  -26.920 0.5714285970
40943  -26.477  -23.965  -26.780 0.5714285970
163787  -27.359  -23.554  -27.012 0.5714285970
136733  -27.487  -22.973  -27.416 0.5714285970
606  -28.007  -23.030  -27.375 0.5714285970
163786  -26.595  -23.469  -27.116 0.5714285970
43889  -28.616  -23.077  -27.273 0.4285714328
43886  -27.962  -21.983  -28.080 0.5714285970
97429  -29.151  -21.455  -28.003 0.5714285970
136731  -26.497  -21.907  -28.139 0.7142857313
97428  -28.380  -21.434  -28.211 0.7142857313
62538  -28.833  -20.961  -28.487 0.7142857313
5487  -29.516  -20.966  -28.382 0.5714285970
13165  -27.257  -21.964  -28.147 0.5714285970
69746  -25.063  -21.755  -28.072 0.5714285970
97426  -27.221  -20.957  -28.865 0.8571428657
62540  -29.018  -20.394  -28.605 0.7142857313
62542  -29.852  -20.454  -28.529 0.5714285970
5485  -26.424  -20.893  -28.900 0.7142857313
136727  -25.656  -20.881  -28.849 0.5714285970
127493  -29.082  -19.396  -29.183 0.7142857313
28309  -29.951  -19.852  -28.809 0.5714285970
127490  -27.637  -20.411  -29.066 0.7142857313
28308  -28.794  -19.967  -29.121 0.7142857313
22218  -29.466  -18.844  -29.359 0.5714285970
127491  -28.166  -19.989  -29.168 0.7142857313
52938  -30.042  -18.865  -29.205 0.5714285970
28307  -27.330  -19.883  -29.375 0.5714285970
127489  -27.705  -19.401  -29.693 0.7142857313
113720  -28.767  -18.836  -29.597 0.7142857313
113723  -29.483  -17.823  -29.944 0.7142857313
52939  -29.845  -18.270  -29.464 0.7142857313
89695  -27.664  -18.376  -30.130 0.7142857313
113721  -28.560  -18.409  -29.815 0.7142857313
22219  -28.868  -17.803  -30.004 0.7142857313
9913  -29.650  -16.770  -30.170 0.7142857313
113724  -29.856  -17.193  -29.952 0.5714285970
160884  -28.243  -17.919  -30.322 0.7142857313
28306  -26.456  -18.876  -30.041 0.5714285970
89702  -30.042  -16.199  -30.236 0.5714285970
39978  -30.499  -15.684  -30.205 0.5714285970
160885  -27.769  -17.350  -30.586 0.8571428657
39975  -27.453  -17.907  -30.481 0.8571428657
89701  -29.756  -15.641  -30.499 0.7142857313
39977  -29.107  -15.704  -30.740 0.7142857313
39976  -28.293  -16.841  -30.682 0.8571428657
89699  -28.829  -16.324  -30.650 0.7142857313
52932  -29.054  -14.060  -31.280 0.8571428657
22214  -29.932  -14.546  -30.753 0.5714285970
160889  -28.891  -15.241  -31.035 0.8571428657
160880  -28.186  -15.306  -31.283 0.8571428657
160887  -27.983  -16.298  -31.031 0.8571428657
160888  -28.461  -15.768  -31.048 0.8571428657
113708  -28.662  -13.112  -31.778 0.8571428657
22211  -29.119  -12.468  -31.621 0.8571428657
39966  -28.755  -11.399  -32.019 0.8571428657
2451  -28.616  -14.734  -31.386 0.8571428657
113707  -28.459  -12.605  -31.994 0.8571428657
89670  -27.513  -12.193  -32.543 1.0000000000
89672  -28.289  -12.094  -32.182 1.0000000000
22210  -28.150  -13.694  -31.880 0.8571428657
89671  -28.094  -11.570  -32.326 1.0000000000
5483  -27.746  -12.709  -32.326 1.0000000000
52929  -27.866  -10.658  -32.716 1.0000000000
22205  -26.755  -9.837  -33.493 0.7142857313
160854  -27.949  -11.105  -32.526 1.0000000000
127475  -27.240  -11.297  -32.918 1.0000000000
52927  -27.693  -10.143  -32.927 1.0000000000
160837  -27.619  -7.007  -33.776 1.0000000000
160836  -26.932  -7.229  -34.071 0.8571428657
22182  -27.392  -5.627  -34.281 0.8571428657
52903  -27.476  -6.060  -34.093 1.0000000000
160751  -28.418  -2.591  -34.910 0.8571428657
89584  -27.880  -3.910  -34.610 0.8571428657
89583  -27.966  -4.398  -34.431 1.0000000000
89576  -28.497  -0.975  -35.745 0.8571428657
89577  -28.749  -1.368  -35.508 0.8571428657
160740  -28.197  -0.568  -36.005 0.7142857313
113649  -27.109  -1.650  -35.405 0.5714285970
89572  -27.490  0.105  -36.433 0.7142857313
89573  -28.096  0.497  -36.870 0.5714285970
160732  -26.114  -0.346  -35.790 0.5714285970
89568  -26.665  -1.023  -35.644 0.5714285970
160730  -25.902  -0.065  -35.739 0.4285714328
89547  -26.233  1.201  -36.890 0.4285714328
89548  -26.521  1.592  -37.478 0.4285714328
113629  -25.564  1.160  -34.975 0.2857142985
89538  -25.599  1.470  -34.685 0.2857142985
113631  -25.567  0.826  -35.235 0.2857142985
89539  -25.709  1.734  -34.385 0.2857142985
97906  -24.431  -29.449  -22.203 0.2857142985
43885  -27.728  -22.525  -27.745 0.5714285970
62541  -29.312  -19.888  -28.906 0.5714285970
160891  -30.153  -15.054  -30.548 0.5714285970
89698  -29.054  -16.806  -30.338 0.7142857313
89700  -29.397  -16.231  -30.373 0.7142857313
52934  -29.281  -14.572  -31.040 0.8571428657
22212  -29.518  -13.507  -31.164 0.8571428657
113709  -29.328  -12.965  -31.397 0.8571428657
160857  -28.905  -11.942  -31.841 0.8571428657
113699  -27.402  -9.265  -33.315 0.8571428657
113623  -26.759  2.368  -32.942 0.1428571492
97905  -23.758  -29.267  -22.138 0.2857142985
63335  -24.043  -28.471  -22.879 0.2857142985
97908  -24.710  -28.670  -22.941 0.2857142985
13435  -25.532  -28.397  -23.240 0.4285714328
63345  -26.477  -27.586  -23.856 0.4285714328
63341  -24.298  -27.655  -23.609 0.2857142985
115166  -25.277  -26.599  -24.768 0.4285714328
97909  -24.886  -28.279  -23.296 0.4285714328
128619  -26.419  -27.200  -24.245 0.4285714328
5755  -24.606  -26.387  -24.634 0.5714285970
115169  -25.438  -25.689  -25.421 0.5714285970
115173  -26.998  -25.470  -25.730 0.4285714328
10235  -24.962  -24.625  -26.032 0.2857142985
115171  -25.633  -24.777  -26.133 0.7142857313
92113  -26.572  -24.468  -26.443 0.7142857313
92115  -27.144  -24.018  -26.713 0.4285714328
163785  -25.855  -23.356  -27.122 0.5714285970
97432  -29.622  -22.457  -27.253 0.4285714328
69749  -25.927  -22.855  -27.482 0.7142857313
69748  -26.295  -22.481  -27.927 0.7142857313
43887  -28.422  -22.524  -27.594 0.7142857313
13167  -28.684  -22.060  -27.938 0.5714285970
97431  -29.263  -22.008  -27.770 0.4285714328
13166  -28.093  -20.975  -28.627 0.7142857313
62539  -28.350  -20.421  -28.832 0.7142857313
136729  -25.508  -21.331  -28.516 0.5714285970
136730  -26.226  -21.381  -28.543 0.5714285970
52940  -30.392  -18.335  -29.482 0.5714285970
62535  -26.011  -20.377  -29.155 0.5714285970
127495  -30.452  -19.367  -29.006 0.5714285970
5486  -28.047  -18.920  -29.786 0.7142857313
127492  -28.386  -19.368  -29.367 0.7142857313
22220  -30.081  -17.786  -29.605 0.5714285970
127488  -26.862  -19.378  -29.897 0.8571428657
89697  -28.616  -17.373  -30.367 0.7142857313
52933  -29.666  -13.963  -31.022 0.5714285970
127484  -27.948  -14.827  -31.648 1.0000000000
160855  -28.644  -10.911  -32.225 1.0000000000
127478  -26.979  -12.832  -32.621 1.0000000000
52925  -26.919  -10.363  -33.254 0.8571428657
9907  -26.396  -8.817  -33.790 0.7142857313
113698  -27.265  -8.766  -33.507 1.0000000000
22206  -27.970  -8.575  -33.201 1.0000000000
89656  -27.025  -7.761  -33.868 0.7142857313
160839  -27.865  -8.047  -33.370 1.0000000000
89655  -26.294  -8.371  -33.925 0.7142857313
22184  -27.548  -6.529  -33.934 0.8571428657
160750  -27.790  -3.453  -34.764 0.8571428657
113656  -28.021  -4.911  -34.224 1.0000000000
113658  -28.093  -5.346  -34.068 1.0000000000
22178  -27.866  -1.340  -35.558 0.7142857313
9893  -26.123  0.533  -36.283 0.7142857313
113647  -26.890  -1.339  -35.533 0.5714285970
89570  -26.982  -0.319  -36.088 0.7142857313
89571  -27.142  0.382  -36.623 0.7142857313
39924  -25.603  -0.668  -35.191 0.4285714328
113630  -25.692  1.466  -35.892 0.2857142985
89546  -25.987  1.526  -36.867 0.4285714328
160735  -27.289  1.054  -37.298 0.4285714328
39916  -26.191  1.894  -37.447 0.4285714328
89540  -25.732  2.093  -35.298 0.2857142985
160704  -25.827  1.843  -36.670 0.4285714328
40942  -25.218  -23.766  -26.734 0.4285714328
163782  -25.102  -23.239  -27.069 0.4285714328
89545  -25.913  0.834  -36.201 0.4285714328
160733  -26.388  0.236  -36.260 0.7142857313
22168  -25.778  1.145  -36.071 0.2857142985
9892  -25.668  1.785  -35.625 0.2857142985
63329  -24.094  -30.527  -20.987 0.4285714328
97903  -24.858  -30.286  -21.309 0.4285714328
5752  -23.676  -29.607  -21.790 0.2857142985
63330  -23.416  -29.912  -21.363 0.2857142985
44152  -25.791  -29.939  -21.469 0.4285714328
44153  -25.148  -29.607  -22.106 0.4285714328
13433  -23.877  -28.857  -22.531 0.2857142985
97910  -25.427  -28.819  -22.861 0.4285714328
28790  -24.247  -27.257  -23.909 0.2857142985
128616  -25.004  -27.468  -24.030 0.4285714328
28791  -25.754  -27.564  -23.993 0.4285714328
128618  -25.844  -27.105  -24.365 0.4285714328
128614  -24.438  -26.850  -24.275 0.4285714328
115167  -24.659  -25.967  -24.968 0.4285714328
92105  -24.831  -25.099  -25.684 0.2857142985
23024  -26.074  -25.794  -25.413 0.4285714328
163783  -25.802  -24.353  -26.438 0.5714285970
163784  -25.884  -23.893  -26.773 0.5714285970
31781  -26.695  -22.926  -27.455 0.5714285970
136732  -27.067  -22.521  -27.842 0.5714285970
43888  -29.015  -22.505  -27.406 0.4285714328
97427  -27.680  -21.440  -28.363 0.7142857313
97430  -29.682  -21.371  -27.997 0.5714285970
31780  -25.757  -21.848  -28.142 0.7142857313
97425  -26.979  -21.401  -28.468 0.7142857313
69747  -25.466  -22.344  -27.874 0.7142857313
62537  -26.846  -20.391  -29.183 0.5714285970
127494  -29.840  -19.349  -28.994 0.5714285970
113722  -29.225  -18.371  -29.689 0.7142857313
62536  -26.590  -19.860  -29.466 0.7142857313
89693  -27.329  -18.977  -29.958 0.8571428657
89696  -29.329  -17.306  -30.078 0.7142857313
89694  -26.830  -18.351  -30.315 0.8571428657
160890  -29.498  -15.120  -30.719 0.8571428657
52930  -28.411  -14.230  -31.641 0.8571428657
52931  -28.855  -13.611  -31.525 0.8571428657
39974  -27.587  -15.792  -31.418 0.8571428657
113706  -27.919  -13.179  -32.102 1.0000000000
2450  -27.104  -10.846  -33.069 1.0000000000
113697  -26.519  -9.262  -33.655 0.8571428657
9897  -28.274  -2.144  -35.118 0.8571428657
89575  -28.099  -1.734  -35.346 0.8571428657
113648  -27.571  -0.978  -35.747 0.7142857313
89574  -27.848  -0.193  -36.248 0.7142857313
9896  -27.257  -0.638  -35.929 0.5714285970
39925  -26.675  -0.035  -36.199 0.5714285970
89569  -26.419  -0.687  -35.733 0.5714285970
160729  -25.431  -0.346  -35.054 0.4285714328
113633  -25.742  0.208  -35.632 0.4285714328
89549  -26.520  0.897  -36.869 0.4285714328
22166  -25.551  1.109  -33.600 0.2857142985
113632  -25.617  0.488  -35.468 0.2857142985
160696  -25.910  1.939  -34.011 0.2857142985
113624  -26.477  2.299  -33.278 0.1428571492
5754  -24.175  -28.040  -23.267 0.2857142985
92111  -25.027  -24.209  -26.352 0.2857142985
89657  -27.151  -8.285  -33.661 1.0000000000
160734  -26.846  0.619  -36.807 0.5714285970
13971  -26.160  4.480  -39.309 0.2857142985
13970  -25.849  5.270  -38.781 0.1428571492
6079  -26.102  3.326  -38.556 0.2857142985
64954  -26.403  4.109  -39.518 0.2857142985
44691  -25.791  4.639  -38.559 0.1428571492
44689  -25.827  5.642  -38.438 0.1428571492
89543  -25.762  2.840  -36.992 0.1428571492
160703  -25.899  2.959  -37.979 0.2857142985
160701  -25.761  3.577  -37.478 0.1428571492
130661  -27.221  3.347  -39.741 0.2857142985
64955  -26.339  3.538  -39.136 0.2857142985
120791  -30.169  1.243  -39.573 0.2857142985
11570  -28.590  2.200  -39.619 0.2857142985
44688  -25.800  5.310  -37.848 0.1428571492
160707  -26.433  2.300  -38.066 0.2857142985
94558  -28.971  0.974  -37.932 0.2857142985
130662  -27.143  2.812  -39.236 0.2857142985
64957  -26.379  2.949  -38.647 0.2857142985
120795  -30.783  -0.291  -37.501 0.1428571492
94557  -29.019  1.437  -38.737 0.2857142985
42290  -28.039  2.139  -39.085 0.2857142985
44692  -25.765  4.309  -37.851 0.1428571492
337  -27.605  1.985  -38.563 0.2857142985
29545  -26.708  2.631  -38.656 0.2857142985
105111  -32.225  -1.599  -36.818 0.1428571492
48154  -31.576  -0.875  -37.264 0.1428571492
57755  -29.928  0.617  -38.227 0.4285714328
160737  -28.114  1.117  -37.668 0.2857142985
160756  -30.713  -2.810  -34.959 0.2857142985
160744  -29.991  -0.868  -36.305 0.4285714328
160739  -28.995  0.455  -37.117 0.2857142985
39917  -26.895  1.322  -37.428 0.2857142985
75352  -31.505  -3.787  -34.427 0.1428571492
48157  -31.021  -1.669  -35.956 0.2857142985
160742  -29.355  0.070  -36.842 0.4285714328
160753  -29.816  -2.000  -35.235 0.5714285970
39928  -29.134  -0.611  -36.118 0.7142857313
160762  -30.983  -4.899  -33.684 0.1428571492
160760  -30.873  -3.857  -34.239 0.1428571492
89578  -29.385  -1.030  -35.855 0.7142857313
39927  -28.484  0.180  -36.630 0.4285714328
89588  -30.078  -3.033  -34.659 0.4285714328
160844  -31.131  -6.046  -33.040 0.2857142985
39935  -30.439  -5.601  -33.307 0.7142857313
160752  -29.154  -2.256  -35.013 0.7142857313
113659  -28.172  -5.825  -33.909 0.8571428657
89591  -29.634  -4.774  -33.837 0.8571428657
89587  -29.403  -3.269  -34.541 0.5714285970
160846  -31.247  -7.082  -32.667 0.2857142985
160845  -31.183  -6.553  -32.859 0.2857142985
89589  -29.486  -3.739  -34.305 0.7142857313
39930  -27.002  -3.719  -34.833 0.5714285970
9898  -28.727  -4.088  -34.330 0.8571428657
160847  -31.324  -7.566  -32.471 0.1428571492
160842  -29.845  -6.293  -33.119 0.7142857313
160850  -31.351  -8.092  -32.277 0.1428571492
97421  -24.231  -13.311  -32.586 0.5714285970
127476  -26.591  -11.907  -33.055 0.8571428657
127474  -26.418  -11.442  -33.223 0.8571428657
28300  -25.601  -11.969  -33.233 0.4285714328
52923  -26.257  -10.958  -33.424 0.5714285970
39960  -27.748  -7.509  -33.563 0.8571428657
113701  -28.820  -8.807  -32.673 0.8571428657
160838  -28.369  -6.821  -33.475 0.8571428657
39964  -30.857  -8.751  -32.095 0.2857142985
89660  -29.311  -7.586  -32.856 0.8571428657
160841  -29.090  -6.530  -33.273 0.8571428657
113657  -28.799  -4.532  -34.153 0.8571428657
160852  -31.512  -9.310  -31.904 0.4285714328
89664  -30.060  -7.835  -32.531 0.7142857313
89661  -29.911  -6.845  -32.898 0.7142857313
97422  -23.484  -13.640  -32.028 0.2857142985
28302  -26.112  -12.956  -32.875 0.5714285970
62529  -25.064  -12.919  -32.922 0.5714285970
28301  -27.369  -11.724  -32.747 0.8571428657
22207  -28.266  -9.497  -32.732 0.8571428657
113700  -28.131  -9.074  -32.960 0.8571428657
89658  -28.679  -8.292  -32.892 0.8571428657
89659  -28.563  -7.812  -33.046 0.8571428657
89667  -30.303  -9.422  -31.976 0.4285714328
22208  -29.588  -9.051  -32.276 0.8571428657
9908  -29.417  -8.127  -32.621 0.8571428657
39965  -31.060  -9.791  -31.746 0.4285714328
52936  -24.741  -17.679  -30.487 0.7142857313
113716  -23.884  -16.562  -30.773 0.4285714328
22217  -25.585  -17.770  -30.701 0.7142857313
89690  -26.194  -16.316  -31.501 0.8571428657
160876  -24.938  -15.782  -31.617 0.5714285970
97424  -24.236  -14.714  -31.864 0.5714285970
13164  -23.266  -14.548  -31.423 0.4285714328
160878  -26.473  -15.402  -31.913 0.8571428657
5484  -25.229  -14.905  -32.176 0.5714285970
13163  -24.557  -13.801  -32.409 0.5714285970
127483  -27.671  -14.305  -31.945 0.8571428657
28303  -26.609  -13.904  -32.407 0.7142857313
62531  -25.471  -13.903  -32.628 0.5714285970
89674  -29.578  -11.808  -31.560 0.7142857313
160858  -29.448  -11.306  -31.729 0.7142857313
113705  -29.149  -10.258  -32.146 0.7142857313
113704  -29.023  -9.746  -32.314 0.8571428657
89678  -31.542  -11.508  -31.124 0.2857142985
89676  -30.745  -10.985  -31.393 0.4285714328
160860  -30.599  -10.470  -31.563 0.5714285970
28305  -25.592  -19.758  -29.547 0.4285714328
1348  -24.803  -18.723  -29.947 0.4285714328
22215  -23.875  -17.534  -30.163 0.4285714328
160886  -27.493  -16.859  -30.960 0.7142857313
9912  -26.713  -16.890  -31.089 0.7142857313
89692  -27.168  -16.401  -31.253 0.7142857313
28304  -27.082  -14.824  -32.002 0.8571428657
113710  -29.875  -12.836  -31.168 0.7142857313
89679  -31.100  -12.157  -30.991 0.2857142985
9910  -30.349  -12.161  -31.156 0.5714285970
89673  -29.749  -12.352  -31.333 0.5714285970
136726  -25.448  -20.343  -29.119 0.4285714328
31778  -24.124  -19.588  -29.151 0.5714285970
127486  -25.659  -18.822  -30.118 0.5714285970
52937  -25.260  -18.327  -30.357 0.5714285970
160883  -26.945  -17.356  -30.882 0.7142857313
113714  -30.432  -14.377  -30.562 0.4285714328
22213  -30.738  -13.241  -30.799 0.4285714328
160866  -31.272  -12.699  -30.838 0.4285714328
113711  -30.554  -12.695  -30.972 0.4285714328
69745  -24.699  -22.188  -27.762 0.5714285970
127497  -30.671  -19.924  -28.624 0.4285714328
2452  -30.697  -18.827  -29.087 0.4285714328
89704  -31.261  -16.119  -29.920 0.4285714328
113725  -30.245  -16.747  -30.013 0.4285714328
39979  -31.731  -15.668  -29.955 0.4285714328
160892  -30.746  -14.979  -30.332 0.4285714328
2560  -27.275  -26.737  -24.462 0.1428571492
52941  -30.817  -17.822  -29.462 0.4285714328
113727  -31.241  -17.354  -29.563 0.4285714328
89703  -31.520  -16.733  -29.695 0.4285714328
23026  -27.497  -25.945  -25.269 0.1428571492
163809  -28.102  -25.379  -25.415 0.1428571492
163816  -29.193  -23.542  -26.669 0.2857142985
5488  -31.940  -21.021  -27.709 0.2857142985
160910  -32.740  -19.497  -28.459 0.2857142985
89716  -31.746  -19.914  -28.358 0.2857142985
127500  -30.165  -21.406  -27.888 0.4285714328
113732  -32.562  -19.005  -28.841 0.2857142985
160908  -31.600  -19.460  -28.731 0.2857142985
127498  -31.195  -20.385  -28.070 0.2857142985
113731  -32.174  -18.341  -29.142 0.2857142985
52943  -31.628  -18.376  -29.132 0.4285714328
163807  -27.975  -26.279  -24.606 0.1428571492
163808  -28.166  -25.788  -24.947 0.1428571492
53744  -26.744  -26.321  -25.000 0.1428571492
40952  -28.877  -24.898  -25.598 0.2857142985
92138  -28.890  -24.498  -25.929 0.2857142985
62549  -31.049  -22.719  -26.325 0.2857142985
127503  -31.766  -21.853  -26.900 0.2857142985
28312  -31.155  -21.855  -27.138 0.2857142985
62545  -30.247  -22.378  -27.051 0.2857142985
127502  -31.515  -21.418  -27.304 0.2857142985
40951  -28.591  -25.733  -24.650 0.1428571492
163819  -30.450  -24.089  -25.099 0.2857142985
92136  -29.310  -25.204  -24.795 0.2857142985
40954  -30.054  -23.832  -25.805 0.2857142985
92139  -29.666  -24.293  -25.573 0.2857142985
163812  -28.319  -25.031  -25.867 0.2857142985
163818  -30.318  -23.341  -26.203 0.2857142985
44155  -25.888  -29.224  -22.238 0.2857142985
28792  -27.096  -27.526  -23.588 0.1428571492
63344  -26.357  -27.992  -23.446 0.2857142985
163797  -27.744  -27.046  -23.735 0.1428571492
128595  -24.682  -31.057  -20.481 0.2857142985
28782  -24.578  -31.478  -20.102 0.2857142985
128594  -23.758  -31.265  -20.278 0.2857142985
5756  -26.836  -28.337  -22.771 0.2857142985
97901  -25.438  -31.182  -20.173 0.1428571492
92058  -23.637  -31.624  -19.931 0.2857142985
92059  -23.508  -31.982  -19.658 0.1428571492
163811  -28.754  -25.279  -25.102 0.1428571492
10239  -29.991  -24.644  -24.939 0.2857142985
163821  -30.825  -23.236  -25.941 0.2857142985
113733  -31.776  -21.245  -27.219 0.2857142985
62547  -30.834  -22.316  -26.773 0.2857142985
89717  -32.114  -20.516  -28.090 0.2857142985
62543  -30.354  -20.412  -28.363 0.4285714328
127496  -30.949  -19.412  -28.764 0.4285714328
22224  -31.776  -18.880  -28.902 0.2857142985
22223  -32.544  -17.852  -29.343 0.2857142985
22216  -24.919  -16.759  -31.046 0.7142857313
113728  -31.769  -17.281  -29.503 0.4285714328
62532  -25.949  -14.429  -32.367 0.5714285970
160893  -30.709  -16.172  -30.098 0.4285714328
113713  -30.322  -13.851  -30.774 0.4285714328
89681  -31.456  -13.241  -30.662 0.2857142985
39969  -31.692  -12.033  -30.954 0.2857142985
89677  -30.916  -11.562  -31.185 0.5714285970
113655  -27.285  -5.153  -34.441 0.7142857313
9909  -29.811  -10.109  -31.919 0.7142857313
113660  -28.261  -6.267  -33.685 0.8571428657
113650  -27.339  -2.078  -35.245 0.4285714328
113651  -27.551  -2.536  -35.079 0.5714285970
39931  -28.522  -3.093  -34.728 0.7142857313
160861  -31.202  -10.359  -31.522 0.2857142985
9899  -29.012  -6.013  -33.498 0.8571428657
89585  -28.641  -3.613  -34.518 0.8571428657
39962  -30.574  -6.660  -32.838 0.5714285970
160736  -27.657  1.424  -37.844 0.2857142985
160757  -30.795  -3.337  -34.601 0.4285714328
160755  -30.602  -2.300  -35.301 0.4285714328
115945  -25.879  4.921  -37.134 0.1428571492
57756  -30.357  0.180  -37.928 0.2857142985
48153  -31.108  -0.759  -37.050 0.1428571492
11568  -27.694  2.926  -39.757 0.2857142985
97902  -25.473  -30.771  -20.589 0.1428571492
28783  -23.382  -30.299  -21.028 0.2857142985
44156  -26.497  -29.576  -21.505 0.1428571492
63346  -26.974  -27.972  -23.183 0.1428571492
63342  -26.240  -28.418  -23.085 0.2857142985
163806  -27.793  -26.710  -24.176 0.1428571492
92134  -29.109  -25.979  -23.940 0.1428571492
23033  -29.725  -25.419  -24.034 0.1428571492
163814  -28.331  -24.037  -26.455 0.2857142985
92140  -29.665  -23.897  -26.007 0.2857142985
5489  -30.384  -22.859  -26.648 0.2857142985
22225  -32.079  -21.733  -26.782 0.2857142985
13169  -29.230  -23.074  -27.125 0.2857142985
113734  -32.326  -20.815  -27.487 0.2857142985
136725  -24.736  -19.702  -29.382 0.5714285970
13168  -30.021  -21.998  -27.501 0.2857142985
62546  -30.575  -21.848  -27.230 0.2857142985
136714  -23.519  -17.991  -29.724 0.2857142985
89710  -32.639  -18.257  -29.222 0.2857142985
160902  -32.877  -17.271  -29.520 0.2857142985
113718  -25.221  -17.263  -30.958 0.7142857313
113719  -26.341  -17.413  -30.917 0.5714285970
89686  -23.014  -15.443  -30.884 0.4285714328
160875  -24.416  -16.184  -31.257 0.5714285970
113729  -32.274  -17.264  -29.570 0.4285714328
97420  -23.185  -13.072  -32.083 0.2857142985
97423  -23.892  -14.182  -31.954 0.5714285970
9914  -32.148  -16.754  -29.710 0.2857142985
113726  -30.561  -17.295  -29.749 0.4285714328
160877  -25.599  -15.341  -31.897 0.7142857313
5482  -23.959  -12.747  -32.622 0.2857142985
89706  -32.270  -15.698  -30.110 0.1428571492
89684  -31.767  -14.277  -30.425 0.4285714328
9911  -31.200  -14.399  -30.395 0.4285714328
89683  -32.211  -13.852  -30.526 0.1428571492
52928  -28.366  -9.966  -32.608 0.8571428657
39970  -32.022  -13.287  -30.650 0.1428571492
89675  -30.223  -11.637  -31.346 0.5714285970
39968  -31.345  -10.883  -31.315 0.2857142985
89669  -30.455  -9.996  -31.743 0.5714285970
160848  -30.128  -8.285  -32.381 0.7142857313
89590  -28.929  -5.500  -33.712 0.8571428657
24358  -31.969  -8.693  -32.157 0.2857142985
55957  -31.870  -8.191  -32.335 0.1428571492
89544  -25.764  2.182  -36.436 0.2857142985
39963  -30.702  -7.730  -32.448 0.4285714328
160851  -31.413  -8.658  -32.102 0.4285714328
93478  -31.773  -7.022  -32.714 0.1428571492
39934  -30.315  -4.529  -33.830 0.5714285970
10972  -31.743  -6.468  -32.940 0.1428571492
160763  -31.035  -5.456  -33.384 0.1428571492
34183  -31.555  -4.290  -34.155 0.1428571492
160700  -25.788  3.937  -37.197 0.1428571492
39933  -30.177  -3.519  -34.386 0.5714285970
143617  -31.577  -4.844  -33.801 0.1428571492
7945  -31.452  -3.260  -34.735 0.1428571492
57757  -29.769  0.228  -37.410 0.2857142985
120796  -30.522  -0.753  -36.744 0.2857142985
17437  -31.218  -2.193  -35.490 0.2857142985
105114  -31.749  -2.221  -35.643 0.1428571492
105113  -32.037  -1.800  -36.327 0.1428571492
17435  -31.822  -1.319  -36.805 0.1428571492
57754  -30.059  0.972  -38.987 0.2857142985
120792  -30.569  0.788  -39.265 0.2857142985
120793  -30.957  0.335  -38.900 0.1428571492
105107  -31.351  -0.116  -38.441 0.1428571492
137734  -27.042  -29.893  -20.674 0.1428571492
163805  -28.311  -26.887  -23.358 0.1428571492
160911  -32.594  -20.475  -27.763 0.2857142985
160864  -32.037  -11.476  -31.203 0.2857142985
17434  -32.012  -0.835  -38.040 0.1428571492
25436  -30.635  0.963  -39.818 0.2857142985
128597  -23.167  -30.603  -20.623 0.2857142985
13431  -24.816  -30.803  -20.809 0.2857142985
44151  -25.606  -30.400  -20.979 0.1428571492
641  -26.407  -29.932  -21.060 0.1428571492
13436  -26.692  -29.121  -21.935 0.1428571492
97912  -26.683  -28.763  -22.402 0.1428571492
53742  -26.646  -26.745  -24.629 0.1428571492
53746  -27.318  -26.338  -24.832 0.1428571492
10236  -27.702  -25.011  -25.994 0.2857142985
40944  -27.768  -24.055  -26.621 0.4285714328
163813  -28.378  -24.516  -26.187 0.2857142985
115174  -27.659  -25.451  -25.599 0.1428571492
163815  -28.694  -23.603  -26.806 0.2857142985
62544  -30.126  -20.922  -28.029 0.4285714328
160881  -26.165  -18.326  -30.394 0.5714285970
127487  -25.977  -19.321  -29.843 0.4285714328
160894  -31.019  -15.551  -30.128 0.4285714328
160882  -26.586  -17.958  -30.654 0.7142857313
160879  -27.370  -15.327  -31.673 0.7142857313
160856  -29.281  -10.760  -31.968 0.7142857313
127477  -26.713  -12.332  -32.871 0.8571428657
127482  -27.459  -13.810  -32.192 0.8571428657
127481  -27.185  -13.349  -32.345 0.8571428657
22209  -28.463  -10.409  -32.413 0.8571428657
52926  -27.544  -9.685  -33.143 0.8571428657
160748  -27.703  -2.999  -34.913 0.5714285970
89579  -28.954  -1.749  -35.279 0.7142857313
160741  -28.844  -0.183  -36.380 0.5714285970
39926  -27.698  0.791  -37.098 0.2857142985
160738  -28.577  0.826  -37.429 0.2857142985
160708  -26.829  1.976  -38.062 0.2857142985
113712  -30.121  -13.385  -30.979 0.4285714328
128620  -27.113  -27.167  -24.019 0.1428571492
7037  -25.235  -22.767  -27.473 0.5714285970
97433  -29.751  -23.000  -26.941 0.2857142985
52942  -30.873  -18.299  -29.190 0.4285714328
127480  -26.367  -13.431  -32.701 0.5714285970
160840  -28.476  -7.349  -33.237 0.8571428657
22183  -28.847  -5.004  -33.932 0.8571428657
160705  -25.968  2.202  -37.367 0.2857142985
160709  -27.233  1.728  -37.966 0.2857142985
160706  -26.100  2.644  -38.034 0.2857142985
39915  -25.822  2.519  -37.224 0.2857142985
89691  -26.857  -15.851  -31.564 0.8571428657
64953  -26.069  3.893  -38.988 0.2857142985
98876  -25.978  4.847  -39.066 0.1428571492
98877  -25.900  4.266  -38.811 0.2857142985
44690  -25.745  5.007  -38.226 0.1428571492
98878  -25.908  3.679  -38.394 0.2857142985
29544  -26.735  3.734  -39.679 0.2857142985
13972  -25.793  4.006  -38.171 0.1428571492
160702  -25.799  3.245  -37.736 0.1428571492
64956  -26.716  3.171  -39.213 0.2857142985
11571  -29.567  1.375  -39.244 0.2857142985
42289  -28.160  2.532  -39.723 0.2857142985
42291  -28.541  1.777  -38.921 0.2857142985
817  -25.791  4.615  -37.508 0.1428571492
11572  -28.540  1.309  -38.169 0.2857142985
57753  -29.483  1.039  -38.494 0.2857142985
3892  -29.378  0.653  -37.698 0.2857142985
130663  -27.136  2.309  -38.634 0.2857142985
42288  -27.553  2.492  -39.200 0.2857142985
25438  -30.150  -0.244  -37.092 0.2857142985
120794  -30.889  0.087  -38.223 0.1428571492
17433  -31.241  -0.376  -37.766 0.1428571492
42292  -28.090  1.656  -38.403 0.2857142985
105110  -31.964  -1.059  -37.385 0.1428571492
48155  -31.371  -1.222  -36.595 0.1428571492
105109  -31.676  -0.577  -37.920 0.1428571492
25437  -30.504  0.531  -38.640 0.1428571492
105115  -31.376  -2.700  -35.095 0.1428571492
39929  -29.607  -1.470  -35.575 0.5714285970
160745  -30.223  -1.337  -35.994 0.4285714328
160743  -29.669  -0.343  -36.582 0.5714285970
75350  -31.975  -3.258  -34.887 0.1428571492
160761  -30.934  -4.363  -33.968 0.1428571492
1759  -30.797  -1.179  -36.400 0.2857142985
48156  -31.567  -1.700  -36.124 0.2857142985
160754  -30.416  -1.797  -35.663 0.4285714328
39932  -29.960  -2.531  -34.938 0.5714285970
89586  -29.306  -2.763  -34.769 0.7142857313
89593  -30.366  -5.066  -33.587 0.4285714328
160759  -30.251  -4.008  -34.091 0.5714285970
160843  -30.505  -6.136  -33.060 0.5714285970
89594  -29.777  -5.773  -33.332 0.7142857313
89592  -29.695  -5.265  -33.564 0.7142857313
160758  -29.557  -4.252  -34.072 0.7142857313
89663  -30.633  -7.147  -32.633 0.5714285970
160849  -30.780  -8.269  -32.265 0.4285714328
39961  -29.213  -7.052  -33.070 0.8571428657
127479  -25.286  -13.397  -32.752 0.5714285970
62528  -25.856  -12.457  -33.085 0.5714285970
127473  -25.391  -11.496  -33.381 0.4285714328
62527  -24.902  -12.505  -33.054 0.4285714328
113703  -28.929  -9.268  -32.489 0.8571428657
113702  -29.521  -8.618  -32.425 0.8571428657
89666  -30.195  -8.838  -32.194 0.4285714328
89668  -30.932  -9.220  -31.948 0.5714285970
89662  -29.993  -7.355  -32.700 0.8571428657
89665  -29.685  -9.556  -32.113 0.7142857313
52935  -24.427  -18.128  -30.074 0.5714285970
113717  -24.447  -17.156  -30.685 0.4285714328
89688  -25.723  -16.843  -31.272 0.7142857313
89689  -25.428  -16.304  -31.413 0.7142857313
39973  -26.019  -15.907  -31.699 0.7142857313
39972  -24.011  -15.607  -31.285 0.4285714328
160874  -24.602  -15.274  -31.812 0.5714285970
62530  -24.912  -14.345  -32.307 0.5714285970
160873  -23.529  -15.024  -31.351 0.4285714328
160872  -22.705  -14.888  -30.883 0.2857142985
62534  -26.224  -14.904  -32.138 0.7142857313
62533  -26.831  -14.365  -32.204 0.8571428657
39967  -30.079  -11.166  -31.521 0.5714285970
160859  -29.916  -10.623  -31.754 0.7142857313
127485  -25.334  -19.301  -29.750 0.5714285970
136724  -24.564  -19.169  -29.574 0.5714285970
89680  -30.984  -13.900  -30.527 0.4285714328
160867  -31.849  -12.642  -30.778 0.2857142985
28310  -31.330  -19.904  -28.363 0.2857142985
52944  -31.353  -18.923  -29.042 0.4285714328
22221  -30.819  -16.715  -29.857 0.4285714328
89705  -32.058  -16.326  -29.785 0.4285714328
160895  -31.402  -14.993  -30.250 0.4285714328
22222  -31.393  -17.862  -29.480 0.4285714328
40953  -29.134  -23.947  -26.199 0.2857142985
163817  -29.729  -23.451  -26.468 0.2857142985
89715  -31.411  -20.403  -28.252 0.2857142985
127499  -31.102  -20.887  -27.924 0.2857142985
160909  -32.143  -19.373  -28.498 0.2857142985
28311  -30.505  -20.851  -27.990 0.2857142985
127501  -31.051  -21.496  -27.630 0.2857142985
113730  -32.065  -17.916  -29.276 0.4285714328
40950  -28.434  -26.516  -23.815 0.1428571492
92133  -28.508  -26.151  -24.272 0.1428571492
92137  -29.364  -24.752  -25.296 0.2857142985
62548  -31.285  -22.301  -26.618 0.2857142985
163810  -29.178  -25.570  -24.325 0.1428571492
92141  -30.127  -24.156  -25.321 0.2857142985
163820  -30.627  -23.688  -25.538 0.2857142985
63327  -25.343  -31.616  -19.854 0.1428571492
128593  -24.491  -31.872  -19.806 0.1428571492
97900  -26.105  -31.208  -19.875 0.1428571492
89682  -31.575  -13.686  -30.530 0.2857142985
160691  -25.892  4.202  -36.789 0.1428571492
13430  -26.229  -30.791  -20.229 0.1428571492
163789  -27.182  -29.437  -21.093 0.1428571492
160699  -25.880  3.471  -36.306 0.1428571492
113653  -26.509  -4.902  -34.668 0.5714285970
52900  -25.991  -6.412  -34.351 0.4285714328
22180  -25.904  -5.926  -34.475 0.4285714328
113654  -26.576  -5.366  -34.558 0.5714285970
2447  -26.040  -6.870  -34.264 0.4285714328
52901  -26.638  -5.769  -34.435 0.5714285970
22181  -27.192  -4.676  -34.587 0.4285714328
89653  -25.535  -8.952  -33.915 0.4285714328
39959  -26.157  -7.849  -34.052 0.4285714328
160834  -25.266  -7.929  -34.081 0.4285714328
160835  -26.088  -7.381  -34.163 0.5714285970
52904  -26.816  -6.710  -34.195 0.5714285970
52902  -26.703  -6.242  -34.317 0.5714285970
52924  -26.070  -10.490  -33.527 0.5714285970
160914  -33.868  -19.440  -28.419 0.1428571492
9915  -33.086  -18.900  -28.788 0.1428571492
89712  -33.212  -18.364  -29.174 0.1428571492
163774  -24.119  -25.350  -25.169 0.2857142985
39984  -32.384  -20.024  -28.317 0.1428571492
160917  -34.859  -19.730  -27.871 0.1428571492
89721  -33.829  -19.686  -27.968 0.1428571492
53152  -34.978  -19.152  -28.435 0.1428571492
160915  -34.072  -19.426  -28.545 0.1428571492
53150  -35.557  -19.103  -28.072 0.1428571492
92104  -24.082  -25.740  -24.843 0.2857142985
113736  -32.768  -21.184  -27.161 0.1428571492
9916  -33.643  -20.659  -27.207 0.1428571492
22226  -32.708  -20.835  -27.433 0.1428571492
89722  -33.995  -20.293  -27.751 0.1428571492
114105  -35.909  -19.606  -27.212 0.1428571492
89723  -34.514  -20.086  -27.616 0.1428571492
40229  -36.922  -18.180  -25.146 0.1428571492
114102  -36.309  -18.866  -26.569 0.1428571492
90327  -36.584  -17.854  -26.086 0.1428571492
92102  -23.883  -26.158  -24.462 0.2857142985
28789  -23.179  -25.926  -24.193 0.2857142985
163823  -31.759  -23.144  -25.496 0.1428571492
2454  -32.502  -22.586  -25.695 0.1428571492
52945  -32.128  -22.180  -26.426 0.1428571492
28313  -31.599  -22.657  -26.092 0.1428571492
52946  -32.607  -21.734  -26.707 0.1428571492
160920  -33.983  -20.868  -26.915 0.1428571492
113739  -33.502  -21.660  -26.375 0.1428571492
160919  -34.986  -20.186  -27.610 0.1428571492
113738  -33.779  -21.252  -26.687 0.1428571492
90333  -36.154  -19.936  -26.782 0.1428571492
90332  -36.809  -19.290  -25.111 0.1428571492
90329  -37.091  -18.724  -24.524 0.1428571492
9998  -36.565  -18.652  -25.755 0.1428571492
128613  -23.834  -26.604  -24.176 0.2857142985
28788  -22.963  -26.741  -23.450 0.2857142985
63338  -22.851  -27.106  -23.116 0.2857142985
92143  -30.993  -23.932  -24.796 0.1428571492
40956  -32.085  -23.375  -24.692 0.1428571492
163824  -32.220  -22.992  -25.221 0.1428571492
52949  -32.911  -22.542  -25.501 0.1428571492
89726  -34.053  -21.378  -26.494 0.1428571492
52948  -33.077  -22.099  -25.986 0.1428571492
90337  -35.440  -20.358  -27.012 0.1428571492
161650  -36.703  -19.521  -25.462 0.1428571492
90335  -36.317  -20.176  -26.212 0.1428571492
90322  -37.535  -17.929  -24.213 0.1428571492
161644  -37.389  -18.113  -24.381 0.1428571492
115189  -30.331  -24.580  -24.636 0.1428571492
92144  -31.617  -23.860  -24.449 0.1428571492
92142  -31.322  -24.263  -23.947 0.1428571492
40959  -33.113  -23.234  -24.107 0.1428571492
163831  -32.392  -23.641  -23.740 0.1428571492
89729  -34.344  -22.352  -24.731 0.1428571492
163833  -32.667  -22.888  -24.970 0.1428571492
89728  -34.252  -21.559  -26.195 0.1428571492
113741  -33.875  -22.393  -24.973 0.1428571492
160923  -34.910  -20.961  -26.877 0.1428571492
90331  -37.344  -19.729  -24.273 0.1428571492
40232  -36.804  -20.263  -25.226 0.1428571492
161645  -37.640  -19.056  -23.752 0.1428571492
40230  -37.477  -19.356  -24.048 0.1428571492
115191  -31.333  -24.576  -23.374 0.1428571492
92135  -29.853  -24.968  -24.443 0.1428571492
92152  -33.449  -23.928  -22.549 0.1428571492
40958  -32.831  -24.049  -22.930 0.1428571492
10240  -32.051  -24.015  -23.483 0.1428571492
92155  -33.661  -23.136  -23.783 0.1428571492
92153  -32.834  -23.631  -23.385 0.1428571492
92146  -32.071  -23.727  -24.060 0.1428571492
160926  -34.536  -22.397  -24.678 0.1428571492
163840  -34.295  -23.062  -23.449 0.1428571492
160925  -35.568  -20.568  -26.745 0.1428571492
161653  -37.247  -20.607  -24.225 0.1428571492
160924  -34.491  -21.204  -26.673 0.1428571492
40231  -37.122  -19.827  -24.411 0.1428571492
39989  -35.498  -20.530  -26.791 0.1428571492
92150  -33.956  -24.547  -21.732 0.1428571492
163829  -32.924  -24.359  -22.279 0.1428571492
163827  -32.488  -24.391  -22.720 0.1428571492
92158  -35.122  -24.095  -22.265 0.1428571492
115198  -34.575  -24.256  -22.042 0.1428571492
163841  -35.093  -23.358  -22.788 0.1428571492
40961  -34.822  -23.434  -22.624 0.1428571492
161652  -37.373  -20.846  -23.969 0.1428571492
161655  -37.861  -21.705  -23.371 0.1428571492
92156  -34.007  -23.676  -22.980 0.1428571492
163832  -32.576  -23.227  -24.383 0.1428571492
163836  -34.015  -22.960  -24.420 0.1428571492
89725  -33.758  -21.956  -25.645 0.1428571492
127504  -31.736  -22.236  -26.495 0.1428571492
40227  -37.760  -18.738  -23.711 0.1428571492
90320  -37.708  -17.593  -23.939 0.1428571492
90330  -37.090  -19.135  -24.724 0.1428571492
114106  -35.357  -19.978  -27.455 0.1428571492
114103  -36.554  -19.393  -25.730 0.1428571492
160912  -32.882  -19.823  -28.106 0.1428571492
39983  -34.119  -19.046  -28.768 0.1428571492
63339  -23.576  -27.407  -23.447 0.2857142985
161649  -37.488  -20.708  -23.651 0.1428571492
161647  -37.863  -20.213  -23.593 0.1428571492
90321  -38.000  -18.293  -23.422 0.1428571492
90319  -37.931  -17.162  -23.909 0.1428571492
89651  -25.663  -9.431  -33.793 0.4285714328
9997  -37.240  -17.347  -24.662 0.1428571492
90328  -36.744  -18.384  -25.406 0.1428571492
161643  -37.040  -17.724  -24.885 0.1428571492
114101  -36.198  -18.463  -27.333 0.1428571492
161642  -36.707  -17.621  -25.737 0.1428571492
89713  -33.936  -18.463  -29.037 0.1428571492
89711  -33.107  -17.814  -29.328 0.1428571492
89582  -26.385  -4.382  -34.761 0.4285714328
160747  -26.878  -3.280  -34.935 0.4285714328
120789  -31.037  0.705  -40.008 0.1428571492
160749  -27.122  -4.181  -34.732 0.4285714328
63340  -23.612  -26.997  -23.746 0.2857142985
57752  -30.211  1.508  -40.139 0.1428571492
160913  -33.174  -19.298  -28.465 0.1428571492
163822  -31.357  -23.164  -25.672 0.1428571492
23035  -30.992  -24.273  -24.238 0.1428571492
115188  -30.458  -24.774  -24.074 0.1428571492
40955  -31.238  -23.576  -25.162 0.1428571492
113735  -32.316  -21.217  -27.110 0.1428571492
89709  -32.605  -16.667  -29.750 0.1428571492
89707  -32.423  -16.155  -29.937 0.1428571492
89719  -33.061  -20.408  -27.760 0.1428571492
39985  -33.445  -19.940  -27.996 0.1428571492
89714  -33.436  -18.847  -28.858 0.1428571492
39986  -34.232  -19.774  -28.207 0.1428571492
160916  -34.555  -19.310  -28.356 0.1428571492
22432  -35.224  -19.706  -27.807 0.1428571492
160918  -35.131  -20.132  -27.381 0.1428571492
89720  -33.422  -20.387  -27.833 0.1428571492
53151  -35.610  -19.271  -27.711 0.1428571492
160907  -34.406  -19.012  -28.787 0.1428571492
53148  -35.336  -18.709  -28.516 0.1428571492
22430  -35.865  -18.649  -27.653 0.1428571492
22227  -33.044  -21.574  -26.500 0.1428571492
113737  -33.354  -21.156  -26.896 0.1428571492
89718  -33.278  -20.830  -27.319 0.1428571492
89724  -34.172  -20.793  -27.150 0.1428571492
114104  -36.255  -19.480  -26.734 0.1428571492
22431  -36.259  -19.348  -26.590 0.1428571492
39987  -34.452  -20.512  -27.351 0.1428571492
90326  -36.494  -18.555  -26.145 0.1428571492
92145  -31.603  -23.436  -24.873 0.1428571492
127505  -32.103  -22.617  -25.872 0.1428571492
52947  -32.576  -22.089  -26.192 0.1428571492
22228  -33.684  -21.465  -26.519 0.1428571492
160921  -34.723  -20.798  -26.875 0.1428571492
113740  -33.369  -22.094  -25.956 0.1428571492
9917  -35.415  -20.151  -27.238 0.1428571492
160922  -34.886  -20.372  -27.230 0.1428571492
90334  -36.484  -19.978  -25.795 0.1428571492
22229  -33.510  -22.432  -25.176 0.1428571492
163834  -32.931  -22.866  -24.767 0.1428571492
39988  -34.283  -21.070  -26.826 0.1428571492
89727  -34.370  -22.117  -25.720 0.1428571492
90336  -36.277  -19.961  -26.033 0.1428571492
161651  -36.863  -19.912  -24.780 0.1428571492
115190  -30.832  -24.722  -23.772 0.1428571492
115192  -31.766  -24.571  -22.999 0.1428571492
92154  -33.318  -23.659  -23.157 0.1428571492
163830  -32.465  -24.082  -23.202 0.1428571492
9918  -34.126  -22.376  -24.834 0.1428571492
39990  -34.507  -22.390  -24.686 0.1428571492
163839  -34.195  -22.897  -24.093 0.1428571492
163835  -33.381  -22.854  -24.475 0.1428571492
10241  -33.872  -24.140  -22.169 0.1428571492
40960  -33.670  -23.258  -23.333 0.1428571492
11  -35.125  -23.350  -22.807 0.1428571492
161654  -36.837  -20.563  -25.113 0.1428571492
90945  -37.911  -21.560  -23.300 0.1428571492
163838  -33.907  -23.563  -23.200 0.1428571492
163837  -34.404  -23.683  -22.404 0.1428571492
163722  -21.788  -31.277  -19.122 0.1428571492
92060  -22.803  -31.223  -19.953 0.1428571492
40922  -21.334  -30.486  -19.148 0.1428571492
163720  -22.092  -30.725  -19.811 0.1428571492
5751  -23.045  -30.898  -20.305 0.1428571492
115141  -22.305  -30.481  -20.185 0.1428571492
128598  -22.600  -29.848  -20.842 0.1428571492
63332  -22.972  -29.273  -21.616 0.1428571492
28784  -22.244  -28.821  -21.339 0.1428571492
28786  -22.520  -28.214  -22.086 0.1428571492
63334  -22.960  -28.933  -21.951 0.1428571492
63336  -23.210  -28.176  -22.684 0.1428571492
128600  -21.642  -28.348  -20.907 0.1428571492
128603  -21.918  -27.788  -21.625 0.1428571492
128606  -22.618  -27.808  -22.478 0.1428571492
28787  -22.682  -27.463  -22.765 0.1428571492
115153  -21.675  -26.476  -22.385 0.1428571492
23015  -21.702  -26.098  -22.657 0.1428571492
128611  -22.498  -25.675  -23.859 0.1428571492
128610  -22.520  -26.083  -23.553 0.1428571492
163771  -22.718  -25.315  -24.245 0.2857142985
92103  -23.312  -25.515  -24.558 0.1428571492
40939  -23.479  -25.140  -24.971 0.1428571492
92106  -24.099  -24.905  -25.531 0.1428571492
163772  -22.784  -24.898  -24.641 0.2857142985
92109  -24.291  -24.014  -26.261 0.2857142985
101750  -23.940  -21.032  -28.107 0.4285714328
31779  -25.031  -20.769  -28.737 0.4285714328
69743  -24.718  -20.223  -29.017 0.4285714328
22203  -25.200  -10.975  -33.469 0.2857142985
22204  -24.800  -9.942  -33.665 0.2857142985
113696  -25.825  -9.957  -33.655 0.2857142985
62503  -24.274  -6.531  -33.977 0.2857142985
127440  -25.041  -5.988  -34.348 0.2857142985
113652  -25.782  -5.432  -34.571 0.2857142985
5473  -25.668  -4.981  -34.635 0.4285714328
128612  -23.199  -26.345  -23.904 0.1428571492
23021  -22.212  -24.687  -24.245 0.1428571492
163773  -22.772  -24.476  -24.924 0.2857142985
92107  -24.299  -24.464  -25.913 0.1428571492
23008  -21.959  -29.423  -20.542 0.1428571492
128602  -21.711  -28.034  -21.222 0.1428571492
5753  -21.590  -26.812  -21.933 0.1428571492
53735  -21.894  -25.781  -23.176 0.1428571492
2559  -21.926  -25.400  -23.434 0.1428571492
53741  -22.052  -25.014  -23.796 0.1428571492
10234  -22.422  -23.910  -25.038 0.2857142985
40940  -23.668  -24.304  -25.696 0.2857142985
163776  -23.037  -24.116  -25.397 0.2857142985
163777  -23.076  -23.673  -25.802 0.2857142985
92108  -23.645  -23.828  -26.109 0.2857142985
92110  -24.488  -23.595  -26.590 0.2857142985
101753  -24.509  -22.623  -27.277 0.4285714328
101752  -24.053  -22.056  -27.599 0.4285714328
101749  -23.264  -20.901  -27.781 0.2857142985
62526  -24.552  -11.924  -33.132 0.2857142985
113693  -24.057  -10.881  -33.251 0.2857142985
113695  -24.973  -10.452  -33.569 0.2857142985
160830  -23.754  -9.844  -33.316 0.2857142985
89652  -24.657  -9.456  -33.710 0.2857142985
89654  -25.377  -8.470  -34.011 0.2857142985
160825  -24.335  -7.465  -33.881 0.2857142985
160824  -23.547  -7.397  -33.482 0.2857142985
127441  -25.056  -6.423  -34.269 0.2857142985
40941  -23.641  -23.384  -26.347 0.2857142985
127472  -24.338  -11.433  -33.228 0.2857142985
113694  -23.956  -10.394  -33.301 0.2857142985
127471  -23.110  -11.126  -32.714 0.2857142985
160831  -23.629  -9.307  -33.321 0.2857142985
89647  -23.516  -8.364  -33.398 0.2857142985
39958  -24.474  -8.933  -33.745 0.2857142985
160833  -24.410  -8.447  -33.801 0.2857142985
89646  -23.470  -7.859  -33.442 0.2857142985
160826  -25.152  -7.344  -34.141 0.2857142985
39957  -22.699  -9.658  -32.827 0.2857142985
160829  -22.632  -9.179  -32.860 0.2857142985
160832  -23.554  -8.835  -33.366 0.2857142985
15568  -24.373  -21.613  -27.891 0.4285714328
136728  -24.754  -21.191  -28.375 0.4285714328
128605  -23.170  -28.554  -22.365 0.1428571492
63337  -23.485  -27.815  -23.090 0.1428571492
163781  -24.410  -23.118  -26.962 0.4285714328
63331  -22.747  -29.566  -21.205 0.1428571492
115140  -22.380  -30.112  -20.463 0.1428571492
127442  -25.121  -6.904  -34.195 0.2857142985
39956  -24.393  -7.963  -33.851 0.2857142985
163775  -23.486  -24.704  -25.324 0.1428571492
128609  -22.221  -26.384  -23.065 0.1428571492
128608  -22.254  -26.815  -22.822 0.1428571492
163721  -21.878  -31.001  -19.460 0.1428571492
115142  -21.782  -29.686  -20.188 0.1428571492
128599  -22.044  -29.169  -20.912 0.1428571492
63333  -22.361  -28.513  -21.691 0.1428571492
128604  -22.030  -27.493  -22.076 0.1428571492
92080  -21.538  -27.100  -21.617 0.1428571492
128607  -22.000  -27.081  -22.315 0.1428571492
115165  -22.167  -24.258  -24.498 0.2857142985
101751  -23.714  -21.464  -27.651 0.4285714328
28286  -24.289  -6.982  -33.918 0.2857142985
15569  -23.785  -22.456  -27.052 0.4285714328
9906  -22.624  -8.706  -32.870 0.2857142985
69741  -23.394  -19.407  -28.841 0.2857142985
69742  -23.833  -20.050  -28.780 0.2857142985
136715  -23.971  -18.542  -29.697 0.2857142985
120779  -29.706  4.130  -40.415 0.1428571492
120780  -30.115  3.623  -40.651 0.1428571492
120781  -29.066  3.507  -40.731 0.1428571492
57746  -29.332  2.553  -40.501 0.1428571492
3890  -29.766  2.046  -40.381 0.1428571492
25431  -30.010  4.397  -40.078 0.1428571492
11569  -28.847  3.083  -40.543 0.1428571492
130660  -27.352  3.903  -40.084 0.1428571492
64950  -27.098  5.859  -40.023 0.1428571492
136723  -23.765  -19.063  -29.307 0.2857142985
31775  -23.206  -18.395  -29.318 0.2857142985
57750  -30.391  1.716  -40.651 0.1428571492
120783  -30.470  3.058  -40.872 0.1428571492
94555  -29.708  1.697  -39.867 0.1428571492
57747  -29.523  2.939  -40.753 0.1428571492
57748  -29.969  2.338  -40.735 0.1428571492
94556  -29.074  1.780  -39.455 0.1428571492
94550  -27.758  3.523  -40.164 0.1428571492
94554  -29.194  2.174  -40.020 0.1428571492
57743  -28.259  4.390  -40.507 0.1428571492
64951  -27.458  5.350  -40.193 0.1428571492
130657  -27.576  4.385  -40.286 0.1428571492
130658  -26.563  4.695  -39.834 0.1428571492
98875  -26.259  5.149  -39.636 0.1428571492
130659  -26.965  4.272  -39.971 0.1428571492
94553  -28.678  2.666  -40.143 0.1428571492
94552  -28.217  3.111  -40.197 0.1428571492
69744  -24.371  -20.627  -28.563 0.2857142985
25432  -29.437  3.799  -40.696 0.1428571492
120778  -29.307  4.645  -40.186 0.1428571492
120782  -29.877  3.249  -40.828 0.1428571492
94551  -28.413  3.546  -40.517 0.1428571492
57745  -28.655  3.954  -40.637 0.1428571492
120777  -29.605  4.988  -39.832 0.1428571492
3888  -28.000  3.980  -40.406 0.1428571492
25433  -30.277  2.669  -40.905 0.1428571492
89648  -21.885  -10.413  -32.148 0.1428571492
5481  -22.939  -10.635  -32.758 0.1428571492
89650  -22.774  -10.111  -32.782 0.1428571492
89645  -22.661  -8.275  -32.948 0.1428571492
39954  -21.818  -7.745  -32.087 0.1428571492
160820  -22.379  -7.363  -32.633 0.1428571492
28299  -23.343  -11.690  -32.749 0.1428571492
39955  -22.793  -7.808  -33.023 0.1428571492
97405  -22.689  -6.644  -32.738 0.1428571492
13153  -23.189  -6.187  -33.182 0.1428571492
97403  -23.300  -5.795  -33.246 0.2857142985
89687  -23.547  -16.038  -30.792 0.2857142985
89685  -22.568  -15.804  -30.295 0.1428571492
97419  -22.019  -12.770  -31.424 0.1428571492
62523  -22.830  -12.504  -32.102 0.1428571492
127470  -22.299  -11.431  -32.127 0.1428571492
160853  -31.657  -9.851  -31.724 0.1428571492
89649  -21.831  -9.928  -32.152 0.1428571492
62504  -23.591  -6.956  -33.529 0.1428571492
127438  -24.249  -5.623  -34.029 0.1428571492
127437  -23.685  -5.705  -33.654 0.1428571492
62499  -23.710  -5.273  -33.643 0.2857142985
127434  -24.733  -4.170  -34.375 0.2857142985
9895  -24.700  -1.693  -34.052 0.2857142985
89563  -24.221  -1.917  -33.305 0.2857142985
89566  -25.096  -0.903  -34.432 0.2857142985
89542  -25.755  2.504  -36.155 0.1428571492
89537  -25.603  0.996  -32.147 0.1428571492
89580  -25.603  -4.515  -34.664 0.2857142985
62498  -24.200  -4.738  -34.009 0.2857142985
127433  -25.362  -3.603  -34.686 0.2857142985
52898  -26.530  -2.405  -35.140 0.2857142985
52895  -25.070  -2.791  -34.533 0.2857142985
113642  -24.346  -2.581  -33.795 0.2857142985
113646  -26.159  -1.672  -35.265 0.2857142985
113643  -24.805  -2.033  -34.241 0.2857142985
89561  -24.284  -2.243  -33.561 0.2857142985
160731  -25.787  -1.009  -35.271 0.2857142985
52888  -25.329  0.241  -34.572 0.1428571492
160726  -24.187  -1.245  -32.746 0.2857142985
39913  -25.862  2.380  -34.949 0.1428571492
9891  -26.312  2.769  -34.244 0.1428571492
89562  -23.922  -2.450  -32.828 0.1428571492
160722  -23.701  -3.012  -32.477 0.1428571492
5472  -23.347  -5.428  -33.208 0.2857142985
89564  -24.179  -1.585  -33.044 0.2857142985
52889  -24.942  -0.252  -33.934 0.1428571492
160727  -24.534  -0.772  -33.235 0.2857142985
52886  -25.091  0.326  -33.242 0.1428571492
52885  -24.633  -0.237  -32.597 0.1428571492
13152  -22.629  -6.427  -32.332 0.2857142985
160717  -24.116  -1.355  -31.558 0.1428571492
89535  -25.442  0.675  -31.164 0.1428571492
127420  -24.473  -0.518  -31.636 0.1428571492
136675  -22.802  -7.583  -31.187 0.1428571492
118276  -32.066  -9.235  -31.979 0.1428571492
160865  -32.209  -12.142  -31.033 0.1428571492
13162  -22.449  -13.325  -31.469 0.1428571492
127469  -21.493  -11.647  -31.394 0.1428571492
1372  -32.162  -9.796  -31.811 0.1428571492
28298  -21.239  -11.149  -31.422 0.1428571492
160827  -21.109  -9.701  -31.569 0.1428571492
22202  -21.170  -9.280  -31.644 0.1428571492
113692  -21.779  -9.014  -32.309 0.1428571492
160821  -21.570  -8.121  -31.979 0.1428571492
160823  -22.886  -7.384  -33.076 0.1428571492
43873  -22.476  -6.713  -32.312 0.1428571492
62502  -23.626  -6.550  -33.585 0.1428571492
97402  -22.961  -5.956  -32.732 0.2857142985
28282  -24.152  -4.323  -33.933 0.1428571492
127431  -24.092  -3.872  -33.809 0.1428571492
52893  -24.590  -3.339  -34.215 0.2857142985
113641  -23.975  -3.126  -33.386 0.1428571492
52894  -24.437  -2.948  -34.017 0.1428571492
28277  -24.288  -1.160  -31.201 0.1428571492
39920  -23.992  -1.569  -31.902 0.2857142985
127421  -24.317  -0.745  -32.066 0.1428571492
22165  -24.825  0.046  -32.225 0.1428571492
22167  -25.334  0.529  -34.283 0.1428571492
5468  -25.207  0.473  -31.512 0.1428571492
113626  -25.382  0.815  -32.538 0.1428571492
160863  -31.905  -10.905  -31.393 0.1428571492
160862  -31.781  -10.386  -31.554 0.1428571492
46357  -32.314  -10.449  -31.648 0.1428571492
22177  -26.336  -2.021  -35.213 0.2857142985
22176  -25.982  -1.345  -35.315 0.2857142985
113628  -25.430  0.833  -33.987 0.1428571492
160695  -25.713  1.354  -33.232 0.1428571492
89567  -25.201  -1.217  -34.652 0.2857142985
160728  -25.006  -0.583  -34.204 0.2857142985
22169  -25.360  -0.038  -34.833 0.2857142985
113627  -25.208  0.566  -32.924 0.1428571492
160697  -26.049  2.629  -34.606 0.1428571492
89581  -26.241  -3.893  -34.835 0.2857142985
43883  -22.795  -13.910  -31.443 0.1428571492
43884  -22.160  -14.229  -30.828 0.1428571492
22179  -26.725  -2.830  -35.043 0.2857142985
62525  -23.709  -12.233  -32.693 0.1428571492
160868  -32.392  -12.786  -30.879 0.1428571492
160746  -26.118  -3.451  -34.859 0.2857142985
28285  -24.248  -6.067  -33.996 0.1428571492
127439  -24.950  -5.545  -34.400 0.1428571492
127436  -24.887  -5.074  -34.415 0.1428571492
127468  -22.064  -10.908  -32.135 0.1428571492
160828  -21.770  -9.456  -32.204 0.1428571492
89643  -21.888  -8.605  -32.395 0.1428571492
28297  -21.117  -10.186  -31.546 0.1428571492
127467  -21.127  -10.602  -31.483 0.1428571492
89644  -22.013  -8.175  -32.469 0.1428571492
160822  -22.168  -7.775  -32.539 0.1428571492
97406  -22.549  -6.981  -32.694 0.1428571492
5474  -23.023  -6.953  -33.142 0.1428571492
62524  -22.467  -11.933  -32.142 0.1428571492
97404  -22.835  -6.291  -32.753 0.1428571492
62500  -23.103  -6.567  -33.156 0.1428571492
62501  -23.655  -6.112  -33.618 0.1428571492
13161  -21.856  -12.256  -31.440 0.1428571492
28284  -24.233  -5.167  -34.046 0.2857142985
62497  -23.738  -4.876  -33.569 0.2857142985
127432  -24.656  -3.739  -34.313 0.2857142985
28283  -25.503  -4.046  -34.693 0.2857142985
127435  -24.849  -4.619  -34.433 0.2857142985
89565  -24.624  -1.373  -33.868 0.2857142985
113644  -25.326  -1.563  -34.754 0.2857142985
39922  -23.924  -2.130  -32.503 0.1428571492
39923  -24.560  -1.070  -33.615 0.2857142985
89536  -25.859  1.152  -31.806 0.1428571492
2446  -25.200  -3.195  -34.625 0.2857142985
52899  -25.963  -3.032  -34.900 0.2857142985
52897  -25.786  -2.661  -34.927 0.2857142985
22175  -24.962  -2.406  -34.428 0.2857142985
52896  -25.614  -2.250  -34.911 0.2857142985
22174  -23.950  -2.763  -33.119 0.1428571492
113645  -25.470  -1.899  -34.843 0.2857142985
52887  -24.989  0.052  -33.584 0.1428571492
160718  -24.245  -0.955  -32.415 0.2857142985
89534  -26.154  3.264  -35.124 0.1428571492
2445  -24.548  -0.500  -32.891 0.2857142985
62496  -23.702  -4.457  -33.405 0.1428571492
22173  -24.020  -3.493  -33.604 0.2857142985
113625  -25.005  0.268  -31.861 0.1428571492
23020  -21.472  -23.518  -24.088 0.1428571492
92101  -22.502  -23.498  -25.422 0.1428571492
40938  -22.527  -23.021  -25.696 0.1428571492
163766  -21.271  -22.551  -24.268 0.1428571492
55889  -21.257  -21.733  -25.021 0.1428571492
55888  -21.401  -21.294  -25.491 0.1428571492
163769  -22.129  -22.468  -25.695 0.1428571492
118179  -21.389  -20.865  -25.924 0.1428571492
118181  -22.003  -21.985  -25.942 0.1428571492
163779  -23.149  -22.807  -26.480 0.1428571492
101745  -21.523  -20.463  -26.515 0.1428571492
46286  -22.410  -21.122  -26.912 0.1428571492
46288  -23.437  -21.912  -27.263 0.1428571492
101748  -22.551  -20.721  -27.386 0.1428571492
15567  -23.074  -21.288  -27.376 0.1428571492
118178  -21.179  -20.366  -26.042 0.1428571492
101746  -21.671  -20.046  -26.971 0.1428571492
69738  -22.810  -20.314  -27.896 0.1428571492
31777  -22.599  -19.245  -28.429 0.1428571492
69733  -22.759  -17.828  -29.384 0.1428571492
136713  -23.117  -17.382  -29.829 0.1428571492
62493  -23.076  -5.624  -32.692 0.1428571492
163770  -22.547  -22.629  -26.082 0.1428571492
163780  -23.775  -22.972  -26.784 0.1428571492
115163  -21.372  -23.848  -23.591 0.1428571492
163765  -21.218  -22.906  -23.864 0.1428571492
163768  -21.624  -22.281  -25.106 0.1428571492
160725  -23.952  -1.825  -32.211 0.1428571492
113715  -23.441  -16.970  -30.216 0.1428571492
7036  -23.553  -20.468  -28.266 0.1428571492
92099  -21.979  -23.287  -24.927 0.1428571492
92097  -21.868  -23.715  -24.598 0.1428571492
163778  -23.055  -23.195  -26.063 0.1428571492
46289  -23.131  -22.289  -26.790 0.1428571492
69740  -23.092  -19.936  -28.354 0.1428571492
92098  -21.537  -23.090  -24.389 0.1428571492
92100  -21.991  -22.851  -25.237 0.1428571492
40937  -21.552  -22.689  -24.772 0.1428571492
3269  -21.136  -21.630  -24.495 0.1428571492
24317  -21.557  -21.850  -25.464 0.1428571492
118180  -21.768  -21.415  -26.022 0.1428571492
15565  -21.856  -20.983  -26.436 0.1428571492
46285  -22.233  -21.570  -26.479 0.1428571492
1349  -22.557  -22.123  -26.420 0.1428571492
101747  -22.000  -20.577  -26.972 0.1428571492
3268  -21.248  -19.916  -26.518 0.1428571492
46287  -22.819  -21.742  -26.890 0.1428571492
15566  -22.201  -20.160  -27.452 0.1428571492
118177  -20.966  -20.297  -25.569 0.1428571492
115161  -21.165  -23.635  -23.037 0.1428571492
