#!ascii label  , from subject fsaverage vox2ras=TkReg 
1388
45  13.852  -19.843  71.920 0.0000000000
222  7.711  -29.782  56.916 0.0000000000
367  5.919  -25.414  72.795 0.0000000000
368  5.892  -20.701  66.605 0.0000000000
468  6.603  -18.136  58.403 0.0000000000
850  9.802  -22.263  73.433 0.0000000000
851  7.969  -19.256  71.544 0.0000000000
860  16.575  -22.043  70.074 0.0000000000
862  12.491  -24.194  71.315 0.0000000000
863  8.798  -26.874  71.922 0.0000000000
1023  5.308  -14.472  66.107 0.0000000000
1024  6.572  -19.102  62.802 0.0000000000
1025  6.506  -13.218  62.156 0.0000000000
1813  3.394  -28.932  69.368 0.0000000000
1814  4.968  -26.668  66.044 0.0000000000
1815  5.306  -22.859  69.813 0.0000000000
1816  6.070  -16.658  69.233 0.0000000000
2052  6.280  -25.219  62.132 0.0000000000
2053  7.317  -23.856  57.866 0.0000000000
2054  6.897  -22.348  54.115 0.0000000000
2056  5.403  -16.618  54.121 0.0000000000
2770  11.872  -20.956  72.906 0.0000000000
2771  10.754  -19.640  72.112 0.0000000000
2780  15.386  -21.036  71.764 0.0000000000
2781  14.473  -22.972  70.646 0.0000000000
2782  13.293  -22.137  72.532 0.0000000000
2783  11.235  -23.394  73.095 0.0000000000
2944  5.650  -13.754  64.149 0.0000000000
3985  4.292  -27.228  71.394 0.0000000000
3986  4.477  -25.922  69.801 0.0000000000
3987  5.480  -24.013  71.545 0.0000000000
3988  8.648  -16.669  70.001 0.0000000000
3989  6.977  -17.868  70.433 0.0000000000
4025  7.330  -26.264  73.080 0.0000000000
4026  6.899  -28.806  71.543 0.0000000000
4027  5.437  -28.085  72.367 0.0000000000
4028  3.858  -29.888  71.048 0.0000000000
4503  5.430  -23.812  66.407 0.0000000000
4504  5.604  -25.892  64.128 0.0000000000
4505  6.035  -23.046  64.669 0.0000000000
4506  6.750  -18.611  60.720 0.0000000000
4507  7.810  -21.514  60.734 0.0000000000
4508  7.974  -20.910  58.539 0.0000000000
4509  7.041  -23.171  55.840 0.0000000000
4510  7.388  -20.123  56.311 0.0000000000
6136  7.809  -23.749  73.512 0.0000000000
6137  6.991  -22.256  72.565 0.0000000000
6138  8.806  -20.754  72.712 0.0000000000
6139  9.644  -18.166  70.855 0.0000000000
6154  17.563  -22.571  67.773 0.0000000000
6155  16.064  -23.788  65.317 0.0000000000
6156  15.142  -23.467  68.112 0.0000000000
6157  13.239  -24.678  68.681 0.0000000000
6160  10.676  -25.460  71.870 0.0000000000
6161  9.313  -24.751  73.373 0.0000000000
6447  5.162  -17.619  66.301 0.0000000000
6448  6.217  -19.814  64.772 0.0000000000
6449  5.112  -16.928  64.347 0.0000000000
6450  5.267  -16.324  62.366 0.0000000000
6451  5.672  -15.633  60.357 0.0000000000
7213  15.745  -18.993  70.669 0.0000000000
7227  20.981  -22.417  65.520 0.0000000000
7229  22.196  -21.200  68.258 0.0000000000
7231  18.679  -21.216  69.945 0.0000000000
7232  17.356  -20.040  71.103 0.0000000000
8071  3.124  -30.721  67.100 0.0000000000
8072  4.045  -29.656  65.408 0.0000000000
8073  4.038  -27.791  67.667 0.0000000000
8074  4.995  -24.815  68.060 0.0000000000
8075  5.497  -21.806  68.224 0.0000000000
8076  6.352  -20.936  71.048 0.0000000000
8077  5.850  -19.715  69.577 0.0000000000
8078  5.477  -18.648  67.946 0.0000000000
8079  5.489  -15.539  67.723 0.0000000000
8724  5.332  -28.945  63.625 0.0000000000
8725  6.634  -28.185  61.726 0.0000000000
8726  7.465  -27.352  59.707 0.0000000000
8727  7.045  -22.228  62.791 0.0000000000
8728  6.957  -24.487  60.109 0.0000000000
8729  7.532  -26.586  57.294 0.0000000000
8730  6.639  -25.913  55.177 0.0000000000
8731  6.146  -25.169  53.321 0.0000000000
8734  7.492  -12.559  60.139 0.0000000000
8735  6.215  -14.967  58.269 0.0000000000
8737  5.901  -14.125  56.204 0.0000000000
8738  6.058  -17.437  56.242 0.0000000000
8739  6.410  -19.449  54.134 0.0000000000
10450  12.750  -20.452  72.524 0.0000000000
10451  12.242  -19.768  72.079 0.0000000000
10452  13.182  -19.290  71.369 0.0000000000
10460  14.654  -20.377  72.029 0.0000000000
10461  14.372  -21.552  72.174 0.0000000000
10462  13.614  -20.982  72.529 0.0000000000
10463  12.595  -21.506  72.878 0.0000000000
11220  7.089  -30.682  55.874 0.0000000000
11222  7.449  -29.216  55.757 0.0000000000
11665  5.055  -26.308  72.187 0.0000000000
11666  4.868  -25.658  71.562 0.0000000000
11667  5.642  -24.690  72.249 0.0000000000
11697  17.845  -23.691  63.796 0.0000000000
11705  6.662  -25.837  73.134 0.0000000000
11706  6.384  -27.187  72.748 0.0000000000
11707  5.657  -26.732  72.709 0.0000000000
11708  4.779  -27.614  72.140 0.0000000000
12183  5.721  -22.323  66.602 0.0000000000
12184  5.739  -23.431  65.517 0.0000000000
12185  6.068  -21.905  65.721 0.0000000000
12186  6.722  -18.352  59.587 0.0000000000
12187  7.620  -19.738  59.689 0.0000000000
12188  7.506  -19.465  58.548 0.0000000000
12189  7.768  -20.574  57.361 0.0000000000
12190  7.195  -19.167  57.378 0.0000000000
14065  8.794  -23.015  73.518 0.0000000000
14066  8.331  -22.232  73.179 0.0000000000
14067  9.280  -21.515  73.142 0.0000000000
14069  10.243  -18.964  71.504 0.0000000000
14071  9.959  -17.078  69.764 0.0000000000
14095  16.977  -22.351  68.952 0.0000000000
14096  16.296  -22.991  67.846 0.0000000000
14097  16.022  -22.719  69.128 0.0000000000
14098  13.418  -23.549  70.991 0.0000000000
14099  13.857  -23.847  69.721 0.0000000000
14100  12.897  -24.494  70.077 0.0000000000
14104  11.598  -24.817  71.673 0.0000000000
14105  10.544  -22.821  73.378 0.0000000000
14106  10.271  -24.074  73.255 0.0000000000
14107  9.611  -23.507  73.538 0.0000000000
14108  8.540  -24.327  73.554 0.0000000000
14583  5.069  -15.981  66.198 0.0000000000
14584  5.107  -17.277  65.312 0.0000000000
14585  4.993  -15.648  65.185 0.0000000000
14586  6.014  -13.488  63.163 0.0000000000
14587  5.240  -14.968  63.194 0.0000000000
14588  5.528  -14.602  62.245 0.0000000000
14589  5.422  -15.973  61.309 0.0000000000
14590  5.930  -14.302  61.237 0.0000000000
15903  19.283  -21.583  68.936 0.0000000000
17710  3.172  -29.800  68.248 0.0000000000
17711  3.503  -29.251  67.361 0.0000000000
17712  3.609  -28.266  68.533 0.0000000000
17713  4.958  -24.388  69.856 0.0000000000
17714  4.736  -25.339  68.949 0.0000000000
17715  5.066  -23.821  68.952 0.0000000000
17716  5.246  -23.322  68.085 0.0000000000
17717  5.351  -22.266  69.008 0.0000000000
17718  7.530  -20.787  72.112 0.0000000000
17719  6.687  -21.598  71.868 0.0000000000
17720  7.120  -20.059  71.409 0.0000000000
17721  6.531  -17.193  69.849 0.0000000000
17722  6.305  -18.733  70.136 0.0000000000
17723  6.014  -18.072  69.470 0.0000000000
17724  5.717  -19.148  68.767 0.0000000000
17725  5.645  -17.571  68.662 0.0000000000
17726  5.373  -17.082  67.891 0.0000000000
17727  5.724  -16.114  68.516 0.0000000000
17808  14.812  -24.497  65.468 0.0000000000
17809  15.300  -24.585  63.960 0.0000000000
17830  9.284  -27.260  70.745 0.0000000000
17831  8.871  -28.408  69.316 0.0000000000
17832  8.345  -28.137  70.664 0.0000000000
17833  6.035  -29.758  71.301 0.0000000000
17834  6.727  -30.064  70.439 0.0000000000
17840  3.480  -29.361  70.420 0.0000000000
17842  3.126  -30.263  69.286 0.0000000000
19263  4.499  -28.175  65.795 0.0000000000
19264  4.638  -29.283  64.508 0.0000000000
19265  5.060  -27.788  64.832 0.0000000000
19266  5.917  -25.519  63.115 0.0000000000
19267  6.026  -26.938  62.993 0.0000000000
19268  6.490  -26.628  61.924 0.0000000000
19269  7.135  -27.785  60.751 0.0000000000
19270  6.807  -26.281  60.925 0.0000000000
19271  6.378  -19.402  63.793 0.0000000000
19272  6.849  -21.005  63.967 0.0000000000
19273  7.187  -20.593  62.939 0.0000000000
19274  7.732  -22.768  59.298 0.0000000000
19275  7.376  -23.036  60.510 0.0000000000
19276  7.249  -24.183  58.984 0.0000000000
19277  7.274  -25.583  58.681 0.0000000000
19278  7.209  -25.299  57.507 0.0000000000
19279  7.137  -26.272  56.130 0.0000000000
19280  6.925  -24.952  56.464 0.0000000000
19281  6.881  -22.778  54.985 0.0000000000
19282  6.439  -24.197  54.578 0.0000000000
19283  6.414  -23.824  53.739 0.0000000000
19291  7.779  -12.116  59.021 0.0000000000
19292  6.808  -13.749  59.175 0.0000000000
19293  6.989  -13.356  58.069 0.0000000000
19297  5.290  -14.908  54.278 0.0000000000
19299  5.487  -15.399  55.172 0.0000000000
19300  5.788  -15.873  56.154 0.0000000000
19301  5.701  -17.002  55.104 0.0000000000
19302  6.249  -18.461  55.160 0.0000000000
19303  5.774  -18.121  54.056 0.0000000000
23416  10.881  -21.550  73.197 0.0000000000
23417  10.308  -20.854  72.933 0.0000000000
23418  11.336  -20.313  72.613 0.0000000000
23434  15.992  -21.554  71.041 0.0000000000
23435  15.543  -22.521  70.369 0.0000000000
23436  14.982  -22.085  71.363 0.0000000000
23437  14.065  -22.673  71.673 0.0000000000
23438  12.822  -23.238  71.997 0.0000000000
23439  11.896  -23.853  72.366 0.0000000000
23440  12.315  -22.703  72.793 0.0000000000
23441  11.588  -22.173  73.160 0.0000000000
23727  5.966  -13.005  66.043 0.0000000000
23728  5.439  -14.092  65.131 0.0000000000
23729  6.251  -12.731  65.043 0.0000000000
23730  6.666  -12.433  64.076 0.0000000000
23731  7.175  -12.156  63.042 0.0000000000
25603  3.741  -28.037  70.479 0.0000000000
25604  3.862  -27.439  69.579 0.0000000000
25605  4.308  -26.511  70.633 0.0000000000
25606  4.901  -24.985  70.700 0.0000000000
25607  5.362  -23.408  70.717 0.0000000000
25608  8.302  -17.838  70.855 0.0000000000
25609  7.436  -18.475  71.011 0.0000000000
25610  7.785  -17.172  70.408 0.0000000000
25611  7.309  -16.480  69.968 0.0000000000
25612  6.839  -15.807  69.497 0.0000000000
25613  6.333  -15.141  68.954 0.0000000000
25675  8.021  -26.693  72.638 0.0000000000
25676  7.754  -27.863  71.719 0.0000000000
25677  7.101  -27.543  72.403 0.0000000000
25678  6.180  -28.467  72.132 0.0000000000
25679  5.280  -29.451  71.709 0.0000000000
25680  4.516  -30.371  71.194 0.0000000000
25681  4.561  -29.026  71.780 0.0000000000
25682  3.987  -28.555  71.332 0.0000000000
26535  5.208  -25.136  66.291 0.0000000000
26536  5.325  -26.267  65.079 0.0000000000
26537  5.474  -24.807  65.311 0.0000000000
26538  5.686  -24.475  64.350 0.0000000000
26539  6.025  -24.112  63.477 0.0000000000
26540  6.721  -18.865  61.732 0.0000000000
26541  7.394  -20.282  61.913 0.0000000000
26542  7.548  -19.990  60.830 0.0000000000
26543  7.931  -21.280  59.573 0.0000000000
26544  7.782  -22.397  58.185 0.0000000000
26545  7.204  -23.526  56.799 0.0000000000
26546  7.646  -22.106  57.081 0.0000000000
26547  7.443  -21.699  56.209 0.0000000000
26548  7.233  -21.227  55.282 0.0000000000
26558  5.380  -16.181  53.158 0.0000000000
26559  5.620  -17.784  53.056 0.0000000000
26560  5.812  -17.367  52.029 0.0000000000
29674  6.960  -24.488  73.232 0.0000000000
29675  6.473  -23.746  72.842 0.0000000000
29676  7.350  -22.973  73.101 0.0000000000
29677  7.871  -21.493  72.732 0.0000000000
29678  8.398  -20.072  72.151 0.0000000000
29679  9.772  -20.174  72.543 0.0000000000
29680  9.350  -19.452  71.957 0.0000000000
29681  8.793  -18.683  71.363 0.0000000000
29682  9.188  -17.400  70.396 0.0000000000
29716  18.027  -22.841  66.460 0.0000000000
29717  17.382  -23.404  65.259 0.0000000000
29718  16.846  -23.209  66.566 0.0000000000
29721  14.813  -23.204  69.451 0.0000000000
29722  14.157  -23.997  68.386 0.0000000000
29723  13.527  -24.852  67.152 0.0000000000
29729  10.165  -26.523  70.732 0.0000000000
29730  9.687  -26.158  71.947 0.0000000000
29731  10.956  -24.498  72.632 0.0000000000
29732  9.966  -25.195  72.788 0.0000000000
29733  9.021  -25.871  72.791 0.0000000000
29734  8.321  -25.502  73.312 0.0000000000
29735  7.547  -25.108  73.398 0.0000000000
30399  5.617  -19.107  66.505 0.0000000000
30400  6.100  -20.232  65.734 0.0000000000
30401  5.625  -18.736  65.508 0.0000000000
30402  5.636  -18.370  64.526 0.0000000000
30403  5.743  -18.073  63.563 0.0000000000
30404  5.041  -15.280  64.193 0.0000000000
30405  5.197  -16.618  63.344 0.0000000000
30406  5.838  -17.782  62.583 0.0000000000
30407  5.889  -17.546  61.539 0.0000000000
30408  5.939  -17.258  60.446 0.0000000000
30409  5.928  -16.997  59.419 0.0000000000
32191  14.810  -19.479  71.283 0.0000000000
32229  19.778  -22.710  65.310 0.0000000000
32232  24.041  -20.935  67.658 0.0000000000
32234  23.560  -20.663  68.672 0.0000000000
32235  22.886  -21.366  67.379 0.0000000000
32236  21.566  -21.923  66.866 0.0000000000
32237  20.367  -22.209  66.689 0.0000000000
32238  19.203  -22.572  66.510 0.0000000000
32240  18.184  -21.964  68.943 0.0000000000
32241  17.673  -21.581  69.985 0.0000000000
32243  18.077  -20.672  70.708 0.0000000000
32244  17.131  -21.142  70.796 0.0000000000
32245  16.402  -20.589  71.307 0.0000000000
32246  15.701  -19.836  71.473 0.0000000000
34528  3.998  -28.709  66.574 0.0000000000
34529  4.497  -27.238  66.911 0.0000000000
34530  4.186  -26.881  68.713 0.0000000000
34531  4.565  -26.290  67.965 0.0000000000
34532  4.922  -25.722  67.074 0.0000000000
34533  5.202  -24.228  67.253 0.0000000000
34534  5.472  -22.823  67.376 0.0000000000
34535  5.659  -21.302  67.333 0.0000000000
34536  6.145  -23.135  72.159 0.0000000000
34537  5.950  -22.490  71.347 0.0000000000
34538  5.765  -21.895  70.532 0.0000000000
34539  6.675  -19.291  70.780 0.0000000000
34540  6.052  -20.254  70.314 0.0000000000
34541  5.593  -21.247  69.731 0.0000000000
34542  5.616  -20.734  68.935 0.0000000000
34543  5.624  -20.245  68.077 0.0000000000
34544  5.624  -19.663  67.337 0.0000000000
34545  5.324  -18.125  67.163 0.0000000000
34546  5.182  -16.560  66.995 0.0000000000
34547  5.338  -14.974  66.957 0.0000000000
34548  6.027  -14.560  68.362 0.0000000000
34549  5.808  -13.959  67.695 0.0000000000
34550  5.811  -13.415  66.971 0.0000000000
34673  8.434  -29.799  67.675 0.0000000000
34675  7.516  -29.063  70.588 0.0000000000
36423  5.560  -27.352  63.920 0.0000000000
36424  6.010  -28.577  62.673 0.0000000000
36428  7.848  -28.471  58.348 0.0000000000
36429  6.445  -21.466  64.857 0.0000000000
36430  6.523  -22.634  63.729 0.0000000000
36431  6.510  -23.792  62.480 0.0000000000
36432  7.450  -21.905  61.732 0.0000000000
36433  6.955  -23.440  61.477 0.0000000000
36434  6.597  -24.841  61.158 0.0000000000
36435  7.088  -25.910  59.830 0.0000000000
36436  7.681  -26.990  58.492 0.0000000000
36437  7.829  -28.060  57.080 0.0000000000
36438  7.437  -27.625  55.951 0.0000000000
36441  6.659  -24.568  55.529 0.0000000000
36442  6.298  -25.560  54.279 0.0000000000
36449  7.659  -11.787  62.031 0.0000000000
36451  8.106  -11.225  60.995 0.0000000000
36452  7.023  -12.937  61.196 0.0000000000
36453  6.415  -13.976  60.237 0.0000000000
36454  5.976  -15.300  59.329 0.0000000000
36455  5.927  -16.638  58.364 0.0000000000
36462  6.196  -14.657  57.086 0.0000000000
36463  5.965  -16.307  57.254 0.0000000000
36464  6.326  -17.772  57.274 0.0000000000
36465  6.734  -18.827  56.226 0.0000000000
36466  6.916  -19.771  55.250 0.0000000000
36467  6.936  -20.833  54.186 0.0000000000
36469  6.770  -20.402  53.081 0.0000000000
41170  13.332  -20.099  72.208 0.0000000000
41171  13.016  -19.835  72.024 0.0000000000
41172  13.450  -19.598  71.716 0.0000000000
41180  14.183  -20.127  71.959 0.0000000000
41181  14.129  -20.673  72.281 0.0000000000
41182  13.669  -20.405  72.245 0.0000000000
41183  13.237  -20.660  72.493 0.0000000000
41938  7.550  -30.525  56.980 0.0000000000
41940  7.438  -30.246  56.369 0.0000000000
41941  7.294  -29.965  55.785 0.0000000000
41942  7.608  -29.472  56.311 0.0000000000
42385  5.472  -25.860  72.511 0.0000000000
42386  5.344  -25.507  72.226 0.0000000000
42387  5.815  -25.021  72.543 0.0000000000
42415  18.798  -23.202  64.539 0.0000000000
42416  18.512  -23.498  63.851 0.0000000000
42417  18.229  -23.383  64.517 0.0000000000
42425  6.309  -25.648  72.998 0.0000000000
42426  6.162  -26.282  72.936 0.0000000000
42427  5.794  -26.116  72.767 0.0000000000
42428  5.341  -26.534  72.523 0.0000000000
42903  5.835  -21.488  66.619 0.0000000000
42904  5.874  -22.094  66.184 0.0000000000
42905  6.005  -21.308  66.153 0.0000000000
42906  6.711  -18.257  59.012 0.0000000000
42907  7.133  -18.891  59.125 0.0000000000
42908  7.088  -18.766  58.507 0.0000000000
42909  7.343  -19.307  57.959 0.0000000000
42910  6.930  -18.652  57.896 0.0000000000
44785  9.314  -22.645  73.505 0.0000000000
44786  9.085  -22.215  73.313 0.0000000000
44787  9.594  -21.838  73.288 0.0000000000
44815  16.809  -22.219  69.522 0.0000000000
44816  16.504  -22.546  69.071 0.0000000000
44817  16.225  -22.439  69.587 0.0000000000
44818  12.921  -23.892  71.152 0.0000000000
44819  13.222  -24.040  70.546 0.0000000000
44820  12.691  -24.393  70.686 0.0000000000
44821  12.432  -24.816  70.265 0.0000000000
44822  12.199  -24.703  70.899 0.0000000000
44823  11.760  -24.981  71.063 0.0000000000
44824  12.008  -24.484  71.489 0.0000000000
44825  10.176  -22.565  73.434 0.0000000000
44826  10.073  -23.168  73.442 0.0000000000
44827  9.667  -22.903  73.531 0.0000000000
44828  9.151  -23.254  73.598 0.0000000000
45303  5.135  -15.227  66.150 0.0000000000
45304  5.013  -15.850  65.647 0.0000000000
45305  5.119  -15.045  65.609 0.0000000000
45306  6.242  -13.351  62.685 0.0000000000
45307  5.713  -14.077  62.640 0.0000000000
45308  5.973  -13.874  62.235 0.0000000000
45309  5.708  -14.451  61.754 0.0000000000
45310  6.236  -13.739  61.713 0.0000000000
48430  3.261  -29.372  68.790 0.0000000000
48431  3.380  -29.071  68.329 0.0000000000
48432  3.498  -28.618  68.922 0.0000000000
48433  5.144  -23.589  69.824 0.0000000000
48434  5.017  -24.076  69.413 0.0000000000
48435  5.154  -23.353  69.368 0.0000000000
48436  5.211  -23.027  69.025 0.0000000000
48437  5.281  -22.519  69.421 0.0000000000
48438  7.693  -20.034  71.803 0.0000000000
48439  7.272  -20.422  71.749 0.0000000000
48440  7.539  -19.645  71.509 0.0000000000
48441  6.301  -16.955  69.519 0.0000000000
48442  6.230  -17.634  69.697 0.0000000000
48443  6.053  -17.370  69.300 0.0000000000
48444  5.859  -17.821  69.088 0.0000000000
48445  5.805  -17.114  68.974 0.0000000000
48446  5.644  -16.830  68.582 0.0000000000
48447  5.876  -16.392  68.837 0.0000000000
48550  8.987  -27.117  71.354 0.0000000000
48551  8.774  -27.704  70.711 0.0000000000
48552  8.561  -27.501  71.319 0.0000000000
48553  5.613  -30.244  71.148 0.0000000000
48554  5.991  -30.409  70.803 0.0000000000
48560  3.406  -29.118  69.912 0.0000000000
48561  3.290  -29.791  69.887 0.0000000000
48562  3.257  -29.534  69.351 0.0000000000
48563  3.130  -29.981  68.765 0.0000000000
49983  4.747  -27.413  65.929 0.0000000000
49984  4.775  -27.934  65.325 0.0000000000
49985  4.972  -27.251  65.435 0.0000000000
49986  6.057  -25.343  62.651 0.0000000000
49987  6.141  -26.058  62.547 0.0000000000
49988  6.279  -25.893  62.023 0.0000000000
49989  6.625  -26.450  61.422 0.0000000000
49990  6.481  -25.742  61.509 0.0000000000
49991  6.469  -19.249  63.286 0.0000000000
49992  6.789  -19.969  63.377 0.0000000000
49993  6.890  -19.798  62.870 0.0000000000
49994  7.567  -23.295  58.622 0.0000000000
49995  7.493  -23.454  59.177 0.0000000000
49996  7.336  -24.038  58.404 0.0000000000
49997  7.195  -24.747  58.221 0.0000000000
49998  7.198  -24.572  57.657 0.0000000000
49999  7.068  -25.121  57.006 0.0000000000
50000  7.088  -24.421  57.142 0.0000000000
50001  6.854  -22.594  54.557 0.0000000000
50002  6.618  -23.300  54.362 0.0000000000
50003  6.601  -23.164  53.936 0.0000000000
50010  8.065  -11.228  58.921 0.0000000000
50011  7.763  -11.917  58.488 0.0000000000
50012  7.404  -12.723  58.569 0.0000000000
50013  7.371  -12.532  58.027 0.0000000000
50017  5.325  -15.801  54.174 0.0000000000
50018  5.376  -15.152  54.723 0.0000000000
50019  5.422  -16.035  54.653 0.0000000000
50020  5.557  -16.248  55.155 0.0000000000
50021  5.514  -16.797  54.639 0.0000000000
50022  5.717  -17.560  54.597 0.0000000000
50023  5.543  -17.371  54.105 0.0000000000
54385  11.361  -21.259  73.071 0.0000000000
54386  11.151  -20.882  72.990 0.0000000000
54387  11.612  -20.626  72.832 0.0000000000
54388  12.354  -19.320  71.415 0.0000000000
54415  15.794  -21.270  71.414 0.0000000000
54416  15.475  -21.865  71.174 0.0000000000
54417  15.225  -21.565  71.623 0.0000000000
54418  13.823  -21.910  72.392 0.0000000000
54419  14.150  -22.120  72.022 0.0000000000
54420  13.620  -22.383  72.151 0.0000000000
54421  13.463  -22.910  71.839 0.0000000000
54422  13.104  -22.650  72.302 0.0000000000
54423  12.552  -22.959  72.461 0.0000000000
54424  12.819  -22.392  72.664 0.0000000000
54425  12.244  -21.234  72.926 0.0000000000
54426  12.118  -21.801  73.015 0.0000000000
54427  11.706  -21.597  73.099 0.0000000000
54428  11.191  -21.925  73.237 0.0000000000
54904  6.096  -12.856  65.539 0.0000000000
54907  6.964  -11.964  64.501 0.0000000000
54908  7.224  -11.759  63.989 0.0000000000
54909  6.922  -12.272  63.546 0.0000000000
54910  7.471  -11.612  63.457 0.0000000000
58030  3.994  -27.653  70.947 0.0000000000
58031  4.042  -27.297  70.546 0.0000000000
58032  4.298  -26.889  71.007 0.0000000000
58033  5.161  -24.852  71.519 0.0000000000
58034  4.846  -25.326  71.124 0.0000000000
58035  5.169  -24.487  71.122 0.0000000000
58036  5.151  -24.131  70.714 0.0000000000
58037  5.418  -23.649  71.110 0.0000000000
58038  8.522  -17.223  70.441 0.0000000000
58039  8.065  -17.517  70.638 0.0000000000
58040  8.210  -16.897  70.239 0.0000000000
58042  7.736  -16.150  69.840 0.0000000000
58044  7.097  -16.129  69.694 0.0000000000
58045  7.283  -15.412  69.477 0.0000000000
58046  6.983  -15.081  69.333 0.0000000000
58150  7.705  -26.466  72.899 0.0000000000
58151  7.552  -27.120  72.528 0.0000000000
58152  7.231  -26.889  72.768 0.0000000000
58153  5.898  -27.649  72.562 0.0000000000
58154  6.289  -27.776  72.465 0.0000000000
58155  5.822  -28.258  72.285 0.0000000000
58156  5.764  -28.942  71.947 0.0000000000
58157  5.353  -28.749  72.073 0.0000000000
58158  4.894  -29.271  71.810 0.0000000000
58159  4.984  -28.568  72.085 0.0000000000
58160  4.475  -27.449  71.805 0.0000000000
58161  4.363  -28.090  71.756 0.0000000000
58162  4.085  -27.894  71.393 0.0000000000
58163  3.803  -28.306  70.942 0.0000000000
59583  5.304  -24.414  66.393 0.0000000000
59584  5.348  -24.991  65.765 0.0000000000
59585  5.440  -24.279  65.883 0.0000000000
59586  5.854  -23.228  65.129 0.0000000000
59587  5.703  -23.950  64.945 0.0000000000
59588  5.826  -23.750  64.560 0.0000000000
59589  5.827  -24.309  63.924 0.0000000000
59590  6.023  -23.581  64.056 0.0000000000
59591  6.781  -18.756  61.264 0.0000000000
59592  7.135  -19.386  61.319 0.0000000000
59593  7.197  -19.266  60.782 0.0000000000
59594  7.873  -20.328  59.131 0.0000000000
59595  7.861  -20.461  59.698 0.0000000000
59596  7.976  -21.078  59.073 0.0000000000
59597  7.915  -21.839  58.911 0.0000000000
59598  7.932  -21.664  58.376 0.0000000000
59599  7.763  -22.236  57.657 0.0000000000
59600  7.897  -21.489  57.819 0.0000000000
59601  7.577  -20.353  56.847 0.0000000000
59602  7.675  -21.137  56.785 0.0000000000
59603  7.495  -20.885  56.285 0.0000000000
59604  7.350  -21.487  55.737 0.0000000000
59605  7.332  -20.660  55.797 0.0000000000
59620  5.299  -15.266  53.303 0.0000000000
59621  5.428  -15.902  52.695 0.0000000000
59622  5.516  -16.769  52.577 0.0000000000
59623  5.596  -16.524  52.104 0.0000000000
65230  7.389  -24.108  73.388 0.0000000000
65231  7.158  -23.722  73.263 0.0000000000
65232  7.570  -23.360  73.331 0.0000000000
65233  8.587  -21.485  72.964 0.0000000000
65234  8.123  -21.839  72.963 0.0000000000
65235  8.389  -21.045  72.730 0.0000000000
65236  8.099  -20.728  72.466 0.0000000000
65237  8.590  -20.364  72.451 0.0000000000
65238  10.585  -20.188  72.613 0.0000000000
65239  10.103  -20.468  72.751 0.0000000000
65240  10.270  -19.911  72.363 0.0000000000
65242  9.734  -19.203  71.775 0.0000000000
65243  9.538  -18.802  71.482 0.0000000000
65244  9.065  -19.036  71.659 0.0000000000
65245  9.215  -18.423  71.133 0.0000000000
65246  9.067  -17.988  70.853 0.0000000000
65247  9.465  -17.767  70.598 0.0000000000
65320  17.730  -22.698  67.120 0.0000000000
65321  17.485  -22.982  66.537 0.0000000000
65322  17.110  -22.893  67.119 0.0000000000
65323  15.731  -23.206  67.965 0.0000000000
65324  15.931  -23.355  67.341 0.0000000000
65325  15.380  -23.553  67.400 0.0000000000
65328  14.995  -22.697  70.472 0.0000000000
65329  15.157  -22.886  69.885 0.0000000000
65330  14.639  -23.159  70.038 0.0000000000
65331  13.504  -24.301  69.209 0.0000000000
65332  13.941  -23.990  69.048 0.0000000000
65333  13.678  -24.370  68.555 0.0000000000
65334  13.884  -24.380  67.796 0.0000000000
65335  13.440  -24.790  67.923 0.0000000000
65337  12.971  -25.160  68.051 0.0000000000
65339  12.282  -25.832  68.296 0.0000000000
65345  10.930  -25.616  71.293 0.0000000000
65347  10.442  -25.983  71.332 0.0000000000
65348  9.969  -26.326  71.368 0.0000000000
65349  10.207  -25.788  71.949 0.0000000000
65350  11.588  -23.579  72.759 0.0000000000
65351  11.443  -24.164  72.517 0.0000000000
65352  11.091  -23.980  72.863 0.0000000000
65353  9.776  -24.413  73.340 0.0000000000
65354  10.141  -24.645  73.096 0.0000000000
65355  9.675  -24.971  73.168 0.0000000000
65356  9.491  -25.514  72.818 0.0000000000
65357  9.183  -25.331  73.157 0.0000000000
65358  8.702  -25.686  73.101 0.0000000000
65359  8.852  -25.110  73.369 0.0000000000
65360  8.183  -24.011  73.532 0.0000000000
65361  8.025  -24.709  73.498 0.0000000000
65362  7.733  -24.405  73.472 0.0000000000
65363  7.250  -24.790  73.385 0.0000000000
66783  5.364  -18.333  66.405 0.0000000000
66784  5.635  -18.896  66.040 0.0000000000
66785  5.342  -18.150  65.921 0.0000000000
66786  5.101  -17.122  64.812 0.0000000000
66787  5.295  -17.864  64.871 0.0000000000
66788  5.345  -17.705  64.419 0.0000000000
66789  5.689  -18.229  64.053 0.0000000000
66790  5.366  -17.529  63.948 0.0000000000
66791  5.523  -13.961  64.626 0.0000000000
66792  5.169  -14.674  64.649 0.0000000000
66793  5.254  -14.533  64.128 0.0000000000
66794  5.185  -15.609  62.765 0.0000000000
66795  5.082  -15.748  63.306 0.0000000000
66796  5.224  -16.447  62.891 0.0000000000
66797  5.472  -17.238  62.949 0.0000000000
66798  5.494  -17.070  62.484 0.0000000000
66799  5.874  -17.657  62.064 0.0000000000
66800  5.546  -16.947  61.947 0.0000000000
66801  5.526  -15.807  60.826 0.0000000000
66802  5.593  -16.606  60.909 0.0000000000
66803  5.651  -16.469  60.375 0.0000000000
66804  5.927  -17.111  59.921 0.0000000000
66805  5.712  -16.344  59.880 0.0000000000
70630  15.297  -19.223  70.953 0.0000000000
70631  14.907  -19.003  70.618 0.0000000000
70632  15.301  -18.828  70.267 0.0000000000
70715  21.233  -22.481  64.987 0.0000000000
70716  20.911  -22.741  64.269 0.0000000000
70717  20.666  -22.645  64.801 0.0000000000
70719  20.313  -22.578  65.341 0.0000000000
70731  22.550  -20.736  68.935 0.0000000000
70732  23.051  -20.551  68.943 0.0000000000
70733  22.890  -20.893  68.542 0.0000000000
70734  23.235  -21.041  67.989 0.0000000000
70735  22.714  -21.273  67.913 0.0000000000
70736  22.329  -21.603  67.189 0.0000000000
70737  21.987  -21.472  67.699 0.0000000000
70740  20.221  -22.030  67.332 0.0000000000
70741  19.763  -22.404  66.566 0.0000000000
70742  19.549  -22.261  67.214 0.0000000000
70745  19.006  -21.399  69.488 0.0000000000
70746  18.698  -21.750  68.964 0.0000000000
70747  18.434  -21.578  69.462 0.0000000000
70748  17.835  -21.805  69.464 0.0000000000
70749  18.223  -21.399  69.961 0.0000000000
70754  18.265  -20.099  70.934 0.0000000000
70755  17.745  -20.339  70.959 0.0000000000
70756  17.563  -20.960  70.717 0.0000000000
70757  17.190  -20.617  71.008 0.0000000000
70758  16.701  -20.853  71.074 0.0000000000
70759  16.871  -20.321  71.199 0.0000000000
70760  16.190  -19.196  70.831 0.0000000000
70761  16.154  -19.631  71.226 0.0000000000
70762  15.689  -19.420  71.175 0.0000000000
70763  15.203  -19.666  71.437 0.0000000000
76165  3.148  -31.206  66.547 0.0000000000
76167  3.308  -30.440  66.617 0.0000000000
76168  3.728  -28.481  67.505 0.0000000000
76169  3.718  -28.964  66.943 0.0000000000
76170  4.009  -28.259  67.117 0.0000000000
76171  4.243  -27.955  66.749 0.0000000000
76172  4.265  -27.494  67.312 0.0000000000
76173  4.201  -26.664  69.733 0.0000000000
76174  4.004  -27.147  69.217 0.0000000000
76175  4.321  -26.411  69.252 0.0000000000
76176  4.857  -25.056  68.527 0.0000000000
76177  4.646  -25.796  68.481 0.0000000000
76178  4.814  -25.523  68.053 0.0000000000
76179  4.781  -25.993  67.558 0.0000000000
76180  4.917  -25.271  67.574 0.0000000000
76181  5.072  -24.981  67.179 0.0000000000
76182  5.091  -24.529  67.649 0.0000000000
76183  5.377  -22.556  68.178 0.0000000000
76184  5.330  -23.091  67.721 0.0000000000
76185  5.494  -22.308  67.813 0.0000000000
76186  5.606  -22.061  67.384 0.0000000000
76187  5.585  -21.549  67.763 0.0000000000
76188  6.698  -23.013  72.687 0.0000000000
76189  6.265  -23.451  72.467 0.0000000000
76190  6.559  -22.687  72.373 0.0000000000
76191  6.490  -21.300  71.467 0.0000000000
76192  6.326  -22.034  71.616 0.0000000000
76193  6.156  -21.745  71.232 0.0000000000
76194  5.848  -22.228  70.933 0.0000000000
76195  6.045  -21.394  70.820 0.0000000000
76196  7.212  -18.163  70.756 0.0000000000
76197  7.041  -18.863  70.946 0.0000000000
76198  6.829  -18.550  70.638 0.0000000000
76199  6.053  -19.221  69.869 0.0000000000
76200  6.203  -19.460  70.262 0.0000000000
76201  5.967  -19.980  69.982 0.0000000000
76202  5.815  -20.707  70.051 0.0000000000
76203  5.773  -20.479  69.662 0.0000000000
76204  5.606  -20.995  69.321 0.0000000000
76205  5.736  -20.174  69.303 0.0000000000
76206  5.630  -18.872  68.431 0.0000000000
76207  5.645  -19.692  68.427 0.0000000000
76208  5.584  -19.414  68.030 0.0000000000
76209  5.620  -19.964  67.688 0.0000000000
76210  5.545  -19.141  67.672 0.0000000000
76211  5.506  -18.885  67.215 0.0000000000
76212  5.423  -18.347  67.557 0.0000000000
76213  5.384  -16.321  67.785 0.0000000000
76214  5.254  -16.841  67.478 0.0000000000
76215  5.324  -16.033  67.406 0.0000000000
76216  5.241  -15.716  66.980 0.0000000000
76217  5.406  -15.216  67.333 0.0000000000
76219  6.200  -14.831  68.718 0.0000000000
76458  16.697  -23.655  65.188 0.0000000000
76459  16.956  -23.726  64.494 0.0000000000
76460  16.355  -23.910  64.597 0.0000000000
76528  8.474  -28.845  69.283 0.0000000000
76529  8.698  -29.035  68.511 0.0000000000
76533  7.353  -28.290  71.644 0.0000000000
76534  7.638  -28.456  71.170 0.0000000000
76535  7.214  -28.931  71.091 0.0000000000
76565  2.992  -30.963  67.588 0.0000000000
76567  2.985  -31.474  67.028 0.0000000000
80826  5.012  -29.119  64.046 0.0000000000
80827  4.759  -29.888  63.887 0.0000000000
80828  5.135  -29.686  63.495 0.0000000000
80830  5.500  -29.550  62.989 0.0000000000
80831  5.484  -26.067  64.616 0.0000000000
80832  5.407  -26.806  64.498 0.0000000000
80833  5.617  -26.598  64.019 0.0000000000
80834  6.335  -27.560  62.367 0.0000000000
80835  6.070  -27.726  62.836 0.0000000000
80836  6.368  -28.378  62.218 0.0000000000
80837  6.233  -29.188  62.045 0.0000000000
80840  6.877  -28.765  61.129 0.0000000000
80841  7.296  -27.585  60.243 0.0000000000
80842  7.365  -28.354  60.156 0.0000000000
80843  7.546  -28.089  59.641 0.0000000000
80844  7.726  -28.701  58.932 0.0000000000
80845  7.706  -27.909  59.032 0.0000000000
80846  6.167  -20.006  65.294 0.0000000000
80847  6.299  -20.818  65.325 0.0000000000
80848  6.433  -20.594  64.898 0.0000000000
80849  6.985  -21.628  63.391 0.0000000000
80850  6.715  -21.837  63.860 0.0000000000
80851  6.772  -22.433  63.280 0.0000000000
80852  6.518  -23.197  63.128 0.0000000000
80853  6.761  -23.015  62.642 0.0000000000
80854  7.664  -20.923  61.310 0.0000000000
80855  7.533  -21.067  61.827 0.0000000000
80856  7.621  -21.738  61.208 0.0000000000
80857  7.166  -23.792  60.282 0.0000000000
80858  7.197  -23.253  60.963 0.0000000000
80859  6.922  -23.971  60.808 0.0000000000
80860  6.693  -24.169  61.326 0.0000000000
80861  6.733  -24.680  60.621 0.0000000000
80862  6.775  -25.360  60.462 0.0000000000
80863  6.922  -25.241  59.886 0.0000000000
80864  7.489  -26.118  57.996 0.0000000000
80865  7.494  -26.265  58.585 0.0000000000
80866  7.657  -26.774  57.872 0.0000000000
80867  7.823  -27.515  57.778 0.0000000000
80868  7.737  -27.274  57.146 0.0000000000
80869  7.663  -27.852  56.473 0.0000000000
80870  7.531  -27.111  56.585 0.0000000000
80871  6.902  -26.103  55.661 0.0000000000
80875  6.500  -26.408  54.599 0.0000000000
80876  7.124  -23.367  56.313 0.0000000000
80877  6.898  -24.074  56.147 0.0000000000
80878  6.819  -23.869  55.691 0.0000000000
80879  6.270  -24.714  53.967 0.0000000000
80880  6.331  -24.899  54.488 0.0000000000
80881  6.178  -25.394  53.802 0.0000000000
80883  6.101  -25.874  53.148 0.0000000000
80903  8.272  -11.019  60.435 0.0000000000
80904  7.802  -11.909  60.603 0.0000000000
80905  7.561  -12.108  61.091 0.0000000000
80906  7.272  -12.720  60.662 0.0000000000
80907  6.718  -13.443  60.695 0.0000000000
80908  6.935  -13.307  60.195 0.0000000000
80909  6.484  -14.355  58.697 0.0000000000
80910  6.327  -14.471  59.231 0.0000000000
80911  6.122  -15.125  58.787 0.0000000000
80912  5.902  -15.988  58.845 0.0000000000
80913  6.009  -15.790  58.307 0.0000000000
80925  5.742  -13.876  55.714 0.0000000000
80927  6.126  -13.250  56.181 0.0000000000
80929  6.302  -13.536  56.606 0.0000000000
80930  6.480  -13.773  57.066 0.0000000000
80931  6.083  -14.392  56.616 0.0000000000
80932  5.876  -16.692  56.127 0.0000000000
80933  5.913  -16.095  56.689 0.0000000000
80934  5.984  -16.874  56.746 0.0000000000
80935  6.059  -17.056  57.330 0.0000000000
80936  6.181  -17.624  56.795 0.0000000000
80937  6.560  -18.337  56.755 0.0000000000
80938  6.337  -18.161  56.245 0.0000000000
80939  6.324  -18.971  54.666 0.0000000000
80940  6.541  -19.170  55.186 0.0000000000
80941  6.643  -19.606  54.683 0.0000000000
80942  6.944  -20.283  54.702 0.0000000000
80943  6.765  -20.100  54.178 0.0000000000
80945  5.859  -18.502  53.021 0.0000000000
92536  12.328  -20.690  72.728 0.0000000000
92537  12.066  -20.386  72.617 0.0000000000
92538  12.588  -20.093  72.309 0.0000000000
92539  12.682  -19.513  71.743 0.0000000000
92540  12.837  -19.121  71.031 0.0000000000
92554  15.061  -20.714  71.921 0.0000000000
92555  14.873  -21.276  71.972 0.0000000000
92556  14.480  -20.996  72.188 0.0000000000
92557  13.952  -21.244  72.351 0.0000000000
92558  13.460  -21.504  72.527 0.0000000000
92559  12.972  -21.779  72.724 0.0000000000
92560  13.061  -21.260  72.740 0.0000000000
92561  12.778  -20.931  72.725 0.0000000000
93925  7.082  -29.664  55.259 0.0000000000
93926  7.197  -28.953  55.247 0.0000000000
94723  4.642  -26.758  71.822 0.0000000000
94724  4.628  -26.375  71.483 0.0000000000
94725  4.967  -25.934  71.878 0.0000000000
94726  5.215  -25.185  71.928 0.0000000000
94727  5.519  -24.366  71.887 0.0000000000
94795  6.974  -26.087  73.163 0.0000000000
94796  6.886  -26.690  72.920 0.0000000000
94797  6.484  -26.517  72.987 0.0000000000
94798  5.964  -26.986  72.777 0.0000000000
94799  5.541  -27.407  72.564 0.0000000000
94800  5.063  -27.900  72.297 0.0000000000
94801  5.187  -27.168  72.457 0.0000000000
94802  4.898  -26.986  72.186 0.0000000000
95655  5.600  -23.055  66.516 0.0000000000
95656  5.581  -23.646  65.941 0.0000000000
95657  5.733  -22.900  66.099 0.0000000000
95658  5.867  -22.673  65.684 0.0000000000
95659  6.082  -22.493  65.212 0.0000000000
95660  6.726  -18.475  60.166 0.0000000000
95661  7.244  -19.164  60.245 0.0000000000
95662  7.181  -19.010  59.716 0.0000000000
95663  7.570  -19.593  59.140 0.0000000000
95664  7.863  -20.211  58.495 0.0000000000
95665  7.915  -20.776  57.909 0.0000000000
95666  7.712  -19.998  57.966 0.0000000000
95667  7.507  -19.815  57.436 0.0000000000
95668  7.320  -19.649  56.887 0.0000000000
99043  8.296  -23.377  73.518 0.0000000000
99044  8.031  -22.997  73.357 0.0000000000
99045  8.532  -22.623  73.349 0.0000000000
99046  8.810  -21.879  73.175 0.0000000000
99047  9.058  -21.136  72.951 0.0000000000
99049  10.533  -19.265  71.809 0.0000000000
99051  10.404  -18.399  70.874 0.0000000000
99052  10.106  -18.002  70.548 0.0000000000
99053  9.851  -17.597  70.311 0.0000000000
99054  10.244  -17.448  69.950 0.0000000000
99097  17.305  -22.404  68.356 0.0000000000
99098  16.902  -22.799  67.802 0.0000000000
99099  16.643  -22.667  68.420 0.0000000000
99100  16.068  -22.880  68.520 0.0000000000
99101  15.552  -23.111  68.650 0.0000000000
99102  13.938  -23.268  70.821 0.0000000000
99103  14.197  -23.394  70.244 0.0000000000
99104  13.729  -23.682  70.399 0.0000000000
99105  13.407  -24.174  69.836 0.0000000000
99106  13.031  -24.601  69.356 0.0000000000
99113  11.407  -25.263  71.217 0.0000000000
99114  11.121  -25.156  71.797 0.0000000000
99115  10.909  -23.116  73.234 0.0000000000
99116  10.755  -23.711  73.174 0.0000000000
99117  10.378  -23.491  73.330 0.0000000000
99118  9.876  -23.839  73.426 0.0000000000
99119  9.406  -24.179  73.533 0.0000000000
99120  8.942  -24.516  73.540 0.0000000000
99121  9.089  -23.905  73.571 0.0000000000
99122  8.627  -23.615  73.572 0.0000000000
99975  5.059  -16.822  66.254 0.0000000000
99976  5.132  -17.454  65.786 0.0000000000
99977  5.028  -16.609  65.780 0.0000000000
99978  4.966  -16.469  65.219 0.0000000000
99979  4.986  -16.294  64.724 0.0000000000
99980  5.818  -13.629  63.640 0.0000000000
99981  5.408  -14.355  63.632 0.0000000000
99982  5.537  -14.200  63.148 0.0000000000
99983  5.369  -14.781  62.723 0.0000000000
99984  5.287  -15.456  62.269 0.0000000000
99985  5.318  -16.175  61.852 0.0000000000
99986  5.429  -15.260  61.795 0.0000000000
99987  5.568  -15.087  61.304 0.0000000000
99988  5.731  -14.919  60.809 0.0000000000
102336  21.619  -22.177  65.753 0.0000000000
102346  21.884  -21.015  68.735 0.0000000000
102351  19.614  -21.720  68.445 0.0000000000
102353  19.559  -21.279  69.477 0.0000000000
102354  19.232  -21.016  69.946 0.0000000000
102360  16.982  -19.734  71.023 0.0000000000
105604  3.131  -30.250  67.674 0.0000000000
105605  3.291  -29.956  67.171 0.0000000000
105606  3.301  -29.511  67.743 0.0000000000
105607  3.544  -28.753  67.968 0.0000000000
105608  3.797  -28.006  68.104 0.0000000000
105609  4.764  -25.163  69.843 0.0000000000
105610  4.601  -25.656  69.375 0.0000000000
105611  4.836  -24.864  69.412 0.0000000000
105612  4.923  -24.562  68.990 0.0000000000
105613  5.038  -24.329  68.515 0.0000000000
105614  5.113  -24.058  68.068 0.0000000000
105615  5.166  -23.545  68.568 0.0000000000
105616  5.268  -22.819  68.516 0.0000000000
105617  5.416  -22.035  68.587 0.0000000000
105618  7.201  -21.504  72.368 0.0000000000
105619  6.791  -21.920  72.227 0.0000000000
105620  7.094  -21.175  72.031 0.0000000000
105621  6.875  -20.843  71.638 0.0000000000
105622  6.704  -20.496  71.253 0.0000000000
105623  6.758  -17.534  70.127 0.0000000000
105624  6.598  -18.283  70.326 0.0000000000
105625  6.422  -17.965  69.988 0.0000000000
105626  6.150  -18.413  69.779 0.0000000000
105627  5.947  -18.869  69.523 0.0000000000
105628  5.802  -19.421  69.184 0.0000000000
105629  5.832  -18.605  69.137 0.0000000000
105630  5.715  -18.293  68.809 0.0000000000
105631  5.541  -18.110  68.312 0.0000000000
105632  5.421  -17.846  67.919 0.0000000000
105633  5.493  -17.326  68.299 0.0000000000
105634  5.489  -16.605  68.192 0.0000000000
105635  5.593  -15.780  68.123 0.0000000000
105780  15.462  -24.122  65.352 0.0000000000
105781  15.712  -24.200  64.682 0.0000000000
105782  15.120  -24.427  64.787 0.0000000000
105820  9.495  -27.436  70.030 0.0000000000
105822  9.048  -27.831  70.030 0.0000000000
105823  8.630  -28.248  69.998 0.0000000000
105824  8.225  -28.693  69.950 0.0000000000
105826  6.805  -29.416  70.996 0.0000000000
105838  3.616  -29.640  70.763 0.0000000000
105839  3.606  -30.277  70.631 0.0000000000
105840  3.393  -29.991  70.317 0.0000000000
105844  3.003  -30.727  68.719 0.0000000000
105845  3.033  -30.458  68.184 0.0000000000
108399  4.249  -28.885  65.626 0.0000000000
108400  4.327  -29.474  64.936 0.0000000000
108401  4.549  -28.705  65.166 0.0000000000
108402  4.873  -28.461  64.717 0.0000000000
108403  5.184  -28.353  64.230 0.0000000000
108404  5.774  -25.718  63.610 0.0000000000
108405  5.792  -26.442  63.523 0.0000000000
108406  5.980  -26.247  63.017 0.0000000000
108407  6.251  -26.767  62.462 0.0000000000
108408  6.570  -27.306  61.911 0.0000000000
108409  6.917  -27.955  61.297 0.0000000000
108410  6.840  -27.202  61.336 0.0000000000
108411  7.004  -27.013  60.822 0.0000000000
108412  7.147  -26.797  60.350 0.0000000000
108413  6.333  -19.624  64.281 0.0000000000
108414  6.573  -20.357  64.410 0.0000000000
108415  6.677  -20.196  63.867 0.0000000000
108416  7.002  -20.806  63.429 0.0000000000
108417  7.226  -21.453  62.894 0.0000000000
108418  7.811  -22.174  60.019 0.0000000000
108419  7.635  -22.341  60.597 0.0000000000
108420  7.600  -22.900  59.892 0.0000000000
108421  7.347  -23.594  59.764 0.0000000000
108422  7.150  -24.323  59.574 0.0000000000
108423  7.064  -25.035  59.370 0.0000000000
108424  7.191  -24.877  58.846 0.0000000000
108425  7.291  -25.445  58.115 0.0000000000
108426  7.370  -25.963  57.363 0.0000000000
108427  7.385  -26.422  56.692 0.0000000000
108428  7.202  -25.815  56.791 0.0000000000
108429  7.021  -25.622  56.325 0.0000000000
108430  6.776  -25.451  55.780 0.0000000000
108431  6.934  -22.981  55.401 0.0000000000
108432  6.727  -23.669  55.247 0.0000000000
108433  6.661  -23.484  54.796 0.0000000000
108434  6.422  -24.009  54.154 0.0000000000
108435  6.275  -24.507  53.522 0.0000000000
108448  8.092  -11.493  59.436 0.0000000000
108449  7.704  -12.371  59.581 0.0000000000
108450  7.130  -13.162  59.639 0.0000000000
108451  7.338  -12.953  59.126 0.0000000000
108452  6.933  -13.564  58.630 0.0000000000
108453  6.572  -14.194  58.134 0.0000000000
108462  5.514  -14.514  55.268 0.0000000000
108463  5.642  -14.748  55.730 0.0000000000
108464  5.806  -15.011  56.150 0.0000000000
108465  5.644  -15.648  55.636 0.0000000000
108466  5.713  -16.443  55.663 0.0000000000
108467  5.912  -17.240  55.664 0.0000000000
108468  6.139  -17.981  55.683 0.0000000000
108469  5.931  -17.779  55.133 0.0000000000
108470  5.979  -18.315  54.579 0.0000000000
108471  6.083  -18.825  54.085 0.0000000000
116074  10.337  -21.894  73.324 0.0000000000
116075  10.106  -21.494  73.235 0.0000000000
116076  10.669  -21.168  73.106 0.0000000000
116077  10.843  -20.570  72.776 0.0000000000
116078  11.071  -19.939  72.360 0.0000000000
116079  11.793  -20.041  72.374 0.0000000000
116081  11.229  -19.376  71.819 0.0000000000
116116  16.333  -21.851  70.590 0.0000000000
116117  16.014  -22.296  70.196 0.0000000000
116118  15.778  -22.084  70.736 0.0000000000
116119  15.266  -22.322  70.876 0.0000000000
116120  14.787  -22.595  71.063 0.0000000000
116121  14.698  -21.858  71.886 0.0000000000
116122  14.512  -22.345  71.527 0.0000000000
116123  14.284  -22.790  71.239 0.0000000000
116124  13.730  -23.079  71.395 0.0000000000
116125  13.153  -23.447  71.544 0.0000000000
116126  12.673  -23.737  71.687 0.0000000000
116127  12.180  -24.047  71.876 0.0000000000
116128  12.288  -23.578  72.140 0.0000000000
116129  12.046  -23.261  72.622 0.0000000000
116130  11.742  -23.069  72.987 0.0000000000
116131  12.466  -22.111  72.870 0.0000000000
116132  11.887  -22.466  73.013 0.0000000000
116133  11.378  -22.796  73.134 0.0000000000
116134  11.054  -22.494  73.286 0.0000000000
116135  10.696  -22.219  73.333 0.0000000000
116799  5.610  -13.720  66.093 0.0000000000
116800  5.352  -14.289  65.605 0.0000000000
116801  5.696  -13.536  65.612 0.0000000000
116802  5.800  -13.375  65.105 0.0000000000
116803  5.933  -13.227  64.622 0.0000000000
116804  6.780  -12.045  64.997 0.0000000000
116805  6.445  -12.595  64.557 0.0000000000
116806  6.124  -13.092  64.097 0.0000000000
116807  6.341  -12.962  63.613 0.0000000000
116808  6.618  -12.812  63.127 0.0000000000
116809  6.866  -12.698  62.581 0.0000000000
121177  3.554  -28.488  69.938 0.0000000000
121178  3.649  -28.151  69.495 0.0000000000
121179  3.827  -27.709  70.044 0.0000000000
121180  4.052  -26.984  70.120 0.0000000000
121181  4.390  -26.209  70.230 0.0000000000
121182  4.579  -26.076  71.118 0.0000000000
121183  4.589  -25.769  70.688 0.0000000000
121184  4.669  -25.476  70.269 0.0000000000
121185  4.948  -24.640  70.291 0.0000000000
121186  5.142  -23.887  70.306 0.0000000000
121187  5.318  -23.150  70.231 0.0000000000
121188  8.101  -18.511  71.221 0.0000000000
121189  7.679  -18.816  71.292 0.0000000000
121190  7.862  -18.124  71.009 0.0000000000
121191  7.620  -17.824  70.759 0.0000000000
121192  7.368  -17.484  70.482 0.0000000000
121193  8.032  -16.460  70.024 0.0000000000
121194  7.587  -16.783  70.128 0.0000000000
121195  7.137  -17.123  70.165 0.0000000000
121196  6.890  -16.830  69.928 0.0000000000
121197  6.716  -16.518  69.664 0.0000000000
121198  6.435  -16.228  69.409 0.0000000000
121199  6.194  -15.964  69.093 0.0000000000
121200  6.585  -15.507  69.242 0.0000000000
121345  8.430  -26.837  72.308 0.0000000000
121346  8.247  -27.397  71.816 0.0000000000
121347  7.899  -27.297  72.220 0.0000000000
121348  7.413  -27.762  72.126 0.0000000000
121349  6.957  -28.237  72.026 0.0000000000
121350  6.757  -27.326  72.623 0.0000000000
121351  6.637  -27.986  72.287 0.0000000000
121352  6.545  -28.677  71.921 0.0000000000
121353  6.077  -29.157  71.738 0.0000000000
121354  5.655  -29.635  71.554 0.0000000000
121355  5.233  -30.133  71.349 0.0000000000
121357  4.871  -29.921  71.461 0.0000000000
121358  4.522  -29.702  71.516 0.0000000000
121359  4.169  -29.462  71.446 0.0000000000
121360  4.586  -28.399  71.997 0.0000000000
121361  4.211  -28.807  71.638 0.0000000000
121362  3.891  -29.241  71.209 0.0000000000
121363  3.704  -28.973  70.889 0.0000000000
121364  3.578  -28.709  70.449 0.0000000000
123351  5.110  -25.859  66.189 0.0000000000
123352  5.165  -26.441  65.583 0.0000000000
123353  5.266  -25.698  65.671 0.0000000000
123354  5.403  -25.502  65.218 0.0000000000
123355  5.529  -25.372  64.706 0.0000000000
123356  5.557  -24.161  65.368 0.0000000000
123357  5.549  -24.652  64.810 0.0000000000
123358  5.650  -25.182  64.231 0.0000000000
123359  5.757  -24.992  63.748 0.0000000000
123360  5.908  -24.832  63.259 0.0000000000
123361  6.116  -24.672  62.798 0.0000000000
123362  6.667  -18.974  62.294 0.0000000000
123363  7.011  -19.670  62.388 0.0000000000
123364  7.074  -19.523  61.878 0.0000000000
123365  7.503  -20.170  61.343 0.0000000000
123366  7.748  -20.779  60.757 0.0000000000
123367  7.621  -19.842  60.260 0.0000000000
123368  7.826  -20.633  60.221 0.0000000000
123369  7.862  -21.347  60.171 0.0000000000
123370  7.887  -21.996  59.468 0.0000000000
123371  7.776  -22.597  58.720 0.0000000000
123372  7.532  -23.152  57.998 0.0000000000
123373  7.268  -23.677  57.316 0.0000000000
123374  7.509  -22.973  57.457 0.0000000000
123375  7.432  -22.823  56.929 0.0000000000
123376  7.337  -22.655  56.434 0.0000000000
123377  7.785  -21.333  57.308 0.0000000000
123378  7.544  -21.906  56.649 0.0000000000
123379  7.217  -22.472  56.002 0.0000000000
123380  7.168  -22.249  55.619 0.0000000000
123381  7.130  -22.044  55.169 0.0000000000
123382  7.048  -21.805  54.695 0.0000000000
123403  5.287  -15.518  53.734 0.0000000000
123404  5.379  -16.433  53.628 0.0000000000
123405  5.504  -17.257  53.548 0.0000000000
123406  5.460  -17.017  53.058 0.0000000000
123409  5.995  -17.117  51.571 0.0000000000
129326  7.721  -30.014  57.536 0.0000000000
131008  6.499  -24.916  73.042 0.0000000000
131009  6.268  -24.561  72.822 0.0000000000
131010  6.721  -24.122  73.067 0.0000000000
131011  6.889  -23.372  73.005 0.0000000000
131012  7.173  -22.597  72.862 0.0000000000
131013  7.845  -22.573  73.144 0.0000000000
131014  7.656  -22.216  72.935 0.0000000000
131015  7.417  -21.880  72.677 0.0000000000
131016  7.620  -21.117  72.449 0.0000000000
131017  7.983  -20.402  72.159 0.0000000000
131018  8.127  -19.656  71.835 0.0000000000
131019  9.755  -21.161  73.076 0.0000000000
131020  9.593  -20.773  72.863 0.0000000000
131021  9.250  -20.469  72.654 0.0000000000
131022  10.071  -19.481  72.069 0.0000000000
131023  9.596  -19.742  72.273 0.0000000000
131024  9.112  -20.026  72.414 0.0000000000
131025  8.890  -19.758  72.083 0.0000000000
131026  8.592  -19.317  71.807 0.0000000000
131027  8.405  -18.936  71.498 0.0000000000
131028  8.552  -18.251  71.059 0.0000000000
131029  8.741  -17.601  70.642 0.0000000000
131030  8.931  -17.009  70.204 0.0000000000
131031  9.559  -17.244  70.110 0.0000000000
131122  18.331  -22.977  65.883 0.0000000000
131123  17.931  -23.261  65.200 0.0000000000
131124  17.688  -23.161  65.796 0.0000000000
131125  17.023  -23.306  65.879 0.0000000000
131126  16.531  -23.424  65.988 0.0000000000
131127  16.648  -23.065  67.270 0.0000000000
131128  16.207  -23.384  66.690 0.0000000000
131129  15.891  -23.713  66.101 0.0000000000
131130  15.254  -23.994  66.139 0.0000000000
131132  14.126  -24.624  66.352 0.0000000000
131133  15.697  -22.666  69.715 0.0000000000
131134  15.391  -22.946  69.260 0.0000000000
131135  15.050  -23.328  68.783 0.0000000000
131136  14.352  -23.508  69.579 0.0000000000
131137  14.428  -23.680  68.934 0.0000000000
131138  14.647  -23.703  68.250 0.0000000000
131139  14.310  -24.110  67.686 0.0000000000
131140  13.946  -24.479  67.042 0.0000000000
131141  13.640  -24.993  66.375 0.0000000000
131145  12.615  -25.464  68.203 0.0000000000
131156  10.396  -26.633  70.070 0.0000000000
131158  9.724  -26.876  70.744 0.0000000000
131159  9.446  -26.737  71.369 0.0000000000
131160  9.221  -26.510  71.956 0.0000000000
131161  11.689  -24.365  72.060 0.0000000000
131162  11.297  -24.660  72.210 0.0000000000
131163  10.781  -24.999  72.307 0.0000000000
131164  10.637  -24.305  72.999 0.0000000000
131165  10.461  -24.884  72.731 0.0000000000
131166  10.281  -25.346  72.371 0.0000000000
131167  9.822  -25.701  72.422 0.0000000000
131168  9.381  -26.032  72.430 0.0000000000
131169  8.906  -26.427  72.380 0.0000000000
131170  8.530  -26.257  72.734 0.0000000000
131171  8.200  -26.066  73.009 0.0000000000
131172  7.813  -25.883  73.208 0.0000000000
131173  8.435  -24.900  73.505 0.0000000000
131174  7.924  -25.296  73.431 0.0000000000
131175  7.421  -25.715  73.293 0.0000000000
131176  7.093  -25.488  73.275 0.0000000000
131177  6.812  -25.193  73.210 0.0000000000
132975  5.833  -19.904  66.569 0.0000000000
132976  6.025  -20.454  66.192 0.0000000000
132977  5.843  -19.681  66.125 0.0000000000
132978  5.905  -19.476  65.640 0.0000000000
132979  5.923  -19.288  65.146 0.0000000000
132980  5.323  -18.000  65.416 0.0000000000
132981  5.636  -18.553  65.053 0.0000000000
132982  5.972  -19.109  64.641 0.0000000000
132983  6.005  -18.894  64.148 0.0000000000
132984  6.106  -18.725  63.683 0.0000000000
132985  6.143  -18.560  63.200 0.0000000000
132986  5.104  -14.858  65.118 0.0000000000
132987  5.001  -15.447  64.696 0.0000000000
132988  4.997  -16.064  64.249 0.0000000000
132989  5.123  -15.122  63.695 0.0000000000
132990  5.018  -15.904  63.764 0.0000000000
132991  5.144  -16.754  63.841 0.0000000000
132992  5.413  -17.377  63.444 0.0000000000
132993  5.803  -17.939  63.055 0.0000000000
132994  6.222  -18.437  62.685 0.0000000000
132995  6.259  -18.290  62.179 0.0000000000
132996  6.304  -18.198  61.692 0.0000000000
132997  6.301  -18.083  61.153 0.0000000000
132998  5.558  -16.798  61.443 0.0000000000
132999  5.881  -17.383  61.025 0.0000000000
133000  6.302  -17.973  60.598 0.0000000000
133001  6.317  -17.832  60.020 0.0000000000
133002  6.275  -17.724  59.463 0.0000000000
133003  6.228  -17.590  58.946 0.0000000000
137845  14.339  -19.654  71.629 0.0000000000
137846  14.033  -19.358  71.298 0.0000000000
137847  14.466  -19.189  70.978 0.0000000000
137848  14.517  -18.824  70.207 0.0000000000
137955  19.123  -22.955  65.189 0.0000000000
137971  23.819  -20.855  68.136 0.0000000000
137975  21.956  -21.901  66.483 0.0000000000
137976  21.371  -22.043  66.337 0.0000000000
137977  21.362  -21.735  67.571 0.0000000000
137979  20.664  -22.325  66.059 0.0000000000
137980  20.046  -22.570  65.946 0.0000000000
137981  19.450  -22.704  65.856 0.0000000000
137982  18.891  -22.830  65.883 0.0000000000
137983  18.667  -22.659  66.547 0.0000000000
137986  18.978  -21.971  68.294 0.0000000000
137987  18.405  -22.102  68.278 0.0000000000
137988  17.828  -22.289  68.333 0.0000000000
137989  17.608  -22.171  68.888 0.0000000000
137990  17.316  -21.997  69.454 0.0000000000
137991  17.140  -21.815  70.008 0.0000000000
137993  19.357  -20.547  70.330 0.0000000000
137994  18.876  -20.729  70.355 0.0000000000
137996  18.559  -20.456  70.669 0.0000000000
137997  18.368  -20.923  70.368 0.0000000000
137998  17.873  -21.140  70.427 0.0000000000
137999  17.319  -21.367  70.466 0.0000000000
138000  16.819  -21.612  70.506 0.0000000000
138001  16.585  -21.322  70.907 0.0000000000
138002  16.303  -21.041  71.210 0.0000000000
138003  15.930  -20.828  71.496 0.0000000000
138004  16.514  -19.944  71.209 0.0000000000
138005  16.009  -20.189  71.467 0.0000000000
138006  15.556  -20.439  71.687 0.0000000000
138007  15.151  -20.115  71.790 0.0000000000
138008  14.681  -19.909  71.705 0.0000000000
144612  3.491  -29.740  66.745 0.0000000000
144613  3.732  -29.434  66.374 0.0000000000
144614  4.007  -29.177  65.984 0.0000000000
144615  4.236  -28.428  66.184 0.0000000000
144616  4.494  -27.746  66.314 0.0000000000
144617  4.754  -26.937  66.464 0.0000000000
144618  3.718  -27.863  69.053 0.0000000000
144619  3.889  -27.563  68.677 0.0000000000
144620  4.080  -27.321  68.228 0.0000000000
144621  4.469  -26.088  68.855 0.0000000000
144622  4.392  -26.545  68.384 0.0000000000
144623  4.324  -27.017  67.884 0.0000000000
144624  4.520  -26.763  67.447 0.0000000000
144625  4.762  -26.476  67.022 0.0000000000
144626  4.948  -26.202  66.556 0.0000000000
144627  5.062  -25.392  66.699 0.0000000000
144628  5.184  -24.673  66.803 0.0000000000
144629  5.337  -23.993  66.813 0.0000000000
144630  5.219  -23.800  67.650 0.0000000000
144631  5.354  -23.570  67.236 0.0000000000
144632  5.437  -23.344  66.912 0.0000000000
144633  5.618  -22.537  66.975 0.0000000000
144634  5.700  -21.805  66.971 0.0000000000
144635  5.777  -21.006  66.961 0.0000000000
144636  6.072  -24.203  72.558 0.0000000000
144637  5.913  -23.879  72.224 0.0000000000
144638  5.790  -23.573  71.889 0.0000000000
144639  6.404  -22.343  72.044 0.0000000000
144640  6.035  -22.734  71.798 0.0000000000
144641  5.709  -23.185  71.470 0.0000000000
144642  5.611  -22.944  71.075 0.0000000000
144643  5.574  -22.689  70.598 0.0000000000
144644  5.519  -22.369  70.204 0.0000000000
144645  7.289  -19.191  71.230 0.0000000000
144646  6.879  -19.657  71.083 0.0000000000
144647  6.514  -20.115  70.891 0.0000000000
144648  6.486  -19.006  70.470 0.0000000000
144649  6.334  -19.784  70.548 0.0000000000
144650  6.161  -20.605  70.672 0.0000000000
144651  5.916  -21.062  70.445 0.0000000000
144652  5.668  -21.553  70.144 0.0000000000
144653  5.418  -22.056  69.761 0.0000000000
144654  5.455  -21.760  69.389 0.0000000000
144655  5.479  -21.521  68.970 0.0000000000
144656  5.541  -21.249  68.580 0.0000000000
144657  5.693  -19.953  68.876 0.0000000000
144658  5.622  -20.486  68.568 0.0000000000
144659  5.585  -21.026  68.154 0.0000000000
144660  5.638  -20.789  67.729 0.0000000000
144661  5.706  -20.494  67.336 0.0000000000
144662  5.741  -20.184  66.987 0.0000000000
144663  5.628  -19.394  66.918 0.0000000000
144664  5.446  -18.617  66.806 0.0000000000
144665  5.251  -17.842  66.765 0.0000000000
144666  5.345  -17.574  67.559 0.0000000000
144667  5.205  -17.321  67.137 0.0000000000
144668  5.110  -17.067  66.648 0.0000000000
144669  5.108  -16.286  66.609 0.0000000000
144670  5.180  -15.463  66.548 0.0000000000
144671  5.299  -14.705  66.578 0.0000000000
144672  6.014  -15.626  68.763 0.0000000000
144673  5.862  -15.269  68.481 0.0000000000
144674  5.737  -15.038  68.055 0.0000000000
144676  5.936  -14.234  68.066 0.0000000000
144677  5.640  -14.689  67.727 0.0000000000
144678  5.569  -14.451  67.336 0.0000000000
144679  5.522  -14.202  66.956 0.0000000000
144680  5.558  -13.951  66.532 0.0000000000
144681  5.863  -13.192  66.500 0.0000000000
144690  13.619  -19.143  71.004 0.0000000000
144961  17.593  -23.541  64.516 0.0000000000
144962  17.302  -23.813  63.927 0.0000000000
144963  16.860  -24.135  63.175 0.0000000000
144964  15.909  -24.304  63.864 0.0000000000
145051  8.096  -27.963  71.234 0.0000000000
145052  7.946  -28.553  70.657 0.0000000000
145053  7.797  -29.222  69.917 0.0000000000
145056  7.659  -29.962  69.212 0.0000000000
150231  4.430  -30.064  64.324 0.0000000000
150237  5.221  -27.049  64.950 0.0000000000
150238  5.314  -27.598  64.361 0.0000000000
150239  5.481  -28.165  63.777 0.0000000000
150240  5.815  -27.122  63.412 0.0000000000
150241  5.772  -27.955  63.302 0.0000000000
150242  5.686  -28.755  63.159 0.0000000000
150243  5.871  -29.373  62.507 0.0000000000
150244  6.019  -30.002  61.938 0.0000000000
150249  7.139  -28.525  60.701 0.0000000000
150254  7.885  -29.105  57.629 0.0000000000
150255  6.189  -21.046  65.800 0.0000000000
150256  6.288  -21.693  65.306 0.0000000000
150257  6.327  -22.300  64.730 0.0000000000
150258  6.651  -21.270  64.410 0.0000000000
150259  6.513  -22.069  64.314 0.0000000000
150260  6.292  -22.889  64.133 0.0000000000
150261  6.254  -23.416  63.559 0.0000000000
150262  6.231  -23.919  62.987 0.0000000000
150263  6.302  -24.485  62.355 0.0000000000
150264  7.248  -20.398  62.407 0.0000000000
150265  7.398  -21.269  62.337 0.0000000000
150266  7.244  -22.066  62.299 0.0000000000
150267  7.439  -22.510  61.115 0.0000000000
150268  7.236  -22.685  61.635 0.0000000000
150269  7.011  -22.834  62.157 0.0000000000
150270  6.715  -23.608  61.986 0.0000000000
150271  6.520  -24.325  61.854 0.0000000000
150272  6.452  -25.014  61.667 0.0000000000
150273  6.681  -25.583  60.994 0.0000000000
150274  6.979  -26.115  60.366 0.0000000000
150275  7.298  -26.632  59.743 0.0000000000
150276  7.221  -25.746  59.276 0.0000000000
150277  7.443  -26.447  59.169 0.0000000000
150278  7.574  -27.157  59.100 0.0000000000
150279  7.860  -27.698  58.401 0.0000000000
150280  7.891  -28.265  57.727 0.0000000000
150281  7.829  -28.831  57.019 0.0000000000
150282  7.715  -28.577  56.445 0.0000000000
150283  7.501  -28.406  55.861 0.0000000000
150284  7.249  -28.127  55.360 0.0000000000
150291  7.003  -24.216  56.645 0.0000000000
150292  6.789  -24.753  56.017 0.0000000000
150293  6.624  -25.245  55.331 0.0000000000
150294  6.542  -24.386  55.089 0.0000000000
150295  6.466  -25.058  54.907 0.0000000000
150296  6.443  -25.733  54.734 0.0000000000
150297  6.324  -26.205  54.164 0.0000000000
150315  7.732  -11.447  62.895 0.0000000000
150316  7.428  -12.000  62.529 0.0000000000
150317  7.089  -12.513  62.084 0.0000000000
150324  7.892  -11.496  61.504 0.0000000000
150325  7.352  -12.319  61.617 0.0000000000
150326  6.752  -13.069  61.647 0.0000000000
150327  6.492  -13.607  61.186 0.0000000000
150328  6.178  -14.133  60.755 0.0000000000
150329  5.923  -14.761  60.310 0.0000000000
150330  6.632  -13.856  59.723 0.0000000000
150331  6.144  -14.603  59.771 0.0000000000
150332  5.816  -15.466  59.837 0.0000000000
150333  5.795  -16.198  59.312 0.0000000000
150334  5.916  -16.859  58.872 0.0000000000
150335  6.161  -17.429  58.382 0.0000000000
150355  6.574  -14.031  57.558 0.0000000000
150356  6.244  -14.840  57.655 0.0000000000
150357  5.941  -15.281  56.649 0.0000000000
150358  6.042  -15.478  57.212 0.0000000000
150359  6.058  -15.630  57.775 0.0000000000
150360  5.961  -16.452  57.853 0.0000000000
150361  6.111  -17.230  57.839 0.0000000000
150362  6.457  -17.980  57.828 0.0000000000
150363  6.749  -18.527  57.313 0.0000000000
150364  6.959  -19.016  56.779 0.0000000000
150365  7.082  -19.477  56.305 0.0000000000
150366  6.473  -18.640  55.716 0.0000000000
150367  6.848  -19.300  55.737 0.0000000000
150368  7.147  -19.948  55.787 0.0000000000
150369  7.139  -20.456  55.269 0.0000000000
150370  7.080  -21.015  54.756 0.0000000000
150371  6.989  -21.599  54.167 0.0000000000
150372  5.621  -17.971  53.583 0.0000000000
150373  5.924  -18.670  53.556 0.0000000000
150377  6.577  -19.926  53.623 0.0000000000
150378  6.835  -20.624  53.636 0.0000000000
150380  6.902  -22.169  53.558 0.0000000000
