#!ascii label  , from subject fsaverage vox2ras=TkReg 
1698
50  33.639  -26.196  45.941 0.0000000000
105  44.782  -10.413  27.890 0.0000000000
236  36.728  -19.151  36.002 0.0000000000
373  15.233  -30.473  57.196 0.0000000000
378  27.570  -23.669  49.676 0.0000000000
715  37.612  -14.728  34.132 0.0000000000
857  21.176  -27.715  52.225 0.0000000000
858  19.256  -31.268  55.219 0.0000000000
870  24.227  -27.196  50.056 0.0000000000
1059  48.823  -11.563  27.081 0.0000000000
1067  33.438  -21.713  45.619 0.0000000000
1068  33.993  -21.282  42.331 0.0000000000
1069  37.528  -24.939  45.469 0.0000000000
1100  47.853  -7.052  25.733 0.0000000000
1101  50.756  -8.873  23.284 0.0000000000
1572  42.117  -9.850  30.762 0.0000000000
1573  44.336  -14.457  30.624 0.0000000000
1574  40.447  -14.484  31.642 0.0000000000
1575  41.179  -19.252  35.027 0.0000000000
1577  32.076  -28.721  48.891 0.0000000000
1827  13.867  -33.305  61.165 0.0000000000
1830  10.033  -33.739  62.923 0.0000000000
1831  7.466  -32.634  66.460 0.0000000000
1840  30.338  -25.404  47.501 0.0000000000
1841  27.853  -28.082  48.831 0.0000000000
2108  32.904  -17.767  39.478 0.0000000000
2109  37.620  -20.323  40.747 0.0000000000
2149  53.522  -5.689  20.325 0.0000000000
2979  46.576  -10.934  27.112 0.0000000000
2981  46.508  -12.768  28.769 0.0000000000
2987  34.316  -24.334  45.350 0.0000000000
2988  35.162  -24.017  44.051 0.0000000000
2989  35.616  -25.921  45.457 0.0000000000
3018  45.040  -8.119  28.598 0.0000000000
3019  47.120  -6.545  27.977 0.0000000000
3020  46.175  -8.598  26.818 0.0000000000
3021  47.692  -9.372  25.619 0.0000000000
3565  7.418  -36.966  68.940 0.0000000000
3580  40.931  -11.989  30.932 0.0000000000
3581  39.699  -12.074  32.372 0.0000000000
3582  37.015  -17.162  34.778 0.0000000000
3583  38.767  -17.271  33.687 0.0000000000
3584  38.918  -19.468  35.285 0.0000000000
3586  39.510  -20.551  37.762 0.0000000000
4010  17.137  -30.863  56.044 0.0000000000
4011  18.690  -32.205  57.694 0.0000000000
4012  16.460  -32.173  58.128 0.0000000000
4013  15.973  -32.963  60.715 0.0000000000
4014  14.424  -32.019  58.919 0.0000000000
4021  10.888  -31.613  61.548 0.0000000000
4023  8.566  -33.556  64.407 0.0000000000
4044  28.954  -24.614  48.488 0.0000000000
4045  28.866  -26.797  47.549 0.0000000000
4046  27.116  -25.906  48.253 0.0000000000
4047  23.737  -29.319  51.977 0.0000000000
4048  25.516  -29.009  51.685 0.0000000000
4640  37.509  -21.737  43.657 0.0000000000
4641  35.495  -20.651  41.353 0.0000000000
5893  38.853  -12.406  34.182 0.0000000000
5895  36.543  -14.618  35.810 0.0000000000
5896  35.433  -16.747  36.181 0.0000000000
6149  22.039  -29.842  52.620 0.0000000000
6150  21.433  -31.246  54.860 0.0000000000
6151  20.109  -29.647  53.418 0.0000000000
6152  18.266  -29.342  54.654 0.0000000000
6153  16.447  -28.792  56.078 0.0000000000
6172  25.419  -25.145  49.191 0.0000000000
6173  23.865  -24.783  50.465 0.0000000000
6174  22.671  -27.302  51.046 0.0000000000
6527  32.252  -19.246  45.658 0.0000000000
6528  31.957  -19.465  43.132 0.0000000000
6529  33.206  -21.729  43.775 0.0000000000
6530  36.359  -23.194  43.429 0.0000000000
6589  50.583  -6.208  22.946 0.0000000000
6590  49.065  -7.823  24.190 0.0000000000
6591  49.651  -10.258  25.109 0.0000000000
7506  43.319  -10.047  29.079 0.0000000000
7507  44.295  -12.391  29.018 0.0000000000
7508  42.410  -12.078  29.814 0.0000000000
7509  42.288  -14.400  30.915 0.0000000000
7510  42.599  -16.748  32.691 0.0000000000
7511  38.973  -14.655  32.731 0.0000000000
7512  40.596  -17.102  32.995 0.0000000000
7517  32.754  -27.629  47.052 0.0000000000
7518  35.123  -27.237  47.468 0.0000000000
7566  44.361  -8.104  30.539 0.0000000000
8115  13.457  -29.923  58.757 0.0000000000
8116  12.466  -31.824  60.065 0.0000000000
8117  11.865  -33.582  61.916 0.0000000000
8118  11.458  -34.908  64.494 0.0000000000
8119  9.642  -35.506  65.152 0.0000000000
8120  7.904  -35.556  66.110 0.0000000000
8121  6.399  -34.881  67.524 0.0000000000
8124  5.188  -33.607  69.459 0.0000000000
8146  31.863  -25.951  46.648 0.0000000000
8147  30.682  -27.446  47.159 0.0000000000
8148  29.961  -28.652  48.780 0.0000000000
8150  26.036  -27.434  49.353 0.0000000000
8890  34.570  -18.426  37.497 0.0000000000
8891  32.797  -19.554  40.940 0.0000000000
8892  34.496  -19.736  39.219 0.0000000000
8893  36.809  -20.235  38.143 0.0000000000
8897  37.432  -26.169  48.072 0.0000000000
9015  55.038  -7.262  19.197 0.0000000000
9016  52.023  -7.350  21.720 0.0000000000
9017  53.951  -8.679  21.062 0.0000000000
10659  45.634  -10.575  27.419 0.0000000000
10660  46.498  -11.907  27.876 0.0000000000
10661  45.454  -11.611  28.016 0.0000000000
10667  34.071  -25.344  45.559 0.0000000000
10668  34.806  -25.281  45.083 0.0000000000
10669  34.656  -26.177  45.638 0.0000000000
10698  44.752  -9.230  28.059 0.0000000000
10699  45.558  -8.316  27.639 0.0000000000
10700  45.450  -9.441  27.354 0.0000000000
10701  46.226  -9.774  26.776 0.0000000000
11245  6.393  -36.873  69.227 0.0000000000
11260  40.318  -10.943  32.460 0.0000000000
11261  40.005  -11.100  33.429 0.0000000000
11262  36.824  -18.240  35.286 0.0000000000
11263  37.760  -18.373  34.789 0.0000000000
11264  37.800  -19.366  35.584 0.0000000000
11265  39.135  -20.185  36.406 0.0000000000
11266  38.002  -20.103  36.532 0.0000000000
11690  16.158  -30.680  56.626 0.0000000000
11691  16.763  -31.606  57.033 0.0000000000
11692  15.751  -31.350  57.430 0.0000000000
11693  15.433  -32.096  58.481 0.0000000000
11694  14.770  -31.247  57.994 0.0000000000
11724  28.283  -24.139  49.085 0.0000000000
11725  27.955  -25.261  48.133 0.0000000000
11726  27.201  -24.728  48.690 0.0000000000
11727  23.577  -30.123  53.279 0.0000000000
12319  32.047  -17.258  43.517 0.0000000000
12321  38.023  -20.882  43.904 0.0000000000
13665  35.913  -15.700  35.925 0.0000000000
13666  35.315  -15.453  36.793 0.0000000000
14087  21.518  -28.861  52.212 0.0000000000
14088  21.057  -29.794  52.940 0.0000000000
14089  20.630  -28.767  52.775 0.0000000000
14091  18.922  -28.447  54.187 0.0000000000
14092  18.122  -28.171  55.013 0.0000000000
14093  17.358  -29.041  55.380 0.0000000000
14125  24.854  -23.754  50.626 0.0000000000
14127  21.760  -26.270  51.974 0.0000000000
14128  22.437  -26.146  51.243 0.0000000000
14129  21.903  -27.477  51.592 0.0000000000
14130  22.298  -28.600  51.684 0.0000000000
14718  32.441  -20.555  44.591 0.0000000000
14719  33.201  -21.735  44.666 0.0000000000
14720  36.414  -24.663  44.416 0.0000000000
14721  35.684  -23.656  43.656 0.0000000000
14722  37.166  -24.161  44.338 0.0000000000
14723  37.902  -23.437  44.446 0.0000000000
14724  38.489  -24.234  45.704 0.0000000000
14816  47.446  -6.728  26.780 0.0000000000
14821  49.226  -6.576  24.293 0.0000000000
14822  48.386  -7.423  24.866 0.0000000000
14823  48.151  -10.538  26.094 0.0000000000
14824  48.633  -9.814  25.259 0.0000000000
14825  49.251  -10.895  26.095 0.0000000000
16494  42.696  -9.899  29.911 0.0000000000
16495  42.827  -11.051  29.369 0.0000000000
16496  42.049  -10.965  30.059 0.0000000000
16497  40.611  -13.206  31.197 0.0000000000
16498  41.421  -13.204  30.693 0.0000000000
16499  41.343  -14.400  31.227 0.0000000000
16500  42.341  -15.587  31.764 0.0000000000
16501  41.343  -15.639  31.938 0.0000000000
16502  38.101  -13.552  34.091 0.0000000000
16503  38.668  -13.434  33.230 0.0000000000
16504  38.272  -14.730  33.407 0.0000000000
16505  39.846  -18.407  34.090 0.0000000000
16506  39.677  -17.211  33.287 0.0000000000
16507  40.869  -18.268  33.901 0.0000000000
16508  41.879  -18.027  33.801 0.0000000000
16517  32.368  -28.214  47.864 0.0000000000
16518  33.618  -28.086  48.182 0.0000000000
16623  42.799  -8.987  31.695 0.0000000000
16625  43.169  -8.901  30.705 0.0000000000
16626  43.605  -8.947  29.670 0.0000000000
17785  20.339  -31.334  54.999 0.0000000000
17787  20.059  -31.804  56.212 0.0000000000
17795  14.909  -33.112  60.858 0.0000000000
17796  15.768  -33.168  62.070 0.0000000000
17797  14.699  -33.469  62.251 0.0000000000
17799  13.667  -33.781  62.471 0.0000000000
17815  12.718  -29.684  59.698 0.0000000000
17816  12.942  -30.961  59.355 0.0000000000
17817  12.109  -30.751  60.139 0.0000000000
17818  10.397  -32.704  62.166 0.0000000000
17819  11.246  -32.779  61.438 0.0000000000
17820  10.912  -33.794  62.451 0.0000000000
17821  11.662  -34.358  63.248 0.0000000000
17822  10.703  -34.591  63.498 0.0000000000
17823  10.546  -35.305  64.846 0.0000000000
17824  9.804  -34.663  63.932 0.0000000000
17825  7.949  -33.177  65.280 0.0000000000
17826  8.160  -34.656  65.131 0.0000000000
17827  7.462  -34.301  65.910 0.0000000000
17828  7.124  -35.392  66.787 0.0000000000
17829  6.931  -33.818  66.880 0.0000000000
17887  31.436  -24.844  47.809 0.0000000000
17888  32.078  -25.027  47.258 0.0000000000
17889  31.075  -25.740  47.025 0.0000000000
17890  31.242  -26.754  46.784 0.0000000000
17891  30.387  -26.472  47.033 0.0000000000
17892  28.224  -27.425  47.992 0.0000000000
17893  29.247  -27.807  47.863 0.0000000000
17894  28.831  -28.343  48.724 0.0000000000
17897  24.722  -26.078  49.503 0.0000000000
17898  25.605  -26.359  49.044 0.0000000000
17899  25.077  -27.248  49.731 0.0000000000
17901  26.504  -29.012  51.551 0.0000000000
19622  44.245  -13.412  29.776 0.0000000000
19623  45.358  -13.515  29.717 0.0000000000
19624  45.511  -14.451  30.678 0.0000000000
19672  33.266  -16.881  38.869 0.0000000000
19673  33.988  -17.195  37.779 0.0000000000
19674  33.628  -18.039  38.453 0.0000000000
19675  32.693  -20.483  42.575 0.0000000000
19676  32.255  -19.512  41.968 0.0000000000
19677  33.227  -20.402  41.645 0.0000000000
19678  36.542  -20.417  41.017 0.0000000000
19679  34.771  -20.228  40.198 0.0000000000
19680  35.919  -20.260  39.711 0.0000000000
19681  35.563  -19.934  38.569 0.0000000000
19682  37.093  -20.386  39.392 0.0000000000
19683  38.323  -20.531  39.231 0.0000000000
19691  36.352  -26.731  47.766 0.0000000000
19987  54.190  -6.424  19.702 0.0000000000
19988  50.485  -7.529  22.919 0.0000000000
19989  51.234  -6.716  22.263 0.0000000000
19990  51.320  -8.064  22.481 0.0000000000
19992  53.398  -9.312  22.097 0.0000000000
19993  54.601  -9.868  22.141 0.0000000000
23429  21.067  -26.572  52.677 0.0000000000
23430  20.409  -27.585  53.019 0.0000000000
23793  47.654  -11.235  26.895 0.0000000000
23794  48.940  -12.334  28.203 0.0000000000
23795  47.690  -12.156  27.911 0.0000000000
23807  34.079  -23.029  45.423 0.0000000000
23808  34.079  -22.919  44.606 0.0000000000
23809  34.701  -24.222  44.662 0.0000000000
23810  35.538  -25.027  44.654 0.0000000000
23811  36.578  -25.498  45.399 0.0000000000
23865  46.927  -6.490  29.198 0.0000000000
23866  46.010  -7.304  28.304 0.0000000000
23867  46.418  -7.437  27.241 0.0000000000
23868  46.953  -7.789  26.288 0.0000000000
23869  47.543  -8.169  25.516 0.0000000000
23870  46.895  -8.962  26.126 0.0000000000
23871  47.136  -10.145  26.351 0.0000000000
24847  8.411  -36.749  68.585 0.0000000000
24873  41.660  -9.860  31.710 0.0000000000
24874  41.373  -10.909  30.809 0.0000000000
24875  40.808  -10.938  31.561 0.0000000000
24876  40.269  -12.045  31.576 0.0000000000
24877  39.894  -13.247  31.793 0.0000000000
24878  37.227  -15.979  34.392 0.0000000000
24879  37.998  -16.008  33.742 0.0000000000
24880  37.883  -17.244  34.157 0.0000000000
24881  38.794  -18.449  34.354 0.0000000000
24882  40.049  -19.421  35.039 0.0000000000
24884  40.367  -20.111  36.293 0.0000000000
24885  40.741  -20.464  37.821 0.0000000000
24887  31.936  -29.116  50.365 0.0000000000
25648  18.198  -31.131  55.599 0.0000000000
25649  18.931  -31.814  56.454 0.0000000000
25650  17.860  -31.767  56.675 0.0000000000
25651  17.576  -32.272  57.844 0.0000000000
25652  17.256  -32.595  59.110 0.0000000000
25655  15.194  -32.661  59.629 0.0000000000
25656  14.156  -32.737  59.969 0.0000000000
25667  11.393  -30.513  61.121 0.0000000000
25669  10.176  -31.502  62.549 0.0000000000
25670  9.633  -32.652  62.962 0.0000000000
25671  9.241  -33.769  63.610 0.0000000000
25672  9.041  -32.413  63.893 0.0000000000
25673  8.519  -32.003  64.970 0.0000000000
25674  8.086  -31.490  66.210 0.0000000000
25710  29.649  -25.018  47.996 0.0000000000
25711  29.534  -26.102  47.394 0.0000000000
25712  28.732  -25.695  47.733 0.0000000000
25713  27.944  -26.339  47.840 0.0000000000
25714  27.339  -27.041  48.271 0.0000000000
25715  23.941  -28.303  50.920 0.0000000000
25716  24.777  -28.179  50.550 0.0000000000
25717  24.608  -29.135  51.779 0.0000000000
26750  44.507  -15.440  31.674 0.0000000000
26781  32.365  -17.564  40.737 0.0000000000
26782  35.770  -21.667  42.735 0.0000000000
26783  34.671  -20.957  41.820 0.0000000000
26784  36.430  -21.025  42.605 0.0000000000
26785  37.112  -20.481  42.448 0.0000000000
26968  52.991  -5.077  21.147 0.0000000000
29086  4.485  -36.059  69.817 0.0000000000
29109  38.562  -12.544  35.121 0.0000000000
29110  37.668  -13.603  34.942 0.0000000000
29113  37.005  -14.687  34.949 0.0000000000
29114  36.559  -15.879  35.118 0.0000000000
29115  36.193  -16.988  35.430 0.0000000000
29116  35.928  -18.013  35.890 0.0000000000
29705  22.777  -30.486  53.609 0.0000000000
29706  22.526  -31.064  54.873 0.0000000000
29707  21.728  -30.624  53.690 0.0000000000
29708  20.692  -30.642  53.881 0.0000000000
29709  19.645  -30.639  54.307 0.0000000000
29710  19.753  -28.638  53.423 0.0000000000
29711  19.161  -29.551  54.036 0.0000000000
29712  18.641  -30.386  54.745 0.0000000000
29713  17.671  -30.239  55.323 0.0000000000
29714  16.686  -29.857  55.921 0.0000000000
29715  15.759  -29.629  56.583 0.0000000000
29758  26.395  -24.266  49.283 0.0000000000
29759  25.603  -24.019  49.907 0.0000000000
29760  24.647  -24.951  49.783 0.0000000000
29761  23.909  -26.001  50.034 0.0000000000
29762  23.178  -24.855  51.138 0.0000000000
29763  23.169  -26.047  50.605 0.0000000000
29764  23.414  -27.195  50.498 0.0000000000
29765  23.092  -28.382  51.235 0.0000000000
29766  22.916  -29.544  52.290 0.0000000000
30587  32.075  -18.112  45.340 0.0000000000
30588  31.818  -18.295  43.937 0.0000000000
30589  31.971  -19.320  44.400 0.0000000000
30590  32.445  -20.552  43.539 0.0000000000
30591  33.438  -21.586  42.947 0.0000000000
30592  34.267  -22.845  43.843 0.0000000000
30593  34.630  -22.607  43.282 0.0000000000
30594  35.110  -22.229  42.892 0.0000000000
30595  36.982  -22.495  43.497 0.0000000000
30596  38.612  -22.574  44.727 0.0000000000
30734  50.042  -5.751  23.817 0.0000000000
30735  49.829  -6.989  23.503 0.0000000000
30736  49.839  -8.305  23.624 0.0000000000
30737  48.360  -8.618  24.913 0.0000000000
30738  49.223  -9.085  24.424 0.0000000000
32988  44.022  -10.151  28.431 0.0000000000
32989  44.461  -11.363  28.352 0.0000000000
32990  43.632  -11.192  28.786 0.0000000000
32991  43.326  -12.274  29.386 0.0000000000
32992  43.205  -13.270  29.980 0.0000000000
32993  41.650  -12.019  30.334 0.0000000000
32994  42.275  -13.212  30.306 0.0000000000
32995  43.245  -14.403  30.716 0.0000000000
32996  43.412  -15.521  31.628 0.0000000000
32997  43.697  -16.529  32.731 0.0000000000
32999  39.220  -12.253  33.294 0.0000000000
33000  39.257  -13.348  32.464 0.0000000000
33001  39.647  -14.521  32.175 0.0000000000
33002  38.803  -15.978  33.151 0.0000000000
33003  39.614  -15.908  32.663 0.0000000000
33004  40.480  -15.761  32.257 0.0000000000
33005  41.591  -16.929  32.805 0.0000000000
33017  33.187  -26.947  46.443 0.0000000000
33018  34.356  -26.886  46.377 0.0000000000
33019  33.917  -27.516  47.225 0.0000000000
33020  34.848  -27.729  48.543 0.0000000000
33155  44.645  -8.061  29.528 0.0000000000
33156  44.175  -9.061  28.832 0.0000000000
34644  14.930  -29.170  57.417 0.0000000000
34652  14.101  -29.025  58.315 0.0000000000
34653  14.328  -30.167  57.923 0.0000000000
34654  13.832  -31.081  58.593 0.0000000000
34655  13.442  -31.978  59.464 0.0000000000
34656  13.114  -32.750  60.426 0.0000000000
34657  11.629  -31.710  60.720 0.0000000000
34658  12.190  -32.782  60.946 0.0000000000
34659  12.835  -33.460  61.564 0.0000000000
34660  12.633  -34.075  62.813 0.0000000000
34661  12.406  -34.483  64.227 0.0000000000
34665  9.513  -36.131  66.596 0.0000000000
34666  8.964  -34.733  64.517 0.0000000000
34667  8.767  -35.622  65.614 0.0000000000
34668  8.587  -36.320  66.972 0.0000000000
34669  7.680  -36.415  67.478 0.0000000000
34670  6.754  -36.235  67.833 0.0000000000
34671  5.941  -35.804  68.496 0.0000000000
34678  6.401  -33.211  68.073 0.0000000000
34679  5.793  -34.233  68.577 0.0000000000
34680  5.167  -35.149  69.145 0.0000000000
34717  33.411  -25.273  46.068 0.0000000000
34743  32.739  -25.171  46.678 0.0000000000
34744  32.785  -26.162  46.272 0.0000000000
34745  32.160  -26.907  46.586 0.0000000000
34746  31.655  -27.561  47.061 0.0000000000
34747  31.305  -28.228  47.770 0.0000000000
34748  29.785  -27.175  47.359 0.0000000000
34749  30.243  -28.065  47.755 0.0000000000
34750  31.002  -28.715  48.785 0.0000000000
34754  26.277  -25.521  48.662 0.0000000000
34755  26.448  -26.616  48.592 0.0000000000
34756  26.913  -27.702  49.048 0.0000000000
34757  25.653  -28.194  50.325 0.0000000000
34758  26.672  -28.422  50.211 0.0000000000
34759  27.620  -28.643  50.032 0.0000000000
36854  45.359  -12.550  28.805 0.0000000000
36914  34.576  -16.369  37.224 0.0000000000
36915  34.892  -17.601  36.777 0.0000000000
36916  35.564  -18.820  36.717 0.0000000000
36917  31.887  -18.452  42.630 0.0000000000
36918  32.191  -18.589  41.373 0.0000000000
36919  32.748  -18.664  40.200 0.0000000000
36920  33.974  -20.297  40.835 0.0000000000
36921  33.577  -19.605  39.991 0.0000000000
36922  33.522  -18.843  39.186 0.0000000000
36923  34.408  -19.064  38.291 0.0000000000
36924  35.457  -19.451  37.598 0.0000000000
36925  36.703  -19.849  37.027 0.0000000000
36926  38.090  -20.455  37.857 0.0000000000
36935  35.480  -26.634  46.450 0.0000000000
36936  36.562  -26.224  46.522 0.0000000000
36937  37.605  -25.611  46.794 0.0000000000
36939  38.603  -25.484  48.538 0.0000000000
36940  38.649  -24.929  47.128 0.0000000000
37292  55.491  -6.331  18.301 0.0000000000
37295  52.055  -5.931  21.717 0.0000000000
37296  52.742  -6.606  20.976 0.0000000000
37297  52.319  -8.701  22.210 0.0000000000
37298  52.907  -8.011  21.337 0.0000000000
37299  53.556  -7.304  20.451 0.0000000000
37300  54.532  -8.007  20.089 0.0000000000
37301  55.589  -8.658  19.923 0.0000000000
41379  45.192  -10.513  27.651 0.0000000000
41380  45.549  -11.129  27.708 0.0000000000
41381  45.077  -10.995  27.877 0.0000000000
41387  33.853  -25.781  45.717 0.0000000000
41388  34.319  -25.792  45.526 0.0000000000
41389  34.160  -26.185  45.781 0.0000000000
41418  44.748  -9.805  27.895 0.0000000000
41419  45.083  -9.304  27.700 0.0000000000
41420  45.126  -9.932  27.583 0.0000000000
41421  45.503  -10.013  27.333 0.0000000000
41965  5.878  -36.761  69.450 0.0000000000
41982  36.750  -18.699  35.616 0.0000000000
41983  37.259  -18.843  35.392 0.0000000000
41984  37.252  -19.256  35.771 0.0000000000
41985  37.837  -19.748  36.045 0.0000000000
41986  37.329  -19.667  36.230 0.0000000000
42410  15.702  -30.620  56.951 0.0000000000
42411  15.938  -31.086  57.058 0.0000000000
42412  15.498  -30.981  57.310 0.0000000000
42413  15.259  -31.368  57.694 0.0000000000
42414  15.026  -30.892  57.601 0.0000000000
42444  27.890  -23.948  49.365 0.0000000000
42445  27.674  -24.447  48.787 0.0000000000
42446  27.361  -24.165  49.145 0.0000000000
42447  23.610  -30.437  54.171 0.0000000000
42448  24.029  -30.253  54.066 0.0000000000
43039  32.105  -17.173  44.241 0.0000000000
44807  21.308  -28.295  52.154 0.0000000000
44808  21.036  -28.811  52.490 0.0000000000
44809  20.872  -28.267  52.507 0.0000000000
44847  21.435  -27.016  52.061 0.0000000000
44848  21.798  -26.876  51.707 0.0000000000
44849  21.524  -27.588  51.913 0.0000000000
44850  21.669  -28.170  51.861 0.0000000000
45438  32.898  -21.127  45.206 0.0000000000
45439  33.285  -21.741  45.111 0.0000000000
45440  36.963  -24.851  44.882 0.0000000000
45441  36.809  -24.440  44.353 0.0000000000
45442  37.448  -24.563  44.919 0.0000000000
45443  37.840  -24.246  44.970 0.0000000000
45444  37.997  -24.612  45.533 0.0000000000
45536  47.640  -6.864  26.253 0.0000000000
45537  47.942  -6.371  26.641 0.0000000000
45538  48.117  -6.483  26.070 0.0000000000
45540  48.309  -6.621  25.505 0.0000000000
45541  48.545  -6.782  25.046 0.0000000000
45542  48.096  -7.232  25.284 0.0000000000
45543  48.448  -11.050  26.483 0.0000000000
45544  48.702  -10.726  26.068 0.0000000000
45545  49.054  -11.219  26.562 0.0000000000
45546  49.635  -11.346  26.720 0.0000000000
47170  9.850  -36.268  68.022 0.0000000000
47214  42.402  -9.868  30.332 0.0000000000
47215  42.320  -10.438  29.960 0.0000000000
47216  42.036  -10.388  30.345 0.0000000000
47217  40.513  -13.818  31.402 0.0000000000
47218  40.940  -13.770  31.142 0.0000000000
47219  40.869  -14.401  31.413 0.0000000000
47220  41.327  -15.012  31.559 0.0000000000
47221  40.871  -15.044  31.719 0.0000000000
47222  37.835  -14.122  34.089 0.0000000000
47223  38.127  -14.100  33.683 0.0000000000
47224  37.948  -14.757  33.752 0.0000000000
47225  40.476  -18.870  34.465 0.0000000000
47226  40.346  -18.357  33.972 0.0000000000
47227  41.003  -18.781  34.414 0.0000000000
47237  32.257  -28.490  48.348 0.0000000000
47238  32.850  -28.437  48.520 0.0000000000
47239  32.739  -28.701  49.090 0.0000000000
47343  42.405  -9.361  31.222 0.0000000000
47344  42.974  -8.933  31.196 0.0000000000
47345  42.608  -9.366  30.740 0.0000000000
47346  42.839  -9.389  30.260 0.0000000000
48505  19.798  -31.311  55.075 0.0000000000
48506  20.227  -31.612  55.610 0.0000000000
48507  19.636  -31.572  55.654 0.0000000000
48515  14.424  -33.237  61.087 0.0000000000
48516  14.815  -33.330  61.549 0.0000000000
48517  14.281  -33.439  61.653 0.0000000000
48518  14.167  -33.654  62.306 0.0000000000
48519  13.782  -33.573  61.782 0.0000000000
48536  12.388  -30.208  59.896 0.0000000000
48538  10.206  -33.222  62.531 0.0000000000
48539  10.635  -33.312  62.225 0.0000000000
48540  10.473  -33.704  62.641 0.0000000000
48541  10.785  -34.163  62.919 0.0000000000
48542  10.337  -34.247  63.183 0.0000000000
48543  10.242  -34.687  63.747 0.0000000000
48544  9.930  -34.191  63.359 0.0000000000
48545  7.676  -33.028  65.850 0.0000000000
48546  7.686  -33.747  65.576 0.0000000000
48547  7.438  -33.562  66.092 0.0000000000
48548  7.188  -34.058  66.398 0.0000000000
48549  7.201  -33.196  66.619 0.0000000000
48605  30.543  -24.931  47.938 0.0000000000
48606  31.121  -24.690  48.216 0.0000000000
48607  30.846  -25.109  47.653 0.0000000000
48608  31.183  -25.246  47.383 0.0000000000
48609  30.720  -25.598  47.274 0.0000000000
48610  30.720  -26.105  47.032 0.0000000000
48611  30.324  -25.945  47.201 0.0000000000
48612  28.048  -27.767  48.383 0.0000000000
48613  28.518  -27.904  48.298 0.0000000000
48614  28.355  -28.254  48.780 0.0000000000
48615  28.665  -28.617  49.266 0.0000000000
48616  28.151  -28.487  49.273 0.0000000000
48617  24.442  -26.586  49.764 0.0000000000
48618  24.854  -26.674  49.547 0.0000000000
48619  24.639  -27.160  49.855 0.0000000000
50342  44.294  -13.932  30.180 0.0000000000
50343  44.840  -13.947  30.159 0.0000000000
50344  44.907  -14.451  30.625 0.0000000000
50390  32.750  -17.168  39.789 0.0000000000
50391  32.962  -16.701  39.479 0.0000000000
50392  33.052  -17.319  39.171 0.0000000000
50393  33.400  -17.489  38.627 0.0000000000
50394  33.236  -17.895  38.941 0.0000000000
50395  33.264  -20.929  42.397 0.0000000000
50396  32.924  -20.461  42.105 0.0000000000
50397  33.555  -20.836  42.012 0.0000000000
50398  37.092  -20.362  40.896 0.0000000000
50399  36.158  -20.369  40.299 0.0000000000
50400  36.764  -20.354  40.153 0.0000000000
50401  36.494  -20.314  39.535 0.0000000000
50402  37.436  -20.381  40.079 0.0000000000
50403  37.953  -20.411  40.003 0.0000000000
50705  53.925  -5.158  20.137 0.0000000000
50706  54.179  -5.553  19.747 0.0000000000
50707  53.837  -6.007  19.997 0.0000000000
50708  50.587  -8.232  23.043 0.0000000000
50709  50.881  -7.780  22.684 0.0000000000
50710  51.039  -8.464  22.865 0.0000000000
54407  21.094  -26.025  53.052 0.0000000000
54408  20.766  -26.481  53.188 0.0000000000
54409  20.833  -25.930  53.584 0.0000000000
54450  21.452  -25.856  52.711 0.0000000000
55014  47.086  -11.084  26.988 0.0000000000
55015  47.643  -11.704  27.411 0.0000000000
55016  47.065  -11.557  27.407 0.0000000000
55017  46.503  -12.357  28.305 0.0000000000
55018  47.093  -12.456  28.334 0.0000000000
55037  34.220  -23.679  45.328 0.0000000000
55038  34.345  -23.655  44.951 0.0000000000
55039  34.506  -24.288  44.990 0.0000000000
55040  35.189  -25.669  45.158 0.0000000000
55041  35.166  -25.180  44.816 0.0000000000
55042  35.632  -25.474  45.043 0.0000000000
55043  36.057  -25.287  44.943 0.0000000000
55044  36.103  -25.697  45.398 0.0000000000
55133  45.367  -7.653  28.946 0.0000000000
55134  45.882  -7.265  28.841 0.0000000000
55135  45.515  -7.719  28.437 0.0000000000
55136  45.822  -8.442  27.239 0.0000000000
55137  45.964  -7.870  27.470 0.0000000000
55138  46.230  -7.998  27.011 0.0000000000
55139  46.664  -7.585  26.742 0.0000000000
55140  46.547  -8.178  26.541 0.0000000000
55141  46.894  -8.366  26.163 0.0000000000
55142  46.536  -8.759  26.450 0.0000000000
55143  46.359  -10.337  26.891 0.0000000000
55144  46.670  -9.950  26.543 0.0000000000
55145  46.858  -10.526  26.698 0.0000000000
55146  47.366  -10.698  26.577 0.0000000000
56770  7.895  -36.898  68.760 0.0000000000
56814  41.477  -9.887  32.230 0.0000000000
56815  41.221  -10.365  31.656 0.0000000000
56816  40.999  -10.400  32.101 0.0000000000
56817  39.970  -11.482  32.415 0.0000000000
56818  40.198  -11.441  31.985 0.0000000000
56819  39.956  -12.066  31.939 0.0000000000
56820  40.056  -12.633  31.682 0.0000000000
56821  39.742  -12.660  32.026 0.0000000000
56822  37.121  -16.552  34.563 0.0000000000
56823  37.514  -16.606  34.246 0.0000000000
56824  37.445  -17.200  34.467 0.0000000000
56825  38.287  -18.960  34.973 0.0000000000
56826  38.269  -18.424  34.575 0.0000000000
56827  38.849  -18.983  34.811 0.0000000000
56828  39.415  -18.977  34.679 0.0000000000
56829  39.489  -19.468  35.161 0.0000000000
56830  40.216  -19.831  35.613 0.0000000000
56831  39.617  -19.855  35.685 0.0000000000
56832  39.317  -20.418  37.057 0.0000000000
56833  39.932  -20.400  37.027 0.0000000000
56834  40.140  -20.514  37.791 0.0000000000
56836  40.363  -20.561  38.542 0.0000000000
56946  42.023  -9.457  32.162 0.0000000000
58105  17.720  -31.083  55.853 0.0000000000
58106  18.057  -31.507  56.157 0.0000000000
58107  17.459  -31.363  56.333 0.0000000000
58108  16.578  -31.890  57.507 0.0000000000
58109  17.132  -31.948  57.362 0.0000000000
58110  16.952  -32.186  57.883 0.0000000000
58111  17.394  -32.399  58.393 0.0000000000
58112  16.860  -32.465  58.624 0.0000000000
58113  16.745  -32.619  59.199 0.0000000000
58114  16.343  -32.440  58.724 0.0000000000
58115  14.928  -32.037  58.727 0.0000000000
58116  15.294  -32.403  59.088 0.0000000000
58117  14.778  -32.340  59.190 0.0000000000
58118  14.630  -32.667  59.770 0.0000000000
58119  14.298  -32.371  59.447 0.0000000000
58140  9.862  -31.379  63.003 0.0000000000
58141  9.893  -32.084  62.759 0.0000000000
58142  9.570  -32.023  63.215 0.0000000000
58143  9.313  -32.571  63.415 0.0000000000
58144  9.280  -31.934  63.716 0.0000000000
58148  8.305  -31.786  65.570 0.0000000000
58205  29.259  -24.100  49.209 0.0000000000
58207  29.574  -24.326  48.862 0.0000000000
58208  29.951  -24.543  48.594 0.0000000000
58209  29.322  -24.800  48.274 0.0000000000
58210  29.169  -25.323  47.857 0.0000000000
58211  28.810  -25.151  48.046 0.0000000000
58212  27.509  -25.586  48.154 0.0000000000
58213  27.905  -25.767  47.920 0.0000000000
58214  27.555  -26.166  47.997 0.0000000000
58215  27.652  -26.724  48.009 0.0000000000
58216  27.195  -26.509  48.184 0.0000000000
58217  23.803  -28.812  51.383 0.0000000000
58218  24.265  -28.776  51.280 0.0000000000
58219  24.158  -29.208  51.886 0.0000000000
59993  32.356  -16.997  41.103 0.0000000000
59994  32.188  -17.492  41.425 0.0000000000
59995  36.635  -21.707  43.134 0.0000000000
59996  36.075  -21.354  42.664 0.0000000000
59997  36.898  -21.335  43.147 0.0000000000
59998  38.284  -20.491  43.926 0.0000000000
59999  37.533  -20.620  43.226 0.0000000000
60000  37.891  -20.282  43.167 0.0000000000
63970  4.141  -35.773  69.873 0.0000000000
64020  38.088  -13.062  35.017 0.0000000000
64029  36.768  -14.670  35.366 0.0000000000
64030  36.721  -15.289  34.987 0.0000000000
64031  36.466  -15.231  35.397 0.0000000000
64032  35.645  -16.221  36.044 0.0000000000
64033  36.012  -16.296  35.636 0.0000000000
64034  35.812  -16.880  35.794 0.0000000000
64035  35.989  -17.476  35.674 0.0000000000
64036  35.608  -17.361  36.019 0.0000000000
65297  22.406  -30.212  53.081 0.0000000000
65298  22.276  -30.570  53.567 0.0000000000
65299  21.911  -30.200  53.109 0.0000000000
65300  20.553  -29.777  53.218 0.0000000000
65301  20.864  -30.260  53.460 0.0000000000
65302  20.358  -30.118  53.545 0.0000000000
65303  20.179  -30.633  54.109 0.0000000000
65304  19.887  -30.182  53.875 0.0000000000
65305  20.008  -27.566  53.392 0.0000000000
65306  20.054  -28.123  53.232 0.0000000000
65307  19.693  -28.038  53.620 0.0000000000
65308  18.572  -28.902  54.400 0.0000000000
65309  18.997  -29.021  54.046 0.0000000000
65310  18.693  -29.409  54.334 0.0000000000
65311  18.872  -29.981  54.337 0.0000000000
65312  18.426  -29.856  54.644 0.0000000000
65313  18.097  -30.256  55.003 0.0000000000
65314  17.928  -29.741  54.971 0.0000000000
65315  16.903  -28.917  55.751 0.0000000000
65316  16.978  -29.497  55.612 0.0000000000
65317  16.540  -29.305  55.981 0.0000000000
65318  16.191  -29.722  56.244 0.0000000000
65319  16.082  -29.216  56.367 0.0000000000
65410  26.167  -23.596  50.063 0.0000000000
65411  25.826  -23.490  50.429 0.0000000000
65412  24.294  -24.264  50.478 0.0000000000
65413  24.715  -24.287  50.181 0.0000000000
65414  24.245  -24.842  50.130 0.0000000000
65415  24.266  -25.433  49.849 0.0000000000
65416  23.848  -25.372  50.203 0.0000000000
65420  22.522  -26.721  51.105 0.0000000000
65421  22.800  -26.112  50.903 0.0000000000
65422  22.850  -26.657  50.780 0.0000000000
65423  23.266  -26.631  50.501 0.0000000000
65424  23.024  -27.273  50.828 0.0000000000
65425  23.236  -27.847  50.915 0.0000000000
65426  22.876  -27.881  51.073 0.0000000000
65427  22.176  -29.242  52.139 0.0000000000
65428  22.595  -29.129  51.908 0.0000000000
65429  22.473  -29.666  52.438 0.0000000000
65430  22.784  -30.044  52.870 0.0000000000
67187  32.121  -18.680  45.459 0.0000000000
67188  31.942  -18.754  44.818 0.0000000000
67189  32.074  -19.301  45.010 0.0000000000
67190  32.743  -21.178  44.182 0.0000000000
67191  32.380  -20.543  44.069 0.0000000000
67192  32.790  -21.176  43.670 0.0000000000
67193  32.885  -21.107  43.220 0.0000000000
67194  33.319  -21.697  43.310 0.0000000000
67195  34.550  -23.526  44.256 0.0000000000
67196  34.171  -22.907  44.175 0.0000000000
67197  34.736  -23.434  43.910 0.0000000000
67198  36.048  -23.462  43.514 0.0000000000
67199  35.191  -23.128  43.428 0.0000000000
67200  35.467  -22.936  43.268 0.0000000000
67201  34.888  -22.418  43.052 0.0000000000
67202  35.776  -22.665  43.154 0.0000000000
67203  36.103  -22.395  43.099 0.0000000000
67204  36.695  -22.876  43.445 0.0000000000
67205  38.674  -23.437  45.221 0.0000000000
67206  38.275  -23.029  44.570 0.0000000000
67488  47.646  -6.191  28.421 0.0000000000
67501  50.367  -5.127  24.095 0.0000000000
67502  49.877  -5.552  24.320 0.0000000000
67503  49.134  -7.193  24.164 0.0000000000
67504  49.516  -6.762  23.871 0.0000000000
67505  49.447  -7.402  23.834 0.0000000000
67506  49.819  -7.651  23.507 0.0000000000
67507  49.426  -8.058  23.899 0.0000000000
67508  47.574  -8.775  25.537 0.0000000000
67509  47.938  -8.397  25.206 0.0000000000
67510  48.018  -9.004  25.263 0.0000000000
67511  49.134  -10.040  25.162 0.0000000000
67512  48.924  -9.460  24.836 0.0000000000
67513  49.392  -9.697  24.682 0.0000000000
67514  49.703  -9.348  24.261 0.0000000000
72519  43.664  -10.094  28.740 0.0000000000
72520  43.804  -10.673  28.585 0.0000000000
72521  43.445  -10.576  28.871 0.0000000000
72522  42.591  -11.590  29.593 0.0000000000
72523  42.997  -11.639  29.315 0.0000000000
72524  42.857  -12.179  29.597 0.0000000000
72525  43.268  -12.770  29.653 0.0000000000
72526  42.794  -12.689  29.841 0.0000000000
72527  41.119  -11.466  30.850 0.0000000000
72528  41.455  -11.451  30.503 0.0000000000
72529  41.286  -11.995  30.625 0.0000000000
72530  41.797  -13.781  30.747 0.0000000000
72531  41.847  -13.197  30.484 0.0000000000
72532  42.246  -13.802  30.587 0.0000000000
72533  42.737  -13.816  30.454 0.0000000000
72534  42.746  -14.386  30.797 0.0000000000
72535  43.318  -14.942  31.140 0.0000000000
72536  42.823  -14.988  31.230 0.0000000000
72537  42.479  -16.178  32.206 0.0000000000
72538  43.048  -16.135  32.179 0.0000000000
72539  43.157  -16.643  32.711 0.0000000000
72543  39.425  -11.755  33.795 0.0000000000
72544  39.024  -12.335  33.729 0.0000000000
72545  38.772  -14.038  32.914 0.0000000000
72546  38.963  -13.393  32.823 0.0000000000
72547  39.092  -13.981  32.576 0.0000000000
72548  39.407  -13.911  32.261 0.0000000000
72549  39.293  -14.589  32.448 0.0000000000
72550  38.379  -16.665  33.637 0.0000000000
72551  38.405  -16.011  33.420 0.0000000000
72552  38.804  -16.647  33.390 0.0000000000
72553  40.131  -17.156  33.127 0.0000000000
72554  39.617  -16.549  32.948 0.0000000000
72555  40.063  -16.500  32.762 0.0000000000
72556  40.034  -15.817  32.426 0.0000000000
72557  40.520  -16.450  32.607 0.0000000000
72558  40.973  -16.396  32.477 0.0000000000
72559  41.102  -17.023  32.887 0.0000000000
72587  32.924  -27.302  46.730 0.0000000000
72588  33.500  -27.280  46.764 0.0000000000
72589  33.333  -27.587  47.137 0.0000000000
72590  34.061  -28.182  48.930 0.0000000000
72591  34.256  -27.921  48.371 0.0000000000
72916  45.056  -7.668  29.962 0.0000000000
72917  44.488  -8.076  30.031 0.0000000000
72918  43.403  -9.492  29.344 0.0000000000
72919  43.852  -9.010  29.253 0.0000000000
72920  43.689  -9.568  28.967 0.0000000000
72921  44.024  -9.611  28.612 0.0000000000
76390  22.011  -31.163  54.848 0.0000000000
76391  22.430  -31.262  55.523 0.0000000000
76392  21.866  -31.411  55.517 0.0000000000
76398  18.812  -32.088  57.111 0.0000000000
76422  16.417  -32.970  61.362 0.0000000000
76456  15.265  -28.860  57.164 0.0000000000
76476  13.371  -29.313  59.026 0.0000000000
76477  13.760  -28.768  58.852 0.0000000000
76478  13.778  -29.421  58.524 0.0000000000
76479  14.170  -29.571  58.066 0.0000000000
76480  13.891  -30.036  58.333 0.0000000000
76481  14.039  -30.659  58.227 0.0000000000
76482  13.592  -30.549  58.593 0.0000000000
76483  12.692  -31.417  59.649 0.0000000000
76484  13.150  -31.443  59.302 0.0000000000
76485  12.961  -31.975  59.737 0.0000000000
76486  13.275  -32.368  59.933 0.0000000000
76487  12.780  -32.308  60.174 0.0000000000
76488  11.134  -31.027  61.293 0.0000000000
76489  11.446  -31.191  60.813 0.0000000000
76490  11.201  -31.753  61.111 0.0000000000
76491  11.540  -33.201  61.629 0.0000000000
76492  11.707  -32.781  61.192 0.0000000000
76493  12.023  -33.183  61.422 0.0000000000
76494  12.515  -33.127  61.168 0.0000000000
76495  12.380  -33.539  61.715 0.0000000000
76496  12.752  -33.762  62.135 0.0000000000
76497  12.244  -33.844  62.345 0.0000000000
76498  11.556  -34.665  63.842 0.0000000000
76499  12.001  -34.441  63.681 0.0000000000
76500  11.912  -34.699  64.430 0.0000000000
76505  10.092  -35.398  65.011 0.0000000000
76506  10.486  -35.554  65.517 0.0000000000
76507  10.000  -35.717  65.682 0.0000000000
76508  9.958  -35.963  66.415 0.0000000000
76509  9.581  -35.855  65.884 0.0000000000
76510  8.907  -33.610  63.978 0.0000000000
76511  9.095  -34.232  63.988 0.0000000000
76512  8.695  -34.149  64.348 0.0000000000
76513  8.025  -35.113  65.616 0.0000000000
76514  8.418  -35.190  65.315 0.0000000000
76515  8.322  -35.634  65.845 0.0000000000
76516  8.672  -35.974  66.239 0.0000000000
76517  8.238  -36.025  66.515 0.0000000000
76518  8.143  -36.362  67.185 0.0000000000
76519  7.796  -36.008  66.752 0.0000000000
76520  6.751  -35.199  67.118 0.0000000000
76521  6.928  -35.820  67.293 0.0000000000
76522  6.542  -35.620  67.601 0.0000000000
76523  6.306  -36.073  68.190 0.0000000000
76524  6.191  -35.339  67.971 0.0000000000
76541  6.725  -32.677  67.907 0.0000000000
76542  6.478  -32.320  68.603 0.0000000000
76544  5.831  -33.388  68.845 0.0000000000
76545  5.488  -33.927  69.070 0.0000000000
76546  5.495  -34.692  68.860 0.0000000000
76547  5.125  -34.415  69.260 0.0000000000
76549  4.855  -34.079  69.551 0.0000000000
76635  33.754  -24.870  46.029 0.0000000000
76700  31.879  -25.488  46.856 0.0000000000
76701  32.418  -25.138  46.939 0.0000000000
76702  32.313  -25.605  46.623 0.0000000000
76703  32.682  -25.662  46.358 0.0000000000
76704  32.328  -26.128  46.424 0.0000000000
76705  32.455  -26.512  46.419 0.0000000000
76706  31.957  -26.449  46.511 0.0000000000
76707  30.945  -27.089  46.940 0.0000000000
76708  31.423  -27.196  46.871 0.0000000000
76709  31.163  -27.525  47.084 0.0000000000
76710  31.477  -27.926  47.386 0.0000000000
76711  30.972  -27.851  47.413 0.0000000000
76712  29.203  -26.498  47.444 0.0000000000
76713  29.578  -26.659  47.288 0.0000000000
76714  29.322  -27.025  47.408 0.0000000000
76715  29.586  -28.231  48.279 0.0000000000
76716  29.759  -27.935  47.843 0.0000000000
76717  30.057  -28.320  48.216 0.0000000000
76718  30.610  -28.417  48.217 0.0000000000
76719  30.474  -28.666  48.789 0.0000000000
76720  30.894  -28.951  49.423 0.0000000000
76721  30.300  -28.910  49.321 0.0000000000
76727  25.918  -24.704  49.193 0.0000000000
76728  26.285  -24.855  48.891 0.0000000000
76729  25.865  -25.324  48.926 0.0000000000
76730  25.795  -26.916  49.136 0.0000000000
76731  26.010  -26.466  48.830 0.0000000000
76732  26.207  -27.045  48.952 0.0000000000
76733  26.657  -27.165  48.759 0.0000000000
76734  26.455  -27.570  49.195 0.0000000000
76735  25.133  -28.659  51.045 0.0000000000
76736  25.210  -28.172  50.433 0.0000000000
76737  25.564  -28.611  50.933 0.0000000000
76738  26.954  -29.056  51.464 0.0000000000
76739  26.534  -28.711  50.814 0.0000000000
76740  27.042  -28.778  50.739 0.0000000000
76741  27.113  -28.507  50.080 0.0000000000
81902  44.353  -11.868  28.667 0.0000000000
81903  44.875  -11.959  28.499 0.0000000000
81904  44.825  -12.467  28.889 0.0000000000
82053  34.601  -15.696  37.548 0.0000000000
82054  34.225  -16.167  37.763 0.0000000000
82055  34.208  -17.835  37.612 0.0000000000
82056  34.415  -17.394  37.263 0.0000000000
82057  34.695  -18.048  37.129 0.0000000000
82058  35.197  -18.227  36.681 0.0000000000
82059  35.052  -18.627  37.098 0.0000000000
82060  31.843  -18.889  43.556 0.0000000000
82061  31.833  -18.377  43.262 0.0000000000
82062  31.891  -18.958  42.883 0.0000000000
82063  32.497  -19.536  41.447 0.0000000000
82064  32.172  -19.057  41.694 0.0000000000
82065  32.429  -19.083  41.142 0.0000000000
82066  32.455  -18.634  40.773 0.0000000000
82067  32.748  -19.121  40.589 0.0000000000
82068  35.084  -20.800  41.566 0.0000000000
82069  34.296  -20.624  41.317 0.0000000000
82070  34.684  -20.539  41.006 0.0000000000
82071  34.585  -19.972  39.688 0.0000000000
82072  34.117  -19.944  40.031 0.0000000000
82073  34.032  -19.667  39.567 0.0000000000
82074  33.512  -19.222  39.550 0.0000000000
82075  33.964  -19.324  39.143 0.0000000000
82076  33.938  -18.944  38.734 0.0000000000
82077  34.457  -19.448  38.753 0.0000000000
82078  36.142  -20.072  38.331 0.0000000000
82079  35.497  -19.713  38.076 0.0000000000
82080  36.087  -19.897  37.800 0.0000000000
82081  36.064  -19.664  37.294 0.0000000000
82082  36.690  -20.085  37.550 0.0000000000
82083  37.336  -20.205  37.370 0.0000000000
82084  37.447  -20.362  37.993 0.0000000000
82086  39.102  -20.564  39.294 0.0000000000
82105  34.729  -27.117  46.859 0.0000000000
82106  34.895  -26.784  46.402 0.0000000000
82107  35.302  -26.942  46.928 0.0000000000
82108  36.852  -26.460  47.921 0.0000000000
82109  36.411  -26.521  47.110 0.0000000000
82110  36.975  -26.234  47.255 0.0000000000
82111  37.069  -25.931  46.604 0.0000000000
82112  37.528  -25.911  47.418 0.0000000000
82119  38.628  -25.242  47.863 0.0000000000
82121  39.181  -24.515  47.310 0.0000000000
82998  54.862  -6.415  19.029 0.0000000000
82999  55.128  -5.932  18.621 0.0000000000
83000  55.263  -6.833  18.749 0.0000000000
83002  55.498  -7.630  19.009 0.0000000000
83003  50.780  -5.540  23.161 0.0000000000
83006  51.625  -7.038  21.978 0.0000000000
83007  51.641  -6.331  21.988 0.0000000000
83008  51.983  -6.642  21.670 0.0000000000
83009  52.386  -6.270  21.325 0.0000000000
83010  52.362  -6.978  21.353 0.0000000000
83014  53.657  -8.981  21.579 0.0000000000
83015  53.116  -8.667  21.639 0.0000000000
83016  53.413  -8.352  21.184 0.0000000000
83017  53.225  -7.679  20.898 0.0000000000
83018  53.723  -8.026  20.691 0.0000000000
83019  54.030  -7.651  20.248 0.0000000000
83020  54.253  -8.332  20.559 0.0000000000
92913  46.096  -10.771  27.254 0.0000000000
92914  46.563  -11.442  27.483 0.0000000000
92915  46.052  -11.291  27.583 0.0000000000
92916  45.962  -11.760  27.924 0.0000000000
92917  45.947  -12.214  28.317 0.0000000000
92927  34.234  -24.857  45.447 0.0000000000
92928  34.528  -24.821  45.093 0.0000000000
92929  34.426  -25.339  45.321 0.0000000000
92930  34.755  -25.739  45.347 0.0000000000
92931  35.131  -26.083  45.516 0.0000000000
92984  44.880  -8.626  28.271 0.0000000000
92985  45.287  -8.212  28.122 0.0000000000
92986  45.158  -8.748  27.862 0.0000000000
92987  45.458  -8.875  27.460 0.0000000000
92988  45.790  -9.017  27.067 0.0000000000
92989  46.187  -9.161  26.744 0.0000000000
92990  45.820  -9.593  27.055 0.0000000000
92991  45.910  -10.161  27.104 0.0000000000
93967  6.904  -36.958  69.053 0.0000000000
93994  40.771  -10.464  32.550 0.0000000000
93995  40.626  -10.485  33.033 0.0000000000
93996  40.116  -11.020  32.923 0.0000000000
93997  39.769  -11.546  32.866 0.0000000000
93998  36.897  -17.731  35.012 0.0000000000
93999  37.357  -17.804  34.725 0.0000000000
94000  37.269  -18.312  35.025 0.0000000000
94001  37.762  -18.915  35.180 0.0000000000
94002  38.342  -19.440  35.425 0.0000000000
94003  38.988  -19.848  35.790 0.0000000000
94004  38.396  -19.821  35.915 0.0000000000
94005  38.562  -20.170  36.479 0.0000000000
94006  38.696  -20.389  37.084 0.0000000000
94768  16.656  -30.785  56.336 0.0000000000
94769  16.942  -31.252  56.523 0.0000000000
94770  16.452  -31.199  56.780 0.0000000000
94771  16.263  -31.549  57.274 0.0000000000
94772  16.057  -31.788  57.699 0.0000000000
94773  15.929  -32.079  58.235 0.0000000000
94774  15.575  -31.751  57.921 0.0000000000
94775  15.096  -31.720  58.238 0.0000000000
94776  14.585  -31.618  58.437 0.0000000000
94791  9.371  -31.109  64.176 0.0000000000
94830  28.641  -24.395  48.785 0.0000000000
94831  28.448  -24.913  48.269 0.0000000000
94832  28.100  -24.692  48.543 0.0000000000
94833  27.573  -25.007  48.418 0.0000000000
94834  27.104  -25.294  48.375 0.0000000000
94835  23.675  -29.727  52.613 0.0000000000
94836  24.083  -29.619  52.522 0.0000000000
94837  24.054  -29.951  53.239 0.0000000000
95901  32.037  -17.343  42.773 0.0000000000
95902  38.346  -21.723  44.318 0.0000000000
95903  37.753  -21.305  43.782 0.0000000000
95904  38.595  -21.236  44.498 0.0000000000
98323  36.197  -15.173  35.834 0.0000000000
98324  35.937  -15.068  36.285 0.0000000000
98325  35.616  -15.590  36.347 0.0000000000
98326  35.320  -16.105  36.451 0.0000000000
99083  21.762  -29.371  52.365 0.0000000000
99084  21.567  -29.770  52.776 0.0000000000
99085  21.260  -29.304  52.564 0.0000000000
99086  20.827  -29.297  52.819 0.0000000000
99087  20.312  -29.256  53.097 0.0000000000
99089  19.280  -27.938  53.983 0.0000000000
99090  18.907  -27.910  54.399 0.0000000000
99091  18.503  -28.413  54.532 0.0000000000
99092  18.164  -28.760  54.793 0.0000000000
99093  17.806  -29.159  55.017 0.0000000000
99154  23.952  -24.328  50.780 0.0000000000
99155  22.079  -25.670  51.959 0.0000000000
99156  22.451  -25.555  51.537 0.0000000000
99157  22.093  -26.234  51.630 0.0000000000
99158  22.150  -26.787  51.421 0.0000000000
99159  22.260  -27.364  51.308 0.0000000000
99160  22.469  -27.990  51.334 0.0000000000
99161  22.070  -28.041  51.587 0.0000000000
99162  21.901  -28.763  51.946 0.0000000000
100218  32.289  -19.900  45.107 0.0000000000
100219  32.575  -20.481  45.223 0.0000000000
100220  32.756  -21.124  44.692 0.0000000000
100221  33.155  -21.735  44.253 0.0000000000
100222  35.823  -24.397  44.137 0.0000000000
100223  35.371  -23.838  43.845 0.0000000000
100224  36.121  -24.187  43.989 0.0000000000
100225  36.464  -23.969  43.886 0.0000000000
100226  36.870  -23.698  43.850 0.0000000000
100227  37.208  -23.347  43.884 0.0000000000
100228  37.554  -23.814  44.364 0.0000000000
100229  38.251  -23.873  45.056 0.0000000000
100230  38.913  -23.822  45.844 0.0000000000
100396  47.264  -6.622  27.376 0.0000000000
100399  48.376  -5.925  27.033 0.0000000000
100405  49.414  -5.965  24.551 0.0000000000
100406  48.988  -6.355  24.798 0.0000000000
100407  48.829  -6.983  24.582 0.0000000000
100408  48.720  -7.615  24.510 0.0000000000
100409  47.868  -9.952  25.811 0.0000000000
100410  48.139  -9.583  25.421 0.0000000000
100411  48.375  -10.163  25.688 0.0000000000
100412  48.910  -10.378  25.605 0.0000000000
100413  49.412  -10.559  25.599 0.0000000000
100414  49.972  -10.728  25.648 0.0000000000
100415  49.752  -11.024  26.175 0.0000000000
103416  43.003  -9.949  29.492 0.0000000000
103417  43.061  -10.513  29.206 0.0000000000
103418  42.671  -10.474  29.576 0.0000000000
103419  42.432  -11.009  29.706 0.0000000000
103420  42.209  -11.530  29.873 0.0000000000
103421  40.729  -12.610  31.068 0.0000000000
103422  41.084  -12.605  30.801 0.0000000000
103423  41.017  -13.196  30.926 0.0000000000
103424  41.360  -13.767  30.932 0.0000000000
103425  41.826  -14.420  31.065 0.0000000000
103426  42.315  -15.011  31.331 0.0000000000
103427  41.805  -14.996  31.430 0.0000000000
103428  41.802  -15.597  31.841 0.0000000000
103429  41.959  -16.222  32.255 0.0000000000
103430  38.451  -12.977  34.127 0.0000000000
103431  38.677  -12.901  33.675 0.0000000000
103432  38.377  -13.498  33.651 0.0000000000
103433  38.441  -14.066  33.276 0.0000000000
103434  38.622  -14.695  33.062 0.0000000000
103435  39.224  -17.872  33.815 0.0000000000
103436  39.215  -17.274  33.492 0.0000000000
103437  39.713  -17.862  33.688 0.0000000000
103438  40.217  -17.799  33.552 0.0000000000
103439  40.728  -17.700  33.426 0.0000000000
103440  41.240  -17.589  33.339 0.0000000000
103441  41.380  -18.152  33.843 0.0000000000
103457  32.604  -27.949  47.459 0.0000000000
103458  33.163  -27.895  47.556 0.0000000000
103459  32.967  -28.158  48.025 0.0000000000
103460  33.487  -28.320  48.760 0.0000000000
103649  43.301  -8.688  32.142 0.0000000000
103651  43.470  -8.596  31.626 0.0000000000
103652  43.603  -8.529  31.148 0.0000000000
103653  43.757  -8.486  30.618 0.0000000000
103654  43.933  -8.469  30.056 0.0000000000
103655  43.378  -8.910  30.160 0.0000000000
103656  43.142  -9.409  29.754 0.0000000000
105739  20.901  -31.316  54.965 0.0000000000
105740  21.321  -31.506  55.554 0.0000000000
105741  20.741  -31.578  55.508 0.0000000000
105742  20.633  -31.787  56.218 0.0000000000
105757  15.505  -33.080  60.826 0.0000000000
105758  15.900  -33.125  61.377 0.0000000000
105759  15.325  -33.217  61.379 0.0000000000
105760  15.213  -33.305  62.137 0.0000000000
105763  14.611  -33.628  62.969 0.0000000000
105765  13.538  -33.980  63.138 0.0000000000
105792  13.059  -29.126  59.523 0.0000000000
105793  13.042  -29.743  59.250 0.0000000000
105794  13.167  -30.423  59.057 0.0000000000
105795  12.781  -30.310  59.414 0.0000000000
105796  12.491  -30.769  59.731 0.0000000000
105797  12.245  -31.347  60.011 0.0000000000
105798  10.620  -32.208  61.879 0.0000000000
105799  11.033  -32.220  61.446 0.0000000000
105800  10.817  -32.758  61.843 0.0000000000
105801  11.079  -33.274  61.931 0.0000000000
105802  11.394  -33.694  62.138 0.0000000000
105803  11.744  -33.942  62.497 0.0000000000
105804  11.284  -34.122  62.817 0.0000000000
105805  11.162  -34.485  63.356 0.0000000000
105806  11.054  -34.820  63.916 0.0000000000
105807  10.980  -35.110  64.631 0.0000000000
105808  10.613  -35.001  64.190 0.0000000000
105809  10.172  -35.081  64.324 0.0000000000
105810  9.708  -35.140  64.530 0.0000000000
105811  8.195  -33.452  64.844 0.0000000000
105812  8.329  -34.179  64.762 0.0000000000
105813  7.997  -33.936  65.135 0.0000000000
105814  7.805  -34.474  65.436 0.0000000000
105815  7.628  -35.020  65.924 0.0000000000
105816  7.479  -35.558  66.496 0.0000000000
105817  7.298  -34.913  66.304 0.0000000000
105818  6.945  -34.669  66.724 0.0000000000
105819  6.657  -34.381  67.179 0.0000000000
105834  4.809  -33.323  69.821 0.0000000000
105926  31.529  -25.386  47.098 0.0000000000
105927  31.451  -25.865  46.805 0.0000000000
105928  31.531  -26.386  46.671 0.0000000000
105929  31.081  -26.256  46.823 0.0000000000
105930  30.751  -26.654  46.886 0.0000000000
105931  30.498  -26.975  47.019 0.0000000000
105932  28.541  -27.129  47.760 0.0000000000
105933  29.018  -27.333  47.670 0.0000000000
105934  28.749  -27.617  47.953 0.0000000000
105935  29.049  -28.108  48.292 0.0000000000
105936  29.399  -28.505  48.737 0.0000000000
105937  29.758  -28.810  49.276 0.0000000000
105938  29.176  -28.719  49.227 0.0000000000
105941  25.066  -25.640  49.279 0.0000000000
105942  25.480  -25.726  49.061 0.0000000000
105943  25.180  -26.242  49.242 0.0000000000
105944  25.338  -26.767  49.310 0.0000000000
105945  25.569  -27.346  49.511 0.0000000000
105946  25.909  -29.294  52.377 0.0000000000
105947  25.969  -28.999  51.576 0.0000000000
105948  26.396  -29.283  52.303 0.0000000000
109046  44.236  -12.891  29.386 0.0000000000
109047  44.769  -12.950  29.279 0.0000000000
109048  44.769  -13.438  29.705 0.0000000000
109049  45.452  -13.983  30.184 0.0000000000
109135  33.271  -16.256  39.194 0.0000000000
109136  33.556  -16.437  38.594 0.0000000000
109137  33.909  -16.639  37.972 0.0000000000
109138  33.624  -17.039  38.302 0.0000000000
109139  33.799  -17.668  38.096 0.0000000000
109140  34.092  -18.222  37.951 0.0000000000
109141  32.258  -19.985  42.802 0.0000000000
109142  32.076  -19.492  42.541 0.0000000000
109143  32.447  -19.985  42.271 0.0000000000
109144  32.704  -19.987  41.756 0.0000000000
109145  33.007  -19.991  41.251 0.0000000000
109146  35.978  -20.525  41.148 0.0000000000
109147  35.127  -20.474  40.759 0.0000000000
109148  35.642  -20.405  40.535 0.0000000000
109149  35.339  -20.232  39.911 0.0000000000
109150  35.122  -20.032  39.406 0.0000000000
109151  35.033  -19.836  38.885 0.0000000000
109152  35.704  -20.109  39.141 0.0000000000
109153  36.312  -20.201  38.924 0.0000000000
109154  36.908  -20.308  38.754 0.0000000000
109155  37.600  -20.424  38.646 0.0000000000
109156  37.702  -20.453  39.302 0.0000000000
109168  35.538  -27.250  48.174 0.0000000000
109169  35.696  -27.007  47.576 0.0000000000
109170  36.109  -26.998  48.330 0.0000000000
109171  36.685  -26.717  48.499 0.0000000000
109172  37.362  -26.389  48.811 0.0000000000
109704  54.492  -5.984  19.376 0.0000000000
109705  54.603  -6.859  19.432 0.0000000000
109706  50.477  -6.847  22.895 0.0000000000
109707  50.889  -6.479  22.585 0.0000000000
109708  50.841  -7.105  22.591 0.0000000000
109709  51.244  -7.368  22.331 0.0000000000
109710  51.629  -7.720  22.112 0.0000000000
109714  53.999  -9.575  22.067 0.0000000000
109715  54.234  -9.282  21.556 0.0000000000
109716  54.517  -8.963  21.010 0.0000000000
109717  54.842  -9.585  21.589 0.0000000000
116105  21.097  -27.146  52.402 0.0000000000
116106  20.765  -27.696  52.614 0.0000000000
116107  20.728  -27.073  52.842 0.0000000000
116108  20.396  -26.978  53.304 0.0000000000
116164  22.166  -25.047  52.415 0.0000000000
116165  21.780  -25.708  52.299 0.0000000000
116166  21.396  -26.443  52.329 0.0000000000
116955  48.240  -11.406  26.969 0.0000000000
116956  48.822  -11.977  27.646 0.0000000000
116957  48.229  -11.847  27.493 0.0000000000
116958  48.271  -12.266  28.008 0.0000000000
116960  47.100  -12.031  27.868 0.0000000000
116961  47.706  -12.545  28.422 0.0000000000
116987  33.779  -22.339  45.495 0.0000000000
116988  33.679  -22.343  45.053 0.0000000000
116989  34.048  -22.959  44.993 0.0000000000
116990  34.439  -23.581  44.584 0.0000000000
116991  34.892  -24.133  44.357 0.0000000000
116992  34.819  -24.796  44.807 0.0000000000
116993  35.096  -24.681  44.562 0.0000000000
116994  35.425  -24.552  44.335 0.0000000000
116995  35.970  -24.853  44.517 0.0000000000
116996  36.518  -25.080  44.874 0.0000000000
116997  37.055  -25.237  45.397 0.0000000000
117125  46.423  -6.862  28.733 0.0000000000
117126  46.532  -6.896  28.160 0.0000000000
117127  45.728  -7.776  27.948 0.0000000000
117128  46.195  -7.355  27.774 0.0000000000
117129  46.715  -6.970  27.559 0.0000000000
117130  46.932  -7.079  26.999 0.0000000000
117131  47.147  -7.239  26.482 0.0000000000
117132  47.369  -7.447  26.000 0.0000000000
117133  47.651  -7.632  25.554 0.0000000000
117134  47.245  -7.985  25.888 0.0000000000
117135  47.227  -8.567  25.830 0.0000000000
117136  47.275  -9.166  25.854 0.0000000000
117137  46.571  -9.354  26.457 0.0000000000
117138  46.966  -9.557  26.199 0.0000000000
117139  47.400  -9.750  25.972 0.0000000000
117140  47.611  -10.343  26.203 0.0000000000
117141  47.898  -10.874  26.504 0.0000000000
119413  8.883  -36.591  68.400 0.0000000000
119475  41.871  -9.849  31.215 0.0000000000
119476  41.752  -10.355  30.757 0.0000000000
119477  41.436  -10.365  31.210 0.0000000000
119478  41.073  -10.922  31.185 0.0000000000
119479  40.806  -11.453  31.227 0.0000000000
119480  40.554  -10.919  31.999 0.0000000000
119481  40.507  -11.434  31.610 0.0000000000
119482  40.598  -12.017  31.241 0.0000000000
119483  40.389  -12.635  31.357 0.0000000000
119484  40.228  -13.226  31.487 0.0000000000
119485  40.126  -13.861  31.666 0.0000000000
119486  37.384  -15.369  34.247 0.0000000000
119487  37.748  -15.396  33.907 0.0000000000
119488  37.607  -15.998  34.062 0.0000000000
119489  37.930  -16.651  33.942 0.0000000000
119490  38.321  -17.251  33.902 0.0000000000
119491  37.826  -17.838  34.466 0.0000000000
119492  38.317  -17.879  34.222 0.0000000000
119493  38.798  -17.900  33.997 0.0000000000
119494  39.329  -18.447  34.231 0.0000000000
119495  39.963  -18.945  34.571 0.0000000000
119496  40.643  -19.349  35.041 0.0000000000
119499  40.981  -20.040  36.292 0.0000000000
119500  41.155  -20.242  37.063 0.0000000000
119501  39.756  -20.163  36.320 0.0000000000
119502  40.552  -20.331  37.039 0.0000000000
119503  41.382  -20.390  37.898 0.0000000000
119507  31.999  -28.931  49.546 0.0000000000
119508  32.678  -28.882  49.829 0.0000000000
119509  32.584  -29.079  50.579 0.0000000000
119661  42.220  -9.391  31.711 0.0000000000
121282  18.744  -31.173  55.417 0.0000000000
121283  19.142  -31.580  55.844 0.0000000000
121284  18.501  -31.491  55.902 0.0000000000
121285  18.397  -31.815  56.544 0.0000000000
121286  18.279  -32.046  57.136 0.0000000000
121287  17.312  -31.676  56.804 0.0000000000
121288  17.674  -31.981  57.188 0.0000000000
121289  18.074  -32.230  57.695 0.0000000000
121296  16.091  -32.813  60.017 0.0000000000
121297  15.813  -32.389  58.819 0.0000000000
121298  15.667  -32.631  59.479 0.0000000000
121299  15.635  -32.890  60.226 0.0000000000
121300  15.032  -32.893  60.235 0.0000000000
121301  14.549  -32.975  60.399 0.0000000000
121302  14.005  -33.030  60.584 0.0000000000
121328  10.810  -30.943  61.792 0.0000000000
121331  10.497  -31.594  62.039 0.0000000000
121332  10.239  -32.167  62.293 0.0000000000
121333  10.015  -32.768  62.568 0.0000000000
121334  9.808  -33.264  62.890 0.0000000000
121335  9.635  -33.747  63.249 0.0000000000
121336  9.440  -33.241  63.282 0.0000000000
121337  9.097  -33.097  63.660 0.0000000000
121338  8.773  -32.927  64.088 0.0000000000
121339  9.045  -31.669  64.222 0.0000000000
121340  8.755  -32.239  64.369 0.0000000000
121341  8.465  -32.838  64.572 0.0000000000
121342  8.225  -32.599  65.123 0.0000000000
121343  7.971  -32.380  65.700 0.0000000000
121344  7.756  -32.083  66.323 0.0000000000
121427  30.226  -24.760  48.198 0.0000000000
121428  30.060  -25.251  47.768 0.0000000000
121429  29.958  -25.803  47.353 0.0000000000
121430  29.555  -25.560  47.605 0.0000000000
121431  29.169  -25.945  47.578 0.0000000000
121432  28.784  -26.282  47.548 0.0000000000
121433  28.361  -25.442  47.961 0.0000000000
121434  28.341  -25.999  47.767 0.0000000000
121435  28.391  -26.539  47.676 0.0000000000
121436  28.042  -26.910  47.850 0.0000000000
121437  27.796  -27.212  48.133 0.0000000000
121438  27.580  -27.579  48.494 0.0000000000
121439  24.067  -27.741  50.439 0.0000000000
121440  24.475  -27.699  50.240 0.0000000000
121441  24.351  -28.265  50.700 0.0000000000
121442  24.669  -28.676  51.137 0.0000000000
121443  25.041  -29.031  51.711 0.0000000000
121444  24.537  -29.538  52.490 0.0000000000
121445  24.973  -29.395  52.412 0.0000000000
121446  25.441  -29.332  52.375 0.0000000000
123854  44.417  -14.962  31.127 0.0000000000
123855  45.006  -14.932  31.119 0.0000000000
123926  32.520  -17.067  40.442 0.0000000000
123927  32.610  -17.660  40.076 0.0000000000
123928  34.807  -21.515  42.433 0.0000000000
123929  34.325  -21.117  42.050 0.0000000000
123930  35.198  -21.303  42.297 0.0000000000
123931  35.575  -21.059  42.131 0.0000000000
123932  35.942  -20.837  41.990 0.0000000000
123933  37.242  -20.972  43.209 0.0000000000
123934  36.747  -20.746  42.537 0.0000000000
123935  36.341  -20.626  41.844 0.0000000000
123936  36.817  -20.450  41.735 0.0000000000
123937  37.340  -20.286  41.610 0.0000000000
124366  53.239  -5.388  20.702 0.0000000000
124367  50.935  -9.460  23.655 0.0000000000
124368  51.228  -9.098  23.177 0.0000000000
129412  4.911  -36.348  69.722 0.0000000000
129472  39.183  -11.957  34.751 0.0000000000
129475  38.701  -12.475  34.647 0.0000000000
129476  38.254  -13.035  34.562 0.0000000000
129477  37.867  -13.567  34.521 0.0000000000
129478  37.572  -14.138  34.484 0.0000000000
129486  37.311  -14.140  34.934 0.0000000000
129487  37.294  -14.698  34.532 0.0000000000
129488  37.030  -15.338  34.604 0.0000000000
129489  36.880  -15.950  34.759 0.0000000000
129490  36.757  -16.508  34.885 0.0000000000
129491  36.240  -15.787  35.497 0.0000000000
129492  36.383  -16.395  35.251 0.0000000000
129493  36.588  -17.092  35.098 0.0000000000
129494  36.443  -17.640  35.328 0.0000000000
129495  36.389  -18.136  35.562 0.0000000000
129496  36.266  -18.587  35.928 0.0000000000
131093  23.155  -30.662  54.196 0.0000000000
131095  22.662  -30.765  54.146 0.0000000000
131096  22.144  -30.911  54.271 0.0000000000
131097  21.599  -30.986  54.265 0.0000000000
131098  21.325  -30.224  53.186 0.0000000000
131099  21.216  -30.679  53.791 0.0000000000
131100  21.050  -30.990  54.323 0.0000000000
131101  20.511  -31.034  54.457 0.0000000000
131102  19.972  -31.016  54.598 0.0000000000
131103  19.433  -30.927  54.734 0.0000000000
131104  20.471  -28.209  52.812 0.0000000000
131105  20.156  -28.684  53.129 0.0000000000
131106  19.903  -29.161  53.380 0.0000000000
131107  19.338  -28.495  53.814 0.0000000000
131108  19.450  -29.064  53.732 0.0000000000
131109  19.635  -29.729  53.748 0.0000000000
131110  19.381  -30.102  54.131 0.0000000000
131111  19.124  -30.491  54.483 0.0000000000
131112  18.922  -30.883  54.933 0.0000000000
131113  18.396  -30.739  55.118 0.0000000000
131114  17.926  -30.737  55.439 0.0000000000
131115  17.374  -30.529  55.667 0.0000000000
131116  17.472  -29.578  55.298 0.0000000000
131117  17.136  -30.019  55.594 0.0000000000
131118  16.882  -30.377  55.895 0.0000000000
131119  16.410  -30.284  56.240 0.0000000000
131120  15.924  -30.145  56.581 0.0000000000
131121  15.493  -30.030  56.912 0.0000000000
131236  26.961  -23.935  49.428 0.0000000000
131237  26.574  -23.765  49.747 0.0000000000
131238  25.998  -24.118  49.562 0.0000000000
131239  25.461  -24.604  49.415 0.0000000000
131240  25.228  -23.836  50.240 0.0000000000
131241  25.092  -24.434  49.797 0.0000000000
131242  25.019  -25.042  49.458 0.0000000000
131243  24.651  -25.524  49.581 0.0000000000
131244  24.310  -25.974  49.745 0.0000000000
131245  24.039  -26.629  49.966 0.0000000000
131248  23.524  -24.874  50.765 0.0000000000
131249  22.783  -25.531  51.164 0.0000000000
131250  23.107  -25.428  50.809 0.0000000000
131251  23.501  -25.418  50.481 0.0000000000
131252  23.537  -25.986  50.283 0.0000000000
131253  23.689  -26.603  50.198 0.0000000000
131254  23.865  -27.208  50.277 0.0000000000
131255  23.660  -27.761  50.645 0.0000000000
131256  23.494  -28.368  51.068 0.0000000000
131257  23.399  -28.888  51.550 0.0000000000
131258  22.720  -28.553  51.477 0.0000000000
131259  23.002  -29.036  51.716 0.0000000000
131260  23.334  -29.447  52.097 0.0000000000
131261  23.244  -29.871  52.750 0.0000000000
131262  23.205  -30.289  53.513 0.0000000000
133488  31.970  -17.719  44.406 0.0000000000
133489  31.914  -18.205  44.643 0.0000000000
133490  31.877  -18.817  44.189 0.0000000000
133491  31.943  -19.391  43.777 0.0000000000
133492  32.156  -19.924  44.517 0.0000000000
133493  32.126  -19.973  43.957 0.0000000000
133494  32.161  -19.986  43.375 0.0000000000
133495  32.546  -20.528  43.056 0.0000000000
133496  33.047  -21.041  42.778 0.0000000000
133497  33.689  -21.444  42.625 0.0000000000
133498  33.669  -22.337  44.607 0.0000000000
133499  33.676  -22.312  44.227 0.0000000000
133500  33.708  -22.274  43.867 0.0000000000
133501  34.960  -23.282  43.639 0.0000000000
133502  34.408  -22.741  43.536 0.0000000000
133503  33.833  -22.224  43.469 0.0000000000
133504  34.013  -22.101  43.109 0.0000000000
133505  34.239  -21.947  42.845 0.0000000000
133506  34.521  -21.736  42.624 0.0000000000
133507  35.404  -21.979  42.759 0.0000000000
133508  36.368  -22.074  43.105 0.0000000000
133509  37.259  -22.119  43.561 0.0000000000
133510  37.555  -22.983  43.949 0.0000000000
133511  37.891  -22.568  44.069 0.0000000000
133512  38.143  -22.162  44.190 0.0000000000
133887  50.563  -5.313  23.606 0.0000000000
133888  50.301  -5.951  23.357 0.0000000000
133889  49.633  -6.152  24.051 0.0000000000
133890  49.883  -6.347  23.607 0.0000000000
133891  50.163  -6.591  23.231 0.0000000000
133892  50.158  -7.244  23.177 0.0000000000
133893  50.194  -7.931  23.245 0.0000000000
133894  50.285  -8.593  23.433 0.0000000000
133895  47.963  -7.824  25.194 0.0000000000
133896  48.316  -8.019  24.870 0.0000000000
133897  48.740  -8.204  24.527 0.0000000000
133898  48.469  -9.230  25.030 0.0000000000
133899  48.809  -8.838  24.636 0.0000000000
133900  49.096  -8.430  24.264 0.0000000000
133901  49.497  -8.671  24.033 0.0000000000
133902  49.970  -8.923  23.832 0.0000000000
133903  50.446  -9.206  23.725 0.0000000000
140154  44.398  -10.254  28.135 0.0000000000
140155  44.611  -10.857  28.109 0.0000000000
140156  44.196  -10.750  28.344 0.0000000000
140157  44.034  -11.277  28.559 0.0000000000
140158  43.911  -11.816  28.855 0.0000000000
140159  43.231  -11.095  29.048 0.0000000000
140160  43.447  -11.725  29.072 0.0000000000
140161  43.791  -12.312  29.177 0.0000000000
140162  43.743  -12.839  29.518 0.0000000000
140163  43.724  -13.338  29.862 0.0000000000
140164  43.739  -13.888  30.252 0.0000000000
140165  41.700  -10.915  30.431 0.0000000000
140166  41.828  -11.481  30.177 0.0000000000
140167  42.019  -12.055  30.063 0.0000000000
140168  41.464  -12.604  30.542 0.0000000000
140169  41.889  -12.627  30.288 0.0000000000
140170  42.338  -12.645  30.052 0.0000000000
140171  42.716  -13.249  30.151 0.0000000000
140172  43.235  -13.852  30.346 0.0000000000
140173  43.789  -14.459  30.678 0.0000000000
140174  43.856  -14.968  31.151 0.0000000000
140175  43.942  -15.479  31.644 0.0000000000
140176  44.051  -15.982  32.176 0.0000000000
140177  42.898  -15.582  31.698 0.0000000000
140178  43.540  -16.063  32.173 0.0000000000
140184  39.588  -11.637  33.318 0.0000000000
140185  39.450  -12.152  32.834 0.0000000000
140186  38.933  -12.840  33.223 0.0000000000
140187  39.195  -12.783  32.792 0.0000000000
140188  39.445  -12.719  32.393 0.0000000000
140189  39.567  -13.300  32.120 0.0000000000
140190  39.763  -13.890  31.943 0.0000000000
140191  40.038  -14.479  31.900 0.0000000000
140192  38.143  -15.381  33.552 0.0000000000
140193  38.518  -15.352  33.225 0.0000000000
140194  38.884  -15.305  32.916 0.0000000000
140195  39.212  -16.605  33.163 0.0000000000
140196  39.203  -15.948  32.904 0.0000000000
140197  39.257  -15.271  32.638 0.0000000000
140198  39.621  -15.212  32.386 0.0000000000
140199  39.989  -15.145  32.156 0.0000000000
140200  40.435  -15.093  31.915 0.0000000000
140201  40.918  -15.701  32.097 0.0000000000
140202  41.457  -16.288  32.340 0.0000000000
140203  42.086  -16.833  32.737 0.0000000000
140204  41.746  -17.485  33.273 0.0000000000
140205  42.259  -17.391  33.240 0.0000000000
140206  42.786  -17.278  33.261 0.0000000000
140237  33.450  -26.595  46.167 0.0000000000
140238  33.960  -26.588  46.077 0.0000000000
140239  33.781  -26.958  46.413 0.0000000000
140240  34.108  -27.223  46.820 0.0000000000
140241  34.528  -27.419  47.338 0.0000000000
140242  33.772  -27.821  47.693 0.0000000000
140243  34.362  -27.699  47.808 0.0000000000
140244  34.948  -27.477  47.999 0.0000000000
140640  45.223  -7.631  29.453 0.0000000000
140641  44.832  -8.053  29.023 0.0000000000
140642  44.134  -8.500  29.585 0.0000000000
140643  44.362  -8.527  29.131 0.0000000000
140644  44.613  -8.563  28.690 0.0000000000
140645  44.463  -9.139  28.441 0.0000000000
140646  44.390  -9.695  28.232 0.0000000000
144883  21.758  -31.604  56.199 0.0000000000
144889  19.541  -31.845  56.340 0.0000000000
144958  15.667  -29.044  56.735 0.0000000000
144959  15.324  -29.457  56.976 0.0000000000
144960  15.038  -29.846  57.231 0.0000000000
144985  14.532  -29.081  57.863 0.0000000000
144986  14.587  -29.669  57.643 0.0000000000
144987  14.776  -30.278  57.585 0.0000000000
144988  14.521  -30.740  57.888 0.0000000000
144989  14.315  -31.180  58.300 0.0000000000
144990  14.076  -31.547  58.728 0.0000000000
144991  13.366  -30.987  58.970 0.0000000000
144992  13.633  -31.533  58.999 0.0000000000
144993  13.932  -31.964  59.121 0.0000000000
144994  13.780  -32.392  59.655 0.0000000000
144995  13.617  -32.771  60.266 0.0000000000
144996  13.505  -33.093  60.759 0.0000000000
144997  11.735  -30.593  60.609 0.0000000000
144998  11.834  -31.252  60.444 0.0000000000
144999  12.068  -31.857  60.385 0.0000000000
145000  11.403  -32.300  61.054 0.0000000000
145001  11.861  -32.314  60.821 0.0000000000
145002  12.320  -32.296  60.439 0.0000000000
145003  12.603  -32.730  60.658 0.0000000000
145004  13.000  -33.107  61.012 0.0000000000
145005  13.402  -33.382  61.372 0.0000000000
145006  13.272  -33.665  62.026 0.0000000000
145007  13.126  -33.913  62.627 0.0000000000
145008  13.009  -34.116  63.249 0.0000000000
145009  12.113  -34.139  62.964 0.0000000000
145010  12.511  -34.283  63.477 0.0000000000
145011  12.916  -34.319  63.993 0.0000000000
145018  10.909  -35.376  65.376 0.0000000000
145022  9.903  -36.132  67.194 0.0000000000
145023  9.452  -36.300  67.462 0.0000000000
145024  9.480  -34.313  63.710 0.0000000000
145025  9.381  -34.762  64.207 0.0000000000
145026  9.286  -35.238  64.803 0.0000000000
145027  8.555  -34.704  64.816 0.0000000000
145028  8.849  -35.226  65.073 0.0000000000
145029  9.197  -35.594  65.454 0.0000000000
145030  9.137  -35.940  66.145 0.0000000000
145031  9.067  -36.216  66.788 0.0000000000
145032  8.980  -36.438  67.495 0.0000000000
145033  8.518  -36.581  67.770 0.0000000000
145034  8.053  -36.697  67.958 0.0000000000
145035  7.563  -36.740  68.191 0.0000000000
145036  7.362  -36.050  67.056 0.0000000000
145037  7.244  -36.377  67.671 0.0000000000
145038  7.079  -36.674  68.309 0.0000000000
145039  6.597  -36.576  68.530 0.0000000000
145040  6.126  -36.451  68.803 0.0000000000
145041  5.659  -36.254  69.051 0.0000000000
145059  7.243  -32.375  67.110 0.0000000000
145060  6.945  -32.900  67.282 0.0000000000
145061  6.639  -33.566  67.449 0.0000000000
145062  6.374  -34.087  67.725 0.0000000000
145063  6.151  -32.858  68.714 0.0000000000
145064  6.105  -33.705  68.302 0.0000000000
145065  6.099  -34.578  68.056 0.0000000000
145066  5.792  -35.075  68.427 0.0000000000
145067  5.507  -35.544  68.850 0.0000000000
145068  5.220  -35.950  69.273 0.0000000000
145069  4.808  -35.615  69.493 0.0000000000
145153  32.337  -18.649  46.074 0.0000000000
145175  33.980  -24.884  45.719 0.0000000000
145176  33.742  -25.317  45.802 0.0000000000
145177  33.493  -25.778  45.898 0.0000000000
145256  33.088  -25.232  46.337 0.0000000000
145257  33.092  -25.731  46.150 0.0000000000
145258  33.179  -26.155  46.095 0.0000000000
145259  32.957  -26.576  46.295 0.0000000000
145260  32.653  -26.961  46.501 0.0000000000
145261  32.459  -27.307  46.778 0.0000000000
145262  31.683  -26.863  46.671 0.0000000000
145263  31.972  -27.293  46.815 0.0000000000
145264  32.231  -27.626  47.062 0.0000000000
145265  31.974  -27.902  47.405 0.0000000000
145266  31.883  -28.242  47.846 0.0000000000
145267  31.674  -28.489  48.273 0.0000000000
145268  29.931  -26.307  47.191 0.0000000000
145269  30.045  -26.852  47.165 0.0000000000
145270  30.229  -27.316  47.212 0.0000000000
145271  29.520  -27.501  47.550 0.0000000000
145272  29.975  -27.635  47.504 0.0000000000
145273  30.510  -27.754  47.430 0.0000000000
145274  30.819  -28.135  47.773 0.0000000000
145275  31.121  -28.498  48.229 0.0000000000
145276  31.528  -28.733  48.802 0.0000000000
145277  31.449  -28.961  49.515 0.0000000000
145286  26.788  -24.491  48.971 0.0000000000
145287  26.715  -25.072  48.644 0.0000000000
145288  26.710  -25.722  48.433 0.0000000000
145289  25.889  -25.914  48.811 0.0000000000
145290  26.339  -26.087  48.573 0.0000000000
145291  26.785  -26.312  48.365 0.0000000000
145292  26.928  -26.867  48.433 0.0000000000
145293  27.137  -27.415  48.605 0.0000000000
145294  27.377  -27.901  48.948 0.0000000000
145295  24.890  -27.697  50.048 0.0000000000
145296  25.334  -27.742  49.980 0.0000000000
145297  25.892  -27.888  49.892 0.0000000000
145298  26.097  -28.645  50.895 0.0000000000
145299  26.206  -28.330  50.313 0.0000000000
145300  26.338  -27.959  49.721 0.0000000000
145301  26.757  -28.045  49.577 0.0000000000
145302  27.221  -28.214  49.453 0.0000000000
145303  27.668  -28.324  49.367 0.0000000000
145304  28.029  -28.721  49.897 0.0000000000
151526  44.931  -11.461  28.165 0.0000000000
151527  45.408  -12.080  28.384 0.0000000000
151528  45.900  -12.645  28.756 0.0000000000
151529  45.310  -13.042  29.268 0.0000000000
151530  45.921  -13.122  29.261 0.0000000000
151535  45.620  -14.905  31.218 0.0000000000
151706  34.981  -15.252  37.346 0.0000000000
151707  34.945  -15.900  36.996 0.0000000000
151708  34.993  -16.575  36.681 0.0000000000
151709  34.285  -16.801  37.454 0.0000000000
151710  34.695  -16.995  36.955 0.0000000000
151711  35.145  -17.188  36.478 0.0000000000
151712  35.398  -17.822  36.332 0.0000000000
151713  35.717  -18.412  36.292 0.0000000000
151714  36.130  -19.000  36.349 0.0000000000
151715  31.903  -17.784  43.694 0.0000000000
151716  31.905  -17.866  42.987 0.0000000000
151717  31.964  -17.954  42.342 0.0000000000
151718  31.978  -19.025  42.281 0.0000000000
151719  32.007  -18.523  41.980 0.0000000000
151720  32.088  -18.017  41.705 0.0000000000
151721  32.262  -18.063  41.083 0.0000000000
151722  32.495  -18.105  40.443 0.0000000000
151723  32.786  -18.201  39.825 0.0000000000
151724  33.906  -20.734  41.657 0.0000000000
151725  33.586  -20.339  41.214 0.0000000000
151726  33.333  -19.966  40.828 0.0000000000
151727  34.357  -20.258  40.502 0.0000000000
151728  33.696  -19.938  40.418 0.0000000000
151729  33.135  -19.569  40.457 0.0000000000
151730  33.111  -19.151  40.046 0.0000000000
151731  33.118  -18.754  39.661 0.0000000000
151732  33.150  -18.314  39.305 0.0000000000
151733  33.549  -18.431  38.798 0.0000000000
151734  33.992  -18.589  38.331 0.0000000000
151735  34.483  -18.770  37.898 0.0000000000
151736  34.934  -19.545  38.384 0.0000000000
151737  34.926  -19.266  37.932 0.0000000000
151738  34.987  -18.978  37.512 0.0000000000
151739  35.513  -19.174  37.166 0.0000000000
151740  36.075  -19.364  36.813 0.0000000000
151741  36.707  -19.538  36.500 0.0000000000
151742  37.340  -19.997  36.769 0.0000000000
151743  37.987  -20.312  37.188 0.0000000000
151744  38.779  -20.527  37.764 0.0000000000
151745  38.316  -20.534  38.609 0.0000000000
151746  38.948  -20.602  38.509 0.0000000000
151747  39.678  -20.598  38.509 0.0000000000
151769  34.487  -26.521  46.001 0.0000000000
151770  35.028  -26.457  45.924 0.0000000000
151771  35.549  -26.316  45.902 0.0000000000
151772  35.875  -26.742  47.060 0.0000000000
151773  36.003  -26.460  46.463 0.0000000000
151774  36.077  -26.120  45.916 0.0000000000
151775  36.591  -25.890  45.967 0.0000000000
151776  37.095  -25.589  46.035 0.0000000000
151777  37.568  -25.305  46.112 0.0000000000
151780  37.970  -26.047  49.055 0.0000000000
151783  38.023  -25.843  48.312 0.0000000000
151784  38.080  -25.565  47.607 0.0000000000
151785  38.128  -25.287  46.944 0.0000000000
151786  38.077  -24.973  46.238 0.0000000000
151787  38.567  -24.610  46.347 0.0000000000
151788  39.077  -24.183  46.563 0.0000000000
152851  51.314  -6.060  22.346 0.0000000000
152853  52.273  -5.247  21.881 0.0000000000
152854  52.530  -5.539  21.412 0.0000000000
152855  52.816  -5.843  20.975 0.0000000000
152856  53.126  -6.131  20.597 0.0000000000
152857  51.519  -8.746  22.744 0.0000000000
152858  51.819  -8.412  22.317 0.0000000000
152859  52.086  -8.024  21.915 0.0000000000
152860  52.840  -9.006  22.143 0.0000000000
152861  52.586  -8.325  21.749 0.0000000000
152862  52.428  -7.650  21.494 0.0000000000
152863  52.774  -7.330  21.111 0.0000000000
152864  53.118  -6.942  20.684 0.0000000000
152865  53.483  -6.497  20.280 0.0000000000
152866  53.889  -6.874  20.019 0.0000000000
152867  54.348  -7.263  19.788 0.0000000000
152868  54.815  -7.677  19.629 0.0000000000
152869  54.788  -8.666  20.494 0.0000000000
152870  55.057  -8.379  20.006 0.0000000000
152871  55.303  -8.026  19.498 0.0000000000
