#!ascii label  , from subject fsaverage vox2ras=TkReg 
1178
22  48.439  25.941  5.158 0.0000000000
382  51.448  30.489  5.731 0.0000000000
383  54.608  23.837  12.211 0.0000000000
727  43.714  24.615  7.623 0.0000000000
729  46.988  22.288  8.220 0.0000000000
738  51.297  28.518  1.345 0.0000000000
877  45.546  32.187  7.701 0.0000000000
891  46.926  34.774  5.244 0.0000000000
1110  54.195  22.518  17.801 0.0000000000
1111  54.314  19.003  14.643 0.0000000000
1852  53.064  27.415  4.461 0.0000000000
1853  52.699  24.376  7.529 0.0000000000
1854  53.654  27.328  8.435 0.0000000000
1855  51.571  25.946  13.626 0.0000000000
1871  47.408  35.297  0.739 0.0000000000
1872  51.982  31.695  2.505 0.0000000000
2163  50.547  20.975  10.950 0.0000000000
2647  45.975  25.389  6.410 0.0000000000
2648  45.460  23.499  8.188 0.0000000000
2649  47.738  24.408  7.477 0.0000000000
2658  50.094  27.030  3.323 0.0000000000
2660  46.387  26.841  4.425 0.0000000000
2811  43.141  33.843  7.299 0.0000000000
3030  52.269  21.572  18.692 0.0000000000
3031  54.583  19.713  18.130 0.0000000000
3032  52.119  18.646  18.625 0.0000000000
3653  50.561  35.519  -1.929 0.0000000000
4072  53.060  29.168  4.935 0.0000000000
4073  53.694  27.423  6.204 0.0000000000
4074  52.641  28.945  6.954 0.0000000000
4075  47.641  28.412  11.869 0.0000000000
4076  50.118  27.415  11.327 0.0000000000
4077  49.295  26.728  13.812 0.0000000000
4078  50.960  25.593  16.539 0.0000000000
4113  49.338  32.380  5.156 0.0000000000
4114  49.886  33.606  4.092 0.0000000000
4115  51.867  30.934  4.090 0.0000000000
4116  52.950  29.461  3.241 0.0000000000
4770  54.291  23.929  9.285 0.0000000000
4771  52.038  22.296  8.838 0.0000000000
4772  53.519  22.157  11.200 0.0000000000
5920  44.763  21.175  8.885 0.0000000000
5921  46.159  19.750  8.966 0.0000000000
5936  51.914  30.285  -0.313 0.0000000000
5938  49.062  29.080  0.431 0.0000000000
6187  48.694  31.420  6.699 0.0000000000
6188  50.148  30.165  7.795 0.0000000000
6210  41.385  36.322  4.182 0.0000000000
6211  44.356  35.831  3.673 0.0000000000
6213  46.243  33.413  6.335 0.0000000000
6606  54.552  23.472  15.398 0.0000000000
6607  54.538  21.773  14.128 0.0000000000
6608  55.272  20.783  16.426 0.0000000000
6609  55.346  17.849  15.905 0.0000000000
8182  51.161  26.360  4.391 0.0000000000
8183  50.537  25.391  6.371 0.0000000000
8184  52.866  26.072  5.795 0.0000000000
8185  54.203  25.804  7.806 0.0000000000
8186  54.260  25.638  10.142 0.0000000000
8187  51.448  28.429  9.081 0.0000000000
8188  52.560  26.616  10.807 0.0000000000
8189  53.641  25.150  13.267 0.0000000000
8190  53.143  24.648  16.231 0.0000000000
8191  52.059  23.977  18.607 0.0000000000
8232  47.755  36.651  -0.889 0.0000000000
8233  50.334  34.521  -0.213 0.0000000000
8235  50.119  33.888  1.795 0.0000000000
8236  52.109  32.130  0.534 0.0000000000
8237  52.570  29.860  1.446 0.0000000000
8238  52.334  27.819  2.890 0.0000000000
9051  49.911  23.272  7.948 0.0000000000
9052  48.909  21.214  8.887 0.0000000000
9053  47.401  19.036  10.666 0.0000000000
9054  52.290  20.185  13.379 0.0000000000
10327  47.143  25.668  5.732 0.0000000000
10328  46.832  24.897  6.955 0.0000000000
10329  47.945  25.278  6.368 0.0000000000
10338  49.184  26.488  4.168 0.0000000000
10339  48.234  27.022  3.811 0.0000000000
10340  47.387  26.336  4.731 0.0000000000
10341  46.100  26.086  5.374 0.0000000000
10710  50.952  20.900  18.621 0.0000000000
10711  52.295  20.172  18.821 0.0000000000
10712  50.852  19.482  18.636 0.0000000000
11305  44.608  17.901  8.494 0.0000000000
11752  52.444  29.886  5.335 0.0000000000
11753  52.923  29.058  5.981 0.0000000000
11754  52.067  29.785  6.353 0.0000000000
11755  47.038  27.717  12.968 0.0000000000
11756  48.400  27.516  12.690 0.0000000000
11793  50.437  31.297  5.323 0.0000000000
11794  50.693  31.691  4.601 0.0000000000
11795  51.702  30.726  4.867 0.0000000000
11796  52.558  30.055  4.384 0.0000000000
12450  54.553  23.908  10.641 0.0000000000
12451  54.090  22.886  10.126 0.0000000000
12452  54.448  22.884  11.600 0.0000000000
13702  42.540  24.215  8.269 0.0000000000
13704  43.466  23.619  8.484 0.0000000000
13705  46.208  22.884  8.259 0.0000000000
13706  45.073  22.357  8.558 0.0000000000
13707  45.836  21.730  8.511 0.0000000000
13708  45.451  20.443  8.787 0.0000000000
13709  46.582  21.042  8.499 0.0000000000
13733  51.769  29.323  0.494 0.0000000000
13734  50.848  29.455  -0.158 0.0000000000
13735  50.237  28.734  0.780 0.0000000000
13743  43.692  25.466  6.796 0.0000000000
13745  42.592  25.085  7.468 0.0000000000
14152  47.179  31.871  7.102 0.0000000000
14153  48.072  31.311  7.810 0.0000000000
14154  46.525  31.614  8.253 0.0000000000
14193  44.362  33.001  7.500 0.0000000000
14194  44.716  33.646  6.903 0.0000000000
14195  45.831  32.721  6.875 0.0000000000
14196  47.447  32.353  6.386 0.0000000000
14850  54.483  22.940  16.700 0.0000000000
14851  54.952  22.166  16.054 0.0000000000
14852  54.896  21.568  17.229 0.0000000000
14853  54.502  18.185  17.904 0.0000000000
14854  55.193  18.691  17.117 0.0000000000
14855  54.979  17.344  16.656 0.0000000000
17977  52.321  26.767  4.278 0.0000000000
17978  52.045  26.247  5.045 0.0000000000
17979  52.984  26.692  4.964 0.0000000000
17980  53.830  27.466  7.316 0.0000000000
17981  54.018  26.702  7.046 0.0000000000
17982  54.219  26.592  8.130 0.0000000000
17983  54.431  25.715  8.882 0.0000000000
17984  54.030  26.480  9.240 0.0000000000
17985  49.453  29.875  8.838 0.0000000000
17986  50.854  29.387  8.343 0.0000000000
17987  50.148  28.901  9.460 0.0000000000
17988  50.811  26.628  12.350 0.0000000000
17989  51.350  26.956  11.058 0.0000000000
17990  51.970  26.202  12.179 0.0000000000
17991  53.030  25.860  11.971 0.0000000000
17992  52.691  25.542  13.527 0.0000000000
17993  53.436  24.877  14.789 0.0000000000
17994  52.403  25.256  14.947 0.0000000000
17995  50.530  25.428  17.812 0.0000000000
17996  51.638  24.931  17.873 0.0000000000
18095  47.569  35.883  -0.120 0.0000000000
18096  49.078  35.539  -0.579 0.0000000000
18097  48.899  34.950  0.311 0.0000000000
18098  45.708  35.381  4.485 0.0000000000
18099  45.806  35.536  3.365 0.0000000000
18100  47.099  35.146  4.177 0.0000000000
18101  51.127  32.712  3.293 0.0000000000
18102  50.041  33.847  2.984 0.0000000000
18103  51.285  32.922  2.277 0.0000000000
18104  51.366  33.076  1.176 0.0000000000
18105  52.078  31.949  1.511 0.0000000000
18106  52.394  30.987  0.906 0.0000000000
18107  52.511  30.723  1.850 0.0000000000
18108  53.029  28.356  3.699 0.0000000000
18109  52.797  28.504  2.950 0.0000000000
18110  52.670  27.555  3.642 0.0000000000
18111  51.869  26.902  3.649 0.0000000000
20070  51.677  24.846  6.911 0.0000000000
20071  50.154  24.398  7.478 0.0000000000
20072  51.344  23.785  7.766 0.0000000000
20073  51.279  21.612  9.791 0.0000000000
20074  50.381  21.730  8.759 0.0000000000
20075  49.725  21.101  9.890 0.0000000000
20076  48.186  20.347  9.922 0.0000000000
20077  48.985  20.167  10.940 0.0000000000
20078  54.459  20.433  14.627 0.0000000000
20079  53.648  20.943  13.652 0.0000000000
20080  53.183  19.527  14.093 0.0000000000
23197  44.789  25.002  7.030 0.0000000000
23198  44.629  24.099  7.890 0.0000000000
23199  45.712  24.510  7.428 0.0000000000
23200  46.608  23.979  7.817 0.0000000000
23201  47.413  23.353  8.046 0.0000000000
23216  50.820  27.814  2.357 0.0000000000
23223  44.905  25.806  6.051 0.0000000000
23886  53.427  22.119  18.544 0.0000000000
23887  54.522  21.123  18.164 0.0000000000
23888  53.613  20.661  18.672 0.0000000000
23889  53.503  19.145  18.469 0.0000000000
25762  53.249  28.415  4.627 0.0000000000
25763  53.480  27.436  5.271 0.0000000000
25764  53.413  28.285  5.599 0.0000000000
25765  53.403  28.245  6.580 0.0000000000
25766  53.173  28.168  7.634 0.0000000000
25767  48.215  28.929  10.926 0.0000000000
25768  49.487  28.379  10.525 0.0000000000
25769  48.912  27.967  11.571 0.0000000000
25770  49.726  27.134  12.538 0.0000000000
25771  50.598  26.402  13.703 0.0000000000
25772  51.359  25.720  15.011 0.0000000000
25773  50.252  26.174  15.177 0.0000000000
25774  49.720  25.883  16.485 0.0000000000
25775  49.283  25.716  17.614 0.0000000000
25834  45.985  35.717  1.156 0.0000000000
25835  48.160  33.731  5.363 0.0000000000
25836  48.428  34.365  4.753 0.0000000000
25837  49.654  33.034  4.712 0.0000000000
25838  50.885  32.226  3.998 0.0000000000
25839  51.942  31.297  3.416 0.0000000000
25840  52.569  30.482  2.793 0.0000000000
25841  52.589  30.183  3.618 0.0000000000
25842  52.969  29.297  4.025 0.0000000000
27018  53.684  24.019  8.277 0.0000000000
27019  52.459  23.276  8.203 0.0000000000
27020  53.408  22.976  8.992 0.0000000000
27021  52.894  22.117  9.799 0.0000000000
27022  52.129  21.591  11.040 0.0000000000
27023  54.176  17.581  14.104 0.0000000000
27024  53.095  18.092  13.868 0.0000000000
29171  42.883  21.321  9.438 0.0000000000
29172  44.270  23.005  8.566 0.0000000000
29173  44.002  21.827  8.998 0.0000000000
29174  43.669  20.603  9.231 0.0000000000
29175  44.369  19.872  8.974 0.0000000000
29176  45.098  19.104  8.788 0.0000000000
29177  45.632  18.488  9.129 0.0000000000
29212  51.348  30.392  -1.070 0.0000000000
29213  49.913  29.766  -0.769 0.0000000000
29797  50.173  30.928  6.217 0.0000000000
29798  50.879  30.310  6.793 0.0000000000
29799  49.494  30.790  7.346 0.0000000000
29800  48.815  30.634  8.348 0.0000000000
29801  48.226  30.354  9.428 0.0000000000
29804  47.570  29.914  10.445 0.0000000000
29805  46.971  29.455  11.302 0.0000000000
29852  42.899  35.948  3.942 0.0000000000
29853  44.142  35.469  4.764 0.0000000000
29854  45.476  34.935  5.606 0.0000000000
29857  46.636  34.169  5.863 0.0000000000
29858  47.764  32.999  5.739 0.0000000000
29859  49.036  31.823  5.882 0.0000000000
30774  54.637  23.831  13.815 0.0000000000
30775  54.698  22.874  13.239 0.0000000000
30776  54.822  22.664  14.734 0.0000000000
30777  55.016  21.334  15.426 0.0000000000
30778  55.137  19.855  15.496 0.0000000000
30779  55.184  20.235  17.351 0.0000000000
30780  55.392  19.263  16.337 0.0000000000
30781  55.170  18.435  15.166 0.0000000000
34852  49.824  26.150  4.713 0.0000000000
34853  49.465  25.700  5.736 0.0000000000
34854  50.823  25.964  5.319 0.0000000000
34855  51.767  25.681  5.936 0.0000000000
34856  52.742  25.309  6.699 0.0000000000
34857  53.533  26.708  5.917 0.0000000000
34858  53.604  25.960  6.786 0.0000000000
34859  53.663  24.996  7.486 0.0000000000
34860  54.339  24.917  8.503 0.0000000000
34861  54.511  24.813  9.647 0.0000000000
34862  54.438  24.751  11.095 0.0000000000
34863  51.487  29.588  7.358 0.0000000000
34864  52.100  28.861  7.953 0.0000000000
34865  52.667  27.900  8.687 0.0000000000
34866  50.714  27.868  10.163 0.0000000000
34867  52.015  27.474  9.838 0.0000000000
34868  53.145  27.020  9.534 0.0000000000
34869  53.561  26.258  10.483 0.0000000000
34870  53.866  25.423  11.568 0.0000000000
34871  54.296  24.624  12.791 0.0000000000
34872  54.229  24.482  14.495 0.0000000000
34873  54.031  24.097  15.902 0.0000000000
34874  53.724  23.729  17.113 0.0000000000
34875  52.062  25.089  16.432 0.0000000000
34876  52.722  24.336  17.541 0.0000000000
34877  53.151  23.340  18.171 0.0000000000
34878  52.218  22.846  18.731 0.0000000000
34997  49.279  36.261  -1.396 0.0000000000
34998  50.565  35.041  -1.068 0.0000000000
34999  51.366  33.764  -0.785 0.0000000000
35003  48.599  34.682  3.687 0.0000000000
35005  48.823  34.486  1.298 0.0000000000
35006  50.249  34.041  0.720 0.0000000000
35007  51.401  33.370  0.167 0.0000000000
35008  52.011  32.430  -0.428 0.0000000000
35009  52.297  31.158  -0.034 0.0000000000
35010  52.339  30.066  0.599 0.0000000000
35011  52.196  29.110  1.244 0.0000000000
35012  52.802  29.556  2.361 0.0000000000
35013  52.590  28.884  2.161 0.0000000000
35014  51.899  28.169  2.130 0.0000000000
35015  51.422  27.336  3.011 0.0000000000
35016  50.650  26.591  3.814 0.0000000000
37395  49.076  24.945  6.939 0.0000000000
37396  48.820  23.911  7.837 0.0000000000
37397  48.399  22.800  8.045 0.0000000000
37398  50.945  22.686  8.163 0.0000000000
37399  49.441  22.154  8.116 0.0000000000
37400  47.980  21.642  8.293 0.0000000000
37401  47.472  20.567  9.026 0.0000000000
37402  46.821  19.407  9.733 0.0000000000
37404  54.064  22.051  12.613 0.0000000000
37405  52.863  21.383  12.374 0.0000000000
37406  51.364  20.692  12.167 0.0000000000
37407  51.829  18.706  13.611 0.0000000000
37409  49.791  19.887  11.973 0.0000000000
37422  50.756  17.992  18.912 0.0000000000
37423  52.033  17.165  18.811 0.0000000000
41047  47.764  25.805  5.420 0.0000000000
41048  47.545  25.454  6.037 0.0000000000
41049  48.170  25.608  5.728 0.0000000000
41058  48.792  26.233  4.647 0.0000000000
41059  48.254  26.448  4.412 0.0000000000
41060  47.890  26.124  4.896 0.0000000000
41061  47.219  26.001  5.188 0.0000000000
41431  50.916  20.226  18.613 0.0000000000
42472  51.970  30.197  5.535 0.0000000000
42473  52.263  29.812  5.836 0.0000000000
42474  51.759  30.157  6.053 0.0000000000
42513  50.957  30.881  5.495 0.0000000000
42514  51.076  31.048  5.039 0.0000000000
42515  51.564  30.619  5.255 0.0000000000
42516  52.122  30.262  5.063 0.0000000000
43170  54.579  23.869  11.400 0.0000000000
43171  54.568  23.446  11.140 0.0000000000
43172  54.614  23.376  11.913 0.0000000000
44422  43.154  24.423  7.945 0.0000000000
44423  43.032  23.941  8.387 0.0000000000
44424  43.659  24.175  8.076 0.0000000000
44425  46.590  22.589  8.251 0.0000000000
44426  46.001  22.317  8.382 0.0000000000
44427  46.380  22.018  8.362 0.0000000000
44428  46.237  21.403  8.495 0.0000000000
44429  46.787  21.687  8.339 0.0000000000
44453  51.567  28.853  0.865 0.0000000000
44454  51.097  28.934  0.537 0.0000000000
44455  50.796  28.591  1.026 0.0000000000
44463  43.663  25.037  7.223 0.0000000000
44464  43.135  25.285  7.131 0.0000000000
44465  43.146  24.846  7.538 0.0000000000
44466  42.582  24.639  7.876 0.0000000000
44872  46.341  32.024  7.396 0.0000000000
44873  46.819  31.719  7.658 0.0000000000
44874  46.027  31.841  7.905 0.0000000000
44913  44.926  32.584  7.570 0.0000000000
44914  45.047  32.871  7.163 0.0000000000
44915  45.681  32.420  7.277 0.0000000000
44916  46.498  32.229  6.947 0.0000000000
45570  54.362  22.705  17.268 0.0000000000
45571  54.685  22.244  16.994 0.0000000000
45572  54.586  22.012  17.524 0.0000000000
45574  54.799  17.757  17.351 0.0000000000
48697  52.752  27.063  4.346 0.0000000000
48698  52.657  26.748  4.649 0.0000000000
48699  53.046  27.057  4.698 0.0000000000
48700  53.783  27.414  7.881 0.0000000000
48701  54.031  27.062  7.723 0.0000000000
48702  53.995  26.962  8.298 0.0000000000
48703  54.168  26.520  8.688 0.0000000000
48704  53.888  26.887  8.810 0.0000000000
48705  49.170  29.635  9.332 0.0000000000
48706  49.768  29.392  9.129 0.0000000000
48707  49.506  29.124  9.621 0.0000000000
48708  51.170  26.257  12.938 0.0000000000
48709  51.371  26.385  12.243 0.0000000000
48710  51.737  26.043  12.901 0.0000000000
48711  52.339  25.874  12.814 0.0000000000
48712  52.141  25.711  13.589 0.0000000000
48713  52.583  25.379  14.280 0.0000000000
48714  52.008  25.594  14.303 0.0000000000
48715  50.248  25.305  18.338 0.0000000000
48813  46.741  35.774  0.494 0.0000000000
48814  46.846  36.058  0.085 0.0000000000
48815  47.516  35.562  0.285 0.0000000000
48816  48.240  35.398  0.080 0.0000000000
48817  48.192  35.103  0.542 0.0000000000
48818  46.309  35.097  4.913 0.0000000000
48819  46.416  35.290  4.337 0.0000000000
48820  47.005  35.026  4.717 0.0000000000
48821  51.560  32.195  2.886 0.0000000000
48822  51.188  32.836  2.799 0.0000000000
48823  51.649  32.358  2.417 0.0000000000
48824  51.737  32.422  1.869 0.0000000000
48825  52.038  31.840  2.014 0.0000000000
48826  52.296  31.356  1.675 0.0000000000
48827  52.310  31.217  2.142 0.0000000000
48828  53.062  27.868  4.081 0.0000000000
48829  52.886  27.945  3.659 0.0000000000
48830  52.853  27.473  4.045 0.0000000000
48831  52.523  27.117  3.989 0.0000000000
50790  52.172  24.545  7.189 0.0000000000
50791  51.508  24.338  7.387 0.0000000000
50792  52.040  24.050  7.581 0.0000000000
50793  50.899  21.339  10.363 0.0000000000
50794  50.463  21.368  9.850 0.0000000000
50795  50.124  21.046  10.443 0.0000000000
50796  49.381  20.700  10.453 0.0000000000
50797  49.827  20.635  11.001 0.0000000000
50798  54.391  19.730  14.700 0.0000000000
50799  53.929  20.018  14.329 0.0000000000
50800  53.756  19.285  14.412 0.0000000000
54022  45.335  25.228  6.710 0.0000000000
54023  45.261  24.752  7.211 0.0000000000
54024  45.832  24.967  6.955 0.0000000000
54025  47.291  24.665  7.257 0.0000000000
54026  46.733  24.464  7.445 0.0000000000
54027  47.177  24.208  7.652 0.0000000000
54028  47.004  23.673  7.950 0.0000000000
54029  47.596  23.924  7.832 0.0000000000
54053  50.544  27.429  2.843 0.0000000000
54054  49.989  27.742  2.620 0.0000000000
54055  49.630  27.376  3.099 0.0000000000
54056  47.333  26.987  4.136 0.0000000000
54057  47.770  27.306  3.697 0.0000000000
54063  46.031  25.733  5.880 0.0000000000
54064  45.507  25.942  5.709 0.0000000000
54065  45.419  25.563  6.206 0.0000000000
54066  44.806  25.415  6.567 0.0000000000
55170  52.922  21.881  18.688 0.0000000000
55171  53.581  21.398  18.636 0.0000000000
55172  52.997  21.144  18.773 0.0000000000
55173  52.241  19.395  18.696 0.0000000000
55174  52.907  19.642  18.666 0.0000000000
55175  52.812  18.897  18.558 0.0000000000
55176  53.356  18.432  18.410 0.0000000000
55177  52.702  18.174  18.526 0.0000000000
57038  50.034  36.236  -2.080 0.0000000000
57039  50.024  36.316  -2.657 0.0000000000
58297  53.202  28.785  4.763 0.0000000000
58298  53.365  28.336  5.091 0.0000000000
58299  53.233  28.739  5.263 0.0000000000
58300  52.806  28.987  6.498 0.0000000000
58301  53.168  28.628  6.334 0.0000000000
58302  53.068  28.597  6.801 0.0000000000
58303  53.327  28.216  7.125 0.0000000000
58304  52.937  28.562  7.313 0.0000000000
58305  47.933  28.683  11.389 0.0000000000
58306  48.553  28.457  11.228 0.0000000000
58307  48.285  28.188  11.694 0.0000000000
58308  48.818  27.095  13.226 0.0000000000
58309  49.100  27.383  12.609 0.0000000000
58310  49.522  26.987  13.160 0.0000000000
58311  50.164  26.756  13.101 0.0000000000
58312  50.018  26.586  13.750 0.0000000000
58313  50.442  26.269  14.393 0.0000000000
58314  49.782  26.429  14.452 0.0000000000
58316  49.309  26.140  15.808 0.0000000000
58317  49.010  25.951  16.371 0.0000000000
58318  49.493  25.740  17.035 0.0000000000
58319  48.814  25.889  16.988 0.0000000000
58418  48.753  33.068  5.265 0.0000000000
58419  48.985  33.386  5.072 0.0000000000
58420  49.518  32.753  4.968 0.0000000000
58421  51.331  31.333  4.363 0.0000000000
58422  50.788  31.944  4.282 0.0000000000
58423  51.384  31.518  4.028 0.0000000000
58424  51.422  31.762  3.693 0.0000000000
58425  51.915  31.070  3.762 0.0000000000
58426  52.327  30.696  3.518 0.0000000000
58427  52.293  30.547  3.830 0.0000000000
58428  52.833  29.664  4.662 0.0000000000
58429  52.801  29.703  4.200 0.0000000000
58430  53.017  29.260  4.480 0.0000000000
58431  53.119  28.892  4.318 0.0000000000
60390  54.052  23.971  8.755 0.0000000000
60391  53.554  23.485  8.645 0.0000000000
60392  53.936  23.488  9.089 0.0000000000
60393  53.850  22.511  10.607 0.0000000000
60394  53.555  22.520  9.918 0.0000000000
60395  53.242  22.176  10.446 0.0000000000
60396  52.453  21.852  10.383 0.0000000000
60397  52.891  21.844  11.056 0.0000000000
64153  42.480  21.636  9.510 0.0000000000
64154  43.018  21.887  9.258 0.0000000000
64155  45.014  23.789  8.020 0.0000000000
64156  44.477  23.560  8.256 0.0000000000
64157  44.875  23.262  8.348 0.0000000000
64158  44.918  21.769  8.715 0.0000000000
64159  44.529  22.090  8.797 0.0000000000
64160  44.403  21.496  8.971 0.0000000000
64161  43.891  21.227  9.167 0.0000000000
64162  44.222  20.867  9.065 0.0000000000
64163  44.006  20.221  9.077 0.0000000000
64164  44.568  20.522  8.974 0.0000000000
64165  45.814  20.074  8.801 0.0000000000
64166  45.302  19.761  8.817 0.0000000000
64167  45.638  19.418  8.899 0.0000000000
64168  45.375  18.766  8.941 0.0000000000
64169  45.896  19.124  9.131 0.0000000000
64238  52.011  30.835  -0.611 0.0000000000
64240  51.632  30.329  -0.691 0.0000000000
64241  50.017  29.208  0.081 0.0000000000
64242  50.364  29.569  -0.488 0.0000000000
64243  49.454  29.386  -0.187 0.0000000000
64245  48.485  29.297  0.133 0.0000000000
65497  49.458  31.133  6.483 0.0000000000
65498  49.844  30.862  6.768 0.0000000000
65499  49.110  31.103  7.026 0.0000000000
65501  48.466  31.014  8.148 0.0000000000
65503  48.520  30.506  8.886 0.0000000000
65511  47.255  30.391  10.213 0.0000000000
65513  47.235  29.637  10.898 0.0000000000
65611  42.305  36.277  3.604 0.0000000000
65612  42.136  36.112  4.078 0.0000000000
65614  43.343  35.504  4.861 0.0000000000
65615  44.037  35.225  5.271 0.0000000000
65616  44.831  35.214  5.184 0.0000000000
65621  45.480  33.525  6.659 0.0000000000
65623  45.714  33.879  6.413 0.0000000000
65624  45.917  34.268  6.112 0.0000000000
65625  46.441  33.797  6.135 0.0000000000
65626  47.188  33.632  5.826 0.0000000000
65627  46.999  33.248  6.014 0.0000000000
65628  48.079  31.827  6.455 0.0000000000
65629  48.228  32.101  6.107 0.0000000000
65630  48.876  31.580  6.272 0.0000000000
65631  49.624  31.309  6.040 0.0000000000
67590  54.593  23.662  14.615 0.0000000000
67591  54.754  23.266  14.280 0.0000000000
67592  54.747  23.086  15.074 0.0000000000
67593  55.123  21.496  16.302 0.0000000000
67594  55.039  21.762  15.712 0.0000000000
67595  55.169  21.064  15.917 0.0000000000
67596  55.086  20.582  15.532 0.0000000000
67597  55.268  20.315  15.990 0.0000000000
67598  54.579  20.430  18.189 0.0000000000
67599  54.899  20.690  17.795 0.0000000000
67600  54.940  19.970  17.791 0.0000000000
67601  55.364  18.257  16.541 0.0000000000
67602  55.370  19.011  16.678 0.0000000000
67603  55.389  18.525  16.105 0.0000000000
67604  55.348  18.811  15.739 0.0000000000
67605  55.280  18.134  15.500 0.0000000000
67606  55.019  17.744  14.891 0.0000000000
67607  55.174  17.476  15.177 0.0000000000
76972  50.506  26.266  4.531 0.0000000000
76973  50.350  26.071  5.031 0.0000000000
76974  50.980  26.162  4.847 0.0000000000
76975  52.476  26.167  5.380 0.0000000000
76976  51.945  26.000  5.461 0.0000000000
76977  52.372  25.848  5.850 0.0000000000
76978  52.291  25.473  6.336 0.0000000000
76979  52.802  25.728  6.287 0.0000000000
76980  53.618  27.444  5.744 0.0000000000
76981  53.514  27.047  5.540 0.0000000000
76982  53.697  27.100  6.013 0.0000000000
76983  54.148  26.250  7.434 0.0000000000
76984  53.859  26.321  6.899 0.0000000000
76985  53.934  25.874  7.283 0.0000000000
76986  53.613  25.486  7.130 0.0000000000
76987  53.956  25.404  7.632 0.0000000000
76988  54.058  24.943  7.990 0.0000000000
76989  54.271  25.359  8.160 0.0000000000
76990  54.384  25.675  9.469 0.0000000000
76991  54.509  25.291  9.264 0.0000000000
76992  54.448  25.242  9.892 0.0000000000
76993  54.493  24.798  10.339 0.0000000000
76994  54.361  25.205  10.586 0.0000000000
76995  50.524  30.216  7.343 0.0000000000
76996  51.176  29.973  7.073 0.0000000000
76997  50.848  29.899  7.536 0.0000000000
76998  51.167  28.945  8.698 0.0000000000
76999  51.489  29.130  8.145 0.0000000000
77000  51.795  28.699  8.504 0.0000000000
77001  52.373  28.392  8.312 0.0000000000
77002  52.067  28.169  8.877 0.0000000000
77003  49.790  27.908  10.927 0.0000000000
77004  50.048  28.110  10.341 0.0000000000
77005  50.381  27.563  10.758 0.0000000000
77006  51.970  26.794  10.932 0.0000000000
77007  51.669  27.209  10.465 0.0000000000
77008  52.280  27.021  10.312 0.0000000000
77009  52.613  27.242  9.684 0.0000000000
77010  52.846  26.824  10.165 0.0000000000
77011  53.363  26.648  9.998 0.0000000000
77012  53.119  26.436  10.653 0.0000000000
77013  53.309  25.487  12.629 0.0000000000
77014  53.474  25.687  11.786 0.0000000000
77015  53.714  25.304  12.387 0.0000000000
77016  54.071  25.019  12.162 0.0000000000
77017  54.018  24.914  13.049 0.0000000000
77018  54.263  24.569  13.643 0.0000000000
77019  53.974  24.835  13.885 0.0000000000
77020  53.343  24.739  15.516 0.0000000000
77021  53.745  24.542  15.370 0.0000000000
77022  53.648  24.368  16.082 0.0000000000
77023  53.916  23.892  16.556 0.0000000000
77024  53.442  24.237  16.680 0.0000000000
77025  51.185  25.674  15.773 0.0000000000
77026  51.716  25.396  15.728 0.0000000000
77027  51.508  25.327  16.496 0.0000000000
77028  51.878  24.502  18.298 0.0000000000
77029  52.188  24.644  17.748 0.0000000000
77030  52.465  24.206  18.163 0.0000000000
77031  52.970  23.868  17.891 0.0000000000
77032  52.644  23.700  18.428 0.0000000000
77033  52.726  23.095  18.548 0.0000000000
77321  47.028  36.853  -0.566 0.0000000000
77322  46.416  37.425  -0.652 0.0000000000
77323  47.091  37.250  -0.911 0.0000000000
77327  48.526  36.475  -1.199 0.0000000000
77328  49.745  35.023  -0.369 0.0000000000
77329  49.865  35.303  -0.810 0.0000000000
77330  50.427  34.771  -0.626 0.0000000000
77331  50.957  34.454  -0.931 0.0000000000
77332  50.904  34.226  -0.477 0.0000000000
77341  49.196  34.024  4.503 0.0000000000
77342  48.514  34.644  4.263 0.0000000000
77343  49.262  34.224  3.951 0.0000000000
77344  50.078  33.907  2.386 0.0000000000
77345  49.374  34.251  2.734 0.0000000000
77346  49.414  34.223  2.136 0.0000000000
77348  49.470  34.206  1.554 0.0000000000
77349  49.522  34.271  0.986 0.0000000000
77350  50.180  33.938  1.262 0.0000000000
77351  51.857  32.605  0.866 0.0000000000
77352  51.413  33.212  0.733 0.0000000000
77353  51.799  32.762  0.393 0.0000000000
77354  51.786  32.936  -0.110 0.0000000000
77355  52.054  32.274  0.060 0.0000000000
77356  52.215  31.742  -0.271 0.0000000000
77357  52.259  31.646  0.231 0.0000000000
77358  52.490  30.410  1.151 0.0000000000
77359  52.401  30.525  0.683 0.0000000000
77360  52.455  29.980  0.990 0.0000000000
77361  52.294  29.572  0.921 0.0000000000
77362  52.445  29.504  1.345 0.0000000000
77363  52.809  29.912  2.957 0.0000000000
77364  52.776  29.972  2.525 0.0000000000
77365  52.859  29.447  2.798 0.0000000000
77366  52.655  28.141  2.918 0.0000000000
77367  52.719  28.702  2.579 0.0000000000
77368  52.475  28.336  2.516 0.0000000000
77369  52.319  28.512  2.110 0.0000000000
77370  52.135  28.004  2.506 0.0000000000
77371  51.680  27.756  2.584 0.0000000000
77372  51.933  27.540  2.919 0.0000000000
77373  51.528  26.593  3.971 0.0000000000
77374  51.307  26.705  3.702 0.0000000000
77375  50.910  26.448  4.083 0.0000000000
77376  50.209  26.362  4.245 0.0000000000
83250  49.967  25.555  6.039 0.0000000000
83251  49.238  25.362  6.339 0.0000000000
83252  49.740  25.167  6.674 0.0000000000
83253  50.107  23.871  7.783 0.0000000000
83254  49.521  24.173  7.636 0.0000000000
83255  49.365  23.607  7.891 0.0000000000
83256  48.605  23.376  8.005 0.0000000000
83257  49.140  23.032  8.024 0.0000000000
83258  52.285  22.762  8.505 0.0000000000
83259  51.700  22.943  8.190 0.0000000000
83260  51.523  22.408  8.414 0.0000000000
83261  49.623  21.489  8.812 0.0000000000
83262  49.917  21.895  8.335 0.0000000000
83263  49.193  21.642  8.364 0.0000000000
83264  48.679  21.898  8.165 0.0000000000
83265  48.433  21.377  8.522 0.0000000000
83266  47.744  21.073  8.619 0.0000000000
83267  48.160  20.922  8.978 0.0000000000
83268  47.796  19.755  10.360 0.0000000000
83269  47.486  19.897  9.893 0.0000000000
83270  47.090  19.243  10.182 0.0000000000
83271  46.446  18.676  9.891 0.0000000000
83272  46.680  18.419  10.311 0.0000000000
83273  54.624  22.333  13.689 0.0000000000
83274  54.503  22.400  12.918 0.0000000000
83275  54.306  21.944  13.371 0.0000000000
83276  53.017  20.561  13.474 0.0000000000
83277  53.240  21.174  13.034 0.0000000000
83278  52.550  20.837  12.921 0.0000000000
83279  52.118  21.088  12.282 0.0000000000
83280  51.779  20.468  12.811 0.0000000000
83281  52.405  17.576  13.399 0.0000000000
83282  52.450  18.394  13.833 0.0000000000
83283  51.748  17.832  13.351 0.0000000000
92317  46.570  25.549  6.088 0.0000000000
92318  46.408  25.150  6.689 0.0000000000
92319  46.955  25.294  6.365 0.0000000000
92320  47.365  25.082  6.675 0.0000000000
92321  47.837  24.860  6.975 0.0000000000
92336  49.608  26.737  3.718 0.0000000000
92337  49.176  27.028  3.532 0.0000000000
92338  48.685  26.719  3.957 0.0000000000
92339  47.782  26.693  4.255 0.0000000000
92340  46.903  26.588  4.591 0.0000000000
92341  46.214  26.463  4.889 0.0000000000
92342  46.696  26.215  5.037 0.0000000000
92343  46.621  25.890  5.550 0.0000000000
93006  51.629  21.249  18.680 0.0000000000
93007  52.308  20.850  18.737 0.0000000000
93008  51.617  20.554  18.698 0.0000000000
93009  51.566  19.824  18.681 0.0000000000
93010  51.498  19.072  18.667 0.0000000000
94882  52.799  29.561  5.134 0.0000000000
94883  52.985  29.178  5.476 0.0000000000
94884  52.673  29.493  5.637 0.0000000000
94885  52.558  29.405  6.127 0.0000000000
94886  52.357  29.378  6.654 0.0000000000
94887  47.338  28.161  12.358 0.0000000000
94888  48.008  27.956  12.226 0.0000000000
94889  47.701  27.658  12.813 0.0000000000
94891  48.576  26.828  13.857 0.0000000000
94955  49.899  31.785  5.215 0.0000000000
94956  50.021  32.095  4.895 0.0000000000
94957  50.550  31.459  4.897 0.0000000000
94958  51.217  31.192  4.709 0.0000000000
94959  51.824  30.861  4.489 0.0000000000
94960  52.258  30.469  4.205 0.0000000000
94961  52.228  30.359  4.636 0.0000000000
94962  52.541  29.960  4.862 0.0000000000
96138  54.474  23.871  9.926 0.0000000000
96139  54.218  23.392  9.693 0.0000000000
96140  54.423  23.369  10.387 0.0000000000
96141  54.287  22.903  10.855 0.0000000000
96142  54.066  22.490  11.369 0.0000000000
98397  45.840  23.182  8.254 0.0000000000
98398  45.254  22.933  8.400 0.0000000000
98399  45.620  22.608  8.377 0.0000000000
98400  45.448  22.040  8.500 0.0000000000
98401  45.290  21.455  8.669 0.0000000000
98402  45.111  20.823  8.811 0.0000000000
98403  45.695  21.117  8.651 0.0000000000
98404  46.017  20.739  8.657 0.0000000000
98405  46.352  20.376  8.721 0.0000000000
98447  51.847  29.785  0.063 0.0000000000
98448  51.458  29.803  -0.274 0.0000000000
98449  51.353  29.366  0.146 0.0000000000
98450  50.582  29.072  0.312 0.0000000000
98451  49.652  28.937  0.645 0.0000000000
98467  43.229  25.700  6.695 0.0000000000
98468  42.641  25.519  7.045 0.0000000000
98471  41.990  24.889  7.826 0.0000000000
98472  41.976  24.447  8.224 0.0000000000
99202  47.956  31.677  6.906 0.0000000000
99203  48.407  31.396  7.240 0.0000000000
99204  47.651  31.594  7.449 0.0000000000
99205  47.328  31.457  8.018 0.0000000000
99275  43.794  33.425  7.455 0.0000000000
99276  43.932  33.733  7.122 0.0000000000
99277  44.531  33.276  7.212 0.0000000000
99278  45.251  33.195  6.893 0.0000000000
99279  46.010  33.085  6.560 0.0000000000
99280  46.820  32.926  6.283 0.0000000000
99281  46.644  32.542  6.603 0.0000000000
99282  47.307  32.070  6.706 0.0000000000
100458  54.515  23.231  16.115 0.0000000000
100459  54.751  22.840  15.772 0.0000000000
100460  54.718  22.551  16.414 0.0000000000
100461  54.932  21.886  16.665 0.0000000000
100462  55.142  21.204  16.860 0.0000000000
100463  54.551  18.932  18.030 0.0000000000
100464  54.930  19.191  17.670 0.0000000000
100465  54.897  18.452  17.545 0.0000000000
100466  55.161  18.007  17.012 0.0000000000
100467  55.257  17.595  16.288 0.0000000000
106087  51.771  26.512  4.285 0.0000000000
106088  51.584  26.258  4.701 0.0000000000
106089  52.163  26.491  4.653 0.0000000000
106090  52.538  26.434  4.971 0.0000000000
106091  52.925  26.373  5.335 0.0000000000
106092  53.767  27.414  6.724 0.0000000000
106093  53.841  27.047  6.593 0.0000000000
106094  53.969  27.080  7.172 0.0000000000
106095  54.149  26.660  7.579 0.0000000000
106096  54.308  26.201  7.971 0.0000000000
106097  54.422  25.763  8.343 0.0000000000
106098  54.343  26.144  8.510 0.0000000000
106099  54.279  26.101  9.054 0.0000000000
106100  54.139  26.079  9.693 0.0000000000
106101  49.787  30.084  8.268 0.0000000000
106102  50.489  29.801  8.039 0.0000000000
106103  50.156  29.637  8.574 0.0000000000
106104  50.488  29.167  8.912 0.0000000000
106105  50.811  28.672  9.259 0.0000000000
106106  50.477  27.033  11.827 0.0000000000
106107  50.721  27.139  11.200 0.0000000000
106108  51.065  26.781  11.697 0.0000000000
106109  51.653  26.574  11.583 0.0000000000
106110  52.265  26.408  11.456 0.0000000000
106111  52.812  26.235  11.350 0.0000000000
106112  52.541  26.039  12.085 0.0000000000
106113  52.846  25.683  12.755 0.0000000000
106114  53.179  25.343  13.433 0.0000000000
106115  53.547  25.035  14.046 0.0000000000
106116  53.069  25.215  14.179 0.0000000000
106117  52.983  25.038  14.908 0.0000000000
106118  52.765  24.949  15.581 0.0000000000
106119  50.754  25.474  17.258 0.0000000000
106120  51.297  25.238  17.215 0.0000000000
106121  51.066  25.163  17.883 0.0000000000
106122  51.316  24.789  18.384 0.0000000000
106297  46.252  36.613  -0.048 0.0000000000
106298  46.925  36.429  -0.264 0.0000000000
106299  47.603  36.242  -0.501 0.0000000000
106300  48.403  36.080  -0.773 0.0000000000
106301  48.284  35.709  -0.352 0.0000000000
106302  48.938  35.264  -0.144 0.0000000000
106303  49.628  34.758  0.025 0.0000000000
106304  45.008  35.629  4.085 0.0000000000
106305  45.090  35.702  3.560 0.0000000000
106306  45.790  35.513  3.937 0.0000000000
106307  46.507  35.371  3.759 0.0000000000
106309  50.526  33.161  3.674 0.0000000000
106310  49.990  33.783  3.602 0.0000000000
106311  50.661  33.330  3.193 0.0000000000
106312  50.712  33.407  2.649 0.0000000000
106313  50.747  33.459  2.045 0.0000000000
106314  50.804  33.521  1.464 0.0000000000
106315  51.347  32.979  1.683 0.0000000000
106316  51.814  32.503  1.346 0.0000000000
106317  52.132  32.030  1.008 0.0000000000
106318  52.312  31.543  0.695 0.0000000000
106319  52.305  31.469  1.191 0.0000000000
106320  52.457  30.878  1.407 0.0000000000
106321  52.620  30.249  1.598 0.0000000000
106322  52.996  28.879  3.420 0.0000000000
106323  52.890  28.922  3.054 0.0000000000
106324  52.903  28.394  3.305 0.0000000000
106325  52.756  28.016  3.281 0.0000000000
106326  52.582  27.628  3.268 0.0000000000
106327  52.142  27.338  3.275 0.0000000000
106328  52.353  27.182  3.626 0.0000000000
106329  52.075  26.828  3.935 0.0000000000
109854  51.112  25.151  6.639 0.0000000000
109855  50.314  24.921  6.978 0.0000000000
109856  50.922  24.638  7.197 0.0000000000
109857  50.778  24.087  7.603 0.0000000000
109858  50.626  23.526  7.857 0.0000000000
109859  51.661  21.906  9.234 0.0000000000
109860  51.211  22.004  8.818 0.0000000000
109861  50.837  21.670  9.300 0.0000000000
109862  50.039  21.409  9.316 0.0000000000
109863  49.308  21.139  9.361 0.0000000000
109864  48.554  20.824  9.404 0.0000000000
109865  48.966  20.765  9.907 0.0000000000
109866  48.580  20.287  10.462 0.0000000000
109867  48.158  19.625  10.848 0.0000000000
109868  54.516  21.106  14.485 0.0000000000
109869  54.189  21.334  13.814 0.0000000000
109870  54.073  20.694  14.131 0.0000000000
109871  53.462  20.299  13.955 0.0000000000
109872  52.766  19.894  13.742 0.0000000000
115567  44.241  24.792  7.330 0.0000000000
115568  44.188  24.356  7.755 0.0000000000
115569  44.714  24.540  7.488 0.0000000000
115570  45.136  24.282  7.644 0.0000000000
115571  45.584  24.020  7.841 0.0000000000
115572  46.276  24.730  7.212 0.0000000000
115573  46.156  24.247  7.638 0.0000000000
115574  46.019  23.732  8.000 0.0000000000
115575  46.419  23.431  8.117 0.0000000000
115576  46.802  23.127  8.140 0.0000000000
115577  47.196  22.834  8.124 0.0000000000
115610  51.050  28.177  1.851 0.0000000000
115611  50.501  28.322  1.583 0.0000000000
115613  49.417  28.014  2.422 0.0000000000
115615  48.719  27.322  3.381 0.0000000000
115625  45.584  26.355  5.221 0.0000000000
115626  44.964  26.256  5.553 0.0000000000
115628  44.308  25.644  6.436 0.0000000000
115629  44.205  25.227  6.922 0.0000000000
116257  43.017  33.585  7.642 0.0000000000
116258  43.682  33.186  7.784 0.0000000000
116259  44.244  32.709  7.872 0.0000000000
117174  53.863  22.340  18.299 0.0000000000
117175  54.399  21.816  18.029 0.0000000000
117176  54.063  21.633  18.407 0.0000000000
117177  54.179  20.888  18.458 0.0000000000
117178  54.158  20.189  18.470 0.0000000000
117179  52.962  20.405  18.764 0.0000000000
117180  53.554  19.918  18.615 0.0000000000
117181  54.118  19.426  18.367 0.0000000000
117182  54.029  18.682  18.275 0.0000000000
117183  53.905  17.983  18.191 0.0000000000
121552  53.220  27.879  4.551 0.0000000000
121553  53.265  27.460  4.838 0.0000000000
121554  53.366  27.942  4.955 0.0000000000
121555  53.505  27.861  5.428 0.0000000000
121556  53.576  27.816  5.917 0.0000000000
121557  53.218  28.707  5.810 0.0000000000
121558  53.424  28.243  6.099 0.0000000000
121559  53.604  27.817  6.392 0.0000000000
121560  53.623  27.860  6.931 0.0000000000
121561  53.565  27.829  7.457 0.0000000000
121562  53.401  27.754  8.013 0.0000000000
121563  48.553  29.119  10.400 0.0000000000
121564  49.203  28.852  10.151 0.0000000000
121565  48.876  28.637  10.690 0.0000000000
121566  49.185  28.189  11.065 0.0000000000
121567  49.530  27.709  11.462 0.0000000000
121568  48.680  27.773  12.119 0.0000000000
121569  49.297  27.528  12.001 0.0000000000
121570  49.910  27.280  11.925 0.0000000000
121571  50.321  26.888  12.458 0.0000000000
121572  50.708  26.524  13.020 0.0000000000
121573  51.099  26.221  13.664 0.0000000000
121574  51.474  25.871  14.310 0.0000000000
121575  50.996  26.092  14.331 0.0000000000
121576  50.831  25.968  15.077 0.0000000000
121577  50.626  25.928  15.858 0.0000000000
121579  49.992  26.047  15.873 0.0000000000
121580  50.362  25.790  16.565 0.0000000000
121581  50.141  25.654  17.160 0.0000000000
121582  49.941  25.616  17.715 0.0000000000
121583  49.671  25.483  18.233 0.0000000000
121720  46.663  35.492  0.952 0.0000000000
121721  47.543  34.321  5.377 0.0000000000
121722  47.646  34.664  5.020 0.0000000000
121723  48.373  34.036  5.153 0.0000000000
121724  49.093  33.709  4.822 0.0000000000
121725  49.770  33.340  4.449 0.0000000000
121726  50.141  32.348  4.578 0.0000000000
121727  50.281  32.630  4.327 0.0000000000
121728  50.416  32.934  4.057 0.0000000000
121729  50.980  32.476  3.675 0.0000000000
121730  51.447  31.982  3.312 0.0000000000
121731  51.916  31.519  2.971 0.0000000000
121732  52.285  31.087  2.648 0.0000000000
121733  52.306  30.903  3.114 0.0000000000
121734  52.599  30.312  3.199 0.0000000000
121735  52.814  29.844  3.398 0.0000000000
121736  52.564  30.117  3.973 0.0000000000
121737  52.803  29.744  3.765 0.0000000000
121738  52.953  29.359  3.609 0.0000000000
121739  53.048  28.841  3.842 0.0000000000
121740  53.133  28.363  4.147 0.0000000000
124482  53.233  24.186  7.873 0.0000000000
124483  52.622  23.823  7.896 0.0000000000
124484  53.114  23.614  8.237 0.0000000000
124485  52.968  23.091  8.572 0.0000000000
124486  52.796  22.607  8.902 0.0000000000
124487  53.797  22.935  9.469 0.0000000000
124488  53.205  22.502  9.352 0.0000000000
124489  52.476  22.192  9.280 0.0000000000
124490  52.082  21.860  9.782 0.0000000000
124491  51.691  21.593  10.373 0.0000000000
124492  51.342  21.327  10.973 0.0000000000
124493  54.237  18.281  14.446 0.0000000000
124494  53.693  18.536  14.292 0.0000000000
124495  53.654  17.844  13.981 0.0000000000
129646  42.379  21.013  9.640 0.0000000000
129648  44.072  23.865  8.154 0.0000000000
129649  43.882  23.310  8.514 0.0000000000
129650  43.671  22.751  8.808 0.0000000000
129651  44.680  22.698  8.631 0.0000000000
129652  44.112  22.422  8.809 0.0000000000
129653  43.580  22.154  9.024 0.0000000000
129654  43.472  21.557  9.210 0.0000000000
129655  43.322  20.961  9.332 0.0000000000
129656  43.134  20.344  9.371 0.0000000000
129657  43.473  19.962  9.203 0.0000000000
129660  44.921  20.161  8.890 0.0000000000
129661  44.737  19.510  8.875 0.0000000000
129663  44.851  18.474  8.681 0.0000000000
129757  51.087  29.886  -0.623 0.0000000000
129758  50.734  29.986  -0.968 0.0000000000
129763  49.941  28.513  1.342 0.0000000000
129764  49.346  28.718  1.172 0.0000000000
131347  50.850  30.745  5.955 0.0000000000
131348  51.176  30.420  6.264 0.0000000000
131349  50.535  30.651  6.486 0.0000000000
131350  50.193  30.542  7.074 0.0000000000
131351  49.835  30.475  7.600 0.0000000000
131352  48.777  31.089  7.575 0.0000000000
131353  49.114  30.766  7.830 0.0000000000
131354  49.454  30.422  8.053 0.0000000000
131355  49.143  30.287  8.567 0.0000000000
131356  48.844  30.131  9.106 0.0000000000
131366  48.230  29.660  10.171 0.0000000000
131367  47.856  29.366  10.661 0.0000000000
131368  47.570  29.172  11.123 0.0000000000
131369  47.298  28.907  11.573 0.0000000000
131494  43.630  35.909  3.786 0.0000000000
131495  42.722  35.770  4.445 0.0000000000
131496  43.492  35.699  4.340 0.0000000000
131497  44.233  35.724  4.211 0.0000000000
131498  44.934  35.463  4.629 0.0000000000
131499  45.594  35.170  5.053 0.0000000000
131500  46.214  34.851  5.411 0.0000000000
131504  44.117  34.094  6.807 0.0000000000
131507  45.305  34.633  5.978 0.0000000000
131508  46.085  34.583  5.790 0.0000000000
131509  46.814  34.485  5.634 0.0000000000
131510  47.359  34.041  5.652 0.0000000000
131511  47.963  33.380  5.547 0.0000000000
131512  48.571  32.695  5.456 0.0000000000
131513  47.584  32.666  6.017 0.0000000000
131514  48.363  32.377  5.709 0.0000000000
131515  49.183  32.086  5.487 0.0000000000
131516  49.782  31.561  5.616 0.0000000000
131517  50.315  31.090  5.744 0.0000000000
133998  54.637  23.871  13.065 0.0000000000
133999  54.698  23.398  12.770 0.0000000000
134000  54.734  23.374  13.566 0.0000000000
134001  54.771  22.819  13.977 0.0000000000
134002  54.737  22.210  14.463 0.0000000000
134003  54.893  22.441  15.417 0.0000000000
134004  54.882  22.027  15.107 0.0000000000
134005  54.776  21.551  14.831 0.0000000000
134006  54.813  20.855  15.027 0.0000000000
134007  54.824  20.135  15.065 0.0000000000
134008  54.852  19.428  15.038 0.0000000000
134009  54.769  21.332  17.727 0.0000000000
134010  55.076  20.915  17.332 0.0000000000
134011  55.305  20.484  16.963 0.0000000000
134012  55.213  19.487  17.285 0.0000000000
134013  55.378  19.846  16.816 0.0000000000
134014  55.358  20.025  16.450 0.0000000000
134015  55.314  19.524  15.982 0.0000000000
134016  55.181  19.145  15.364 0.0000000000
134017  54.798  18.712  14.893 0.0000000000
134018  54.697  18.001  14.630 0.0000000000
145582  49.124  26.063  4.909 0.0000000000
145583  48.959  25.808  5.435 0.0000000000
145584  49.631  25.946  5.198 0.0000000000
145585  50.148  25.839  5.515 0.0000000000
145586  50.649  25.729  5.806 0.0000000000
145587  51.446  26.081  5.149 0.0000000000
145588  51.303  25.845  5.625 0.0000000000
145589  51.174  25.539  6.121 0.0000000000
145590  51.718  25.291  6.424 0.0000000000
145591  52.245  25.015  6.798 0.0000000000
145592  52.700  24.857  7.103 0.0000000000
145593  53.291  27.043  5.104 0.0000000000
145594  53.295  26.662  5.381 0.0000000000
145595  53.264  26.354  5.843 0.0000000000
145596  53.765  26.720  6.474 0.0000000000
145597  53.553  26.356  6.374 0.0000000000
145598  53.237  26.004  6.282 0.0000000000
145599  53.204  25.616  6.684 0.0000000000
145600  53.163  25.189  7.027 0.0000000000
145601  53.208  24.689  7.479 0.0000000000
145602  53.755  24.524  7.874 0.0000000000
145603  54.081  24.453  8.365 0.0000000000
145604  54.308  24.400  8.889 0.0000000000
145605  54.470  25.342  8.711 0.0000000000
145606  54.470  24.865  9.061 0.0000000000
145607  54.460  24.352  9.440 0.0000000000
145608  54.529  24.349  10.122 0.0000000000
145609  54.536  24.327  10.870 0.0000000000
145610  54.512  24.295  11.651 0.0000000000
145611  51.492  30.069  6.571 0.0000000000
145612  51.785  29.707  6.864 0.0000000000
145613  52.092  29.261  7.165 0.0000000000
145614  51.169  29.508  7.812 0.0000000000
145615  51.806  29.187  7.650 0.0000000000
145616  52.386  28.897  7.466 0.0000000000
145617  52.659  28.535  7.769 0.0000000000
145618  52.910  28.074  8.135 0.0000000000
145619  53.211  27.638  8.562 0.0000000000
145620  49.821  28.597  9.972 0.0000000000
145621  50.439  28.383  9.787 0.0000000000
145622  51.080  28.140  9.599 0.0000000000
145623  51.029  27.339  10.603 0.0000000000
145624  51.372  27.662  10.016 0.0000000000
145625  51.730  27.931  9.454 0.0000000000
145626  52.369  27.681  9.251 0.0000000000
145627  52.979  27.403  9.080 0.0000000000
145628  53.467  27.196  8.957 0.0000000000
145629  53.656  26.781  9.376 0.0000000000
145630  53.806  26.402  9.849 0.0000000000
145631  53.923  25.982  10.319 0.0000000000
145632  53.286  26.059  11.210 0.0000000000
145633  53.680  25.854  11.011 0.0000000000
145634  54.050  25.552  10.809 0.0000000000
145635  54.202  25.106  11.336 0.0000000000
145636  54.336  24.703  11.901 0.0000000000
145637  54.501  24.284  12.486 0.0000000000
145638  54.499  24.271  13.361 0.0000000000
145639  54.455  24.163  14.163 0.0000000000
145640  54.385  23.987  14.948 0.0000000000
145641  53.841  24.680  14.633 0.0000000000
145642  54.099  24.286  15.181 0.0000000000
145643  54.355  23.854  15.697 0.0000000000
145644  54.270  23.551  16.339 0.0000000000
145645  54.164  23.313  16.937 0.0000000000
145646  53.985  23.129  17.521 0.0000000000
145647  51.845  25.470  14.980 0.0000000000
145648  52.210  25.169  15.649 0.0000000000
145649  52.581  24.859  16.319 0.0000000000
145650  51.853  25.006  17.169 0.0000000000
145651  52.388  24.758  17.069 0.0000000000
145652  52.928  24.498  16.879 0.0000000000
145653  53.244  24.063  17.320 0.0000000000
145654  53.474  23.530  17.666 0.0000000000
145655  53.683  22.945  18.015 0.0000000000
145656  53.288  22.727  18.421 0.0000000000
145657  52.812  22.486  18.615 0.0000000000
145658  52.273  22.221  18.703 0.0000000000
145661  51.664  21.862  18.690 0.0000000000
146011  49.978  35.903  -1.654 0.0000000000
146012  49.194  35.875  -1.011 0.0000000000
146013  49.947  35.597  -1.244 0.0000000000
146014  50.545  35.257  -1.510 0.0000000000
146015  50.997  34.632  -1.362 0.0000000000
146016  51.352  33.986  -1.216 0.0000000000
146017  51.689  33.276  -1.079 0.0000000000
146025  46.627  35.291  1.464 0.0000000000
146026  47.362  35.085  1.232 0.0000000000
146027  47.744  34.868  4.512 0.0000000000
146028  47.837  34.956  3.959 0.0000000000
146030  49.319  34.327  3.351 0.0000000000
146034  48.075  34.754  1.554 0.0000000000
146035  48.126  34.843  1.010 0.0000000000
146036  48.857  34.659  0.753 0.0000000000
146037  49.583  34.442  0.460 0.0000000000
146038  50.324  34.227  0.194 0.0000000000
146039  50.838  33.597  0.968 0.0000000000
146040  50.959  33.729  0.430 0.0000000000
146041  50.907  33.959  -0.062 0.0000000000
146042  51.383  33.578  -0.354 0.0000000000
146043  51.725  33.092  -0.611 0.0000000000
146044  51.902  32.636  -0.863 0.0000000000
146045  52.093  31.930  -0.688 0.0000000000
146047  52.165  30.711  -0.182 0.0000000000
146048  52.383  31.058  0.436 0.0000000000
146049  52.337  30.600  0.273 0.0000000000
146050  52.147  30.160  0.152 0.0000000000
146051  52.106  29.678  0.528 0.0000000000
146052  51.977  29.210  0.869 0.0000000000
146053  51.806  28.760  1.260 0.0000000000
146054  52.569  30.583  2.309 0.0000000000
146055  52.689  30.112  2.074 0.0000000000
146056  52.701  29.699  1.912 0.0000000000
146057  52.812  29.060  2.673 0.0000000000
146058  52.736  29.211  2.243 0.0000000000
146059  52.596  29.371  1.801 0.0000000000
146060  52.410  29.020  1.720 0.0000000000
146061  52.087  28.607  1.655 0.0000000000
146062  51.609  28.341  1.725 0.0000000000
146063  51.383  27.966  2.242 0.0000000000
146064  51.156  27.587  2.694 0.0000000000
146065  50.806  27.161  3.151 0.0000000000
146066  51.657  27.074  3.327 0.0000000000
146067  51.089  26.886  3.440 0.0000000000
146068  50.378  26.803  3.570 0.0000000000
146069  49.922  26.528  3.975 0.0000000000
146070  49.493  26.298  4.431 0.0000000000
153147  48.717  25.503  6.036 0.0000000000
153148  48.526  25.152  6.637 0.0000000000
153149  48.412  24.698  7.254 0.0000000000
153150  49.596  24.693  7.246 0.0000000000
153151  48.951  24.451  7.466 0.0000000000
153152  48.268  24.183  7.689 0.0000000000
153153  48.083  23.661  7.938 0.0000000000
153154  47.886  23.116  8.047 0.0000000000
153155  47.694  22.538  8.097 0.0000000000
153156  51.897  23.527  7.920 0.0000000000
153157  51.158  23.216  7.976 0.0000000000
153158  50.427  22.959  8.011 0.0000000000
153159  50.687  22.182  8.402 0.0000000000
153160  50.182  22.429  8.130 0.0000000000
153161  49.679  22.708  8.021 0.0000000000
153162  48.905  22.480  8.062 0.0000000000
153163  48.195  22.220  8.113 0.0000000000
153164  47.500  21.969  8.188 0.0000000000
153165  47.289  21.347  8.408 0.0000000000
153166  47.046  20.746  8.692 0.0000000000
153167  46.795  20.178  9.016 0.0000000000
153168  47.849  20.454  9.461 0.0000000000
153169  47.173  20.048  9.430 0.0000000000
153170  46.535  19.615  9.329 0.0000000000
153171  46.186  18.899  9.534 0.0000000000
153174  54.609  22.913  12.447 0.0000000000
153175  54.303  22.476  12.100 0.0000000000
153176  53.779  22.125  11.951 0.0000000000
153177  53.816  21.544  13.145 0.0000000000
153178  53.489  21.737  12.460 0.0000000000
153179  53.190  21.805  11.798 0.0000000000
153180  52.527  21.513  11.754 0.0000000000
153181  51.759  21.205  11.649 0.0000000000
153182  50.951  20.862  11.559 0.0000000000
153183  53.109  18.803  14.084 0.0000000000
153184  52.505  19.156  13.838 0.0000000000
153185  51.990  19.507  13.573 0.0000000000
153186  51.093  18.126  13.322 0.0000000000
153187  51.255  19.050  13.413 0.0000000000
153188  51.487  19.789  13.220 0.0000000000
153189  51.071  20.101  12.669 0.0000000000
153190  50.597  20.309  12.069 0.0000000000
153191  50.183  20.490  11.502 0.0000000000
153192  49.407  20.079  11.436 0.0000000000
153193  48.562  19.485  11.325 0.0000000000
153229  50.787  18.727  18.746 0.0000000000
153230  51.411  18.321  18.743 0.0000000000
153232  51.368  17.566  18.893 0.0000000000
153233  52.070  17.901  18.704 0.0000000000
