#!ascii label  , from subject fsaverage vox2ras=TkReg 
1489
47  22.078  -23.401  55.980 0.0000000000
170  35.130  -20.349  63.128 0.0000000000
234  40.907  -10.440  34.626 0.0000000000
376  32.209  -17.110  44.935 0.0000000000
377  36.541  -18.498  54.449 0.0000000000
500  52.047  -3.870  24.432 0.0000000000
714  40.711  -11.712  38.403 0.0000000000
716  35.710  -14.162  37.682 0.0000000000
859  18.229  -27.174  55.639 0.0000000000
867  29.008  -21.588  60.333 0.0000000000
868  31.580  -22.533  56.873 0.0000000000
869  24.722  -22.723  52.809 0.0000000000
1098  46.871  -6.653  30.412 0.0000000000
1451  25.597  -21.558  62.351 0.0000000000
1452  20.342  -23.640  60.521 0.0000000000
1596  46.535  -7.794  34.461 0.0000000000
1828  15.852  -25.817  60.303 0.0000000000
1829  12.037  -29.449  60.770 0.0000000000
1834  34.813  -13.133  43.373 0.0000000000
1836  33.951  -17.132  49.938 0.0000000000
1837  34.887  -22.372  48.838 0.0000000000
1839  33.897  -23.159  53.113 0.0000000000
2634  40.415  -11.555  40.364 0.0000000000
2635  37.990  -12.751  37.963 0.0000000000
2636  37.640  -12.271  40.038 0.0000000000
2646  43.429  -10.321  40.376 0.0000000000
2777  21.219  -25.395  53.548 0.0000000000
2778  19.676  -27.439  53.881 0.0000000000
2779  20.092  -25.404  55.495 0.0000000000
2787  25.240  -21.641  57.897 0.0000000000
2788  26.746  -21.655  56.462 0.0000000000
2789  23.378  -22.921  54.360 0.0000000000
2790  22.508  -24.979  51.945 0.0000000000
3579  41.293  -9.969  32.682 0.0000000000
3618  43.587  -9.590  36.621 0.0000000000
3620  43.773  -9.028  34.680 0.0000000000
3621  43.911  -8.466  32.682 0.0000000000
4015  19.528  -23.459  62.754 0.0000000000
4016  18.098  -24.818  60.269 0.0000000000
4017  17.290  -24.137  62.607 0.0000000000
4018  12.164  -26.636  65.973 0.0000000000
4019  12.813  -27.011  63.066 0.0000000000
4020  11.078  -29.037  63.190 0.0000000000
4022  9.568  -31.229  63.589 0.0000000000
4024  8.810  -30.312  66.147 0.0000000000
4033  35.185  -15.131  52.384 0.0000000000
4034  35.264  -17.706  52.274 0.0000000000
4035  34.547  -19.714  49.712 0.0000000000
4036  35.692  -20.340  51.565 0.0000000000
4040  29.373  -22.664  53.312 0.0000000000
4041  32.769  -22.888  55.124 0.0000000000
4042  30.605  -23.290  51.833 0.0000000000
4043  31.657  -23.921  50.094 0.0000000000
4637  33.197  -15.129  44.073 0.0000000000
4638  33.065  -15.344  41.007 0.0000000000
4639  32.089  -17.446  42.035 0.0000000000
4741  55.020  -2.668  22.149 0.0000000000
4742  52.592  -4.568  22.221 0.0000000000
5892  40.828  -11.139  36.522 0.0000000000
5894  38.376  -12.678  36.015 0.0000000000
5916  43.531  -10.091  38.464 0.0000000000
6167  32.255  -21.552  62.133 0.0000000000
6168  33.538  -21.710  60.135 0.0000000000
6169  30.417  -22.008  58.637 0.0000000000
6170  28.186  -22.067  54.923 0.0000000000
6171  26.136  -23.000  51.074 0.0000000000
6584  49.608  -5.946  32.373 0.0000000000
6586  49.684  -5.324  30.035 0.0000000000
6587  49.561  -5.073  27.397 0.0000000000
6588  49.731  -5.390  24.852 0.0000000000
7223  23.596  -22.104  59.067 0.0000000000
7224  21.235  -23.469  58.355 0.0000000000
7225  22.778  -22.305  61.413 0.0000000000
7242  27.300  -21.494  61.549 0.0000000000
7565  46.764  -7.269  32.457 0.0000000000
8110  19.131  -25.234  57.919 0.0000000000
8111  16.906  -26.591  57.795 0.0000000000
8112  14.959  -28.000  58.055 0.0000000000
8113  14.802  -25.278  62.839 0.0000000000
8114  13.785  -27.303  60.489 0.0000000000
8123  6.520  -31.577  69.201 0.0000000000
8128  37.250  -11.707  42.835 0.0000000000
8131  33.652  -14.966  46.667 0.0000000000
8133  34.330  -14.936  49.498 0.0000000000
8134  32.929  -16.957  47.382 0.0000000000
8135  33.190  -19.303  47.687 0.0000000000
8136  34.221  -21.938  47.116 0.0000000000
8137  33.716  -24.399  46.749 0.0000000000
8141  34.674  -21.906  58.266 0.0000000000
8142  35.690  -21.800  55.973 0.0000000000
8143  36.268  -21.180  53.639 0.0000000000
8144  34.782  -23.070  50.924 0.0000000000
8145  32.764  -24.218  48.465 0.0000000000
8888  34.984  -13.477  40.330 0.0000000000
8889  33.909  -15.964  38.323 0.0000000000
10314  40.323  -11.214  41.451 0.0000000000
10315  38.993  -11.922  40.186 0.0000000000
10316  38.869  -11.569  41.313 0.0000000000
10326  41.791  -10.886  41.471 0.0000000000
10457  21.568  -24.284  54.653 0.0000000000
10458  20.707  -25.313  54.576 0.0000000000
10459  21.037  -24.409  55.633 0.0000000000
10467  23.529  -22.337  56.774 0.0000000000
10468  24.277  -22.108  56.153 0.0000000000
10469  22.706  -23.146  55.133 0.0000000000
10470  22.151  -24.096  53.794 0.0000000000
11259  41.079  -10.158  33.661 0.0000000000
11298  42.200  -10.036  35.691 0.0000000000
11299  43.685  -9.304  35.641 0.0000000000
11300  42.286  -9.698  34.676 0.0000000000
11301  42.359  -9.410  33.710 0.0000000000
11698  11.245  -27.488  66.038 0.0000000000
11699  11.574  -27.716  64.513 0.0000000000
11700  10.658  -28.754  64.539 0.0000000000
11701  10.284  -30.128  63.320 0.0000000000
11702  9.853  -29.806  64.623 0.0000000000
11703  9.154  -30.934  64.732 0.0000000000
11713  35.808  -16.737  53.639 0.0000000000
11714  35.949  -18.096  53.346 0.0000000000
11715  35.523  -19.072  51.989 0.0000000000
11716  36.121  -19.447  53.020 0.0000000000
11719  35.771  -20.317  62.142 0.0000000000
11720  28.346  -22.956  51.434 0.0000000000
11721  30.030  -22.966  52.536 0.0000000000
11722  28.975  -23.321  50.669 0.0000000000
11723  29.624  -23.727  50.010 0.0000000000
12317  32.605  -16.118  44.492 0.0000000000
12318  32.435  -16.247  42.997 0.0000000000
12416  52.015  -3.600  25.766 0.0000000000
12418  53.436  -2.769  25.829 0.0000000000
12420  53.424  -3.046  24.468 0.0000000000
12421  53.549  -3.324  23.256 0.0000000000
12422  52.285  -4.174  23.302 0.0000000000
13659  40.789  -11.488  37.499 0.0000000000
13660  39.543  -11.903  36.268 0.0000000000
13661  39.455  -12.127  37.195 0.0000000000
13662  36.745  -13.380  37.799 0.0000000000
13663  37.028  -13.523  36.791 0.0000000000
13664  36.100  -14.457  36.717 0.0000000000
13698  42.045  -11.052  39.301 0.0000000000
13700  42.125  -10.899  38.390 0.0000000000
13701  42.142  -10.688  37.470 0.0000000000
14090  18.946  -27.408  54.677 0.0000000000
14094  17.342  -27.954  55.802 0.0000000000
14117  30.721  -21.696  61.264 0.0000000000
14118  31.411  -21.841  60.554 0.0000000000
14119  29.759  -21.767  59.549 0.0000000000
14120  25.580  -21.980  54.582 0.0000000000
14121  27.474  -21.855  55.578 0.0000000000
14122  26.322  -22.112  53.690 0.0000000000
14123  27.005  -22.406  52.760 0.0000000000
14124  25.391  -22.819  51.845 0.0000000000
14126  24.126  -23.780  51.289 0.0000000000
14717  32.756  -20.463  45.770 0.0000000000
14813  48.214  -6.298  31.368 0.0000000000
14814  49.666  -5.663  31.247 0.0000000000
14815  48.230  -6.020  30.199 0.0000000000
14817  48.334  -5.871  27.661 0.0000000000
14818  48.458  -5.984  26.427 0.0000000000
14819  49.524  -5.197  26.072 0.0000000000
15887  24.577  -21.785  60.738 0.0000000000
15888  23.190  -22.206  60.242 0.0000000000
15889  24.192  -21.870  61.933 0.0000000000
15929  26.428  -21.476  61.960 0.0000000000
15930  25.367  -21.611  60.182 0.0000000000
16621  48.042  -6.887  33.428 0.0000000000
16622  46.707  -7.581  33.485 0.0000000000
16624  44.142  -8.251  31.643 0.0000000000
17800  20.782  -23.561  59.407 0.0000000000
17801  20.211  -24.359  58.119 0.0000000000
17802  19.734  -24.340  59.268 0.0000000000
17803  16.977  -25.359  60.201 0.0000000000
17804  17.435  -25.653  59.033 0.0000000000
17805  16.420  -26.155  59.109 0.0000000000
17806  15.862  -27.274  57.890 0.0000000000
17807  15.304  -26.815  59.090 0.0000000000
17810  14.277  -25.242  64.188 0.0000000000
17811  12.326  -28.172  61.792 0.0000000000
17812  13.305  -27.167  61.775 0.0000000000
17813  12.879  -28.287  60.587 0.0000000000
17814  13.372  -28.608  59.411 0.0000000000
17850  34.289  -14.061  46.233 0.0000000000
17855  34.523  -16.120  51.130 0.0000000000
17856  34.693  -14.981  50.894 0.0000000000
17857  34.031  -15.949  49.797 0.0000000000
17858  33.584  -15.918  48.404 0.0000000000
17859  33.425  -16.965  48.701 0.0000000000
17860  32.942  -18.063  47.629 0.0000000000
17861  33.506  -18.137  48.806 0.0000000000
17862  34.847  -20.991  49.315 0.0000000000
17863  34.293  -20.764  48.425 0.0000000000
17864  34.602  -22.093  47.981 0.0000000000
17865  34.333  -23.250  46.897 0.0000000000
17866  34.340  -23.437  47.747 0.0000000000
17875  32.630  -22.243  58.675 0.0000000000
17876  34.158  -21.784  59.263 0.0000000000
17877  33.190  -22.430  57.709 0.0000000000
17878  33.371  -23.045  54.177 0.0000000000
17879  34.303  -22.633  55.659 0.0000000000
17880  34.843  -22.604  54.464 0.0000000000
17881  36.098  -21.567  54.773 0.0000000000
17882  35.329  -22.527  53.353 0.0000000000
17883  35.622  -22.195  52.169 0.0000000000
17884  34.355  -23.212  52.053 0.0000000000
17885  30.850  -24.502  48.536 0.0000000000
17886  32.243  -24.142  49.239 0.0000000000
19667  35.960  -12.273  43.134 0.0000000000
19668  36.062  -12.443  41.617 0.0000000000
19669  34.853  -13.230  41.859 0.0000000000
19670  32.741  -16.578  40.134 0.0000000000
19671  33.356  -15.613  39.641 0.0000000000
19984  55.099  -3.042  20.936 0.0000000000
23172  40.618  -11.721  39.361 0.0000000000
23173  39.321  -12.249  38.145 0.0000000000
23174  39.178  -12.175  39.114 0.0000000000
23175  37.770  -12.591  38.998 0.0000000000
23176  36.503  -13.114  38.797 0.0000000000
23195  43.257  -10.317  41.483 0.0000000000
23196  41.907  -11.073  40.378 0.0000000000
23431  20.428  -26.395  53.650 0.0000000000
23432  19.774  -26.446  54.518 0.0000000000
23433  19.197  -26.295  55.557 0.0000000000
23447  27.099  -21.481  59.071 0.0000000000
23448  27.907  -21.627  58.347 0.0000000000
23449  25.980  -21.567  57.168 0.0000000000
23450  24.891  -21.977  55.334 0.0000000000
23451  24.031  -22.751  53.596 0.0000000000
23452  23.432  -23.795  52.129 0.0000000000
23453  22.781  -23.911  52.972 0.0000000000
23454  21.854  -25.190  52.682 0.0000000000
23864  45.781  -7.247  29.407 0.0000000000
24510  25.068  -21.584  63.366 0.0000000000
24946  44.981  -8.751  36.664 0.0000000000
24947  45.059  -8.587  35.623 0.0000000000
24948  45.125  -8.416  34.574 0.0000000000
24949  45.239  -8.140  33.571 0.0000000000
24950  43.838  -8.741  33.678 0.0000000000
24951  42.490  -9.121  32.711 0.0000000000
25657  19.980  -23.542  61.708 0.0000000000
25658  19.221  -24.292  60.376 0.0000000000
25659  18.804  -24.079  61.428 0.0000000000
25660  17.578  -24.614  61.266 0.0000000000
25661  16.493  -24.981  61.389 0.0000000000
25663  13.363  -26.036  64.332 0.0000000000
25664  12.442  -26.852  64.444 0.0000000000
25665  11.906  -27.998  63.083 0.0000000000
25666  11.516  -29.264  61.913 0.0000000000
25668  10.804  -30.298  62.178 0.0000000000
25691  35.108  -16.366  52.434 0.0000000000
25692  34.564  -17.365  51.131 0.0000000000
25693  34.106  -18.363  49.940 0.0000000000
25694  34.818  -18.709  50.907 0.0000000000
25695  35.132  -20.007  50.632 0.0000000000
25696  35.313  -21.293  50.164 0.0000000000
25702  30.523  -22.625  55.205 0.0000000000
25703  32.193  -22.749  56.051 0.0000000000
25704  31.105  -22.881  54.374 0.0000000000
25705  31.694  -23.087  53.524 0.0000000000
25706  32.187  -23.355  52.529 0.0000000000
25707  32.738  -23.533  51.652 0.0000000000
25708  31.136  -23.668  50.916 0.0000000000
25709  30.267  -24.121  49.294 0.0000000000
26777  33.894  -14.135  43.620 0.0000000000
26778  33.813  -14.220  42.130 0.0000000000
26779  33.038  -15.215  42.524 0.0000000000
26780  32.488  -16.378  41.538 0.0000000000
26966  54.932  -2.404  23.412 0.0000000000
26967  53.755  -3.641  22.078 0.0000000000
29106  40.803  -10.804  35.551 0.0000000000
29107  39.765  -11.342  34.368 0.0000000000
29108  39.646  -11.628  35.354 0.0000000000
29111  38.214  -12.778  36.952 0.0000000000
29112  37.319  -13.579  35.774 0.0000000000
29162  44.838  -9.412  40.602 0.0000000000
29163  44.926  -9.239  39.548 0.0000000000
29164  44.890  -9.138  38.559 0.0000000000
29165  43.520  -9.884  37.528 0.0000000000
29166  42.137  -10.352  36.563 0.0000000000
29747  33.705  -21.019  62.624 0.0000000000
29748  34.373  -21.024  61.732 0.0000000000
29749  32.883  -21.652  61.057 0.0000000000
29750  32.055  -22.061  59.546 0.0000000000
29751  31.039  -22.276  57.780 0.0000000000
29752  28.735  -21.766  57.774 0.0000000000
29753  29.344  -22.093  56.805 0.0000000000
29754  29.940  -22.368  55.979 0.0000000000
29755  28.786  -22.379  54.033 0.0000000000
29756  27.688  -22.605  52.071 0.0000000000
29757  26.820  -23.309  50.302 0.0000000000
30726  51.037  -4.563  29.850 0.0000000000
30727  48.274  -5.849  28.930 0.0000000000
30728  49.572  -5.150  28.737 0.0000000000
30729  50.895  -4.363  28.625 0.0000000000
30730  50.739  -4.273  27.224 0.0000000000
30731  50.684  -4.342  25.831 0.0000000000
30732  50.807  -4.571  24.546 0.0000000000
30733  51.091  -4.952  23.467 0.0000000000
32219  22.794  -22.591  57.514 0.0000000000
32220  21.641  -23.480  57.152 0.0000000000
32221  22.381  -22.742  58.683 0.0000000000
32222  21.909  -22.791  59.825 0.0000000000
32223  21.463  -22.890  60.914 0.0000000000
32224  23.606  -22.000  62.904 0.0000000000
32226  21.028  -23.009  61.945 0.0000000000
32227  20.668  -23.027  62.933 0.0000000000
32266  34.362  -20.360  64.014 0.0000000000
32267  33.000  -21.058  63.658 0.0000000000
32268  31.509  -21.505  62.928 0.0000000000
32269  29.908  -21.563  61.971 0.0000000000
32271  29.093  -21.484  62.694 0.0000000000
32272  28.102  -21.495  60.863 0.0000000000
32273  26.303  -21.499  59.825 0.0000000000
32274  24.427  -21.828  58.464 0.0000000000
33149  49.502  -6.198  33.413 0.0000000000
33150  48.162  -6.598  32.419 0.0000000000
33151  46.818  -6.941  31.451 0.0000000000
33152  45.364  -7.834  32.533 0.0000000000
33153  45.487  -7.605  31.477 0.0000000000
33154  45.597  -7.391  30.429 0.0000000000
34636  20.619  -24.357  56.890 0.0000000000
34637  19.717  -25.299  56.720 0.0000000000
34638  18.623  -26.134  56.667 0.0000000000
34639  18.535  -25.043  59.070 0.0000000000
34640  18.005  -25.937  57.827 0.0000000000
34641  17.550  -26.862  56.671 0.0000000000
34642  16.565  -27.668  56.743 0.0000000000
34643  15.660  -28.417  57.010 0.0000000000
34646  15.963  -24.727  62.612 0.0000000000
34647  15.341  -25.592  61.455 0.0000000000
34649  14.279  -26.239  61.642 0.0000000000
34650  14.794  -26.542  60.362 0.0000000000
34651  14.265  -27.772  59.187 0.0000000000
34674  7.696  -30.967  67.664 0.0000000000
34690  38.719  -11.254  42.646 0.0000000000
34696  34.922  -13.128  44.637 0.0000000000
34697  34.071  -14.055  44.930 0.0000000000
34698  33.388  -15.053  45.345 0.0000000000
34699  32.866  -16.015  45.825 0.0000000000
34706  33.954  -14.947  48.033 0.0000000000
34707  33.178  -15.937  47.103 0.0000000000
34708  32.517  -17.015  46.170 0.0000000000
34709  32.466  -17.990  46.492 0.0000000000
34710  32.712  -19.202  46.729 0.0000000000
34711  33.177  -20.536  46.634 0.0000000000
34712  33.842  -19.439  48.743 0.0000000000
34713  33.697  -20.656  47.490 0.0000000000
34714  33.791  -21.785  46.377 0.0000000000
34715  34.199  -23.166  46.086 0.0000000000
34716  34.038  -24.380  46.011 0.0000000000
34726  36.953  -18.907  55.489 0.0000000000
34727  34.994  -21.070  60.804 0.0000000000
34728  35.519  -21.106  59.623 0.0000000000
34729  35.939  -21.058  58.645 0.0000000000
34730  33.752  -22.575  56.739 0.0000000000
34731  35.181  -21.930  57.136 0.0000000000
34732  36.339  -20.877  57.458 0.0000000000
34733  36.634  -20.610  56.235 0.0000000000
34734  36.727  -20.257  55.109 0.0000000000
34735  36.519  -19.853  53.988 0.0000000000
34736  36.068  -20.727  52.585 0.0000000000
34737  35.618  -21.671  51.133 0.0000000000
34738  34.985  -22.729  49.826 0.0000000000
34739  33.298  -23.687  50.697 0.0000000000
34740  33.723  -23.710  49.686 0.0000000000
34741  34.145  -23.669  48.662 0.0000000000
34742  33.257  -24.398  47.586 0.0000000000
36908  37.402  -11.945  41.346 0.0000000000
36909  36.254  -12.724  40.132 0.0000000000
36910  35.282  -13.786  38.998 0.0000000000
36911  33.946  -14.355  40.639 0.0000000000
36912  34.219  -14.647  39.214 0.0000000000
36913  34.698  -15.023  37.942 0.0000000000
37294  51.514  -5.392  22.550 0.0000000000
41034  40.267  -11.065  41.994 0.0000000000
41035  39.573  -11.398  41.342 0.0000000000
41036  39.523  -11.237  41.927 0.0000000000
41046  40.983  -10.915  42.000 0.0000000000
41177  21.790  -23.830  55.282 0.0000000000
41178  21.328  -24.394  55.156 0.0000000000
41179  21.571  -23.869  55.847 0.0000000000
41187  22.730  -22.835  56.283 0.0000000000
41188  23.098  -22.714  55.920 0.0000000000
41189  22.412  -23.243  55.592 0.0000000000
41190  22.159  -23.722  54.938 0.0000000000
41979  40.979  -10.315  34.178 0.0000000000
41980  40.481  -10.580  33.511 0.0000000000
41981  40.364  -10.715  34.000 0.0000000000
42018  41.527  -10.215  35.169 0.0000000000
42019  42.244  -9.864  35.188 0.0000000000
42020  41.577  -10.035  34.633 0.0000000000
42021  41.634  -9.887  34.166 0.0000000000
42418  10.823  -27.904  66.069 0.0000000000
42419  10.858  -28.197  65.228 0.0000000000
42420  10.482  -28.599  65.276 0.0000000000
42421  10.235  -29.273  64.545 0.0000000000
42422  10.106  -29.061  65.340 0.0000000000
42423  9.703  -29.598  65.336 0.0000000000
42432  36.476  -17.807  54.518 0.0000000000
42433  36.172  -17.576  53.989 0.0000000000
42434  36.246  -18.294  53.849 0.0000000000
42435  36.068  -18.766  53.158 0.0000000000
42436  36.321  -18.983  53.672 0.0000000000
42437  35.775  -19.886  63.226 0.0000000000
42439  35.477  -20.290  62.761 0.0000000000
42440  27.875  -23.264  50.428 0.0000000000
42441  28.639  -23.094  51.006 0.0000000000
42442  28.273  -23.452  50.167 0.0000000000
42443  28.588  -23.625  49.858 0.0000000000
43037  32.375  -16.628  44.709 0.0000000000
43038  32.258  -16.691  43.967 0.0000000000
43136  52.010  -3.713  25.069 0.0000000000
43137  52.683  -3.204  25.759 0.0000000000
43138  52.710  -3.324  25.097 0.0000000000
43140  52.745  -3.468  24.463 0.0000000000
43141  52.770  -3.619  23.837 0.0000000000
43142  52.141  -4.018  23.851 0.0000000000
44379  40.743  -11.619  37.955 0.0000000000
44380  40.113  -11.791  37.368 0.0000000000
44381  40.089  -11.893  37.791 0.0000000000
44382  36.228  -13.765  37.720 0.0000000000
44383  36.379  -13.905  37.203 0.0000000000
44384  35.897  -14.312  37.208 0.0000000000
44385  35.693  -14.931  36.736 0.0000000000
44386  35.446  -14.772  37.210 0.0000000000
44418  41.373  -11.419  38.842 0.0000000000
44419  42.145  -10.965  38.842 0.0000000000
44420  41.420  -11.350  38.390 0.0000000000
44421  41.446  -11.253  37.902 0.0000000000
44810  18.569  -27.307  55.161 0.0000000000
44811  18.493  -27.884  54.802 0.0000000000
44812  18.157  -27.667  55.278 0.0000000000
44813  17.690  -28.109  55.402 0.0000000000
44814  17.744  -27.603  55.715 0.0000000000
44837  29.905  -21.650  60.873 0.0000000000
44838  30.289  -21.717  60.503 0.0000000000
44839  29.375  -21.659  59.973 0.0000000000
44840  25.091  -22.322  53.649 0.0000000000
44841  25.969  -22.065  54.105 0.0000000000
44842  25.429  -22.346  53.101 0.0000000000
44843  25.856  -22.426  52.738 0.0000000000
44844  25.034  -22.740  52.318 0.0000000000
44845  24.746  -23.178  51.630 0.0000000000
44846  24.365  -23.230  51.969 0.0000000000
45437  33.081  -21.144  45.682 0.0000000000
45533  47.523  -6.467  30.911 0.0000000000
45534  48.235  -6.137  30.800 0.0000000000
45535  47.525  -6.333  30.337 0.0000000000
45539  48.588  -6.100  25.833 0.0000000000
46607  25.090  -21.655  61.559 0.0000000000
46608  24.333  -21.838  61.254 0.0000000000
46609  24.756  -21.732  61.949 0.0000000000
46649  25.986  -21.515  62.200 0.0000000000
46650  25.435  -21.594  61.249 0.0000000000
47336  46.506  -7.820  35.018 0.0000000000
47340  47.284  -7.475  34.492 0.0000000000
47341  47.348  -7.388  33.947 0.0000000000
47342  46.619  -7.710  33.978 0.0000000000
48520  20.574  -23.546  60.021 0.0000000000
48521  20.259  -23.934  59.336 0.0000000000
48522  20.037  -23.978  59.903 0.0000000000
48523  16.502  -25.500  60.327 0.0000000000
48524  16.674  -25.768  59.615 0.0000000000
48525  16.109  -26.002  59.658 0.0000000000
48526  15.845  -26.501  59.065 0.0000000000
48527  15.600  -26.261  59.736 0.0000000000
48530  14.026  -25.213  64.878 0.0000000000
48531  12.172  -28.811  61.233 0.0000000000
48532  12.566  -28.288  61.176 0.0000000000
48533  12.447  -28.911  60.647 0.0000000000
48534  12.746  -29.050  60.092 0.0000000000
48575  34.212  -16.617  50.511 0.0000000000
48576  34.284  -16.038  50.458 0.0000000000
48577  33.949  -16.523  49.866 0.0000000000
48578  33.704  -16.461  49.236 0.0000000000
48579  33.694  -17.012  49.350 0.0000000000
48580  33.443  -17.557  48.725 0.0000000000
48581  33.704  -17.625  49.317 0.0000000000
48582  34.938  -21.676  49.078 0.0000000000
48583  34.697  -21.542  48.585 0.0000000000
48584  34.748  -22.204  48.413 0.0000000000
48585  34.585  -22.769  47.833 0.0000000000
48586  34.659  -22.878  48.357 0.0000000000
48595  32.115  -22.449  57.745 0.0000000000
48596  32.919  -22.364  58.146 0.0000000000
48597  32.384  -22.541  57.229 0.0000000000
48598  33.588  -23.102  53.666 0.0000000000
48599  34.127  -22.884  54.411 0.0000000000
48600  34.410  -22.913  53.839 0.0000000000
48601  35.106  -22.580  53.925 0.0000000000
48602  34.637  -22.929  53.215 0.0000000000
48603  34.890  -22.912  52.655 0.0000000000
48604  34.137  -23.207  52.522 0.0000000000
50387  35.379  -12.689  43.230 0.0000000000
50388  35.390  -12.729  42.493 0.0000000000
50389  34.809  -13.176  42.649 0.0000000000
53979  40.517  -11.654  39.864 0.0000000000
53980  39.887  -11.968  39.208 0.0000000000
53981  39.802  -11.885  39.691 0.0000000000
53982  38.300  -12.080  40.154 0.0000000000
53983  38.395  -12.246  39.582 0.0000000000
53984  37.695  -12.453  39.518 0.0000000000
53985  37.167  -12.797  38.896 0.0000000000
53986  37.054  -12.668  39.423 0.0000000000
54016  43.904  -9.900  42.110 0.0000000000
54018  41.076  -11.237  40.909 0.0000000000
54019  41.844  -11.012  40.905 0.0000000000
54020  41.157  -11.347  40.373 0.0000000000
54021  41.270  -11.416  39.861 0.0000000000
54410  20.414  -25.336  55.118 0.0000000000
54411  20.232  -25.888  54.549 0.0000000000
54412  19.914  -25.941  54.954 0.0000000000
54413  19.506  -26.436  55.004 0.0000000000
54414  19.673  -25.859  55.589 0.0000000000
54437  26.155  -21.504  58.534 0.0000000000
54438  26.571  -21.490  58.189 0.0000000000
54439  25.635  -21.594  57.570 0.0000000000
54440  23.817  -22.463  55.291 0.0000000000
54441  24.618  -22.016  55.803 0.0000000000
54442  24.135  -22.368  54.889 0.0000000000
54443  24.431  -22.306  54.462 0.0000000000
54444  23.680  -22.854  53.945 0.0000000000
54445  23.357  -23.282  53.246 0.0000000000
54446  23.043  -23.389  53.646 0.0000000000
54447  21.674  -24.774  53.625 0.0000000000
54448  21.977  -24.618  53.214 0.0000000000
54449  21.547  -25.295  53.145 0.0000000000
56933  44.281  -9.280  37.134 0.0000000000
56935  44.315  -9.171  36.637 0.0000000000
56936  43.727  -9.163  35.160 0.0000000000
56937  44.397  -8.953  35.635 0.0000000000
56938  44.424  -8.813  35.143 0.0000000000
56939  45.095  -8.507  35.091 0.0000000000
56940  44.465  -8.714  34.636 0.0000000000
56941  44.518  -8.604  34.133 0.0000000000
56942  43.802  -8.887  34.169 0.0000000000
56943  41.770  -9.594  33.140 0.0000000000
56944  42.412  -9.264  33.219 0.0000000000
56945  41.873  -9.523  32.637 0.0000000000
58120  19.719  -23.571  62.094 0.0000000000
58121  19.351  -23.899  61.477 0.0000000000
58122  19.119  -23.864  61.979 0.0000000000
58124  17.943  -24.218  61.866 0.0000000000
58125  17.394  -24.387  61.912 0.0000000000
58126  17.043  -24.752  61.334 0.0000000000
58127  16.808  -24.668  61.909 0.0000000000
58128  12.537  -26.252  65.877 0.0000000000
58129  12.767  -26.266  65.142 0.0000000000
58131  11.305  -28.394  63.785 0.0000000000
58132  11.758  -27.854  63.802 0.0000000000
58133  11.523  -28.455  63.143 0.0000000000
58134  11.694  -28.634  62.501 0.0000000000
58135  11.295  -29.149  62.545 0.0000000000
58136  11.148  -29.779  62.060 0.0000000000
58137  10.903  -29.680  62.601 0.0000000000
58138  9.902  -30.707  63.454 0.0000000000
58139  10.190  -30.754  62.879 0.0000000000
58145  8.971  -30.685  65.410 0.0000000000
58147  8.649  -31.233  65.463 0.0000000000
58149  8.429  -30.920  66.149 0.0000000000
58175  35.533  -17.206  52.934 0.0000000000
58176  35.468  -16.559  53.069 0.0000000000
58177  35.187  -17.036  52.382 0.0000000000
58178  34.837  -16.891  51.789 0.0000000000
58179  34.927  -17.551  51.743 0.0000000000
58180  34.646  -18.005  51.066 0.0000000000
58181  34.998  -18.185  51.559 0.0000000000
58182  35.599  -19.706  51.787 0.0000000000
58183  35.301  -19.535  51.275 0.0000000000
58184  35.416  -20.188  51.084 0.0000000000
58185  35.310  -20.640  50.533 0.0000000000
58186  35.501  -20.802  50.893 0.0000000000
58195  29.960  -22.624  54.328 0.0000000000
58196  30.845  -22.735  54.807 0.0000000000
58197  30.266  -22.758  53.889 0.0000000000
58198  30.288  -23.134  52.157 0.0000000000
58199  30.836  -23.046  53.120 0.0000000000
58200  31.139  -23.211  52.726 0.0000000000
58201  31.950  -23.245  53.059 0.0000000000
58202  31.392  -23.361  52.251 0.0000000000
58203  31.685  -23.485  51.870 0.0000000000
58204  30.868  -23.485  51.361 0.0000000000
58206  29.940  -23.922  49.628 0.0000000000
59987  33.542  -14.587  43.856 0.0000000000
59988  33.420  -14.659  43.060 0.0000000000
59989  33.103  -15.167  43.281 0.0000000000
59990  32.197  -16.819  42.524 0.0000000000
59991  32.442  -16.315  42.259 0.0000000000
59992  32.239  -16.894  41.823 0.0000000000
60303  53.038  -3.901  22.657 0.0000000000
60304  53.637  -3.472  22.621 0.0000000000
60305  53.168  -4.123  22.093 0.0000000000
60306  53.334  -4.345  21.544 0.0000000000
60307  52.767  -4.800  21.689 0.0000000000
64014  40.816  -10.975  36.052 0.0000000000
64015  40.212  -11.180  35.460 0.0000000000
64016  40.201  -11.349  35.930 0.0000000000
64017  38.940  -12.322  36.139 0.0000000000
64018  39.019  -12.194  35.686 0.0000000000
64019  38.471  -12.606  35.565 0.0000000000
64021  37.954  -13.064  35.478 0.0000000000
64022  38.658  -12.510  38.063 0.0000000000
64023  38.730  -12.505  37.567 0.0000000000
64024  38.104  -12.787  37.447 0.0000000000
64025  36.717  -14.044  36.242 0.0000000000
64026  37.170  -13.552  36.283 0.0000000000
64027  36.906  -14.062  35.800 0.0000000000
64028  37.099  -14.102  35.368 0.0000000000
64133  44.026  -9.881  41.002 0.0000000000
64134  44.745  -9.435  41.149 0.0000000000
64135  44.123  -9.839  40.470 0.0000000000
64136  43.522  -10.178  38.938 0.0000000000
64137  44.224  -9.756  39.481 0.0000000000
64138  44.232  -9.705  38.997 0.0000000000
64139  44.892  -9.222  39.031 0.0000000000
64140  44.187  -9.649  38.517 0.0000000000
64141  44.210  -9.542  38.064 0.0000000000
64142  43.528  -9.989  37.998 0.0000000000
64143  41.448  -10.937  37.009 0.0000000000
64144  42.130  -10.520  37.012 0.0000000000
64145  41.467  -10.736  36.545 0.0000000000
64146  41.463  -10.551  36.084 0.0000000000
65387  32.945  -21.313  62.457 0.0000000000
65388  33.296  -21.340  61.906 0.0000000000
65389  32.603  -21.572  61.700 0.0000000000
65390  30.921  -21.943  59.546 0.0000000000
65391  31.722  -21.953  59.927 0.0000000000
65392  31.248  -22.074  59.091 0.0000000000
65393  31.585  -22.156  58.778 0.0000000000
65394  30.697  -22.183  58.041 0.0000000000
65395  27.345  -21.623  57.400 0.0000000000
65396  28.344  -21.671  58.134 0.0000000000
65397  27.702  -21.699  57.023 0.0000000000
65398  27.823  -21.979  55.241 0.0000000000
65399  28.498  -21.916  56.348 0.0000000000
65400  28.803  -22.077  55.941 0.0000000000
65401  29.630  -22.236  56.381 0.0000000000
65402  29.062  -22.240  55.485 0.0000000000
65403  29.381  -22.371  55.043 0.0000000000
65404  28.474  -22.192  54.498 0.0000000000
65405  26.518  -22.674  51.846 0.0000000000
65406  27.352  -22.485  52.393 0.0000000000
65407  26.857  -22.788  51.436 0.0000000000
65408  27.193  -22.931  51.085 0.0000000000
65409  26.468  -23.152  50.677 0.0000000000
65417  22.904  -24.350  52.043 0.0000000000
65418  23.275  -24.315  51.587 0.0000000000
65419  22.801  -24.904  51.548 0.0000000000
67478  50.331  -5.740  32.852 0.0000000000
67481  49.704  -5.499  30.619 0.0000000000
67482  50.386  -5.304  31.161 0.0000000000
67483  50.403  -5.127  30.555 0.0000000000
67484  51.104  -4.728  30.517 0.0000000000
67485  50.377  -4.968  29.946 0.0000000000
67486  47.014  -6.494  28.594 0.0000000000
67487  47.579  -6.200  29.054 0.0000000000
67489  48.954  -5.489  27.508 0.0000000000
67490  48.932  -5.484  28.168 0.0000000000
67491  49.564  -5.086  28.056 0.0000000000
67492  50.239  -4.750  28.682 0.0000000000
67493  50.189  -4.696  27.994 0.0000000000
67494  50.821  -4.302  27.923 0.0000000000
67495  50.138  -4.682  27.305 0.0000000000
67496  49.606  -5.259  25.443 0.0000000000
67497  50.090  -4.769  25.927 0.0000000000
67498  50.150  -4.849  25.284 0.0000000000
67499  50.711  -4.433  25.187 0.0000000000
67500  50.241  -4.971  24.667 0.0000000000
70697  23.178  -22.314  58.284 0.0000000000
70698  22.556  -22.690  58.090 0.0000000000
70699  22.943  -22.383  58.914 0.0000000000
70700  22.919  -22.276  60.757 0.0000000000
70701  22.504  -22.504  60.096 0.0000000000
70702  22.318  -22.511  60.627 0.0000000000
70703  21.596  -22.914  60.207 0.0000000000
70704  22.034  -22.614  61.068 0.0000000000
70706  24.381  -21.725  63.162 0.0000000000
70709  22.685  -22.226  63.100 0.0000000000
70711  21.652  -22.770  62.061 0.0000000000
70712  21.512  -22.775  62.624 0.0000000000
70713  20.904  -23.022  62.485 0.0000000000
70810  33.684  -20.686  63.826 0.0000000000
70815  30.753  -21.540  62.513 0.0000000000
70820  27.749  -21.458  62.285 0.0000000000
70822  28.145  -21.483  62.010 0.0000000000
70823  28.581  -21.483  61.742 0.0000000000
70824  27.667  -21.482  61.150 0.0000000000
70825  27.238  -21.464  60.383 0.0000000000
70826  26.792  -21.488  60.698 0.0000000000
70827  24.525  -21.795  59.676 0.0000000000
70828  24.872  -21.702  59.291 0.0000000000
70829  24.086  -21.955  58.885 0.0000000000
70830  23.598  -22.190  57.979 0.0000000000
72542  39.289  -11.861  34.279 0.0000000000
72903  47.421  -7.086  32.934 0.0000000000
72904  48.093  -6.731  32.928 0.0000000000
72905  47.456  -6.923  32.433 0.0000000000
72906  47.487  -6.758  31.938 0.0000000000
72907  46.786  -7.102  31.949 0.0000000000
72908  44.543  -8.333  33.109 0.0000000000
72909  45.276  -7.996  33.033 0.0000000000
72910  44.609  -8.176  32.619 0.0000000000
72911  44.268  -8.155  31.087 0.0000000000
72912  44.807  -7.926  31.576 0.0000000000
72913  44.904  -7.820  31.024 0.0000000000
72914  45.558  -7.488  30.943 0.0000000000
72915  44.990  -7.731  30.489 0.0000000000
76435  21.364  -23.454  57.729 0.0000000000
76436  21.096  -23.815  57.039 0.0000000000
76437  20.887  -23.933  57.568 0.0000000000
76438  19.637  -24.786  57.954 0.0000000000
76439  19.964  -24.835  57.420 0.0000000000
76440  19.385  -25.203  57.346 0.0000000000
76441  19.101  -25.734  56.685 0.0000000000
76442  18.847  -25.734  57.211 0.0000000000
76443  18.719  -24.515  60.357 0.0000000000
76444  18.849  -24.621  59.757 0.0000000000
76445  18.319  -24.967  59.679 0.0000000000
76446  17.180  -26.062  58.443 0.0000000000
76447  17.788  -25.753  58.470 0.0000000000
76448  17.435  -26.296  57.786 0.0000000000
76449  17.758  -26.392  57.217 0.0000000000
76450  17.216  -26.811  57.149 0.0000000000
76451  17.068  -27.248  56.685 0.0000000000
76452  16.689  -27.143  57.192 0.0000000000
76453  15.401  -27.674  57.942 0.0000000000
76454  15.751  -27.843  57.370 0.0000000000
76455  15.320  -28.236  57.551 0.0000000000
76457  14.870  -28.629  57.671 0.0000000000
76461  15.038  -24.936  63.364 0.0000000000
76463  15.301  -25.004  62.700 0.0000000000
76464  15.657  -25.128  62.046 0.0000000000
76465  15.056  -25.458  62.122 0.0000000000
76466  13.058  -26.481  63.653 0.0000000000
76468  13.351  -26.500  63.069 0.0000000000
76469  13.479  -27.263  61.102 0.0000000000
76470  13.713  -26.736  61.713 0.0000000000
76471  13.963  -26.772  61.076 0.0000000000
76472  14.576  -26.305  61.042 0.0000000000
76473  14.242  -26.976  60.386 0.0000000000
76474  14.483  -27.098  59.766 0.0000000000
76475  14.009  -27.499  59.847 0.0000000000
76531  8.062  -30.424  67.638 0.0000000000
76532  7.899  -30.089  68.423 0.0000000000
76538  6.888  -31.020  69.193 0.0000000000
76539  7.151  -31.232  68.464 0.0000000000
76575  36.589  -11.879  44.281 0.0000000000
76584  35.016  -13.111  45.237 0.0000000000
76585  34.495  -13.591  44.778 0.0000000000
76586  34.581  -13.586  45.434 0.0000000000
76587  33.944  -14.533  46.424 0.0000000000
76588  33.814  -14.543  45.796 0.0000000000
76589  33.522  -15.006  45.995 0.0000000000
76590  33.077  -15.572  45.552 0.0000000000
76591  33.229  -15.511  46.189 0.0000000000
76603  34.510  -14.934  50.223 0.0000000000
76609  34.122  -14.935  48.760 0.0000000000
76610  33.233  -16.435  47.845 0.0000000000
76611  33.385  -15.911  47.771 0.0000000000
76612  33.022  -16.425  47.213 0.0000000000
76613  32.801  -16.462  46.577 0.0000000000
76614  32.730  -16.975  46.804 0.0000000000
76615  32.448  -17.492  46.338 0.0000000000
76616  32.674  -17.467  46.933 0.0000000000
76617  33.043  -18.639  47.722 0.0000000000
76618  32.785  -18.590  47.204 0.0000000000
76619  32.924  -19.254  47.192 0.0000000000
76620  32.903  -19.887  46.710 0.0000000000
76621  33.154  -19.914  47.178 0.0000000000
76622  34.301  -19.007  49.780 0.0000000000
76623  33.961  -18.895  49.322 0.0000000000
76624  34.178  -19.541  49.231 0.0000000000
76625  34.223  -21.342  47.732 0.0000000000
76626  34.002  -20.688  47.977 0.0000000000
76627  33.971  -21.240  47.353 0.0000000000
76628  33.729  -21.203  46.924 0.0000000000
76629  34.022  -21.870  46.769 0.0000000000
76630  34.051  -22.453  46.212 0.0000000000
76631  34.215  -22.526  46.563 0.0000000000
76632  34.113  -23.891  46.803 0.0000000000
76633  34.159  -23.824  46.411 0.0000000000
76634  33.878  -24.393  46.374 0.0000000000
76636  33.459  -24.831  46.323 0.0000000000
76660  33.967  -21.359  60.954 0.0000000000
76661  34.705  -21.070  61.280 0.0000000000
76662  34.280  -21.398  60.501 0.0000000000
76663  34.413  -21.889  58.709 0.0000000000
76664  34.817  -21.514  59.518 0.0000000000
76665  35.115  -21.544  58.951 0.0000000000
76666  35.733  -21.071  59.214 0.0000000000
76667  35.352  -21.491  58.461 0.0000000000
76668  32.496  -22.829  55.649 0.0000000000
76669  32.982  -22.707  56.407 0.0000000000
76670  33.262  -22.769  55.971 0.0000000000
76671  34.999  -22.294  55.829 0.0000000000
76672  34.786  -22.307  56.441 0.0000000000
76673  35.417  -21.881  56.570 0.0000000000
76674  35.808  -21.443  57.334 0.0000000000
76675  36.018  -21.349  56.753 0.0000000000
76676  36.495  -20.759  56.902 0.0000000000
76677  36.212  -21.243  56.138 0.0000000000
76678  36.230  -21.398  54.195 0.0000000000
76679  36.536  -20.929  54.878 0.0000000000
76680  36.528  -20.742  54.335 0.0000000000
76681  36.681  -20.070  54.547 0.0000000000
76682  36.429  -20.488  53.870 0.0000000000
76683  36.301  -20.294  53.287 0.0000000000
76684  36.179  -20.984  53.064 0.0000000000
76685  35.264  -22.651  51.503 0.0000000000
76686  35.675  -21.916  51.669 0.0000000000
76687  35.318  -22.461  50.980 0.0000000000
76688  35.308  -22.232  50.427 0.0000000000
76689  34.931  -22.911  50.360 0.0000000000
76690  32.168  -23.702  50.878 0.0000000000
76691  33.029  -23.605  51.246 0.0000000000
76692  32.469  -23.814  50.457 0.0000000000
76693  32.530  -24.195  48.912 0.0000000000
76694  32.998  -23.950  49.516 0.0000000000
76695  33.268  -23.971  49.089 0.0000000000
76696  33.977  -23.679  49.199 0.0000000000
76697  33.437  -23.986  48.603 0.0000000000
76698  33.689  -23.990  48.180 0.0000000000
76699  33.066  -24.330  47.998 0.0000000000
82037  37.975  -11.490  42.667 0.0000000000
82038  38.069  -11.612  41.934 0.0000000000
82039  37.324  -11.810  42.074 0.0000000000
82040  35.498  -12.901  41.021 0.0000000000
82041  36.127  -12.578  40.859 0.0000000000
82042  35.580  -13.062  40.298 0.0000000000
82043  35.733  -13.228  39.547 0.0000000000
82044  35.122  -13.610  39.612 0.0000000000
82045  33.394  -14.772  41.581 0.0000000000
82046  33.850  -14.258  41.410 0.0000000000
82047  33.458  -14.868  40.840 0.0000000000
82048  33.613  -15.791  38.952 0.0000000000
82049  33.765  -15.110  39.390 0.0000000000
82050  33.987  -15.289  38.740 0.0000000000
82051  34.425  -14.829  38.566 0.0000000000
82052  34.280  -15.510  38.116 0.0000000000
82992  55.641  -2.473  20.957 0.0000000000
82993  55.633  -2.709  20.268 0.0000000000
82994  56.160  -2.166  20.294 0.0000000000
83004  51.258  -5.165  23.020 0.0000000000
83005  51.012  -5.824  22.747 0.0000000000
92292  40.369  -11.373  40.915 0.0000000000
92293  39.715  -11.757  40.210 0.0000000000
92294  39.635  -11.594  40.739 0.0000000000
92295  38.920  -11.751  40.748 0.0000000000
92296  38.216  -11.913  40.693 0.0000000000
92316  41.037  -11.093  41.440 0.0000000000
92549  21.375  -24.816  54.078 0.0000000000
92550  20.938  -25.411  54.019 0.0000000000
92551  21.113  -24.921  54.527 0.0000000000
92552  20.869  -24.866  55.074 0.0000000000
92553  20.596  -24.892  55.633 0.0000000000
92567  24.321  -21.962  57.273 0.0000000000
92568  24.734  -21.842  56.983 0.0000000000
92569  23.846  -22.222  56.441 0.0000000000
92570  23.438  -22.618  55.606 0.0000000000
92571  23.068  -23.020  54.859 0.0000000000
92572  22.760  -23.442  54.186 0.0000000000
92573  22.390  -23.598  54.423 0.0000000000
92574  21.915  -24.241  54.276 0.0000000000
93993  41.174  -10.053  33.164 0.0000000000
94064  42.885  -9.805  36.127 0.0000000000
94065  43.634  -9.452  36.117 0.0000000000
94066  42.923  -9.644  35.653 0.0000000000
94067  42.980  -9.478  35.171 0.0000000000
94068  43.038  -9.339  34.678 0.0000000000
94069  43.065  -9.184  34.172 0.0000000000
94070  42.326  -9.546  34.171 0.0000000000
94071  41.698  -9.745  33.685 0.0000000000
94777  19.314  -23.449  63.284 0.0000000000
94778  18.987  -23.604  62.707 0.0000000000
94779  18.715  -23.573  63.213 0.0000000000
94785  11.087  -28.264  64.517 0.0000000000
94786  10.842  -28.922  63.816 0.0000000000
94787  10.663  -29.591  63.229 0.0000000000
94788  10.463  -29.385  63.931 0.0000000000
94789  10.072  -29.941  63.981 0.0000000000
94790  9.712  -30.518  64.078 0.0000000000
94792  9.514  -30.358  64.687 0.0000000000
94793  9.324  -30.159  65.359 0.0000000000
94794  9.159  -29.800  66.132 0.0000000000
94810  36.130  -16.905  54.161 0.0000000000
94811  35.864  -17.377  53.471 0.0000000000
94812  35.560  -17.859  52.730 0.0000000000
94813  35.367  -18.395  52.098 0.0000000000
94814  35.744  -18.576  52.668 0.0000000000
94815  35.819  -19.257  52.503 0.0000000000
94816  35.876  -19.880  52.258 0.0000000000
94822  28.836  -22.740  52.382 0.0000000000
94823  29.695  -22.787  52.954 0.0000000000
94824  29.139  -22.921  51.932 0.0000000000
94825  29.441  -23.078  51.581 0.0000000000
94826  29.772  -23.288  51.221 0.0000000000
94827  30.045  -23.428  50.957 0.0000000000
94828  29.304  -23.481  50.376 0.0000000000
94829  28.911  -23.875  49.486 0.0000000000
95897  32.877  -15.642  44.255 0.0000000000
95898  32.794  -15.692  43.499 0.0000000000
95899  32.498  -16.194  43.727 0.0000000000
95900  32.210  -16.745  43.241 0.0000000000
96076  52.079  -3.489  26.478 0.0000000000
96077  52.880  -3.051  27.223 0.0000000000
96078  52.779  -3.101  26.513 0.0000000000
96085  54.137  -2.768  23.923 0.0000000000
96086  53.478  -3.186  23.871 0.0000000000
96087  52.909  -3.723  23.244 0.0000000000
96088  52.444  -4.363  22.754 0.0000000000
98313  40.829  -11.305  36.991 0.0000000000
98314  40.172  -11.499  36.399 0.0000000000
98315  40.142  -11.648  36.882 0.0000000000
98316  39.508  -12.023  36.727 0.0000000000
98317  38.885  -12.397  36.606 0.0000000000
98318  37.371  -13.049  37.862 0.0000000000
98319  37.479  -13.111  37.341 0.0000000000
98320  36.888  -13.488  37.279 0.0000000000
98321  36.543  -13.998  36.711 0.0000000000
98322  36.318  -14.553  36.266 0.0000000000
98384  42.695  -10.731  39.810 0.0000000000
98385  43.459  -10.273  39.879 0.0000000000
98387  42.794  -10.582  38.868 0.0000000000
98388  42.790  -10.519  38.371 0.0000000000
98389  42.809  -10.404  37.954 0.0000000000
98390  42.116  -10.811  37.937 0.0000000000
98391  41.445  -11.108  37.454 0.0000000000
99088  19.300  -27.431  54.245 0.0000000000
99095  17.299  -28.533  55.549 0.0000000000
99096  16.881  -28.335  55.959 0.0000000000
99137  31.498  -21.661  61.721 0.0000000000
99138  31.805  -21.752  61.183 0.0000000000
99139  31.056  -21.797  60.818 0.0000000000
99140  30.619  -21.845  60.041 0.0000000000
99141  30.117  -21.897  59.038 0.0000000000
99142  26.150  -21.724  55.548 0.0000000000
99143  27.154  -21.737  56.191 0.0000000000
99144  26.546  -21.881  55.133 0.0000000000
99145  26.913  -21.910  54.708 0.0000000000
99146  27.215  -22.082  54.188 0.0000000000
99147  27.541  -22.201  53.737 0.0000000000
99148  26.647  -22.244  53.217 0.0000000000
99149  26.154  -22.518  52.287 0.0000000000
99150  25.752  -22.908  51.492 0.0000000000
99151  25.446  -23.337  50.822 0.0000000000
99152  25.063  -23.267  51.159 0.0000000000
99153  24.483  -23.686  50.971 0.0000000000
100217  32.480  -19.853  45.729 0.0000000000
100391  48.904  -6.139  31.882 0.0000000000
100392  49.634  -5.812  31.831 0.0000000000
100393  48.932  -5.976  31.297 0.0000000000
100394  48.957  -5.805  30.693 0.0000000000
100395  48.962  -5.657  30.095 0.0000000000
100397  47.719  -6.204  27.799 0.0000000000
100398  47.789  -6.285  27.204 0.0000000000
100400  48.975  -5.521  26.863 0.0000000000
100401  49.535  -5.121  26.727 0.0000000000
100402  48.994  -5.610  26.244 0.0000000000
100403  49.088  -5.691  25.647 0.0000000000
100404  49.244  -5.778  25.072 0.0000000000
102323  24.091  -21.940  59.931 0.0000000000
102324  23.476  -22.142  59.829 0.0000000000
102325  23.897  -21.972  60.548 0.0000000000
102326  23.710  -22.034  61.101 0.0000000000
102327  23.387  -22.070  61.493 0.0000000000
102399  26.762  -21.451  61.606 0.0000000000
102400  26.297  -21.492  60.778 0.0000000000
102401  25.967  -21.539  61.166 0.0000000000
102402  24.943  -21.685  60.404 0.0000000000
103646  48.007  -7.035  33.939 0.0000000000
103647  47.381  -7.242  33.436 0.0000000000
103648  46.775  -7.432  32.979 0.0000000000
103650  44.017  -8.358  32.183 0.0000000000
105766  21.050  -23.483  59.010 0.0000000000
105767  20.703  -23.913  58.224 0.0000000000
105768  20.495  -23.931  58.788 0.0000000000
105769  19.954  -24.320  58.668 0.0000000000
105770  19.433  -24.750  58.598 0.0000000000
105771  17.501  -25.134  60.193 0.0000000000
105772  17.698  -25.272  59.568 0.0000000000
105773  17.192  -25.472  59.657 0.0000000000
105774  16.921  -25.890  59.061 0.0000000000
105775  16.630  -26.354  58.430 0.0000000000
105776  16.356  -26.911  57.804 0.0000000000
105777  16.111  -26.691  58.500 0.0000000000
105778  15.624  -26.972  58.535 0.0000000000
105779  15.100  -27.379  58.557 0.0000000000
105783  14.812  -24.840  64.147 0.0000000000
105784  14.498  -25.290  63.494 0.0000000000
105785  12.572  -27.603  62.437 0.0000000000
105786  13.050  -27.101  62.381 0.0000000000
105787  12.785  -27.694  61.779 0.0000000000
105788  13.032  -27.779  61.115 0.0000000000
105789  13.253  -27.867  60.503 0.0000000000
105790  13.579  -27.975  59.893 0.0000000000
105791  13.131  -28.463  59.956 0.0000000000
105856  34.668  -13.595  46.075 0.0000000000
105857  34.785  -13.581  46.737 0.0000000000
105858  34.423  -14.058  46.936 0.0000000000
105859  34.073  -14.510  47.069 0.0000000000
105865  34.863  -15.642  51.766 0.0000000000
105866  34.909  -15.057  51.597 0.0000000000
105867  34.612  -15.538  51.047 0.0000000000
105868  34.364  -15.466  50.318 0.0000000000
105869  34.163  -15.411  49.673 0.0000000000
105870  33.949  -15.402  48.962 0.0000000000
105871  33.801  -15.907  49.102 0.0000000000
105872  33.462  -16.445  48.538 0.0000000000
105873  33.164  -16.949  48.049 0.0000000000
105874  32.902  -17.466  47.506 0.0000000000
105875  33.167  -17.498  48.100 0.0000000000
105876  33.203  -18.086  48.220 0.0000000000
105877  33.308  -18.694  48.256 0.0000000000
105878  34.702  -20.343  49.522 0.0000000000
105879  34.366  -20.205  49.037 0.0000000000
105880  34.591  -20.860  48.873 0.0000000000
105881  34.475  -21.440  48.157 0.0000000000
105882  34.396  -22.024  47.494 0.0000000000
105883  34.356  -22.614  46.966 0.0000000000
105884  34.481  -22.683  47.390 0.0000000000
105885  34.362  -23.344  47.334 0.0000000000
105886  34.010  -23.928  47.208 0.0000000000
105901  33.075  -22.025  59.342 0.0000000000
105902  33.824  -21.760  59.734 0.0000000000
105903  33.378  -22.083  58.923 0.0000000000
105904  33.666  -22.130  58.484 0.0000000000
105905  33.939  -22.211  57.949 0.0000000000
105906  33.032  -22.926  54.704 0.0000000000
105907  33.591  -22.808  55.538 0.0000000000
105908  33.829  -22.848  54.975 0.0000000000
105909  34.601  -22.620  55.025 0.0000000000
105910  35.258  -22.221  55.206 0.0000000000
105911  35.889  -21.702  55.420 0.0000000000
105912  35.522  -22.182  54.661 0.0000000000
105913  35.759  -22.077  54.048 0.0000000000
105914  35.914  -21.898  53.447 0.0000000000
105915  35.985  -21.660  52.958 0.0000000000
105916  35.543  -22.371  52.790 0.0000000000
105917  35.089  -22.818  52.119 0.0000000000
105918  34.604  -23.173  51.512 0.0000000000
105919  31.224  -24.201  49.260 0.0000000000
105920  31.948  -24.052  49.647 0.0000000000
105921  31.488  -24.333  48.879 0.0000000000
105922  31.778  -24.479  48.457 0.0000000000
105923  32.090  -24.537  48.168 0.0000000000
105924  32.388  -24.616  47.854 0.0000000000
105925  31.756  -24.961  47.508 0.0000000000
109127  36.586  -11.965  42.972 0.0000000000
109128  36.654  -12.054  42.254 0.0000000000
109129  36.016  -12.328  42.395 0.0000000000
109130  35.438  -12.797  41.717 0.0000000000
109131  34.905  -13.335  41.085 0.0000000000
109132  32.853  -15.945  40.591 0.0000000000
109133  33.176  -15.454  40.310 0.0000000000
109134  33.037  -16.084  39.852 0.0000000000
109697  54.469  -3.337  21.520 0.0000000000
109698  55.055  -2.841  21.546 0.0000000000
115506  40.705  -11.759  38.850 0.0000000000
115507  40.031  -11.961  38.266 0.0000000000
115508  39.964  -11.990  38.737 0.0000000000
115509  39.254  -12.231  38.625 0.0000000000
115510  38.583  -12.464  38.560 0.0000000000
115511  39.081  -12.076  39.624 0.0000000000
115512  38.488  -12.375  39.062 0.0000000000
115513  37.880  -12.657  38.503 0.0000000000
115514  37.265  -12.948  38.378 0.0000000000
115515  36.620  -13.250  38.301 0.0000000000
115516  36.071  -13.615  38.220 0.0000000000
115560  43.947  -9.905  41.549 0.0000000000
115561  43.353  -10.370  40.905 0.0000000000
115562  42.518  -10.656  41.469 0.0000000000
115563  42.588  -10.731  40.906 0.0000000000
115564  42.643  -10.760  40.350 0.0000000000
115565  41.971  -11.084  39.831 0.0000000000
115566  41.319  -11.448  39.305 0.0000000000
116109  20.032  -27.071  53.672 0.0000000000
116110  20.549  -25.819  54.097 0.0000000000
116111  20.101  -26.511  54.059 0.0000000000
116112  19.696  -26.873  54.186 0.0000000000
116113  19.369  -26.967  54.567 0.0000000000
116114  19.048  -26.848  55.069 0.0000000000
116115  18.688  -26.811  55.543 0.0000000000
116147  28.119  -21.499  59.834 0.0000000000
116148  28.478  -21.591  59.408 0.0000000000
116149  27.556  -21.512  58.853 0.0000000000
116150  27.001  -21.552  57.903 0.0000000000
116151  26.417  -21.585  56.960 0.0000000000
116152  25.120  -21.765  56.662 0.0000000000
116153  25.429  -21.725  56.237 0.0000000000
116154  25.829  -21.733  56.004 0.0000000000
116155  25.268  -21.959  55.001 0.0000000000
116156  24.748  -22.257  54.030 0.0000000000
116157  24.357  -22.688  53.215 0.0000000000
116158  24.036  -23.220  52.396 0.0000000000
116159  23.710  -23.230  52.868 0.0000000000
116160  23.085  -23.823  52.593 0.0000000000
116161  22.604  -24.432  52.429 0.0000000000
116162  22.478  -23.970  53.468 0.0000000000
116163  22.298  -24.507  52.887 0.0000000000
117122  46.287  -6.905  29.885 0.0000000000
117123  46.890  -6.553  29.812 0.0000000000
117124  46.336  -6.868  29.312 0.0000000000
118626  25.337  -21.602  62.854 0.0000000000
118627  25.882  -21.488  63.738 0.0000000000
119645  45.515  -8.413  37.158 0.0000000000
119646  45.613  -8.333  36.655 0.0000000000
119647  44.356  -9.066  36.134 0.0000000000
119648  45.012  -8.662  36.164 0.0000000000
119650  45.737  -8.237  35.593 0.0000000000
119651  45.800  -8.173  35.045 0.0000000000
119652  45.847  -8.085  34.500 0.0000000000
119653  45.886  -7.985  33.978 0.0000000000
119654  45.207  -8.274  34.095 0.0000000000
119655  44.572  -8.475  33.626 0.0000000000
119656  43.875  -8.598  33.185 0.0000000000
119657  43.079  -9.027  33.669 0.0000000000
119658  43.146  -8.894  33.179 0.0000000000
119659  43.204  -8.786  32.666 0.0000000000
119660  42.638  -9.052  32.197 0.0000000000
121303  20.170  -23.571  61.138 0.0000000000
121304  19.789  -23.886  60.384 0.0000000000
121305  19.651  -23.880  61.092 0.0000000000
121306  19.005  -24.185  60.893 0.0000000000
121307  18.467  -24.431  60.877 0.0000000000
121308  18.440  -24.113  61.873 0.0000000000
121309  18.168  -24.413  61.337 0.0000000000
121310  17.943  -24.692  60.835 0.0000000000
121311  17.268  -24.944  60.786 0.0000000000
121312  16.751  -25.152  60.812 0.0000000000
121313  16.139  -25.397  60.825 0.0000000000
121316  13.189  -25.893  65.099 0.0000000000
121317  12.921  -26.332  64.459 0.0000000000
121318  12.628  -26.968  63.704 0.0000000000
121320  12.165  -27.416  63.754 0.0000000000
121321  12.382  -27.505  63.109 0.0000000000
121322  12.065  -28.139  62.423 0.0000000000
121323  11.895  -28.744  61.856 0.0000000000
121324  11.761  -29.350  61.322 0.0000000000
121327  11.104  -30.421  61.630 0.0000000000
121329  10.522  -30.250  62.767 0.0000000000
121382  35.413  -15.894  53.100 0.0000000000
121383  35.110  -15.765  52.423 0.0000000000
121384  34.805  -16.230  51.806 0.0000000000
121385  34.538  -16.735  51.220 0.0000000000
121386  34.239  -17.237  50.513 0.0000000000
121387  33.974  -17.745  49.902 0.0000000000
121388  34.327  -17.859  50.533 0.0000000000
121389  34.442  -18.529  50.383 0.0000000000
121390  34.671  -19.167  50.307 0.0000000000
121391  35.184  -18.871  51.510 0.0000000000
121392  35.029  -19.358  50.820 0.0000000000
121393  34.872  -19.847  50.176 0.0000000000
121394  35.014  -20.497  49.991 0.0000000000
121395  35.088  -21.145  49.725 0.0000000000
121396  35.128  -21.828  49.537 0.0000000000
121408  31.103  -22.587  56.108 0.0000000000
121409  31.880  -22.670  56.391 0.0000000000
121410  31.384  -22.710  55.632 0.0000000000
121411  31.646  -22.827  55.229 0.0000000000
121412  31.959  -22.896  54.825 0.0000000000
121413  30.557  -22.901  53.497 0.0000000000
121414  31.421  -22.983  54.031 0.0000000000
121415  32.236  -23.000  54.322 0.0000000000
121416  32.521  -23.093  53.874 0.0000000000
121417  32.719  -23.190  53.362 0.0000000000
121418  33.048  -23.299  52.854 0.0000000000
121419  33.279  -23.378  52.350 0.0000000000
121420  32.425  -23.454  52.075 0.0000000000
121421  31.853  -23.636  51.285 0.0000000000
121422  31.415  -23.800  50.492 0.0000000000
121423  30.387  -23.645  50.481 0.0000000000
121424  30.657  -23.816  50.157 0.0000000000
121425  30.949  -24.000  49.719 0.0000000000
121426  30.533  -24.300  48.910 0.0000000000
123917  34.356  -13.615  43.479 0.0000000000
123918  34.312  -13.644  42.727 0.0000000000
123919  33.837  -14.181  42.854 0.0000000000
123920  33.390  -14.702  42.321 0.0000000000
123921  33.016  -15.293  41.778 0.0000000000
123922  32.736  -15.731  42.731 0.0000000000
123923  32.709  -15.796  41.990 0.0000000000
123924  32.756  -15.865  41.289 0.0000000000
123925  32.581  -16.463  40.830 0.0000000000
124360  54.978  -2.536  22.812 0.0000000000
124361  54.211  -2.867  23.294 0.0000000000
124362  54.286  -2.996  22.711 0.0000000000
124363  54.369  -3.148  22.136 0.0000000000
124365  53.521  -4.590  21.018 0.0000000000
129468  40.849  -10.599  35.079 0.0000000000
129469  40.318  -10.869  34.545 0.0000000000
129470  40.254  -11.020  35.002 0.0000000000
129471  39.717  -11.473  34.891 0.0000000000
129473  39.585  -11.774  35.805 0.0000000000
129474  39.109  -12.052  35.228 0.0000000000
129479  39.387  -12.213  37.677 0.0000000000
129480  38.804  -12.468  37.088 0.0000000000
129481  38.282  -12.748  36.478 0.0000000000
129482  37.578  -13.134  36.809 0.0000000000
129483  37.709  -13.128  36.358 0.0000000000
129484  37.836  -13.107  35.917 0.0000000000
129485  37.488  -13.617  35.351 0.0000000000
129623  44.183  -9.804  39.969 0.0000000000
129624  44.905  -9.343  40.060 0.0000000000
129629  44.911  -9.016  38.109 0.0000000000
129630  44.245  -9.416  37.596 0.0000000000
129631  43.549  -9.734  37.084 0.0000000000
129632  42.825  -10.278  37.522 0.0000000000
129633  42.845  -10.136  37.069 0.0000000000
129634  42.861  -9.962  36.587 0.0000000000
129635  42.162  -10.186  36.120 0.0000000000
129636  41.485  -10.379  35.629 0.0000000000
131207  34.407  -20.665  62.952 0.0000000000
131208  34.788  -20.654  62.525 0.0000000000
131209  34.087  -20.965  62.301 0.0000000000
131210  33.648  -21.303  61.475 0.0000000000
131211  33.225  -21.616  60.706 0.0000000000
131212  32.224  -21.809  60.794 0.0000000000
131213  32.503  -21.873  60.410 0.0000000000
131214  32.788  -21.869  59.924 0.0000000000
131215  32.361  -22.145  59.097 0.0000000000
131216  31.832  -22.321  58.166 0.0000000000
131217  31.361  -22.419  57.356 0.0000000000
131218  28.915  -21.656  59.133 0.0000000000
131219  29.289  -21.778  58.680 0.0000000000
131220  29.570  -21.941  58.076 0.0000000000
131221  28.125  -21.789  56.765 0.0000000000
131222  29.033  -21.942  57.233 0.0000000000
131223  29.907  -22.047  57.703 0.0000000000
131224  30.152  -22.211  57.205 0.0000000000
131225  30.507  -22.347  56.830 0.0000000000
131226  30.761  -22.480  56.411 0.0000000000
131227  30.190  -22.496  55.516 0.0000000000
131228  29.656  -22.459  54.691 0.0000000000
131229  29.097  -22.492  53.691 0.0000000000
131230  27.892  -22.290  53.467 0.0000000000
131231  28.199  -22.428  53.088 0.0000000000
131232  28.537  -22.578  52.690 0.0000000000
131233  28.019  -22.707  51.675 0.0000000000
131234  27.624  -23.003  50.826 0.0000000000
131235  27.236  -23.455  50.042 0.0000000000
131246  23.774  -23.752  51.716 0.0000000000
131247  23.603  -24.302  51.165 0.0000000000
133487  32.098  -17.647  45.106 0.0000000000
133866  51.760  -4.158  29.851 0.0000000000
133867  47.539  -6.221  29.700 0.0000000000
133868  48.249  -5.920  29.565 0.0000000000
133869  48.940  -5.557  29.464 0.0000000000
133870  48.312  -5.815  28.289 0.0000000000
133871  48.923  -5.508  28.830 0.0000000000
133872  49.628  -5.217  29.400 0.0000000000
133873  50.276  -4.849  29.301 0.0000000000
133874  50.968  -4.449  29.252 0.0000000000
133875  51.671  -4.037  29.244 0.0000000000
133876  51.604  -3.929  28.592 0.0000000000
133877  51.508  -3.866  27.892 0.0000000000
133878  51.426  -3.838  27.153 0.0000000000
133879  50.078  -4.718  26.586 0.0000000000
133880  50.695  -4.290  26.517 0.0000000000
133881  51.372  -3.862  26.398 0.0000000000
133882  51.353  -3.971  25.762 0.0000000000
133883  51.384  -4.074  25.110 0.0000000000
133884  51.436  -4.209  24.467 0.0000000000
133885  51.484  -4.406  23.873 0.0000000000
133886  50.937  -4.747  23.981 0.0000000000
137927  22.429  -22.980  56.746 0.0000000000
137928  21.873  -23.375  56.564 0.0000000000
137929  22.190  -23.026  57.278 0.0000000000
137930  22.008  -23.071  57.934 0.0000000000
137931  21.674  -23.122  58.427 0.0000000000
137932  22.759  -22.452  59.429 0.0000000000
137933  22.069  -22.805  59.224 0.0000000000
137934  21.565  -23.094  59.096 0.0000000000
137935  21.324  -23.185  59.650 0.0000000000
137936  21.132  -23.188  60.172 0.0000000000
137937  20.950  -23.248  60.734 0.0000000000
137938  24.631  -21.720  62.679 0.0000000000
137939  23.831  -21.907  62.286 0.0000000000
137940  23.199  -22.152  62.184 0.0000000000
137941  23.369  -21.991  63.415 0.0000000000
137942  22.899  -22.171  62.679 0.0000000000
137943  22.436  -22.398  61.835 0.0000000000
137944  21.899  -22.630  61.728 0.0000000000
137945  21.298  -23.034  61.397 0.0000000000
137946  20.691  -23.283  61.256 0.0000000000
137947  20.504  -23.312  61.777 0.0000000000
137948  20.312  -23.288  62.312 0.0000000000
137949  20.101  -23.269  62.808 0.0000000000
137951  20.565  -22.928  63.598 0.0000000000
137952  19.921  -23.211  63.436 0.0000000000
138037  35.447  -19.921  63.662 0.0000000000
138064  34.748  -20.339  63.546 0.0000000000
138065  34.085  -20.699  63.327 0.0000000000
138066  33.328  -20.992  63.250 0.0000000000
138067  32.645  -21.344  62.819 0.0000000000
138069  32.238  -21.340  63.377 0.0000000000
138070  31.891  -21.524  62.555 0.0000000000
138071  31.098  -21.675  62.063 0.0000000000
138072  30.328  -21.615  61.768 0.0000000000
138073  29.467  -21.581  61.201 0.0000000000
138080  29.486  -21.543  62.364 0.0000000000
138081  29.064  -21.553  61.537 0.0000000000
138082  28.586  -21.522  60.711 0.0000000000
138083  27.632  -21.503  59.987 0.0000000000
138084  26.689  -21.467  59.460 0.0000000000
138085  25.760  -21.521  58.804 0.0000000000
138086  25.871  -21.533  59.980 0.0000000000
138087  25.369  -21.611  59.079 0.0000000000
138088  24.853  -21.751  58.190 0.0000000000
138089  23.967  -22.010  57.639 0.0000000000
138090  23.121  -22.499  57.066 0.0000000000
140183  39.880  -11.211  33.896 0.0000000000
140622  50.290  -5.866  33.389 0.0000000000
140623  49.584  -6.075  32.880 0.0000000000
140624  48.753  -6.532  33.437 0.0000000000
140625  48.829  -6.401  32.908 0.0000000000
140626  48.879  -6.273  32.393 0.0000000000
140627  48.193  -6.451  31.901 0.0000000000
140628  47.509  -6.610  31.434 0.0000000000
140629  46.846  -6.781  30.958 0.0000000000
140630  45.905  -7.887  33.479 0.0000000000
140631  46.036  -7.754  32.966 0.0000000000
140632  46.094  -7.593  32.449 0.0000000000
140633  44.712  -8.031  32.120 0.0000000000
140634  45.424  -7.718  32.006 0.0000000000
140635  46.107  -7.425  31.938 0.0000000000
140636  46.160  -7.284  31.445 0.0000000000
140637  46.194  -7.133  30.939 0.0000000000
140638  46.229  -7.003  30.431 0.0000000000
140639  45.678  -7.304  29.919 0.0000000000
144934  21.315  -23.929  56.373 0.0000000000
144935  20.824  -24.395  56.250 0.0000000000
144936  20.389  -24.790  56.263 0.0000000000
144937  20.369  -24.407  57.448 0.0000000000
144938  20.123  -24.847  56.785 0.0000000000
144939  19.897  -25.319  56.177 0.0000000000
144940  19.381  -25.785  56.083 0.0000000000
144941  18.850  -26.318  56.038 0.0000000000
144942  18.395  -26.614  56.131 0.0000000000
144943  19.447  -24.299  59.802 0.0000000000
144944  19.083  -24.729  59.101 0.0000000000
144945  18.859  -25.067  58.545 0.0000000000
144946  18.000  -25.366  59.040 0.0000000000
144947  18.260  -25.463  58.448 0.0000000000
144948  18.646  -25.467  57.996 0.0000000000
144949  18.338  -26.003  57.281 0.0000000000
144950  18.079  -26.512  56.656 0.0000000000
144951  17.873  -27.006  56.155 0.0000000000
144952  17.413  -27.383  56.228 0.0000000000
144953  16.920  -27.818  56.258 0.0000000000
144954  16.486  -28.209  56.382 0.0000000000
144955  16.179  -27.406  57.301 0.0000000000
144956  16.113  -27.988  56.887 0.0000000000
144957  16.049  -28.655  56.556 0.0000000000
144966  16.606  -24.428  62.615 0.0000000000
144967  16.220  -24.882  61.949 0.0000000000
144968  15.907  -25.251  61.439 0.0000000000
144969  15.590  -25.708  60.866 0.0000000000
144970  13.739  -25.591  64.224 0.0000000000
144971  13.999  -25.712  63.521 0.0000000000
144972  14.233  -25.723  62.815 0.0000000000
144973  13.517  -26.593  62.350 0.0000000000
144974  14.050  -26.155  62.369 0.0000000000
144975  14.520  -25.829  62.210 0.0000000000
144976  14.887  -25.786  61.659 0.0000000000
144977  15.130  -25.976  60.991 0.0000000000
144978  15.327  -26.180  60.311 0.0000000000
144979  15.061  -26.652  59.734 0.0000000000
144980  14.814  -27.217  59.159 0.0000000000
144981  14.633  -27.807  58.607 0.0000000000
144982  13.841  -28.150  59.299 0.0000000000
144983  14.179  -28.331  58.709 0.0000000000
144984  14.549  -28.428  58.204 0.0000000000
145047  8.610  -30.116  66.843 0.0000000000
145048  8.239  -30.643  66.886 0.0000000000
145049  7.862  -31.239  66.898 0.0000000000
145050  7.532  -31.851  66.977 0.0000000000
145057  7.522  -30.670  68.430 0.0000000000
145096  39.458  -11.083  42.623 0.0000000000
145104  35.944  -12.258  43.732 0.0000000000
145105  35.401  -12.660  43.862 0.0000000000
145114  34.854  -13.128  44.023 0.0000000000
145115  34.399  -13.622  44.126 0.0000000000
145116  33.983  -14.085  44.288 0.0000000000
145117  33.618  -14.559  44.505 0.0000000000
145118  34.174  -14.058  45.576 0.0000000000
145119  33.702  -14.550  45.146 0.0000000000
145120  33.273  -15.096  44.705 0.0000000000
145121  32.952  -15.627  44.873 0.0000000000
145122  32.720  -16.067  45.136 0.0000000000
145123  32.486  -16.593  45.323 0.0000000000
145143  34.214  -14.483  47.772 0.0000000000
145144  33.799  -14.967  47.335 0.0000000000
145145  33.752  -15.403  48.271 0.0000000000
145146  33.566  -15.405  47.571 0.0000000000
145147  33.387  -15.446  46.856 0.0000000000
145148  33.009  -15.967  46.469 0.0000000000
145149  32.640  -16.518  45.966 0.0000000000
145150  32.345  -17.071  45.528 0.0000000000
145151  32.258  -17.570  45.737 0.0000000000
145152  32.251  -18.065  45.905 0.0000000000
145154  32.705  -17.997  47.104 0.0000000000
145155  32.560  -18.625  46.643 0.0000000000
145156  32.483  -19.206  46.209 0.0000000000
145157  32.671  -19.837  46.219 0.0000000000
145158  32.963  -20.488  46.225 0.0000000000
145159  33.250  -21.154  46.119 0.0000000000
145160  33.810  -18.235  49.379 0.0000000000
145161  33.609  -18.791  48.802 0.0000000000
145162  33.510  -19.369  48.229 0.0000000000
145163  34.072  -20.130  48.628 0.0000000000
145164  33.748  -20.039  48.178 0.0000000000
145165  33.450  -19.959  47.722 0.0000000000
145166  33.421  -20.592  47.079 0.0000000000
145167  33.487  -21.182  46.524 0.0000000000
145168  33.611  -21.742  46.004 0.0000000000
145169  33.922  -22.394  45.883 0.0000000000
145170  34.149  -23.084  45.761 0.0000000000
145171  34.245  -23.701  45.694 0.0000000000
145172  34.278  -23.194  46.476 0.0000000000
145174  34.186  -24.324  45.668 0.0000000000
145204  36.779  -18.701  54.954 0.0000000000
145205  35.109  -20.713  62.003 0.0000000000
145206  35.416  -20.705  61.500 0.0000000000
145207  35.644  -20.714  60.967 0.0000000000
145208  34.583  -21.480  60.017 0.0000000000
145209  35.269  -21.109  60.230 0.0000000000
145210  35.901  -20.688  60.408 0.0000000000
145213  36.508  -20.479  58.840 0.0000000000
145214  32.719  -22.658  56.859 0.0000000000
145215  33.486  -22.506  57.171 0.0000000000
145216  34.218  -22.288  57.452 0.0000000000
145217  34.035  -22.600  56.244 0.0000000000
145218  34.496  -22.311  56.988 0.0000000000
145219  34.953  -21.967  57.687 0.0000000000
145220  35.578  -21.487  57.973 0.0000000000
145221  36.151  -20.967  58.030 0.0000000000
145222  36.664  -20.395  58.188 0.0000000000
145223  36.797  -20.247  57.613 0.0000000000
145226  36.394  -21.105  55.492 0.0000000000
145227  36.701  -20.457  55.649 0.0000000000
145228  36.931  -19.802  55.826 0.0000000000
145229  36.857  -19.608  55.282 0.0000000000
145230  36.734  -19.409  54.766 0.0000000000
145231  36.556  -19.201  54.179 0.0000000000
145232  36.332  -19.641  53.453 0.0000000000
145233  36.097  -20.079  52.761 0.0000000000
145234  35.894  -20.514  52.071 0.0000000000
145235  35.949  -21.408  52.334 0.0000000000
145236  35.875  -21.187  51.880 0.0000000000
145237  35.694  -20.996  51.375 0.0000000000
145238  35.500  -21.495  50.640 0.0000000000
145239  35.274  -21.991  50.004 0.0000000000
145240  34.965  -22.541  49.334 0.0000000000
145241  33.566  -23.442  51.860 0.0000000000
145242  33.832  -23.449  51.326 0.0000000000
145243  34.044  -23.452  50.895 0.0000000000
145244  32.765  -23.901  49.974 0.0000000000
145245  33.541  -23.707  50.209 0.0000000000
145246  34.281  -23.422  50.325 0.0000000000
145247  34.445  -23.357  49.775 0.0000000000
145248  34.574  -23.202  49.261 0.0000000000
145249  34.612  -23.063  48.788 0.0000000000
145250  34.261  -23.538  48.222 0.0000000000
145251  33.882  -23.985  47.681 0.0000000000
145252  33.465  -24.395  47.152 0.0000000000
145253  32.661  -24.691  47.447 0.0000000000
145254  32.986  -24.743  47.069 0.0000000000
145255  33.217  -24.803  46.704 0.0000000000
151688  38.780  -11.412  41.918 0.0000000000
151689  38.138  -11.743  41.310 0.0000000000
151690  37.527  -12.082  40.664 0.0000000000
151691  36.717  -12.164  41.490 0.0000000000
151692  36.810  -12.306  40.756 0.0000000000
151693  36.925  -12.485  40.065 0.0000000000
151694  36.371  -12.939  39.419 0.0000000000
151695  35.897  -13.421  38.848 0.0000000000
151696  35.479  -14.000  38.286 0.0000000000
151697  34.307  -13.713  41.956 0.0000000000
151698  34.340  -13.821  41.203 0.0000000000
151699  34.428  -13.902  40.460 0.0000000000
151700  33.587  -14.994  40.085 0.0000000000
151701  34.066  -14.485  39.898 0.0000000000
151702  34.543  -14.040  39.768 0.0000000000
151703  34.725  -14.205  39.069 0.0000000000
151704  34.942  -14.382  38.411 0.0000000000
151705  35.172  -14.574  37.800 0.0000000000
152848  51.648  -4.570  23.378 0.0000000000
152849  51.844  -4.762  22.874 0.0000000000
152850  52.058  -4.989  22.363 0.0000000000
152852  51.787  -5.647  22.103 0.0000000000
