#!ascii label  , from subject fsaverage vox2ras=TkReg 
1012
250  41.264  13.929  20.957 0.0000000000
251  48.456  9.719  13.111 0.0000000000
507  53.861  14.114  9.613 0.0000000000
508  52.548  6.167  1.305 0.0000000000
731  43.609  8.631  19.347 0.0000000000
1112  54.121  16.919  17.309 0.0000000000
1114  51.376  7.647  5.877 0.0000000000
1601  44.344  12.910  5.583 0.0000000000
1603  49.677  14.451  19.418 0.0000000000
1604  46.204  11.552  19.436 0.0000000000
1605  47.185  6.626  14.645 0.0000000000
2164  49.393  14.827  9.399 0.0000000000
2165  49.829  12.295  3.403 0.0000000000
2166  51.179  12.474  11.776 0.0000000000
2167  52.295  10.819  3.776 0.0000000000
3629  44.705  15.060  6.970 0.0000000000
3631  45.678  14.388  20.983 0.0000000000
3632  43.856  12.732  20.937 0.0000000000
3634  45.309  7.668  17.039 0.0000000000
4773  54.149  16.286  12.891 0.0000000000
4774  51.717  16.979  12.791 0.0000000000
4775  52.121  14.777  9.280 0.0000000000
4776  49.804  13.629  6.127 0.0000000000
4777  52.352  13.500  5.807 0.0000000000
4778  48.839  12.468  16.389 0.0000000000
4779  50.591  13.883  15.691 0.0000000000
4780  49.577  11.283  12.728 0.0000000000
4781  53.083  7.307  2.389 0.0000000000
4782  51.794  9.380  4.926 0.0000000000
4783  52.289  8.732  1.781 0.0000000000
4784  51.121  9.760  1.590 0.0000000000
4785  50.632  7.100  1.585 0.0000000000
4786  48.752  4.649  4.867 0.0000000000
5922  39.917  12.345  21.571 0.0000000000
5923  42.383  11.141  20.896 0.0000000000
6610  54.702  15.379  13.711 0.0000000000
6611  49.047  6.918  10.507 0.0000000000
6612  49.733  8.552  9.513 0.0000000000
6613  51.452  5.959  6.958 0.0000000000
6614  53.862  5.949  3.581 0.0000000000
7579  49.554  17.312  19.414 0.0000000000
7580  47.619  15.755  20.468 0.0000000000
7581  47.990  13.079  19.644 0.0000000000
7582  47.354  10.894  16.479 0.0000000000
7583  44.636  10.157  19.235 0.0000000000
7584  46.211  9.260  16.546 0.0000000000
7585  47.522  8.106  13.668 0.0000000000
7586  49.013  5.583  11.842 0.0000000000
8208  37.810  13.097  22.287 0.0000000000
9055  49.173  18.147  12.383 0.0000000000
9056  46.715  15.703  9.420 0.0000000000
9057  46.847  13.982  6.726 0.0000000000
9058  46.787  12.597  4.405 0.0000000000
9059  46.804  10.493  3.686 0.0000000000
9060  51.904  15.875  18.583 0.0000000000
9061  52.841  14.742  14.769 0.0000000000
9062  53.199  13.112  10.691 0.0000000000
9063  50.267  10.207  8.810 0.0000000000
9064  51.732  11.501  7.810 0.0000000000
9065  53.078  12.535  6.581 0.0000000000
9066  51.784  11.789  3.137 0.0000000000
9067  49.399  10.374  2.143 0.0000000000
11308  43.855  15.662  7.260 0.0000000000
11309  44.856  16.051  7.870 0.0000000000
11311  43.424  14.143  20.878 0.0000000000
11312  42.565  13.375  20.940 0.0000000000
12453  54.055  15.078  11.315 0.0000000000
12454  53.152  15.430  11.147 0.0000000000
12455  53.292  14.600  9.354 0.0000000000
12456  52.349  14.150  7.332 0.0000000000
12457  53.303  13.854  7.620 0.0000000000
12458  48.572  11.101  14.703 0.0000000000
12459  49.215  11.935  14.635 0.0000000000
12460  49.028  10.545  12.960 0.0000000000
12461  53.076  6.848  1.430 0.0000000000
12462  52.768  8.025  2.061 0.0000000000
12463  52.365  7.469  1.164 0.0000000000
12464  51.643  8.061  1.135 0.0000000000
12465  51.619  6.634  1.319 0.0000000000
12466  50.653  5.730  2.277 0.0000000000
12467  51.723  5.358  1.919 0.0000000000
13711  40.611  10.885  21.401 0.0000000000
14856  55.017  16.577  15.010 0.0000000000
14857  54.585  16.145  15.612 0.0000000000
14858  50.099  5.634  9.503 0.0000000000
14859  50.170  6.321  8.819 0.0000000000
14860  51.451  5.350  7.843 0.0000000000
14862  54.176  5.232  4.508 0.0000000000
14863  54.910  5.104  3.305 0.0000000000
14864  54.352  5.665  2.482 0.0000000000
16653  46.111  12.772  20.705 0.0000000000
16654  47.034  13.648  20.757 0.0000000000
16655  47.079  12.327  19.532 0.0000000000
16656  47.615  12.042  18.056 0.0000000000
16657  46.822  11.288  17.926 0.0000000000
16658  43.090  9.854  20.304 0.0000000000
16659  43.658  10.587  20.362 0.0000000000
16660  44.042  9.424  19.221 0.0000000000
16661  46.290  7.145  15.910 0.0000000000
16662  45.705  8.483  16.778 0.0000000000
16663  46.551  7.930  15.493 0.0000000000
16664  46.917  8.705  15.206 0.0000000000
16665  47.291  7.400  14.095 0.0000000000
16666  48.035  6.783  12.535 0.0000000000
16667  48.012  6.074  13.258 0.0000000000
16669  50.621  4.467  12.521 0.0000000000
20081  50.442  15.793  11.274 0.0000000000
20082  50.371  17.497  12.742 0.0000000000
20083  49.096  16.104  11.225 0.0000000000
20084  47.780  16.593  11.055 0.0000000000
20085  47.954  15.154  9.478 0.0000000000
20086  46.798  14.698  8.015 0.0000000000
20087  48.131  14.292  7.890 0.0000000000
20088  49.940  13.055  4.691 0.0000000000
20089  48.359  13.080  5.106 0.0000000000
20090  48.319  12.437  3.860 0.0000000000
20091  46.699  11.578  3.758 0.0000000000
20092  48.259  11.555  3.042 0.0000000000
20093  49.719  15.863  20.000 0.0000000000
20094  50.806  16.548  19.365 0.0000000000
20095  50.759  15.208  19.026 0.0000000000
20096  50.921  13.175  13.796 0.0000000000
20097  51.631  14.406  15.241 0.0000000000
20098  51.935  13.549  13.232 0.0000000000
20099  53.116  13.854  12.760 0.0000000000
20100  52.188  12.802  11.293 0.0000000000
20101  50.463  8.012  7.730 0.0000000000
20102  49.936  9.427  9.177 0.0000000000
20103  50.623  8.887  7.332 0.0000000000
20104  52.090  10.215  4.333 0.0000000000
20105  51.517  10.512  6.350 0.0000000000
20106  52.053  11.141  5.688 0.0000000000
20107  52.546  11.964  7.128 0.0000000000
20108  52.501  11.697  5.173 0.0000000000
20109  52.599  12.290  4.644 0.0000000000
20110  52.206  11.386  3.266 0.0000000000
20111  49.923  8.813  1.655 0.0000000000
20112  50.378  10.111  1.759 0.0000000000
20113  48.985  8.976  2.192 0.0000000000
20114  47.999  9.073  3.067 0.0000000000
23890  53.287  17.722  18.385 0.0000000000
24964  43.617  14.469  6.794 0.0000000000
24965  44.504  14.022  6.138 0.0000000000
24967  45.309  15.602  20.450 0.0000000000
24968  44.344  14.915  20.751 0.0000000000
24969  44.731  13.576  20.999 0.0000000000
24970  45.176  11.964  20.560 0.0000000000
24972  44.445  8.149  18.150 0.0000000000
27025  53.018  16.648  12.832 0.0000000000
27026  51.834  15.626  11.151 0.0000000000
27027  50.757  14.812  9.342 0.0000000000
27028  49.586  14.143  7.664 0.0000000000
27029  51.036  14.185  7.463 0.0000000000
27030  51.195  13.646  5.833 0.0000000000
27031  51.223  12.943  4.431 0.0000000000
27032  49.201  13.466  17.917 0.0000000000
27033  50.142  14.217  17.610 0.0000000000
27034  49.621  13.204  16.095 0.0000000000
27035  50.039  12.561  14.277 0.0000000000
27036  50.319  12.014  12.350 0.0000000000
27037  52.398  7.505  4.006 0.0000000000
27038  51.526  8.528  5.423 0.0000000000
27039  52.373  8.338  3.612 0.0000000000
27040  52.387  9.078  3.156 0.0000000000
27041  52.229  9.855  2.632 0.0000000000
27042  51.969  10.419  2.238 0.0000000000
27043  51.751  9.277  1.489 0.0000000000
27044  50.869  8.549  1.371 0.0000000000
27045  49.589  7.375  2.041 0.0000000000
27048  49.765  4.561  4.029 0.0000000000
29178  40.525  13.157  21.284 0.0000000000
29179  41.802  12.527  21.055 0.0000000000
29180  41.127  11.761  21.269 0.0000000000
29181  41.893  10.366  20.956 0.0000000000
29182  42.632  9.091  20.272 0.0000000000
30782  54.931  17.101  14.447 0.0000000000
30783  54.729  15.879  13.205 0.0000000000
30784  54.381  14.658  11.753 0.0000000000
30785  48.560  8.341  11.701 0.0000000000
30786  49.006  9.188  11.362 0.0000000000
30787  49.336  7.686  9.981 0.0000000000
30788  50.361  7.130  8.245 0.0000000000
30789  51.451  6.783  6.344 0.0000000000
30790  52.848  5.174  6.085 0.0000000000
30791  52.721  5.901  5.071 0.0000000000
30792  52.598  6.730  4.467 0.0000000000
30793  53.476  6.687  2.967 0.0000000000
30794  53.742  6.266  1.818 0.0000000000
30795  53.376  5.616  1.476 0.0000000000
30796  52.684  4.796  1.975 0.0000000000
33189  48.604  16.493  19.999 0.0000000000
33190  48.844  15.142  20.493 0.0000000000
33191  46.563  15.164  20.719 0.0000000000
33192  47.944  14.458  20.700 0.0000000000
33193  48.854  13.760  19.549 0.0000000000
33194  48.486  12.769  18.108 0.0000000000
33195  48.079  11.631  16.415 0.0000000000
33196  47.912  10.266  14.749 0.0000000000
33197  43.077  11.899  20.849 0.0000000000
33198  44.366  11.268  20.419 0.0000000000
33199  45.368  10.820  19.239 0.0000000000
33200  44.846  9.000  17.948 0.0000000000
33201  45.425  9.747  17.914 0.0000000000
33202  46.140  10.551  17.882 0.0000000000
33203  46.752  10.100  16.512 0.0000000000
33204  47.385  9.460  14.973 0.0000000000
33205  47.963  8.877  13.315 0.0000000000
33206  48.181  7.531  12.062 0.0000000000
33207  48.958  6.182  11.020 0.0000000000
33208  50.191  5.108  10.402 0.0000000000
33209  49.156  5.065  12.774 0.0000000000
33210  50.330  4.712  11.438 0.0000000000
34926  39.419  13.589  21.561 0.0000000000
34927  38.832  12.678  21.942 0.0000000000
34930  37.247  12.040  22.696 0.0000000000
37408  50.735  19.363  13.024 0.0000000000
37410  48.199  18.663  11.657 0.0000000000
37413  45.697  15.385  7.989 0.0000000000
37414  45.715  14.463  6.861 0.0000000000
37415  45.644  13.609  5.749 0.0000000000
37416  48.291  13.647  6.476 0.0000000000
37417  46.921  13.277  5.516 0.0000000000
37418  45.534  12.740  4.937 0.0000000000
37424  53.039  16.434  17.957 0.0000000000
37425  51.291  14.870  17.207 0.0000000000
37426  52.494  15.366  16.751 0.0000000000
37427  53.671  15.741  16.202 0.0000000000
37428  54.024  14.959  14.250 0.0000000000
37429  54.055  14.122  12.239 0.0000000000
37430  53.873  13.571  10.082 0.0000000000
37431  49.432  10.025  11.063 0.0000000000
37432  49.859  10.771  10.761 0.0000000000
37433  50.509  11.445  10.294 0.0000000000
37434  50.980  9.737  6.854 0.0000000000
37435  50.934  10.916  8.327 0.0000000000
37436  51.392  11.908  9.796 0.0000000000
37437  52.341  12.304  9.206 0.0000000000
37438  53.213  12.720  8.549 0.0000000000
37439  53.608  13.307  8.036 0.0000000000
37440  52.997  13.089  6.000 0.0000000000
37441  52.108  12.727  4.423 0.0000000000
37442  50.997  12.053  3.048 0.0000000000
37443  51.428  10.838  2.199 0.0000000000
37444  50.720  11.151  2.301 0.0000000000
37445  49.728  11.418  2.547 0.0000000000
37446  48.218  10.535  2.770 0.0000000000
37452  47.811  4.708  5.831 0.0000000000
42028  44.486  16.461  7.877 0.0000000000
42029  44.919  16.595  8.321 0.0000000000
42030  41.679  14.338  20.843 0.0000000000
42031  42.325  14.058  20.868 0.0000000000
42032  41.911  13.653  20.952 0.0000000000
43173  53.958  14.564  10.502 0.0000000000
43174  53.667  14.799  10.352 0.0000000000
43175  53.639  14.354  9.415 0.0000000000
43176  53.297  14.165  8.352 0.0000000000
43177  53.596  13.964  8.568 0.0000000000
43178  48.429  10.410  13.873 0.0000000000
43179  48.797  10.835  13.849 0.0000000000
43180  48.732  10.152  13.036 0.0000000000
43181  52.879  6.560  1.236 0.0000000000
43182  52.726  7.168  1.272 0.0000000000
43183  52.456  6.828  1.151 0.0000000000
43184  52.047  7.093  1.118 0.0000000000
43185  52.081  6.408  1.261 0.0000000000
43186  51.687  6.006  1.564 0.0000000000
43187  52.178  5.790  1.516 0.0000000000
45573  54.340  17.519  17.684 0.0000000000
45575  54.610  17.108  16.999 0.0000000000
45576  54.788  16.729  16.191 0.0000000000
45577  54.379  16.527  16.516 0.0000000000
45578  50.752  5.191  9.093 0.0000000000
45579  50.752  5.490  8.729 0.0000000000
45580  51.497  5.083  8.331 0.0000000000
45582  55.143  4.889  3.839 0.0000000000
45583  55.300  4.653  3.406 0.0000000000
45584  54.992  4.847  2.940 0.0000000000
47369  44.305  12.375  5.468 0.0000000000
47373  46.201  12.086  20.140 0.0000000000
47374  46.704  12.433  20.195 0.0000000000
47375  46.630  11.884  19.481 0.0000000000
47376  46.942  11.782  18.765 0.0000000000
47377  46.543  11.435  18.732 0.0000000000
47378  43.368  9.271  19.805 0.0000000000
47379  43.600  9.621  19.801 0.0000000000
47380  43.816  9.038  19.267 0.0000000000
47381  46.745  6.873  15.273 0.0000000000
47382  46.385  7.536  15.684 0.0000000000
47383  46.817  7.272  15.030 0.0000000000
47384  46.910  7.645  14.779 0.0000000000
47385  47.191  7.036  14.347 0.0000000000
47386  47.619  6.716  13.645 0.0000000000
47387  47.590  6.357  13.982 0.0000000000
50801  49.915  15.283  10.310 0.0000000000
50802  49.779  15.911  11.243 0.0000000000
50803  49.224  15.345  10.305 0.0000000000
50804  48.520  15.531  10.322 0.0000000000
50805  48.695  14.952  9.438 0.0000000000
50806  48.093  14.675  8.682 0.0000000000
50807  48.788  14.500  8.556 0.0000000000
50808  49.905  12.687  3.991 0.0000000000
50809  49.139  12.739  4.170 0.0000000000
50810  49.129  12.375  3.559 0.0000000000
50811  48.288  12.011  3.384 0.0000000000
50812  49.091  11.965  3.084 0.0000000000
50813  49.808  15.092  19.966 0.0000000000
50814  50.301  15.509  19.644 0.0000000000
50815  50.178  14.859  19.208 0.0000000000
50816  51.100  12.835  12.866 0.0000000000
50817  51.381  13.400  13.504 0.0000000000
50818  51.555  12.988  12.498 0.0000000000
50819  52.053  13.136  12.274 0.0000000000
50820  51.686  12.634  11.493 0.0000000000
50821  50.895  7.789  6.825 0.0000000000
50822  50.520  8.475  7.527 0.0000000000
50823  50.929  8.252  6.625 0.0000000000
50824  52.230  10.543  4.040 0.0000000000
50825  52.040  10.711  5.018 0.0000000000
50826  52.248  10.996  4.726 0.0000000000
50827  52.357  11.422  5.447 0.0000000000
50828  52.389  11.263  4.431 0.0000000000
50829  52.431  11.534  4.181 0.0000000000
50830  52.318  11.086  3.519 0.0000000000
50831  49.276  8.172  2.062 0.0000000000
50832  49.443  8.901  1.890 0.0000000000
50833  48.774  8.221  2.408 0.0000000000
50834  48.273  8.272  2.775 0.0000000000
56965  44.254  15.338  7.122 0.0000000000
56966  43.699  15.066  6.994 0.0000000000
56967  44.143  14.771  6.799 0.0000000000
56968  44.055  14.213  6.490 0.0000000000
56969  44.593  14.502  6.538 0.0000000000
56971  44.198  15.526  20.477 0.0000000000
56972  43.720  15.163  20.572 0.0000000000
56973  43.621  13.456  20.965 0.0000000000
56974  44.052  13.880  20.982 0.0000000000
56975  44.277  13.122  20.977 0.0000000000
56976  44.972  12.765  20.897 0.0000000000
56977  44.539  12.342  20.856 0.0000000000
60398  54.137  16.920  13.564 0.0000000000
60399  53.620  17.141  13.463 0.0000000000
60400  53.616  16.464  12.792 0.0000000000
60401  52.619  15.076  10.229 0.0000000000
60402  52.513  15.543  11.129 0.0000000000
60403  51.974  15.161  10.255 0.0000000000
60404  51.276  15.210  10.299 0.0000000000
60405  51.471  14.802  9.364 0.0000000000
60406  50.907  14.464  8.368 0.0000000000
60407  51.612  14.459  8.310 0.0000000000
60408  52.356  13.834  6.510 0.0000000000
60409  51.767  13.914  6.501 0.0000000000
60410  51.810  13.624  5.731 0.0000000000
60411  51.287  13.345  5.129 0.0000000000
60412  51.841  13.311  5.049 0.0000000000
60413  48.994  12.997  17.170 0.0000000000
60414  49.403  13.396  16.991 0.0000000000
60415  49.192  12.863  16.291 0.0000000000
60416  49.441  11.617  13.691 0.0000000000
60417  49.614  12.250  14.497 0.0000000000
60418  49.787  11.918  13.524 0.0000000000
60419  50.188  12.265  13.320 0.0000000000
60420  49.931  11.659  12.558 0.0000000000
60421  52.808  7.468  3.177 0.0000000000
60422  52.359  7.924  3.826 0.0000000000
60423  52.737  7.815  2.949 0.0000000000
60424  52.510  8.384  1.939 0.0000000000
60425  52.572  8.543  2.608 0.0000000000
60426  52.418  8.963  2.413 0.0000000000
60427  52.322  9.513  2.893 0.0000000000
60428  52.252  9.314  2.163 0.0000000000
60429  52.051  9.602  1.912 0.0000000000
60430  52.051  9.046  1.608 0.0000000000
60431  51.164  7.614  1.268 0.0000000000
60432  51.247  8.326  1.259 0.0000000000
60433  50.718  7.836  1.427 0.0000000000
60434  50.294  8.006  1.608 0.0000000000
60435  50.166  7.263  1.830 0.0000000000
60437  50.116  6.564  2.114 0.0000000000
60438  50.697  5.004  2.794 0.0000000000
60439  50.140  5.124  3.078 0.0000000000
64170  40.202  12.766  21.400 0.0000000000
64171  40.817  12.455  21.279 0.0000000000
64172  40.503  12.044  21.407 0.0000000000
64174  41.242  10.651  21.189 0.0000000000
64175  41.649  9.981  20.987 0.0000000000
64176  42.283  9.734  20.680 0.0000000000
64177  42.022  9.303  20.695 0.0000000000
67608  54.871  15.976  14.395 0.0000000000
67609  54.880  16.205  14.094 0.0000000000
67610  54.808  15.623  13.469 0.0000000000
67611  54.619  15.276  12.532 0.0000000000
67612  54.597  15.017  12.763 0.0000000000
67613  48.734  7.625  11.058 0.0000000000
67614  48.882  8.018  10.843 0.0000000000
67615  49.175  7.271  10.194 0.0000000000
67616  50.827  6.095  7.940 0.0000000000
67617  50.276  6.676  8.529 0.0000000000
67618  50.812  6.481  7.604 0.0000000000
67619  50.873  6.929  7.301 0.0000000000
67620  51.449  6.375  6.643 0.0000000000
67622  52.908  4.899  6.668 0.0000000000
67623  53.659  4.914  5.801 0.0000000000
67624  54.001  5.601  3.916 0.0000000000
67625  53.458  5.554  4.704 0.0000000000
67626  53.339  5.921  4.256 0.0000000000
67627  52.706  6.306  4.763 0.0000000000
67628  53.247  6.342  3.983 0.0000000000
67629  53.082  6.726  3.676 0.0000000000
67630  53.686  6.332  3.294 0.0000000000
67631  54.330  5.420  2.078 0.0000000000
67632  54.081  5.990  2.077 0.0000000000
67633  53.997  5.682  1.810 0.0000000000
67634  53.633  5.969  1.518 0.0000000000
67635  53.798  5.333  1.694 0.0000000000
67636  53.500  4.969  1.763 0.0000000000
72993  47.460  16.401  19.982 0.0000000000
72994  47.979  16.770  19.816 0.0000000000
72995  48.143  16.153  20.251 0.0000000000
72996  48.743  15.854  20.311 0.0000000000
72997  48.297  15.504  20.573 0.0000000000
72998  45.458  15.039  20.743 0.0000000000
72999  45.934  15.390  20.600 0.0000000000
73000  46.117  14.809  20.889 0.0000000000
73001  47.618  13.281  20.314 0.0000000000
73002  47.459  14.083  20.749 0.0000000000
73003  48.045  13.700  20.283 0.0000000000
73004  48.520  14.050  20.271 0.0000000000
73005  48.466  13.410  19.589 0.0000000000
73006  48.688  13.253  18.843 0.0000000000
73007  48.305  12.925  18.931 0.0000000000
73008  47.453  11.471  17.225 0.0000000000
73009  47.829  11.836  17.246 0.0000000000
73010  47.696  11.237  16.417 0.0000000000
73011  47.938  10.951  15.565 0.0000000000
73012  47.642  10.580  15.610 0.0000000000
73013  42.081  11.835  20.983 0.0000000000
73014  42.440  12.223  20.928 0.0000000000
73015  42.727  11.495  20.876 0.0000000000
73016  44.188  10.331  19.848 0.0000000000
73017  44.021  10.897  20.352 0.0000000000
73018  44.543  10.636  19.869 0.0000000000
73019  44.896  10.999  19.894 0.0000000000
73020  44.983  10.481  19.245 0.0000000000
73021  44.852  7.910  17.552 0.0000000000
73022  44.620  8.573  17.994 0.0000000000
73023  45.033  8.338  17.455 0.0000000000
73024  45.961  8.889  16.640 0.0000000000
73025  45.573  9.149  17.319 0.0000000000
73026  45.827  9.526  17.223 0.0000000000
73027  45.776  10.137  17.884 0.0000000000
73028  46.134  9.934  17.205 0.0000000000
73029  46.477  10.356  17.238 0.0000000000
73030  46.516  9.665  16.557 0.0000000000
73031  47.217  8.416  14.445 0.0000000000
73032  47.127  9.092  15.078 0.0000000000
73033  47.422  8.778  14.280 0.0000000000
73034  47.688  9.147  14.134 0.0000000000
73035  47.715  8.501  13.483 0.0000000000
73036  48.020  8.215  12.669 0.0000000000
73037  47.809  7.833  12.850 0.0000000000
73038  48.479  6.135  12.148 0.0000000000
73039  48.462  6.473  11.750 0.0000000000
73040  48.994  5.855  11.411 0.0000000000
73041  49.546  5.601  10.670 0.0000000000
73042  49.615  5.317  11.144 0.0000000000
73045  49.276  4.878  13.257 0.0000000000
73047  50.472  4.563  11.977 0.0000000000
73048  51.110  4.443  11.280 0.0000000000
77154  39.183  14.233  21.439 0.0000000000
77155  38.068  13.593  22.031 0.0000000000
77156  38.573  13.366  21.912 0.0000000000
77157  38.313  12.892  22.131 0.0000000000
77158  38.610  12.196  22.097 0.0000000000
77159  38.067  12.379  22.311 0.0000000000
83284  49.719  17.832  12.646 0.0000000000
83285  50.472  18.469  13.053 0.0000000000
83286  49.948  18.837  12.751 0.0000000000
83287  50.260  19.650  12.513 0.0000000000
83288  49.458  19.175  12.399 0.0000000000
83289  49.032  19.342  11.855 0.0000000000
83290  48.696  18.403  12.015 0.0000000000
83291  47.184  16.023  10.279 0.0000000000
83295  46.205  16.072  9.342 0.0000000000
83296  45.726  15.905  8.589 0.0000000000
83297  46.217  15.538  8.664 0.0000000000
83298  46.826  14.313  7.330 0.0000000000
83299  46.259  14.609  7.394 0.0000000000
83300  46.280  14.198  6.808 0.0000000000
83301  45.677  14.033  6.253 0.0000000000
83302  46.259  13.819  6.202 0.0000000000
83303  49.708  13.873  6.885 0.0000000000
83304  48.971  13.842  6.994 0.0000000000
83305  49.009  13.607  6.309 0.0000000000
83306  47.590  12.855  4.705 0.0000000000
83307  47.620  13.153  5.324 0.0000000000
83308  46.897  12.959  4.926 0.0000000000
83309  46.215  13.063  5.113 0.0000000000
83310  46.136  12.660  4.659 0.0000000000
83311  45.449  12.234  4.649 0.0000000000
83312  46.074  12.188  4.314 0.0000000000
83313  46.749  11.023  3.670 0.0000000000
83320  50.145  17.694  19.116 0.0000000000
83321  51.421  16.147  19.126 0.0000000000
83322  51.380  16.843  19.075 0.0000000000
83323  51.989  16.477  18.811 0.0000000000
83324  52.593  16.760  18.569 0.0000000000
83325  52.472  16.148  18.263 0.0000000000
83326  50.369  14.090  16.638 0.0000000000
83327  50.700  14.558  17.396 0.0000000000
83328  50.913  14.395  16.406 0.0000000000
83329  52.202  14.602  15.021 0.0000000000
83330  52.059  14.918  16.015 0.0000000000
83331  52.678  15.104  15.804 0.0000000000
83332  53.090  15.598  16.529 0.0000000000
83333  53.302  15.239  15.526 0.0000000000
83334  53.860  15.372  15.243 0.0000000000
83335  53.479  14.858  14.522 0.0000000000
83336  53.164  13.449  11.768 0.0000000000
83337  53.638  13.976  12.521 0.0000000000
83338  53.630  13.608  11.450 0.0000000000
83339  53.962  13.815  11.174 0.0000000000
83340  53.601  13.323  10.365 0.0000000000
83341  49.343  8.897  10.478 0.0000000000
83342  49.251  9.627  11.234 0.0000000000
83343  49.546  9.326  10.281 0.0000000000
83344  50.071  9.857  9.041 0.0000000000
83345  49.806  10.112  9.918 0.0000000000
83346  50.026  10.496  9.771 0.0000000000
83347  50.158  11.132  10.550 0.0000000000
83348  50.349  10.847  9.586 0.0000000000
83349  51.612  8.927  5.163 0.0000000000
83350  51.190  9.117  6.127 0.0000000000
83351  51.359  9.561  5.893 0.0000000000
83352  51.592  11.074  7.067 0.0000000000
83353  51.243  10.694  7.352 0.0000000000
83354  51.336  11.222  8.088 0.0000000000
83355  51.130  11.454  9.074 0.0000000000
83356  51.537  11.691  8.822 0.0000000000
83357  51.869  12.119  9.518 0.0000000000
83358  51.992  11.923  8.483 0.0000000000
83359  52.871  12.235  6.868 0.0000000000
83360  52.877  12.335  7.799 0.0000000000
83361  53.231  12.629  7.565 0.0000000000
83362  53.541  13.021  8.305 0.0000000000
83363  53.371  12.920  7.286 0.0000000000
83364  53.350  13.199  7.032 0.0000000000
83365  53.125  12.825  6.272 0.0000000000
83366  52.222  12.064  3.842 0.0000000000
83367  52.426  12.550  4.527 0.0000000000
83368  51.982  12.276  3.761 0.0000000000
83369  51.605  12.400  3.666 0.0000000000
83370  51.481  11.958  3.087 0.0000000000
83371  51.561  10.087  1.811 0.0000000000
83372  51.717  10.639  2.198 0.0000000000
83373  51.287  10.306  1.858 0.0000000000
83374  49.908  10.250  1.911 0.0000000000
83375  50.549  10.664  1.970 0.0000000000
83376  50.079  10.804  2.120 0.0000000000
83377  50.254  11.302  2.403 0.0000000000
83378  49.549  10.959  2.268 0.0000000000
83379  48.975  11.046  2.493 0.0000000000
83380  48.839  10.497  2.396 0.0000000000
83381  47.360  8.339  3.850 0.0000000000
83382  47.451  9.091  3.590 0.0000000000
83393  48.605  5.247  4.264 0.0000000000
83395  48.326  4.671  5.326 0.0000000000
94082  43.428  15.975  7.432 0.0000000000
94084  44.404  15.886  7.492 0.0000000000
94085  44.805  15.552  7.418 0.0000000000
94087  43.243  14.797  20.680 0.0000000000
94088  42.751  14.449  20.807 0.0000000000
94089  42.973  13.757  20.929 0.0000000000
94090  43.210  13.114  20.973 0.0000000000
96143  54.125  15.662  12.122 0.0000000000
96144  53.656  15.846  12.038 0.0000000000
96145  53.671  15.257  11.201 0.0000000000
96146  53.241  14.988  10.269 0.0000000000
96147  52.756  14.721  9.276 0.0000000000
96148  52.260  14.451  8.286 0.0000000000
96149  52.837  14.361  8.284 0.0000000000
96150  52.867  14.024  7.416 0.0000000000
96151  52.840  13.681  6.657 0.0000000000
96152  48.740  11.812  15.541 0.0000000000
96153  49.030  12.233  15.518 0.0000000000
96154  48.905  11.541  14.691 0.0000000000
96155  49.107  11.247  13.789 0.0000000000
96156  49.311  10.945  12.857 0.0000000000
96157  53.166  7.089  1.817 0.0000000000
96158  52.931  7.642  2.222 0.0000000000
96159  52.919  7.429  1.663 0.0000000000
96160  52.605  7.777  1.529 0.0000000000
96161  52.302  8.099  1.401 0.0000000000
96162  52.021  8.411  1.323 0.0000000000
96163  52.022  7.758  1.141 0.0000000000
96164  51.634  7.359  1.129 0.0000000000
96165  51.132  6.900  1.414 0.0000000000
96166  50.644  6.432  1.868 0.0000000000
96167  51.149  6.261  1.692 0.0000000000
96168  51.191  5.556  2.052 0.0000000000
96169  51.230  4.838  2.572 0.0000000000
98406  39.648  11.899  21.710 0.0000000000
98407  40.272  11.608  21.496 0.0000000000
98408  40.006  11.163  21.610 0.0000000000
100468  55.188  17.210  15.529 0.0000000000
100469  55.052  16.991  15.871 0.0000000000
100470  54.897  16.372  15.365 0.0000000000
100471  54.711  15.791  14.702 0.0000000000
100472  49.488  6.260  9.984 0.0000000000
100473  49.582  6.604  9.651 0.0000000000
100474  50.104  6.004  9.181 0.0000000000
100475  50.734  5.782  8.343 0.0000000000
100476  51.442  5.634  7.388 0.0000000000
100478  54.333  4.927  5.040 0.0000000000
100479  54.827  4.938  4.409 0.0000000000
100480  54.647  5.232  3.852 0.0000000000
100481  54.426  5.534  3.357 0.0000000000
100482  54.213  5.879  2.953 0.0000000000
100483  54.643  5.337  2.848 0.0000000000
100484  54.659  5.077  2.515 0.0000000000
103702  46.933  16.049  20.211 0.0000000000
103703  45.921  13.587  21.007 0.0000000000
103704  46.377  14.049  21.027 0.0000000000
103705  46.623  13.148  20.816 0.0000000000
103706  47.138  12.919  20.237 0.0000000000
103707  47.537  12.729  19.590 0.0000000000
103708  47.811  12.565  18.882 0.0000000000
103709  47.362  12.188  18.831 0.0000000000
103710  47.204  11.651  17.979 0.0000000000
103711  47.090  11.092  17.208 0.0000000000
103712  42.715  10.514  20.723 0.0000000000
103713  43.023  10.865  20.699 0.0000000000
103714  43.332  10.233  20.314 0.0000000000
103715  43.871  9.964  19.822 0.0000000000
103716  44.288  9.785  19.215 0.0000000000
103717  45.787  7.400  16.478 0.0000000000
103718  45.473  8.082  16.900 0.0000000000
103719  45.957  7.787  16.303 0.0000000000
103720  46.148  8.214  16.144 0.0000000000
103721  46.372  8.588  15.993 0.0000000000
103722  46.607  8.936  15.889 0.0000000000
103723  46.728  8.274  15.325 0.0000000000
103724  47.055  8.052  14.611 0.0000000000
103725  47.361  7.769  13.865 0.0000000000
103726  47.719  7.446  13.075 0.0000000000
103727  47.659  7.083  13.324 0.0000000000
103728  48.012  6.409  12.890 0.0000000000
103729  48.511  5.823  12.550 0.0000000000
103731  50.003  4.553  13.145 0.0000000000
103733  51.444  4.372  12.448 0.0000000000
109873  51.036  16.383  12.060 0.0000000000
109874  51.043  17.189  12.818 0.0000000000
109875  50.383  16.562  12.123 0.0000000000
109876  49.704  16.765  12.091 0.0000000000
109877  49.062  17.066  11.961 0.0000000000
109878  48.433  17.315  11.790 0.0000000000
109879  48.393  16.293  11.276 0.0000000000
109880  47.819  15.775  10.328 0.0000000000
109881  47.297  15.390  9.453 0.0000000000
109882  46.773  15.154  8.679 0.0000000000
109883  47.387  14.896  8.712 0.0000000000
109884  47.446  14.482  7.986 0.0000000000
109885  47.496  14.120  7.285 0.0000000000
109886  49.869  13.379  5.395 0.0000000000
109887  49.101  13.351  5.592 0.0000000000
109888  49.146  13.063  4.863 0.0000000000
109889  48.345  12.808  4.444 0.0000000000
109890  47.522  12.508  4.148 0.0000000000
109891  46.700  12.122  3.990 0.0000000000
109892  47.468  12.063  3.672 0.0000000000
109893  47.468  11.549  3.384 0.0000000000
109894  47.480  11.058  3.243 0.0000000000
109895  49.632  16.603  19.752 0.0000000000
109896  50.178  16.958  19.439 0.0000000000
109897  50.277  16.226  19.710 0.0000000000
109898  50.863  15.846  19.423 0.0000000000
109899  51.314  15.539  18.752 0.0000000000
109900  50.767  13.556  14.755 0.0000000000
109901  51.097  14.148  15.452 0.0000000000
109902  51.252  13.791  14.496 0.0000000000
109903  51.760  14.038  14.212 0.0000000000
109904  52.362  14.138  13.959 0.0000000000
109905  53.009  14.299  13.752 0.0000000000
109906  52.507  13.690  12.984 0.0000000000
109907  52.600  13.287  12.021 0.0000000000
109908  52.692  12.921  10.999 0.0000000000
109909  50.076  8.242  8.593 0.0000000000
109910  49.843  9.008  9.336 0.0000000000
109911  50.160  8.716  8.449 0.0000000000
109912  50.263  9.138  8.326 0.0000000000
109913  50.396  9.544  8.052 0.0000000000
109914  51.945  9.794  4.637 0.0000000000
109915  51.605  9.949  5.627 0.0000000000
109916  51.810  10.351  5.334 0.0000000000
109917  51.819  10.880  6.037 0.0000000000
109918  51.943  11.334  6.765 0.0000000000
109919  52.151  11.737  7.473 0.0000000000
109920  52.270  11.567  6.465 0.0000000000
109921  52.576  11.842  6.168 0.0000000000
109922  52.767  12.135  5.895 0.0000000000
109923  52.862  12.446  5.614 0.0000000000
109924  52.591  11.987  4.903 0.0000000000
109925  52.410  11.825  3.943 0.0000000000
109926  52.038  11.593  3.192 0.0000000000
109927  50.533  9.319  1.546 0.0000000000
109928  50.836  9.974  1.671 0.0000000000
109929  50.148  9.484  1.652 0.0000000000
109930  49.707  9.606  1.816 0.0000000000
109931  49.216  9.702  2.100 0.0000000000
109932  48.691  9.802  2.464 0.0000000000
109933  48.504  9.035  2.587 0.0000000000
109934  47.809  8.293  3.352 0.0000000000
117184  53.786  17.292  18.000 0.0000000000
119688  43.281  15.384  7.242 0.0000000000
119692  43.981  13.654  6.198 0.0000000000
119693  44.414  13.466  5.798 0.0000000000
119697  44.827  15.262  20.614 0.0000000000
119698  44.999  14.650  20.845 0.0000000000
119699  43.888  14.530  20.816 0.0000000000
119700  44.512  14.288  20.937 0.0000000000
119701  45.207  13.989  21.046 0.0000000000
119702  45.447  13.181  21.018 0.0000000000
119703  45.640  12.363  20.656 0.0000000000
119704  45.755  11.725  20.061 0.0000000000
119706  44.049  8.381  18.748 0.0000000000
119707  44.338  7.716  18.306 0.0000000000
119708  44.751  7.474  17.760 0.0000000000
119709  45.172  7.242  17.214 0.0000000000
119712  45.676  6.994  16.707 0.0000000000
119713  46.187  6.752  16.155 0.0000000000
119714  46.685  6.535  15.592 0.0000000000
119715  47.173  6.266  14.969 0.0000000000
119716  47.630  6.029  14.339 0.0000000000
124496  53.046  17.375  13.434 0.0000000000
124497  52.394  16.821  12.790 0.0000000000
124498  53.067  15.993  12.024 0.0000000000
124499  52.427  16.131  12.006 0.0000000000
124500  51.732  16.241  12.050 0.0000000000
124501  51.116  15.727  11.202 0.0000000000
124502  50.576  15.236  10.293 0.0000000000
124503  50.053  14.818  9.361 0.0000000000
124504  49.469  14.453  8.470 0.0000000000
124505  50.183  14.450  8.428 0.0000000000
124506  50.316  14.148  7.551 0.0000000000
124507  50.453  13.913  6.764 0.0000000000
124508  51.720  14.198  7.372 0.0000000000
124509  51.143  13.945  6.662 0.0000000000
124510  50.527  13.656  5.991 0.0000000000
124511  50.603  13.361  5.248 0.0000000000
124512  50.645  13.019  4.546 0.0000000000
124513  50.544  12.605  3.826 0.0000000000
124514  49.425  13.941  18.672 0.0000000000
124515  49.925  14.314  18.525 0.0000000000
124516  49.633  13.853  17.780 0.0000000000
124517  49.864  13.752  16.825 0.0000000000
124518  50.097  13.561  15.864 0.0000000000
124519  49.401  12.584  15.398 0.0000000000
124520  49.818  12.876  15.212 0.0000000000
124521  50.306  13.248  14.996 0.0000000000
124522  50.468  12.896  14.060 0.0000000000
124523  50.610  12.589  13.098 0.0000000000
124524  50.729  12.308  12.101 0.0000000000
124525  51.914  7.563  4.931 0.0000000000
124526  51.414  8.098  5.660 0.0000000000
124527  51.939  8.001  4.719 0.0000000000
124528  51.958  8.407  4.511 0.0000000000
124529  52.053  8.842  4.263 0.0000000000
124530  52.667  8.202  2.777 0.0000000000
124531  52.386  8.729  3.400 0.0000000000
124532  52.147  9.240  4.004 0.0000000000
124533  52.215  9.653  3.715 0.0000000000
124534  52.234  10.024  3.434 0.0000000000
124535  52.241  10.353  3.179 0.0000000000
124536  52.196  10.626  2.953 0.0000000000
124537  52.117  10.171  2.416 0.0000000000
124538  51.835  9.849  1.819 0.0000000000
124539  51.442  9.567  1.495 0.0000000000
124540  51.708  8.742  1.270 0.0000000000
124541  51.359  8.971  1.339 0.0000000000
124542  50.969  9.188  1.423 0.0000000000
124543  50.430  8.734  1.495 0.0000000000
124544  49.757  8.110  1.788 0.0000000000
124547  49.039  6.647  2.779 0.0000000000
124549  49.095  5.216  3.842 0.0000000000
124550  50.134  5.818  2.498 0.0000000000
124551  49.648  5.199  3.429 0.0000000000
124552  49.256  4.626  4.418 0.0000000000
129666  40.872  13.548  21.149 0.0000000000
129667  41.531  13.229  21.038 0.0000000000
129668  41.150  12.835  21.178 0.0000000000
129669  41.448  12.175  21.161 0.0000000000
129670  41.778  11.472  21.080 0.0000000000
129671  40.841  11.319  21.337 0.0000000000
129672  41.481  11.050  21.147 0.0000000000
129673  42.132  10.744  20.926 0.0000000000
129674  42.517  10.098  20.659 0.0000000000
129675  42.869  9.507  20.267 0.0000000000
129676  43.148  8.887  19.841 0.0000000000
134019  54.623  17.340  14.230 0.0000000000
134020  54.577  16.709  13.690 0.0000000000
134021  55.042  16.828  14.709 0.0000000000
134022  54.802  16.481  13.836 0.0000000000
134023  54.532  16.080  13.018 0.0000000000
134024  54.473  15.453  12.265 0.0000000000
134025  54.293  14.858  11.525 0.0000000000
134026  54.112  14.337  10.710 0.0000000000
134027  48.491  9.043  12.408 0.0000000000
134028  48.731  9.475  12.260 0.0000000000
134029  48.765  8.757  11.521 0.0000000000
134030  49.107  8.442  10.658 0.0000000000
134031  49.505  8.121  9.772 0.0000000000
134032  49.704  6.951  9.334 0.0000000000
134033  49.843  7.369  9.119 0.0000000000
134034  50.001  7.812  8.838 0.0000000000
134035  50.420  7.570  7.964 0.0000000000
134036  50.888  7.362  7.033 0.0000000000
134037  51.435  7.196  6.107 0.0000000000
134038  52.213  4.984  7.505 0.0000000000
134039  52.113  5.247  6.948 0.0000000000
134040  52.110  5.515  6.466 0.0000000000
134041  53.566  5.196  5.243 0.0000000000
134042  52.788  5.515  5.533 0.0000000000
134043  52.094  5.906  6.030 0.0000000000
134044  52.077  6.301  5.693 0.0000000000
134045  52.054  6.726  5.413 0.0000000000
134046  51.958  7.126  5.159 0.0000000000
134047  52.474  7.116  4.238 0.0000000000
134048  52.917  7.083  3.343 0.0000000000
134049  53.264  7.014  2.654 0.0000000000
134050  53.968  6.224  2.646 0.0000000000
134051  53.694  6.519  2.292 0.0000000000
134052  53.420  6.803  2.020 0.0000000000
134053  53.398  6.552  1.583 0.0000000000
134054  53.227  6.245  1.356 0.0000000000
134055  52.978  5.873  1.360 0.0000000000
134056  52.634  5.496  1.583 0.0000000000
134057  53.099  5.189  1.665 0.0000000000
134058  53.138  4.533  2.071 0.0000000000
140737  49.077  16.889  19.727 0.0000000000
140738  49.187  16.209  20.035 0.0000000000
140739  49.277  15.484  20.201 0.0000000000
140740  49.306  14.762  20.036 0.0000000000
140741  45.796  15.941  20.205 0.0000000000
140742  46.388  15.745  20.453 0.0000000000
140743  47.080  15.455  20.602 0.0000000000
140744  46.791  14.465  20.909 0.0000000000
140745  47.274  14.825  20.792 0.0000000000
140746  47.788  15.166  20.742 0.0000000000
140747  48.435  14.795  20.616 0.0000000000
140748  48.917  14.400  20.181 0.0000000000
140749  49.243  14.111  19.498 0.0000000000
140750  49.067  13.569  18.778 0.0000000000
140751  48.839  13.131  18.024 0.0000000000
140752  48.696  12.671  17.307 0.0000000000
140753  48.039  12.357  18.085 0.0000000000
140754  48.279  12.225  17.288 0.0000000000
140755  48.511  12.048  16.435 0.0000000000
140756  48.326  11.357  15.556 0.0000000000
140757  48.209  10.658  14.724 0.0000000000
140758  48.198  9.978  13.932 0.0000000000
140759  42.177  12.955  20.984 0.0000000000
140760  42.814  12.665  20.921 0.0000000000
140761  43.426  12.360  20.906 0.0000000000
140762  43.382  11.171  20.727 0.0000000000
140763  43.730  11.587  20.712 0.0000000000
140764  44.118  11.985  20.782 0.0000000000
140765  44.757  11.627  20.479 0.0000000000
140766  45.316  11.319  19.949 0.0000000000
140767  45.790  11.195  19.339 0.0000000000
140768  44.228  8.805  18.628 0.0000000000
140769  44.429  9.194  18.550 0.0000000000
140770  44.715  9.617  18.555 0.0000000000
140771  45.273  8.762  17.376 0.0000000000
140772  45.137  9.410  17.941 0.0000000000
140773  45.057  9.978  18.571 0.0000000000
140774  45.382  10.350  18.599 0.0000000000
140775  45.784  10.692  18.596 0.0000000000
140776  46.173  11.075  18.667 0.0000000000
140777  46.489  10.948  17.958 0.0000000000
140778  46.750  10.714  17.185 0.0000000000
140779  47.045  10.473  16.473 0.0000000000
140780  46.814  9.396  15.827 0.0000000000
140781  47.069  9.797  15.755 0.0000000000
140782  47.360  10.191  15.681 0.0000000000
140783  47.653  9.864  14.830 0.0000000000
140784  47.959  9.556  13.999 0.0000000000
140785  48.236  9.293  13.182 0.0000000000
140786  48.234  8.598  12.500 0.0000000000
140787  48.346  7.927  11.840 0.0000000000
140788  48.570  7.195  11.282 0.0000000000
140789  48.043  7.170  12.277 0.0000000000
140790  48.484  6.835  11.509 0.0000000000
140791  48.976  6.533  10.753 0.0000000000
140792  49.515  5.926  10.289 0.0000000000
140793  50.130  5.395  9.919 0.0000000000
140794  50.821  4.954  9.632 0.0000000000
140795  48.070  5.807  13.657 0.0000000000
140796  48.569  5.530  12.971 0.0000000000
140797  49.090  5.308  12.309 0.0000000000
140798  49.884  4.676  12.640 0.0000000000
140799  49.747  4.876  12.130 0.0000000000
140800  49.651  5.069  11.615 0.0000000000
140801  50.289  4.880  10.895 0.0000000000
140802  50.921  4.725  10.138 0.0000000000
145799  40.658  14.155  21.014 0.0000000000
145800  40.297  13.763  21.226 0.0000000000
145801  39.963  13.358  21.409 0.0000000000
145802  39.664  12.959  21.604 0.0000000000
145803  38.880  13.814  21.676 0.0000000000
145804  39.108  13.152  21.787 0.0000000000
145805  39.366  12.500  21.766 0.0000000000
145806  39.107  12.037  21.913 0.0000000000
145814  37.542  12.579  22.508 0.0000000000
145815  37.789  11.835  22.505 0.0000000000
145816  38.063  11.153  22.431 0.0000000000
153194  47.767  18.817  11.131 0.0000000000
153195  47.900  17.601  11.527 0.0000000000
153196  47.443  17.895  11.157 0.0000000000
153197  47.013  18.158  10.810 0.0000000000
153201  45.291  16.268  8.470 0.0000000000
153202  45.250  15.715  7.947 0.0000000000
153203  45.193  15.221  7.418 0.0000000000
153204  46.221  15.062  8.002 0.0000000000
153205  45.683  14.907  7.399 0.0000000000
153206  45.159  14.742  6.907 0.0000000000
153207  45.118  14.272  6.383 0.0000000000
153208  45.058  13.805  5.875 0.0000000000
153209  44.989  13.321  5.506 0.0000000000
153210  48.834  14.135  7.706 0.0000000000
153211  48.230  13.955  7.178 0.0000000000
153212  47.571  13.789  6.639 0.0000000000
153213  48.319  13.363  5.789 0.0000000000
153214  47.606  13.456  5.975 0.0000000000
153215  46.889  13.628  6.125 0.0000000000
153216  46.279  13.432  5.649 0.0000000000
153217  45.601  13.186  5.319 0.0000000000
153218  44.942  12.832  5.244 0.0000000000
153219  44.881  12.291  5.042 0.0000000000
153222  46.055  11.641  4.109 0.0000000000
153231  50.757  17.272  19.137 0.0000000000
153234  52.660  17.452  18.623 0.0000000000
153235  53.181  17.051  18.266 0.0000000000
153236  53.600  16.700  17.659 0.0000000000
153237  50.469  14.684  18.334 0.0000000000
153238  51.048  15.025  18.125 0.0000000000
153239  51.690  15.325  17.972 0.0000000000
153240  51.479  14.670  16.218 0.0000000000
153241  51.885  15.139  16.987 0.0000000000
153242  52.240  15.612  17.689 0.0000000000
153243  52.821  15.860  17.436 0.0000000000
153244  53.380  16.122  17.156 0.0000000000
153245  53.898  16.323  16.808 0.0000000000
153246  54.166  15.927  15.899 0.0000000000
153247  54.331  15.554  14.953 0.0000000000
153248  54.432  15.147  13.931 0.0000000000
153249  53.650  14.450  13.528 0.0000000000
153250  54.066  14.530  13.221 0.0000000000
153251  54.428  14.755  12.993 0.0000000000
153252  54.298  14.385  11.993 0.0000000000
153253  54.100  14.051  10.918 0.0000000000
153254  53.951  13.846  9.867 0.0000000000
153255  48.988  9.908  12.160 0.0000000000
153256  49.242  10.277  12.033 0.0000000000
153257  49.452  10.605  11.887 0.0000000000
153258  49.657  9.725  10.082 0.0000000000
153259  49.631  10.370  10.908 0.0000000000
153260  49.736  11.020  11.747 0.0000000000
153261  50.051  11.432  11.573 0.0000000000
153262  50.414  11.749  11.328 0.0000000000
153263  50.803  11.984  11.057 0.0000000000
153264  51.018  8.680  6.409 0.0000000000
153265  50.761  9.307  7.062 0.0000000000
153266  50.594  9.945  7.824 0.0000000000
153267  51.245  10.120  6.628 0.0000000000
153268  50.906  10.344  7.614 0.0000000000
153269  50.604  10.570  8.589 0.0000000000
153270  50.723  11.163  9.324 0.0000000000
153271  50.935  11.693  10.043 0.0000000000
153272  51.265  12.176  10.783 0.0000000000
153273  51.794  12.353  10.536 0.0000000000
153274  52.297  12.515  10.259 0.0000000000
153275  52.757  12.683  9.953 0.0000000000
153276  52.431  12.133  8.149 0.0000000000
153277  52.781  12.488  8.877 0.0000000000
153278  53.208  12.877  9.627 0.0000000000
153279  53.550  13.139  9.335 0.0000000000
153280  53.780  13.404  9.047 0.0000000000
153281  53.764  13.690  8.781 0.0000000000
153282  53.510  13.588  7.788 0.0000000000
153283  53.172  13.447  6.764 0.0000000000
153284  52.745  13.294  5.904 0.0000000000
153285  52.800  12.722  5.313 0.0000000000
153286  52.561  12.977  5.200 0.0000000000
153287  52.239  13.135  5.112 0.0000000000
153288  51.686  12.850  4.345 0.0000000000
153289  51.098  12.485  3.687 0.0000000000
153290  50.435  12.177  3.203 0.0000000000
153291  52.112  10.921  2.719 0.0000000000
153292  51.873  11.130  2.634 0.0000000000
153293  51.592  11.310  2.594 0.0000000000
153294  50.961  10.501  1.919 0.0000000000
153295  51.083  10.996  2.250 0.0000000000
153296  51.276  11.486  2.631 0.0000000000
153297  50.903  11.646  2.648 0.0000000000
153298  50.384  11.758  2.754 0.0000000000
153299  49.765  11.870  2.934 0.0000000000
153300  49.068  11.508  2.746 0.0000000000
153301  48.239  11.061  2.844 0.0000000000
153302  47.510  10.507  3.242 0.0000000000
153303  48.113  9.821  2.887 0.0000000000
153304  47.505  9.846  3.375 0.0000000000
153336  52.195  5.094  1.918 0.0000000000
153337  51.697  4.645  2.417 0.0000000000
