#!ascii label  , from subject fsaverage vox2ras=TkReg
694
152  22.797  -20.268  -24.089 0.0000000000
336  26.170  -14.510  -31.673 0.0000000000
337  25.817  -5.363  -34.244 0.0000000000
816  22.682  -7.753  -30.751 0.0000000000
1365  23.795  -24.909  -22.888 0.0000000000
1367  26.823  -23.048  -26.373 0.0000000000
1756  22.917  -16.898  -28.267 0.0000000000
1757  20.859  -10.957  -28.889 0.0000000000
1758  24.960  -9.490  -33.272 0.0000000000
1759  31.360  -6.744  -32.938 0.0000000000
2445  26.305  -1.339  -34.964 0.0000000000
3285  23.002  -22.406  -23.496 0.0000000000
3286  25.159  -24.063  -24.717 0.0000000000
3287  23.615  -21.367  -25.520 0.0000000000
3886  21.218  -13.118  -27.467 0.0000000000
3887  21.196  -10.664  -27.864 0.0000000000
3888  23.898  -6.623  -32.881 0.0000000000
3889  22.912  -8.074  -32.183 0.0000000000
3890  25.266  -7.320  -33.897 0.0000000000
3891  28.093  -8.363  -32.994 0.0000000000
3892  28.099  -5.921  -33.592 0.0000000000
5467  25.474  0.304  -32.663 0.0000000000
5468  25.026  -1.517  -32.956 0.0000000000
5469  26.434  0.566  -35.755 0.0000000000
5543  23.997  -15.521  -30.231 0.0000000000
5544  26.251  -18.804  -29.349 0.0000000000
5545  28.057  -17.400  -30.383 0.0000000000
6079  24.649  -5.203  -33.190 0.0000000000
7070  28.851  -13.244  -31.683 0.0000000000
7935  22.709  -18.091  -24.908 0.0000000000
7936  22.630  -18.663  -26.243 0.0000000000
7937  21.872  -16.033  -26.811 0.0000000000
7938  21.514  -13.807  -28.700 0.0000000000
7939  22.465  -12.425  -30.547 0.0000000000
7940  21.466  -8.902  -29.880 0.0000000000
7941  22.208  -9.930  -31.270 0.0000000000
7942  25.225  -11.877  -32.499 0.0000000000
7943  28.297  -10.854  -32.434 0.0000000000
9892  24.874  -3.450  -33.282 0.0000000000
9893  26.164  -3.388  -34.531 0.0000000000
9894  28.966  0.786  -36.323 0.0000000000
9895  29.123  -1.311  -34.971 0.0000000000
9896  28.790  -3.599  -33.949 0.0000000000
9897  31.680  -4.418  -34.045 0.0000000000
9982  24.722  -20.130  -27.650 0.0000000000
10961  23.232  -19.978  -23.338 0.0000000000
10963  23.080  -20.948  -22.923 0.0000000000
10965  22.845  -21.281  -23.733 0.0000000000
10966  23.238  -21.906  -24.456 0.0000000000
10967  22.945  -20.718  -24.758 0.0000000000
11568  24.764  -6.046  -33.706 0.0000000000
11569  24.423  -6.887  -33.536 0.0000000000
11570  25.531  -6.331  -34.053 0.0000000000
11571  26.710  -6.732  -33.884 0.0000000000
11572  26.822  -5.610  -34.087 0.0000000000
13147  26.155  1.330  -34.467 0.0000000000
13148  25.674  0.484  -34.355 0.0000000000
13149  26.550  1.485  -35.919 0.0000000000
13223  25.006  -15.087  -31.147 0.0000000000
13224  25.985  -16.614  -30.656 0.0000000000
13225  27.035  -15.945  -31.106 0.0000000000
13971  24.401  -6.031  -32.525 0.0000000000
13972  24.775  -5.375  -32.528 0.0000000000
15611  22.896  -24.040  -21.926 0.0000000000
15613  23.157  -25.253  -21.724 0.0000000000
15615  24.398  -26.196  -22.467 0.0000000000
15617  25.222  -25.810  -23.368 0.0000000000
15618  25.962  -23.560  -25.596 0.0000000000
15619  26.893  -24.908  -24.887 0.0000000000
17416  22.206  -17.078  -25.897 0.0000000000
17417  22.015  -15.888  -26.245 0.0000000000
17418  20.772  -11.925  -28.122 0.0000000000
17419  21.116  -13.303  -28.021 0.0000000000
17420  20.994  -12.315  -28.744 0.0000000000
17421  21.724  -12.968  -29.478 0.0000000000
17422  21.345  -11.539  -29.636 0.0000000000
17424  21.683  -8.960  -29.320 0.0000000000
17425  21.956  -8.190  -30.283 0.0000000000
17426  23.716  -8.711  -32.921 0.0000000000
17427  22.469  -8.897  -31.784 0.0000000000
17428  23.482  -9.727  -32.479 0.0000000000
17429  23.421  -10.883  -32.038 0.0000000000
17430  24.929  -10.636  -32.897 0.0000000000
17431  26.759  -11.445  -32.695 0.0000000000
17432  26.583  -10.237  -33.091 0.0000000000
17433  29.711  -7.514  -32.632 0.0000000000
17434  29.890  -8.785  -32.249 0.0000000000
22165  25.327  -1.401  -34.234 0.0000000000
22166  24.937  -2.526  -33.118 0.0000000000
22167  25.229  -2.382  -34.240 0.0000000000
22168  25.243  -3.363  -34.140 0.0000000000
22169  26.225  -2.381  -34.764 0.0000000000
22176  29.012  -2.445  -34.353 0.0000000000
22177  30.483  -2.681  -34.284 0.0000000000
22178  30.303  -3.854  -33.662 0.0000000000
22388  22.699  -17.801  -27.267 0.0000000000
22389  23.364  -19.301  -26.964 0.0000000000
22390  23.772  -18.588  -28.021 0.0000000000
22391  28.214  -19.619  -29.082 0.0000000000
22392  27.374  -20.300  -28.542 0.0000000000
24344  22.846  -22.897  -22.185 0.0000000000
24345  23.269  -23.615  -23.226 0.0000000000
24346  24.428  -24.509  -23.849 0.0000000000
24347  23.747  -23.188  -24.239 0.0000000000
24348  24.292  -22.699  -25.193 0.0000000000
24349  24.962  -22.193  -26.126 0.0000000000
25427  21.746  -13.280  -27.058 0.0000000000
25428  21.036  -11.804  -27.651 0.0000000000
25429  20.832  -10.642  -28.311 0.0000000000
25430  23.238  -7.175  -31.845 0.0000000000
25431  22.525  -7.700  -31.390 0.0000000000
25432  23.411  -7.311  -32.626 0.0000000000
25433  24.025  -7.752  -33.347 0.0000000000
25434  25.154  -8.400  -33.628 0.0000000000
25435  26.592  -9.089  -33.389 0.0000000000
25436  26.573  -7.887  -33.655 0.0000000000
25437  28.060  -7.127  -33.283 0.0000000000
25438  29.609  -6.244  -33.017 0.0000000000
28273  25.566  -1.068  -31.211 0.0000000000
28275  25.066  -0.536  -32.792 0.0000000000
28276  25.437  -0.443  -34.321 0.0000000000
28277  26.271  -0.413  -35.313 0.0000000000
28409  23.346  -16.091  -29.249 0.0000000000
28410  24.368  -17.814  -28.981 0.0000000000
28411  25.113  -17.167  -29.885 0.0000000000
28412  27.046  -18.121  -29.973 0.0000000000
29542  23.492  -7.440  -31.233 0.0000000000
29543  23.872  -6.675  -32.161 0.0000000000
29544  24.346  -5.925  -33.101 0.0000000000
29545  25.004  -5.198  -33.817 0.0000000000
31850  26.071  -25.423  -24.134 0.0000000000
31856  27.609  -13.933  -31.799 0.0000000000
31857  28.224  -15.241  -31.259 0.0000000000
34155  22.769  -19.177  -24.474 0.0000000000
34156  22.702  -19.452  -25.223 0.0000000000
34157  22.461  -18.316  -25.527 0.0000000000
34158  22.219  -17.330  -26.536 0.0000000000
34159  22.143  -16.303  -27.535 0.0000000000
34160  21.492  -14.550  -27.288 0.0000000000
34161  21.607  -14.832  -27.805 0.0000000000
34162  22.187  -15.320  -28.447 0.0000000000
34163  22.453  -14.521  -29.439 0.0000000000
34164  23.059  -13.950  -30.399 0.0000000000
34165  24.199  -13.542  -31.407 0.0000000000
34167  21.174  -9.636  -28.702 0.0000000000
34168  21.043  -9.846  -29.319 0.0000000000
34169  21.979  -8.374  -30.987 0.0000000000
34170  21.608  -9.279  -30.583 0.0000000000
34171  21.385  -10.350  -29.981 0.0000000000
34172  22.159  -11.105  -30.810 0.0000000000
34173  23.663  -12.156  -31.655 0.0000000000
34174  25.528  -13.147  -32.088 0.0000000000
34175  27.067  -12.664  -32.280 0.0000000000
34176  28.632  -12.034  -32.030 0.0000000000
34178  28.205  -9.594  -32.731 0.0000000000
39915  24.797  -4.352  -33.310 0.0000000000
39916  25.175  -4.324  -34.019 0.0000000000
39917  26.012  -4.368  -34.360 0.0000000000
39919  27.581  0.607  -36.202 0.0000000000
39920  27.623  -0.313  -35.671 0.0000000000
39922  29.110  -0.243  -35.650 0.0000000000
39923  27.604  -1.310  -35.118 0.0000000000
39924  27.562  -2.377  -34.697 0.0000000000
39925  27.324  -3.463  -34.435 0.0000000000
39926  27.121  -4.581  -34.212 0.0000000000
39927  28.505  -4.790  -33.718 0.0000000000
39928  29.959  -5.071  -33.287 0.0000000000
39929  31.560  -5.595  -33.422 0.0000000000
40180  23.094  -20.009  -25.847 0.0000000000
40181  24.112  -20.751  -26.589 0.0000000000
40182  25.731  -21.621  -27.086 0.0000000000
40183  25.451  -19.477  -28.542 0.0000000000
40184  26.545  -20.975  -27.886 0.0000000000
41681  22.941  -20.077  -23.684 0.0000000000
41682  23.129  -20.448  -23.137 0.0000000000
41683  22.914  -20.620  -23.502 0.0000000000
41684  22.895  -21.079  -23.328 0.0000000000
41685  22.827  -20.761  -23.897 0.0000000000
41686  22.869  -20.995  -24.224 0.0000000000
41687  22.818  -20.473  -24.408 0.0000000000
42288  25.338  -5.695  -34.062 0.0000000000
42289  25.088  -6.161  -33.898 0.0000000000
42290  25.753  -5.863  -34.174 0.0000000000
42291  26.234  -6.030  -34.158 0.0000000000
42292  26.263  -5.480  -34.229 0.0000000000
43868  26.295  1.399  -35.265 0.0000000000
43943  25.418  -14.747  -31.342 0.0000000000
43944  26.018  -15.555  -31.193 0.0000000000
43945  26.545  -15.263  -31.369 0.0000000000
46331  23.189  -24.437  -22.424 0.0000000000
46332  23.036  -24.633  -21.849 0.0000000000
46333  23.441  -25.081  -22.336 0.0000000000
46334  23.671  -25.728  -22.150 0.0000000000
46335  24.064  -25.529  -22.697 0.0000000000
46336  24.810  -26.040  -22.937 0.0000000000
46337  24.459  -25.354  -23.168 0.0000000000
46338  26.407  -23.296  -25.991 0.0000000000
46339  26.854  -24.011  -25.635 0.0000000000
46340  27.295  -23.724  -25.936 0.0000000000
46342  27.732  -23.425  -26.280 0.0000000000
48136  22.302  -16.516  -25.806 0.0000000000
48137  22.279  -15.916  -26.018 0.0000000000
48138  20.775  -11.443  -28.502 0.0000000000
48139  20.818  -12.102  -28.406 0.0000000000
48140  20.895  -11.607  -28.825 0.0000000000
48141  21.132  -11.892  -29.196 0.0000000000
48142  21.044  -11.214  -29.242 0.0000000000
48144  22.092  -8.253  -29.981 0.0000000000
48145  22.283  -7.927  -30.456 0.0000000000
48146  24.317  -9.114  -33.168 0.0000000000
48147  23.540  -9.178  -32.681 0.0000000000
48148  24.272  -9.637  -32.917 0.0000000000
48149  24.201  -10.226  -32.811 0.0000000000
48150  24.967  -10.068  -33.079 0.0000000000
48151  25.744  -10.501  -33.110 0.0000000000
48152  25.718  -9.864  -33.270 0.0000000000
48153  30.606  -7.113  -32.717 0.0000000000
48154  30.617  -7.725  -32.367 0.0000000000
52885  25.735  -1.397  -34.687 0.0000000000
52886  25.305  -1.893  -34.185 0.0000000000
52887  25.720  -1.840  -34.619 0.0000000000
52888  25.681  -2.368  -34.573 0.0000000000
52889  26.245  -1.827  -34.896 0.0000000000
52896  30.513  -2.080  -34.661 0.0000000000
52897  31.147  -2.285  -34.834 0.0000000000
52898  31.137  -2.902  -34.443 0.0000000000
53108  22.785  -17.331  -27.768 0.0000000000
53109  23.177  -18.157  -27.627 0.0000000000
53110  23.331  -17.715  -28.143 0.0000000000
53111  29.084  -19.994  -28.821 0.0000000000
53112  28.700  -20.344  -28.594 0.0000000000
55931  22.897  -22.109  -23.001 0.0000000000
55932  22.898  -22.356  -22.418 0.0000000000
55933  22.908  -22.641  -22.885 0.0000000000
55934  22.968  -23.235  -22.703 0.0000000000
55935  23.124  -23.014  -23.389 0.0000000000
55936  23.508  -23.402  -23.734 0.0000000000
55937  23.270  -22.758  -23.901 0.0000000000
55938  23.393  -21.626  -24.998 0.0000000000
55939  23.645  -22.292  -24.832 0.0000000000
55940  23.897  -22.035  -25.318 0.0000000000
55941  24.555  -22.469  -25.629 0.0000000000
55942  24.176  -21.770  -25.826 0.0000000000
57738  21.432  -11.387  -27.652 0.0000000000
57739  21.315  -11.885  -27.517 0.0000000000
57740  21.097  -11.232  -27.754 0.0000000000
57741  20.843  -11.194  -27.923 0.0000000000
57742  20.978  -10.611  -28.076 0.0000000000
57743  23.553  -6.926  -32.398 0.0000000000
57744  23.274  -7.196  -32.230 0.0000000000
57745  23.672  -7.006  -32.746 0.0000000000
57746  24.793  -7.070  -33.803 0.0000000000
57747  24.245  -7.304  -33.474 0.0000000000
57748  24.673  -7.549  -33.669 0.0000000000
57749  24.578  -8.080  -33.553 0.0000000000
57750  25.207  -7.864  -33.772 0.0000000000
57751  25.876  -8.177  -33.703 0.0000000000
57752  25.876  -7.601  -33.835 0.0000000000
57753  27.359  -6.340  -33.750 0.0000000000
57754  27.395  -6.950  -33.621 0.0000000000
57755  28.068  -6.515  -33.454 0.0000000000
57756  28.840  -6.695  -33.136 0.0000000000
57757  28.804  -6.071  -33.270 0.0000000000
62478  25.806  0.617  -32.416 0.0000000000
62480  25.664  0.022  -31.614 0.0000000000
62482  25.402  -0.260  -31.877 0.0000000000
62483  25.267  -0.777  -31.945 0.0000000000
62484  25.280  -0.107  -32.697 0.0000000000
62485  26.001  0.529  -35.099 0.0000000000
62486  25.515  0.028  -34.367 0.0000000000
62487  25.813  0.044  -35.022 0.0000000000
62488  25.787  -0.430  -34.942 0.0000000000
62489  26.338  0.081  -35.517 0.0000000000
62708  23.705  -15.808  -29.744 0.0000000000
62709  24.238  -16.671  -29.632 0.0000000000
62710  24.624  -16.376  -30.099 0.0000000000
62711  27.069  -17.088  -30.647 0.0000000000
62712  26.615  -17.375  -30.347 0.0000000000
62713  27.550  -17.799  -30.222 0.0000000000
62714  28.110  -18.492  -29.780 0.0000000000
64949  23.803  -7.728  -31.058 0.0000000000
64950  23.855  -7.244  -31.426 0.0000000000
64951  23.615  -7.012  -31.698 0.0000000000
64952  23.974  -6.810  -31.898 0.0000000000
64953  24.524  -5.564  -32.875 0.0000000000
64954  24.324  -5.942  -32.818 0.0000000000
64955  24.568  -5.518  -33.174 0.0000000000
64956  24.729  -5.552  -33.511 0.0000000000
64957  24.752  -5.169  -33.518 0.0000000000
69893  24.796  -24.308  -24.291 0.0000000000
69894  25.179  -24.955  -24.028 0.0000000000
69895  25.593  -24.736  -24.472 0.0000000000
69897  27.352  -25.526  -24.460 0.0000000000
69908  28.290  -13.647  -31.747 0.0000000000
75283  23.041  -18.639  -24.290 0.0000000000
75285  22.744  -18.655  -24.650 0.0000000000
75286  22.590  -18.746  -25.005 0.0000000000
75287  22.528  -18.188  -25.221 0.0000000000
75288  22.006  -16.561  -26.364 0.0000000000
75289  22.148  -17.174  -26.202 0.0000000000
75290  22.036  -16.675  -26.672 0.0000000000
75291  22.139  -16.819  -27.032 0.0000000000
75292  21.939  -16.135  -27.193 0.0000000000
75293  21.559  -13.804  -27.160 0.0000000000
75294  21.669  -14.527  -27.011 0.0000000000
75295  21.398  -13.819  -27.411 0.0000000000
75296  21.258  -13.548  -28.351 0.0000000000
75297  21.390  -14.084  -28.004 0.0000000000
75298  21.527  -14.269  -28.288 0.0000000000
75299  21.814  -15.043  -28.079 0.0000000000
75300  21.835  -14.552  -28.608 0.0000000000
75301  22.278  -14.875  -28.961 0.0000000000
75302  21.861  -14.102  -29.045 0.0000000000
75303  21.976  -12.624  -29.950 0.0000000000
75304  22.304  -13.417  -29.966 0.0000000000
75305  22.767  -13.210  -30.413 0.0000000000
75306  23.649  -13.790  -30.936 0.0000000000
75307  23.243  -12.961  -30.981 0.0000000000
75311  21.514  -8.883  -29.541 0.0000000000
75312  21.424  -9.265  -29.013 0.0000000000
75313  21.280  -9.259  -29.252 0.0000000000
75314  21.075  -9.706  -28.996 0.0000000000
75315  21.178  -9.350  -29.568 0.0000000000
75316  22.700  -7.865  -31.799 0.0000000000
75317  22.238  -8.022  -31.180 0.0000000000
75318  22.350  -8.186  -31.520 0.0000000000
75319  22.314  -9.398  -31.511 0.0000000000
75320  21.995  -9.049  -31.126 0.0000000000
75321  21.820  -9.564  -30.892 0.0000000000
75322  21.444  -9.808  -30.302 0.0000000000
75323  21.755  -10.128  -30.683 0.0000000000
75324  21.710  -10.697  -30.368 0.0000000000
75325  22.181  -10.516  -31.046 0.0000000000
75326  24.243  -11.368  -32.305 0.0000000000
75327  23.475  -11.480  -31.847 0.0000000000
75328  24.394  -12.035  -32.189 0.0000000000
75329  24.642  -12.711  -32.010 0.0000000000
75330  25.384  -12.528  -32.334 0.0000000000
75331  26.386  -12.961  -32.286 0.0000000000
75332  26.083  -12.307  -32.547 0.0000000000
75333  27.514  -11.156  -32.582 0.0000000000
75334  27.706  -11.745  -32.352 0.0000000000
75335  28.472  -11.441  -32.193 0.0000000000
75336  29.432  -11.710  -31.819 0.0000000000
75337  29.181  -11.066  -32.070 0.0000000000
75338  27.404  -8.766  -33.207 0.0000000000
75339  27.344  -9.350  -33.076 0.0000000000
75340  28.083  -8.940  -32.854 0.0000000000
89535  25.109  -1.705  -32.207 0.0000000000
89537  25.075  -2.225  -32.355 0.0000000000
89538  24.890  -3.010  -33.202 0.0000000000
89539  24.963  -3.097  -32.578 0.0000000000
89540  24.944  -3.571  -32.726 0.0000000000
89542  24.874  -4.033  -32.813 0.0000000000
89543  24.784  -4.429  -32.886 0.0000000000
89544  24.878  -3.960  -33.277 0.0000000000
89545  25.626  -3.348  -34.430 0.0000000000
89546  25.248  -3.873  -34.082 0.0000000000
89547  25.597  -3.852  -34.330 0.0000000000
89548  25.534  -4.296  -34.258 0.0000000000
89549  26.030  -3.873  -34.476 0.0000000000
89554  28.163  1.239  -36.606 0.0000000000
89555  28.304  0.700  -36.281 0.0000000000
89556  27.665  0.169  -35.931 0.0000000000
89557  28.368  0.225  -35.979 0.0000000000
89561  29.898  -0.826  -35.281 0.0000000000
89562  29.826  -0.277  -35.654 0.0000000000
89563  29.119  -0.776  -35.316 0.0000000000
89564  28.425  -0.765  -35.375 0.0000000000
89565  28.365  -1.303  -35.045 0.0000000000
89566  27.600  -1.796  -34.907 0.0000000000
89567  28.340  -1.819  -34.773 0.0000000000
89568  28.947  -3.025  -34.149 0.0000000000
89569  28.172  -2.963  -34.373 0.0000000000
89570  28.057  -3.525  -34.222 0.0000000000
89571  27.225  -4.012  -34.325 0.0000000000
89572  27.931  -4.093  -34.086 0.0000000000
89573  27.823  -4.679  -33.966 0.0000000000
89574  28.627  -4.183  -33.822 0.0000000000
89575  31.067  -4.112  -33.771 0.0000000000
89576  30.175  -4.497  -33.448 0.0000000000
89577  30.943  -4.717  -33.491 0.0000000000
89578  30.785  -5.299  -33.267 0.0000000000
89579  31.674  -5.030  -33.724 0.0000000000
90203  22.611  -19.053  -25.701 0.0000000000
90204  22.816  -19.686  -25.569 0.0000000000
90205  22.865  -19.314  -26.074 0.0000000000
90206  23.995  -19.692  -27.360 0.0000000000
90207  23.708  -20.016  -26.763 0.0000000000
90208  24.439  -20.450  -27.082 0.0000000000
90209  24.920  -21.218  -26.880 0.0000000000
90210  25.206  -20.902  -27.327 0.0000000000
90211  25.305  -18.330  -29.241 0.0000000000
90212  24.911  -18.692  -28.798 0.0000000000
90213  25.858  -19.159  -28.972 0.0000000000
90214  27.847  -21.035  -28.122 0.0000000000
90215  26.866  -20.660  -28.231 0.0000000000
90216  27.441  -21.387  -27.804 0.0000000000
90217  27.180  -21.706  -27.516 0.0000000000
93464  22.881  -21.604  -23.130 0.0000000000
93465  22.916  -21.844  -23.581 0.0000000000
93466  23.096  -22.154  -23.965 0.0000000000
93467  22.971  -21.571  -24.103 0.0000000000
93468  23.070  -21.292  -24.615 0.0000000000
93469  23.191  -21.016  -25.151 0.0000000000
94550  24.366  -6.368  -33.326 0.0000000000
94551  24.124  -6.741  -33.225 0.0000000000
94552  24.606  -6.465  -33.654 0.0000000000
94553  24.964  -6.624  -33.841 0.0000000000
94554  25.420  -6.824  -33.930 0.0000000000
94555  25.967  -7.063  -33.916 0.0000000000
94556  26.085  -6.527  -34.032 0.0000000000
94557  26.743  -6.166  -34.008 0.0000000000
94558  27.434  -5.761  -33.873 0.0000000000
97392  26.069  1.183  -33.381 0.0000000000
97393  25.775  0.802  -33.473 0.0000000000
97394  25.446  0.439  -33.521 0.0000000000
97395  25.885  0.924  -34.389 0.0000000000
97396  26.119  0.994  -35.216 0.0000000000
97397  26.524  1.033  -35.821 0.0000000000
97529  24.482  -15.291  -30.697 0.0000000000
97530  24.958  -16.091  -30.509 0.0000000000
97531  25.461  -15.821  -30.905 0.0000000000
97532  26.505  -16.319  -30.971 0.0000000000
97533  27.536  -16.683  -30.772 0.0000000000
98877  24.627  -5.696  -32.543 0.0000000000
98878  24.659  -5.272  -32.861 0.0000000000
101827  22.813  -23.662  -21.424 0.0000000000
101828  22.859  -23.851  -20.792 0.0000000000
101829  22.832  -24.209  -21.299 0.0000000000
101830  22.891  -24.801  -21.209 0.0000000000
101835  24.710  -26.799  -22.231 0.0000000000
101837  25.121  -26.651  -22.617 0.0000000000
101838  25.579  -26.467  -23.002 0.0000000000
101840  25.546  -23.812  -25.208 0.0000000000
101841  26.020  -24.518  -24.857 0.0000000000
101842  26.463  -24.256  -25.244 0.0000000000
105075  22.635  -17.552  -25.168 0.0000000000
105076  22.430  -17.553  -25.477 0.0000000000
105077  22.368  -17.051  -25.624 0.0000000000
105078  22.084  -16.490  -26.094 0.0000000000
105079  21.911  -15.943  -26.515 0.0000000000
105080  20.911  -12.495  -27.732 0.0000000000
105081  21.126  -13.174  -27.730 0.0000000000
105082  20.883  -12.621  -28.047 0.0000000000
105083  21.026  -12.793  -28.382 0.0000000000
105084  21.225  -13.048  -28.707 0.0000000000
105085  21.511  -13.361  -29.076 0.0000000000
105086  21.268  -12.604  -29.048 0.0000000000
105087  21.513  -12.225  -29.569 0.0000000000
105088  21.830  -11.944  -30.044 0.0000000000
105092  21.773  -8.549  -29.802 0.0000000000
105093  21.698  -8.546  -30.118 0.0000000000
105094  23.203  -8.338  -32.543 0.0000000000
105095  22.688  -8.470  -32.002 0.0000000000
105096  23.051  -8.800  -32.349 0.0000000000
105097  22.896  -9.269  -32.134 0.0000000000
105098  22.708  -9.741  -31.860 0.0000000000
105099  22.724  -10.366  -31.680 0.0000000000
105100  23.360  -10.232  -32.234 0.0000000000
105101  24.133  -10.741  -32.521 0.0000000000
105102  24.964  -11.239  -32.699 0.0000000000
105103  25.869  -11.660  -32.668 0.0000000000
105104  25.786  -11.054  -32.836 0.0000000000
105105  26.655  -10.860  -32.907 0.0000000000
105106  27.463  -10.582  -32.792 0.0000000000
105107  28.819  -7.926  -32.809 0.0000000000
105108  28.975  -8.596  -32.623 0.0000000000
105109  29.781  -8.153  -32.492 0.0000000000
105110  30.722  -8.388  -32.290 0.0000000000
113625  25.093  -1.430  -33.640 0.0000000000
113626  24.952  -2.045  -33.052 0.0000000000
113627  25.036  -1.980  -33.658 0.0000000000
113628  25.004  -2.453  -33.675 0.0000000000
113629  24.987  -2.952  -33.722 0.0000000000
113630  24.974  -3.399  -33.741 0.0000000000
113631  25.216  -2.911  -34.162 0.0000000000
113632  25.595  -2.900  -34.486 0.0000000000
113633  26.167  -2.882  -34.636 0.0000000000
113643  29.865  -1.365  -34.924 0.0000000000
113644  29.046  -1.881  -34.660 0.0000000000
113645  29.794  -1.969  -34.619 0.0000000000
113646  29.790  -2.534  -34.240 0.0000000000
113647  29.705  -3.122  -33.970 0.0000000000
113648  29.545  -3.706  -33.754 0.0000000000
113649  30.407  -3.262  -33.935 0.0000000000
113650  31.081  -3.516  -34.097 0.0000000000
114026  22.666  -18.226  -26.808 0.0000000000
114027  22.915  -18.954  -26.571 0.0000000000
114028  23.034  -18.562  -27.127 0.0000000000
114029  23.537  -18.957  -27.472 0.0000000000
114030  24.239  -19.380  -27.858 0.0000000000
114031  27.236  -19.258  -29.330 0.0000000000
114032  26.849  -19.583  -28.962 0.0000000000
114033  27.799  -19.947  -28.820 0.0000000000
114034  28.281  -20.712  -28.351 0.0000000000
118242  22.855  -23.141  -21.523 0.0000000000
118243  22.860  -23.486  -22.060 0.0000000000
118244  23.064  -23.844  -22.582 0.0000000000
118245  23.489  -24.265  -23.027 0.0000000000
118246  24.077  -24.695  -23.347 0.0000000000
118247  23.780  -24.060  -23.555 0.0000000000
118248  24.053  -23.825  -24.047 0.0000000000
118249  24.362  -23.597  -24.532 0.0000000000
118250  23.454  -22.527  -24.378 0.0000000000
118251  23.999  -22.925  -24.739 0.0000000000
118252  24.700  -23.363  -24.995 0.0000000000
118253  25.055  -23.124  -25.464 0.0000000000
118254  25.464  -22.880  -25.869 0.0000000000
118255  25.863  -22.625  -26.292 0.0000000000
120769  21.402  -13.116  -27.242 0.0000000000
120771  21.306  -12.453  -27.357 0.0000000000
120772  21.046  -12.425  -27.509 0.0000000000
120773  20.825  -11.812  -27.861 0.0000000000
120774  20.773  -11.291  -28.196 0.0000000000
120775  20.756  -10.738  -28.597 0.0000000000
120776  22.940  -7.454  -31.305 0.0000000000
120777  22.579  -7.685  -31.066 0.0000000000
120778  22.930  -7.455  -31.698 0.0000000000
120779  22.981  -7.531  -32.070 0.0000000000
120780  23.118  -7.695  -32.415 0.0000000000
120781  23.885  -7.134  -33.140 0.0000000000
120782  23.655  -7.494  -33.014 0.0000000000
120783  23.418  -7.929  -32.783 0.0000000000
120784  23.850  -8.229  -33.089 0.0000000000
120785  24.364  -8.556  -33.317 0.0000000000
120786  25.037  -8.942  -33.484 0.0000000000
120787  25.755  -9.294  -33.418 0.0000000000
120788  25.805  -8.735  -33.580 0.0000000000
120789  26.657  -8.500  -33.493 0.0000000000
120790  27.279  -8.123  -33.350 0.0000000000
120791  26.704  -7.334  -33.730 0.0000000000
120792  27.415  -7.563  -33.458 0.0000000000
120793  28.117  -7.757  -33.146 0.0000000000
120794  28.860  -7.317  -32.945 0.0000000000
120795  29.665  -6.874  -32.823 0.0000000000
120796  30.512  -6.458  -32.858 0.0000000000
127415  25.084  -1.028  -32.888 0.0000000000
127416  25.314  -0.018  -33.521 0.0000000000
127417  25.197  -0.473  -33.593 0.0000000000
127418  25.124  -0.929  -33.634 0.0000000000
127419  25.340  -0.895  -34.219 0.0000000000
127420  25.743  -0.871  -34.750 0.0000000000
127421  26.293  -0.842  -35.151 0.0000000000
127727  23.126  -16.488  -28.755 0.0000000000
127728  23.564  -17.324  -28.629 0.0000000000
127729  23.827  -16.957  -29.139 0.0000000000
127730  24.761  -17.471  -29.456 0.0000000000
127731  25.623  -18.004  -29.625 0.0000000000
127732  25.595  -16.926  -30.327 0.0000000000
127733  26.056  -17.684  -30.022 0.0000000000
127734  26.666  -18.510  -29.718 0.0000000000
127735  27.628  -18.863  -29.560 0.0000000000
130654  23.090  -7.605  -31.008 0.0000000000
130655  23.321  -7.266  -31.507 0.0000000000
130656  23.521  -6.917  -32.056 0.0000000000
130657  23.851  -6.619  -32.474 0.0000000000
130658  24.165  -6.403  -32.354 0.0000000000
130659  24.135  -6.312  -32.625 0.0000000000
130660  24.211  -6.318  -32.972 0.0000000000
130661  24.520  -5.979  -33.453 0.0000000000
130662  24.978  -5.624  -33.830 0.0000000000
130663  25.379  -5.270  -34.071 0.0000000000
136916  24.789  -25.161  -23.577 0.0000000000
136917  25.651  -25.613  -23.757 0.0000000000
136919  26.477  -25.162  -24.539 0.0000000000
136934  26.917  -14.248  -31.784 0.0000000000
136935  27.194  -14.905  -31.513 0.0000000000
136936  27.840  -14.594  -31.534 0.0000000000
143534  22.971  -19.569  -23.917 0.0000000000
143535  22.791  -19.694  -24.253 0.0000000000
143536  22.740  -19.833  -24.724 0.0000000000
143537  22.650  -19.264  -24.876 0.0000000000
143538  22.566  -18.872  -25.352 0.0000000000
143539  22.462  -18.437  -25.914 0.0000000000
143540  22.314  -17.663  -25.784 0.0000000000
143541  22.284  -17.828  -26.083 0.0000000000
143542  22.427  -18.025  -26.416 0.0000000000
143543  22.388  -17.540  -26.885 0.0000000000
143544  22.415  -17.043  -27.405 0.0000000000
143545  22.476  -16.581  -27.894 0.0000000000
143546  21.920  -15.205  -26.529 0.0000000000
143547  21.757  -15.246  -26.756 0.0000000000
143548  21.696  -15.310  -27.042 0.0000000000
143549  21.350  -13.935  -27.697 0.0000000000
143550  21.514  -14.675  -27.532 0.0000000000
143551  21.745  -15.420  -27.353 0.0000000000
143552  21.895  -15.610  -27.621 0.0000000000
143553  22.156  -15.791  -28.003 0.0000000000
143554  22.561  -16.079  -28.381 0.0000000000
143555  22.713  -15.675  -28.864 0.0000000000
143556  22.915  -15.315  -29.368 0.0000000000
143557  23.173  -14.991  -29.858 0.0000000000
143558  22.016  -13.750  -29.481 0.0000000000
143559  22.654  -14.200  -29.877 0.0000000000
143560  23.544  -14.732  -30.357 0.0000000000
143561  23.978  -14.529  -30.778 0.0000000000
143562  24.481  -14.259  -31.272 0.0000000000
143563  25.168  -14.059  -31.604 0.0000000000
143566  21.441  -10.228  -28.097 0.0000000000
143569  21.182  -10.107  -28.260 0.0000000000
143570  20.982  -10.072  -28.517 0.0000000000
143571  20.871  -10.146  -28.789 0.0000000000
143572  20.918  -10.337  -29.052 0.0000000000
143573  22.209  -7.933  -30.811 0.0000000000
143574  21.904  -8.227  -30.662 0.0000000000
143575  21.679  -8.606  -30.413 0.0000000000
143576  22.145  -8.581  -31.332 0.0000000000
143577  21.758  -8.745  -30.742 0.0000000000
143578  21.490  -9.054  -30.246 0.0000000000
143579  21.272  -9.558  -29.947 0.0000000000
143580  21.140  -10.037  -29.660 0.0000000000
143581  21.078  -10.590  -29.384 0.0000000000
143582  21.350  -10.901  -29.792 0.0000000000
143583  21.745  -11.269  -30.222 0.0000000000
143584  22.270  -11.701  -30.619 0.0000000000
143585  22.729  -10.939  -31.417 0.0000000000
143586  22.882  -11.652  -31.300 0.0000000000
143587  23.073  -12.304  -31.129 0.0000000000
143588  23.956  -12.869  -31.566 0.0000000000
143589  24.856  -13.338  -31.811 0.0000000000
143590  25.743  -13.783  -31.915 0.0000000000
143591  26.596  -13.581  -32.005 0.0000000000
143592  27.328  -13.312  -32.046 0.0000000000
143593  28.028  -12.989  -31.982 0.0000000000
143594  26.861  -12.025  -32.499 0.0000000000
143595  27.731  -12.320  -32.237 0.0000000000
143596  28.750  -12.673  -31.891 0.0000000000
143600  26.572  -9.659  -33.241 0.0000000000
143601  27.400  -9.981  -32.945 0.0000000000
143603  29.001  -9.195  -32.499 0.0000000000
143605  29.164  -10.468  -32.196 0.0000000000
160695  25.002  -2.635  -32.566 0.0000000000
160702  24.749  -4.843  -32.898 0.0000000000
160703  24.720  -4.771  -33.289 0.0000000000
160704  24.997  -3.906  -33.725 0.0000000000
160705  24.937  -4.326  -33.691 0.0000000000
160706  24.844  -4.751  -33.601 0.0000000000
160707  25.126  -4.743  -33.921 0.0000000000
160708  25.500  -4.767  -34.186 0.0000000000
160709  25.939  -4.853  -34.293 0.0000000000
160711  26.991  1.551  -36.401 0.0000000000
160712  26.979  1.060  -36.236 0.0000000000
160714  27.508  1.142  -36.461 0.0000000000
160715  26.971  0.566  -36.047 0.0000000000
160716  26.983  0.102  -35.817 0.0000000000
160717  26.918  -0.362  -35.541 0.0000000000
160718  26.963  -0.825  -35.363 0.0000000000
160724  29.067  0.276  -35.981 0.0000000000
160725  28.368  -0.278  -35.678 0.0000000000
160726  27.681  -0.785  -35.390 0.0000000000
160727  26.958  -1.305  -35.111 0.0000000000
160728  26.910  -1.803  -34.952 0.0000000000
160729  26.834  -2.376  -34.838 0.0000000000
160730  26.795  -2.893  -34.659 0.0000000000
160731  28.293  -2.405  -34.526 0.0000000000
160732  27.488  -2.932  -34.585 0.0000000000
160733  26.705  -3.415  -34.541 0.0000000000
160734  26.570  -3.943  -34.478 0.0000000000
160735  26.555  -4.466  -34.348 0.0000000000
160736  26.426  -4.968  -34.268 0.0000000000
160737  26.990  -5.094  -34.141 0.0000000000
160738  27.614  -5.212  -33.925 0.0000000000
160739  28.286  -5.319  -33.611 0.0000000000
160740  29.398  -4.328  -33.561 0.0000000000
160741  29.196  -4.917  -33.474 0.0000000000
160742  29.044  -5.463  -33.341 0.0000000000
160743  29.861  -5.636  -33.124 0.0000000000
160744  30.707  -5.871  -33.029 0.0000000000
160745  31.510  -6.178  -33.165 0.0000000000
160751  32.154  -4.791  -34.405 0.0000000000
160752  32.155  -5.398  -34.133 0.0000000000
160753  32.216  -5.982  -33.809 0.0000000000
160754  32.164  -6.549  -33.465 0.0000000000
161494  22.825  -20.093  -24.982 0.0000000000
161495  22.975  -20.389  -25.236 0.0000000000
161496  23.346  -20.707  -25.670 0.0000000000
161497  23.223  -19.635  -26.455 0.0000000000
161498  23.513  -20.369  -26.240 0.0000000000
161499  23.844  -21.070  -26.042 0.0000000000
161500  24.534  -21.468  -26.364 0.0000000000
161501  25.401  -21.909  -26.604 0.0000000000
161502  26.258  -22.352  -26.708 0.0000000000
161503  24.079  -18.184  -28.497 0.0000000000
161504  24.528  -19.023  -28.334 0.0000000000
161505  25.102  -19.817  -28.117 0.0000000000
161506  26.485  -19.933  -28.638 0.0000000000
161507  26.055  -20.261  -28.280 0.0000000000
161508  25.660  -20.596  -27.819 0.0000000000
161509  26.110  -21.320  -27.492 0.0000000000
161510  26.699  -22.033  -27.138 0.0000000000
161511  27.187  -22.732  -26.699 0.0000000000
161521  27.617  -15.631  -31.259 0.0000000000
161522  28.063  -16.314  -30.906 0.0000000000
