#!ascii label, from file  /biac2/kgs/3Danat/FreesurferSegmentations/fsaverage-bkup/label/CBA/cROIs/averages/label/MPM_rh.FG1.label 
541
44005 29.335000 -69.522000 -12.572000 0.600000
31936 28.349000 -70.948000 -6.607000 0.700000
70081 28.751000 -71.000000 -7.540000 0.700000
97629 29.190000 -71.289000 -9.779000 0.900000
13279 29.279000 -70.815000 -10.504000 0.800000
43999 29.310000 -70.291000 -11.264000 0.800000
137163 29.195000 -69.117000 -12.353000 0.600000
162169 29.256000 -68.749000 -12.939000 0.700000
162170 29.400000 -68.209000 -13.492000 0.700000
137149 28.347000 -70.482000 -6.355000 0.700000
137147 27.808000 -70.819000 -5.881000 0.700000
70079 28.785000 -70.619000 -7.206000 0.700000
7105 29.031000 -70.069000 -7.963000 0.600000
70083 29.010000 -70.568000 -8.289000 0.700000
31938 28.989000 -71.029000 -8.609000 0.700000
137158 29.168000 -70.519000 -9.348000 0.800000
31939 29.241000 -70.034000 -10.029000 0.800000
137160 29.235000 -70.446000 -10.288000 0.800000
137161 29.287000 -70.013000 -10.964000 0.800000
137162 29.259000 -69.489000 -11.718000 0.600000
31941 29.111000 -68.275000 -12.676000 0.600000
90767 29.184000 -67.937000 -13.247000 0.700000
162171 29.757000 -67.853000 -13.991000 0.700000
31935 28.343000 -69.985000 -6.193000 0.500000
137146 27.819000 -70.295000 -5.719000 0.600000
137148 28.800000 -69.605000 -6.754000 0.400000
70078 28.792000 -70.085000 -6.945000 0.600000
70077 29.084000 -69.605000 -7.708000 0.500000
101954 29.180000 -69.601000 -8.729000 0.600000
137157 29.198000 -70.143000 -9.049000 0.800000
70085 29.260000 -69.645000 -9.772000 0.700000
70086 29.234000 -69.142000 -10.476000 0.700000
70088 29.153000 -68.729000 -11.114000 0.700000
137165 28.968000 -67.898000 -12.394000 0.500000
90766 29.020000 -67.427000 -12.980000 0.600000
90768 29.224000 -67.081000 -13.505000 0.600000
40405 29.460000 -67.444000 -13.759000 0.600000
162174 30.277000 -67.373000 -14.401000 0.500000
24383 28.408000 -69.041000 -5.839000 0.500000
137145 27.886000 -69.857000 -5.474000 0.600000
46398 27.279000 -70.132000 -5.176000 0.600000
70075 28.383000 -69.557000 -5.991000 0.500000
101953 29.236000 -69.155000 -8.406000 0.500000
101955 29.252000 -68.627000 -9.178000 0.600000
101956 29.247000 -68.177000 -9.892000 0.600000
7106 29.093000 -68.235000 -10.875000 0.600000
70090 28.966000 -67.903000 -11.487000 0.500000
31942 28.877000 -67.497000 -12.078000 0.500000
137166 28.908000 -67.008000 -12.728000 0.600000
7107 28.925000 -66.586000 -13.291000 0.600000
162172 29.597000 -66.509000 -14.009000 0.500000
90770 30.192000 -66.002000 -14.343000 0.500000
90772 31.199000 -65.884000 -14.746000 0.500000
40406 30.538000 -66.471000 -14.505000 0.500000
118331 27.918000 -69.402000 -5.365000 0.500000
1386 27.266000 -69.748000 -4.952000 0.500000
70076 28.789000 -69.141000 -6.574000 0.500000
101950 29.150000 -68.700000 -7.226000 0.400000
101949 29.321000 -67.776000 -7.749000 0.300000
101951 29.286000 -68.223000 -7.969000 0.400000
46400 29.371000 -67.732000 -8.646000 0.300000
15679 29.419000 -67.276000 -8.483000 0.300000
15681 29.355000 -68.201000 -8.842000 0.500000
46402 29.266000 -67.604000 -9.654000 0.500000
15683 29.204000 -67.263000 -10.305000 0.500000
101958 28.985000 -67.359000 -11.227000 0.500000
137167 28.801000 -67.067000 -11.799000 0.500000
137168 28.756000 -66.632000 -12.419000 0.600000
137169 28.843000 -66.206000 -12.969000 0.600000
114365 29.330000 -66.122000 -13.758000 0.500000
22577 29.847000 -65.552000 -14.256000 0.500000
90771 30.890000 -65.438000 -14.645000 0.500000
118330 28.010000 -68.903000 -5.179000 0.500000
118332 28.484000 -68.553000 -5.698000 0.500000
118333 28.877000 -68.163000 -6.296000 0.500000
118334 29.192000 -67.773000 -6.898000 0.400000
3307 29.165000 -68.194000 -7.083000 0.500000
118337 29.360000 -67.314000 -7.597000 0.400000
118338 29.456000 -66.850000 -8.308000 0.300000
46399 29.420000 -66.734000 -9.220000 0.300000
46403 29.285000 -66.752000 -10.075000 0.400000
101959 29.010000 -66.995000 -10.869000 0.500000
15684 28.861000 -66.509000 -11.542000 0.400000
114364 29.042000 -65.665000 -13.593000 0.500000
22576 29.191000 -64.724000 -13.822000 0.500000
114366 29.468000 -65.197000 -13.984000 0.500000
90773 31.560000 -64.880000 -14.812000 0.500000
10057 31.209000 -64.415000 -14.697000 0.400000
90769 30.476000 -65.010000 -14.478000 0.500000
118329 27.999000 -68.398000 -4.955000 0.500000
24382 28.569000 -68.076000 -5.534000 0.500000
55997 28.919000 -67.751000 -6.114000 0.500000
24384 29.239000 -67.329000 -6.796000 0.400000
118336 29.444000 -66.844000 -7.548000 0.400000
24385 29.565000 -66.321000 -8.261000 0.300000
118339 29.496000 -66.315000 -9.063000 0.300000
1388 29.308000 -66.241000 -9.920000 0.400000
46405 29.214000 -65.923000 -10.495000 0.400000
15685 29.020000 -65.562000 -11.083000 0.400000
46404 29.139000 -66.460000 -10.653000 0.400000
101960 28.935000 -66.093000 -11.282000 0.400000
70091 28.761000 -65.683000 -11.882000 0.500000
70093 28.714000 -65.249000 -12.453000 0.500000
31943 28.697000 -65.742000 -12.732000 0.600000
53297 29.763000 -64.140000 -14.222000 0.400000
114367 30.116000 -64.595000 -14.365000 0.500000
55995 28.631000 -67.515000 -5.352000 0.400000
55998 29.391000 -66.840000 -6.698000 0.400000
55996 29.086000 -67.191000 -6.015000 0.400000
118335 29.618000 -66.359000 -7.470000 0.400000
56000 29.677000 -65.859000 -8.214000 0.400000
56002 29.581000 -65.898000 -8.929000 0.400000
24386 29.507000 -65.312000 -9.681000 0.400000
118340 29.448000 -65.819000 -9.780000 0.400000
118341 29.258000 -65.387000 -10.426000 0.400000
137173 29.132000 -64.998000 -10.997000 0.400000
101961 28.829000 -65.199000 -11.686000 0.500000
7108 28.645000 -64.797000 -12.267000 0.500000
70095 28.655000 -64.331000 -12.836000 0.600000
137171 28.978000 -64.288000 -13.567000 0.500000
137172 29.169000 -63.248000 -13.843000 0.400000
53296 29.380000 -63.778000 -14.032000 0.400000
24381 28.776000 -66.899000 -5.215000 0.400000
3306 29.541000 -66.275000 -6.564000 0.400000
55994 29.225000 -66.587000 -5.890000 0.400000
93503 29.741000 -65.937000 -7.286000 0.400000
56001 29.691000 -65.338000 -8.907000 0.400000
118342 29.395000 -64.937000 -10.306000 0.400000
24387 29.198000 -64.487000 -10.881000 0.400000
137174 28.861000 -64.617000 -11.550000 0.400000
137175 28.658000 -64.202000 -12.137000 0.500000
137178 28.601000 -63.843000 -12.639000 0.400000
31944 28.780000 -63.815000 -13.364000 0.600000
55993 29.443000 -65.951000 -5.793000 0.400000
55992 29.756000 -65.710000 -6.441000 0.400000
93502 29.975000 -65.377000 -7.164000 0.400000
10987 29.850000 -65.385000 -8.128000 0.400000
55999 29.817000 -64.823000 -8.925000 0.400000
3308 29.732000 -64.265000 -9.656000 0.400000
56005 29.576000 -63.901000 -10.161000 0.500000
56004 29.469000 -64.390000 -10.236000 0.400000
118343 29.280000 -64.037000 -10.810000 0.300000
70096 29.031000 -63.583000 -11.350000 0.300000
70097 28.944000 -64.106000 -11.470000 0.400000
137177 28.545000 -63.255000 -12.519000 0.400000
31946 28.548000 -62.835000 -13.001000 0.400000
137179 28.639000 -63.360000 -13.168000 0.500000
118326 28.998000 -66.205000 -5.182000 0.400000
93504 30.032000 -64.848000 -8.031000 0.400000
93505 30.007000 -64.350000 -8.833000 0.400000
93506 29.866000 -63.805000 -9.598000 0.300000
93507 29.677000 -63.346000 -10.239000 0.300000
24388 29.374000 -63.479000 -10.753000 0.300000
118344 29.109000 -63.019000 -11.353000 0.300000
70098 28.761000 -63.170000 -11.911000 0.300000
70100 28.436000 -62.319000 -12.913000 0.400000
70101 28.573000 -61.862000 -13.352000 0.400000
10985 29.989000 -65.134000 -6.317000 0.300000
93501 30.214000 -64.783000 -7.078000 0.300000
10986 30.287000 -64.395000 -7.852000 0.300000
41707 30.253000 -63.853000 -8.686000 0.300000
10988 30.121000 -63.340000 -9.493000 0.300000
93508 29.887000 -62.901000 -10.145000 0.300000
118345 29.482000 -62.928000 -10.723000 0.400000
56007 29.294000 -62.007000 -11.236000 0.400000
118346 29.211000 -62.519000 -11.235000 0.300000
118347 28.920000 -62.081000 -11.776000 0.300000
101963 28.600000 -62.237000 -12.318000 0.300000
15687 28.454000 -61.733000 -12.857000 0.400000
70099 28.412000 -61.390000 -13.269000 0.400000
7109 28.666000 -60.816000 -13.732000 0.400000
10989 29.582000 -62.429000 -10.743000 0.400000
56008 29.103000 -61.025000 -11.683000 0.400000
24389 29.014000 -61.553000 -11.688000 0.400000
118348 28.692000 -61.193000 -12.117000 0.300000
101964 28.477000 -61.276000 -12.710000 0.400000
46407 28.375000 -60.240000 -13.149000 0.400000
15688 28.394000 -59.799000 -13.638000 0.400000
101965 28.371000 -60.769000 -13.234000 0.400000
101966 28.486000 -60.294000 -13.672000 0.400000
56009 28.822000 -60.595000 -12.129000 0.400000
118349 28.590000 -60.260000 -12.538000 0.500000
46406 28.412000 -59.784000 -13.056000 0.400000
46408 28.346000 -59.301000 -13.515000 0.400000
101967 28.789000 -59.731000 -14.117000 0.300000
46409 28.430000 -58.817000 -14.007000 0.300000
621 29.285000 -69.923000 -11.936000 0.700000
137159 29.137000 -70.937000 -9.540000 0.800000
137164 29.136000 -68.745000 -12.062000 0.600000
70087 29.227000 -69.556000 -10.748000 0.700000
31940 29.141000 -69.094000 -11.431000 0.700000
162173 29.902000 -66.968000 -14.198000 0.600000
15680 29.084000 -69.199000 -7.402000 0.400000
101952 29.259000 -68.693000 -8.133000 0.400000
15682 29.253000 -69.082000 -9.516000 0.700000
70084 29.205000 -68.656000 -10.193000 0.700000
70089 29.014000 -68.310000 -11.754000 0.700000
70074 28.827000 -68.673000 -6.391000 0.500000
101957 29.119000 -67.690000 -10.590000 0.500000
46401 29.377000 -67.216000 -9.400000 0.400000
70092 28.738000 -66.221000 -12.111000 0.600000
137170 28.851000 -65.300000 -13.263000 0.500000
70094 28.713000 -64.757000 -13.080000 0.600000
56003 29.609000 -64.875000 -9.635000 0.300000
31945 28.720000 -63.691000 -11.995000 0.400000
118325 29.620000 -65.375000 -5.675000 0.400000
3309 28.868000 -62.623000 -11.820000 0.300000
101962 28.654000 -61.648000 -12.206000 0.300000
15686 28.506000 -60.694000 -12.638000 0.300000
101968 28.576000 -59.326000 -14.035000 0.300000
62882 29.709000 -74.082000 -9.542000 0.600000
127972 30.009000 -74.390000 -9.796000 0.600000
22565 31.057000 -74.568000 -10.665000 0.600000
114345 31.345000 -74.098000 -11.375000 0.600000
127969 29.165000 -75.332000 -8.370000 0.500000
28513 29.374000 -74.532000 -8.804000 0.600000
62879 29.251000 -73.518000 -9.131000 0.700000
62881 29.525000 -73.722000 -9.337000 0.700000
127971 29.627000 -74.796000 -9.059000 0.600000
28515 29.986000 -73.652000 -10.367000 0.600000
127973 30.226000 -73.937000 -10.530000 0.600000
127976 30.386000 -73.440000 -11.265000 0.600000
114342 30.776000 -73.748000 -11.265000 0.600000
114344 31.020000 -73.917000 -11.322000 0.600000
53285 31.273000 -73.445000 -11.975000 0.600000
53287 31.937000 -73.112000 -12.559000 0.700000
127967 28.659000 -74.771000 -7.893000 0.600000
127965 28.807000 -73.692000 -8.184000 0.700000
127968 28.917000 -74.924000 -8.144000 0.500000
28512 28.941000 -74.009000 -8.329000 0.700000
62880 29.109000 -74.223000 -8.621000 0.700000
5601 29.541000 -73.015000 -9.918000 0.700000
62883 29.671000 -73.410000 -10.069000 0.700000
127975 30.133000 -73.274000 -11.094000 0.500000
22564 30.934000 -73.239000 -11.897000 0.600000
53284 31.166000 -72.711000 -12.583000 0.600000
53286 31.602000 -73.003000 -12.462000 0.700000
2499 31.481000 -72.305000 -13.056000 0.700000
22568 32.300000 -72.590000 -12.854000 0.700000
53289 32.368000 -71.984000 -13.203000 0.700000
54333 36.816000 -70.173000 -12.793000 0.400000
54338 35.052000 -69.876000 -12.844000 0.500000
40397 34.197000 -70.286000 -12.995000 0.600000
90747 33.676000 -70.912000 -12.984000 0.600000
114353 32.832000 -71.475000 -13.257000 0.700000
90708 27.036000 -74.990000 -6.655000 0.500000
90707 27.746000 -74.623000 -7.042000 0.500000
127962 28.202000 -73.802000 -7.483000 0.600000
5600 27.829000 -74.967000 -7.176000 0.500000
28511 28.595000 -73.391000 -8.045000 0.700000
127963 28.274000 -74.209000 -7.563000 0.500000
127966 28.456000 -74.474000 -7.696000 0.600000
127964 28.974000 -72.871000 -8.747000 0.700000
62878 29.104000 -73.193000 -8.911000 0.700000
62877 29.354000 -72.724000 -9.711000 0.700000
127974 29.893000 -72.920000 -10.913000 0.700000
127977 30.622000 -73.053000 -11.885000 0.600000
127978 30.819000 -72.636000 -12.519000 0.600000
127979 31.098000 -72.017000 -13.123000 0.700000
53290 31.966000 -71.854000 -13.368000 0.700000
22570 32.456000 -71.259000 -13.534000 0.700000
90746 33.349000 -70.827000 -13.336000 0.600000
114354 32.917000 -70.699000 -13.579000 0.600000
53274 26.619000 -73.847000 -6.248000 0.500000
22556 26.072000 -74.953000 -6.206000 0.400000
127960 27.445000 -73.926000 -6.787000 0.500000
53276 26.698000 -74.316000 -6.378000 0.500000
28510 27.594000 -74.302000 -6.954000 0.500000
127959 27.962000 -73.157000 -7.148000 0.600000
127961 28.061000 -73.569000 -7.306000 0.600000
62874 28.783000 -72.219000 -8.423000 0.700000
62875 28.534000 -73.028000 -7.930000 0.600000
62876 28.859000 -72.573000 -8.569000 0.700000
13280 29.185000 -72.443000 -9.454000 0.700000
97634 29.667000 -72.693000 -10.613000 0.700000
62885 29.962000 -72.488000 -11.720000 0.700000
28516 30.273000 -72.774000 -11.858000 0.700000
62887 30.464000 -72.370000 -12.471000 0.700000
28517 30.659000 -71.878000 -13.128000 0.700000
127981 31.016000 -71.434000 -13.627000 0.800000
162151 31.960000 -71.134000 -13.760000 0.700000
90749 34.342000 -69.582000 -13.316000 0.500000
10054 33.460000 -70.061000 -13.635000 0.600000
162152 32.539000 -70.513000 -13.847000 0.600000
22554 25.921000 -74.000000 -6.024000 0.400000
137144 27.266000 -73.077000 -6.376000 0.600000
1387 27.275000 -73.564000 -6.590000 0.600000
137153 27.830000 -72.761000 -6.837000 0.600000
137154 28.336000 -72.354000 -7.440000 0.600000
137155 28.728000 -71.847000 -8.199000 0.600000
5599 29.036000 -71.797000 -9.061000 0.700000
97630 29.091000 -72.089000 -9.292000 0.700000
97632 29.336000 -71.992000 -10.215000 0.700000
97633 29.467000 -72.347000 -10.435000 0.700000
13281 29.429000 -71.546000 -10.964000 0.800000
97635 29.588000 -71.951000 -11.121000 0.800000
62884 29.802000 -71.748000 -12.185000 0.600000
62888 30.240000 -71.583000 -13.069000 0.600000
127982 31.004000 -70.731000 -14.057000 0.800000
28518 31.510000 -70.895000 -13.965000 0.700000
162149 34.896000 -69.015000 -13.363000 0.500000
90750 33.970000 -69.364000 -13.629000 0.600000
40399 32.650000 -69.710000 -14.162000 0.700000
40398 34.519000 -68.835000 -13.628000 0.600000
70072 26.565000 -72.772000 -5.847000 0.500000
31933 25.884000 -72.908000 -5.721000 0.400000
137140 25.155000 -72.998000 -5.720000 0.400000
31934 27.254000 -72.566000 -6.183000 0.500000
137143 26.659000 -73.356000 -6.014000 0.500000
137152 27.849000 -72.277000 -6.582000 0.600000
31937 28.376000 -71.921000 -7.172000 0.600000
70082 28.714000 -71.485000 -7.864000 0.600000
137156 29.015000 -71.364000 -8.875000 0.700000
97631 29.231000 -71.656000 -10.008000 0.800000
44000 29.329000 -71.153000 -10.733000 0.800000
44002 29.529000 -71.136000 -11.631000 0.600000
97637 29.715000 -71.000000 -12.655000 0.600000
62890 30.184000 -70.880000 -13.504000 0.700000
28519 30.477000 -70.522000 -13.991000 0.700000
5604 31.696000 -69.412000 -14.491000 0.700000
162156 33.597000 -69.238000 -13.941000 0.600000
162154 32.826000 -68.891000 -14.444000 0.600000
22572 33.031000 -68.056000 -14.661000 0.600000
162157 34.155000 -68.569000 -13.902000 0.600000
90755 33.370000 -68.319000 -14.484000 0.600000
7104 27.207000 -71.547000 -5.663000 0.500000
70071 26.578000 -72.215000 -5.676000 0.500000
70070 25.834000 -72.364000 -5.543000 0.500000
137139 25.186000 -72.467000 -5.534000 0.500000
137150 27.848000 -71.239000 -6.106000 0.500000
70073 27.216000 -72.029000 -5.908000 0.500000
70080 28.371000 -71.431000 -6.891000 0.600000
44001 29.373000 -70.753000 -11.441000 0.700000
44003 29.411000 -70.257000 -12.187000 0.600000
97639 29.664000 -70.341000 -13.071000 0.600000
13284 29.875000 -69.858000 -13.679000 0.600000
127985 30.631000 -69.692000 -14.274000 0.700000
62892 30.280000 -69.521000 -14.147000 0.600000
127986 31.256000 -69.136000 -14.590000 0.600000
114356 32.328000 -68.779000 -14.566000 0.700000
162158 34.716000 -68.062000 -13.928000 0.500000
90754 33.622000 -67.444000 -14.733000 0.400000
101948 27.199000 -71.051000 -5.520000 0.500000
101947 26.553000 -71.267000 -5.286000 0.500000
101946 25.872000 -71.440000 -5.175000 0.500000
101944 25.226000 -71.588000 -5.181000 0.500000
70062 24.622000 -71.678000 -5.363000 0.500000
70063 23.985000 -71.832000 -5.591000 0.500000
13285 29.431000 -69.068000 -13.220000 0.600000
62891 29.960000 -69.068000 -13.994000 0.600000
62893 30.428000 -68.647000 -14.362000 0.400000
127987 31.518000 -68.258000 -14.739000 0.500000
22571 32.190000 -67.580000 -14.860000 0.400000
114358 33.249000 -67.224000 -14.821000 0.400000
114357 32.618000 -67.912000 -14.804000 0.500000
15678 27.231000 -70.636000 -5.315000 0.600000
46397 26.587000 -70.784000 -5.110000 0.500000
15676 25.896000 -71.089000 -4.958000 0.500000
101943 25.232000 -71.258000 -4.927000 0.500000
15675 24.565000 -71.383000 -5.078000 0.500000
137129 23.925000 -71.507000 -5.172000 0.500000
31928 23.320000 -71.682000 -5.256000 0.400000
137127 22.737000 -71.953000 -5.525000 0.500000
28496 22.185000 -72.241000 -5.710000 0.400000
127930 21.655000 -72.556000 -5.828000 0.400000
127931 21.265000 -73.097000 -6.418000 0.400000
5605 30.076000 -68.243000 -14.258000 0.600000
62895 30.651000 -67.744000 -14.529000 0.400000
127988 31.777000 -67.393000 -14.846000 0.400000
53292 32.902000 -67.009000 -14.944000 0.400000
46396 26.598000 -70.460000 -4.893000 0.500000
46395 25.897000 -70.691000 -4.688000 0.400000
101942 25.208000 -70.865000 -4.686000 0.400000
101941 24.537000 -71.033000 -4.655000 0.500000
70059 23.907000 -70.809000 -4.265000 0.400000
70060 23.220000 -71.411000 -4.883000 0.500000
31927 23.356000 -70.968000 -4.405000 0.400000
137125 22.720000 -71.198000 -4.549000 0.500000
137126 22.711000 -71.656000 -5.022000 0.500000
1385 22.091000 -71.403000 -4.707000 0.300000
127929 21.587000 -72.144000 -5.307000 0.300000
162016 21.031000 -72.295000 -5.246000 0.300000
162175 30.950000 -66.768000 -14.668000 0.400000
46394 26.650000 -69.958000 -4.637000 0.500000
15674 25.967000 -70.253000 -4.419000 0.500000
101940 25.295000 -70.424000 -4.295000 0.400000
46392 27.458000 -69.123000 -4.759000 0.400000
46393 26.742000 -69.471000 -4.396000 0.400000
101939 26.033000 -69.746000 -4.093000 0.400000
70056 25.447000 -69.298000 -3.740000 0.400000
15672 27.421000 -68.664000 -4.517000 0.400000
101938 26.775000 -68.913000 -4.140000 0.400000
15673 26.151000 -69.095000 -3.895000 0.400000
101936 27.523000 -68.021000 -4.372000 0.400000
137120 26.200000 -68.499000 -3.709000 0.400000
137121 25.439000 -68.688000 -3.583000 0.400000
137122 24.724000 -68.789000 -3.515000 0.400000
101937 26.878000 -68.306000 -3.985000 0.400000
118328 28.124000 -67.770000 -4.816000 0.300000
31925 26.265000 -67.822000 -3.640000 0.400000
137119 25.539000 -67.907000 -3.523000 0.400000
7100 24.778000 -68.011000 -3.462000 0.400000
118327 28.295000 -67.081000 -4.740000 0.400000
70049 24.104000 -67.984000 -3.547000 0.400000
70048 24.200000 -67.005000 -3.693000 0.400000
118324 28.332000 -66.478000 -4.639000 0.300000
70052 27.741000 -66.653000 -4.244000 0.400000
70053 27.054000 -66.861000 -3.904000 0.400000
137118 26.355000 -66.989000 -3.654000 0.400000
101935 25.616000 -67.064000 -3.528000 0.400000
70047 24.915000 -67.071000 -3.549000 0.400000
101934 25.759000 -66.213000 -3.628000 0.300000
44004 29.494000 -69.885000 -12.826000 0.600000
137151 27.812000 -71.767000 -6.342000 0.500000
97641 29.679000 -68.712000 -13.760000 0.600000
28521 31.353000 -67.125000 -14.726000 0.400000
114343 30.794000 -74.420000 -10.656000 0.600000
53288 31.964000 -72.474000 -12.989000 0.700000
127980 31.485000 -71.585000 -13.543000 0.700000
54336 35.530000 -69.904000 -12.754000 0.500000
23387 35.251000 -69.152000 -13.138000 0.500000
162147 34.555000 -70.358000 -12.779000 0.500000
162148 34.715000 -69.678000 -13.069000 0.400000
90748 33.801000 -70.173000 -13.322000 0.600000
162097 26.920000 -74.585000 -6.526000 0.500000
13282 29.776000 -72.194000 -11.450000 0.700000
162153 33.074000 -69.861000 -13.903000 0.600000
28509 28.405000 -72.746000 -7.759000 0.600000
62886 30.108000 -72.061000 -12.446000 0.700000
62889 30.551000 -71.173000 -13.592000 0.800000
90752 32.057000 -70.305000 -14.094000 0.700000
137142 25.901000 -73.488000 -5.843000 0.400000
97636 29.669000 -71.443000 -11.923000 0.600000
5603 29.950000 -71.302000 -12.951000 0.600000
127983 31.076000 -69.944000 -14.373000 0.700000
90751 31.531000 -70.263000 -14.290000 0.700000
162150 35.098000 -68.308000 -13.714000 0.500000
116009 35.466000 -68.479000 -13.528000 0.500000
90753 32.173000 -69.516000 -14.363000 0.700000
162155 33.223000 -69.064000 -14.210000 0.600000
13283 29.565000 -70.666000 -12.413000 0.700000
97638 29.814000 -70.636000 -13.338000 0.700000
127984 30.202000 -70.175000 -13.849000 0.700000
114355 31.918000 -68.529000 -14.676000 0.600000
40400 33.791000 -68.402000 -14.245000 0.600000
90756 34.035000 -67.577000 -14.522000 0.600000
70069 26.506000 -71.749000 -5.459000 0.500000
15677 25.867000 -71.884000 -5.352000 0.500000
101945 25.217000 -71.978000 -5.388000 0.400000
97640 29.645000 -69.578000 -13.469000 0.600000
28520 30.843000 -68.852000 -14.501000 0.600000
62853 21.802000 -72.715000 -6.441000 0.300000
62894 31.096000 -68.008000 -14.672000 0.500000
53291 32.414000 -66.746000 -14.970000 0.400000
70061 23.851000 -71.233000 -4.728000 0.500000
127928 22.157000 -71.935000 -5.151000 0.400000
28497 21.149000 -72.826000 -5.773000 0.400000
3305 27.616000 -67.393000 -4.259000 0.400000
70054 26.970000 -67.595000 -3.917000 0.400000
18908 40.935000 -79.736000 -12.855000 0.300000
107762 41.082000 -79.033000 -12.880000 0.300000
2749 35.742000 -74.511000 -12.712000 0.400000
115991 36.961000 -74.288000 -13.566000 0.400000
115989 36.601000 -75.121000 -13.488000 0.400000
829 36.939000 -75.229000 -13.704000 0.400000
92501 35.715000 -73.332000 -12.429000 0.400000
10429 35.138000 -73.878000 -12.213000 0.400000
41149 34.721000 -73.673000 -12.063000 0.400000
40 34.320000 -73.451000 -11.988000 0.500000
161898 33.823000 -74.065000 -11.739000 0.500000
162140 33.483000 -73.929000 -11.751000 0.500000
23381 37.037000 -73.224000 -13.217000 0.400000
54326 36.383000 -73.917000 -12.952000 0.500000
92499 35.477000 -74.204000 -12.422000 0.500000
162139 33.071000 -74.465000 -11.421000 0.500000
115992 37.321000 -73.388000 -13.548000 0.500000
54325 36.658000 -74.076000 -13.285000 0.500000
23380 37.684000 -73.494000 -13.862000 0.500000
115990 37.304000 -74.378000 -13.855000 0.400000
44726 37.760000 -74.621000 -14.048000 0.400000
44724 37.486000 -75.470000 -13.904000 0.400000
14004 38.060000 -75.650000 -14.058000 0.400000
148985 38.454000 -76.327000 -13.960000 0.300000
36000 38.994000 -76.758000 -13.743000 0.400000
54327 36.532000 -71.715000 -12.608000 0.400000
10431 35.511000 -72.127000 -12.298000 0.400000
41152 35.067000 -72.073000 -12.161000 0.400000
54328 36.931000 -72.069000 -12.885000 0.400000
10430 36.304000 -72.677000 -12.626000 0.400000
92502 35.915000 -72.428000 -12.414000 0.400000
41151 34.903000 -72.853000 -12.148000 0.400000
41153 34.475000 -72.768000 -12.090000 0.500000
162141 33.964000 -73.288000 -11.967000 0.500000
115995 37.314000 -72.261000 -13.168000 0.400000
115994 36.686000 -72.993000 -12.932000 0.400000
92500 36.057000 -73.602000 -12.703000 0.400000
162142 34.115000 -72.561000 -12.101000 0.500000
40395 33.618000 -73.210000 -12.063000 0.500000
90742 33.182000 -73.772000 -11.873000 0.500000
90741 32.893000 -73.554000 -11.991000 0.600000
90739 32.496000 -73.507000 -12.244000 0.600000
90740 32.452000 -74.112000 -11.632000 0.600000
114352 32.758000 -72.169000 -12.954000 0.600000
114350 32.671000 -72.812000 -12.659000 0.600000
22567 32.185000 -73.948000 -11.820000 0.500000
44725 38.306000 -74.837000 -14.216000 0.400000
22566 31.637000 -73.620000 -11.930000 0.500000
98934 38.639000 -75.792000 -14.221000 0.400000
6099 39.309000 -75.801000 -14.371000 0.400000
148982 39.147000 -76.297000 -14.064000 0.400000
92506 35.203000 -71.340000 -12.331000 0.400000
92507 34.771000 -71.237000 -12.275000 0.500000
162143 34.215000 -71.829000 -12.337000 0.500000
40396 33.930000 -71.718000 -12.473000 0.500000
90743 33.274000 -72.992000 -12.231000 0.500000
162145 33.533000 -71.595000 -12.710000 0.500000
10053 32.988000 -72.859000 -12.394000 0.600000
22569 33.247000 -71.530000 -13.054000 0.600000
114351 33.105000 -72.247000 -12.740000 0.600000
49628 40.819000 -80.455000 -12.892000 0.300000
79759 41.735000 -78.401000 -12.940000 0.300000
148952 41.628000 -76.419000 -13.831000 0.300000
54329 37.117000 -71.155000 -12.849000 0.400000
2751 36.706000 -70.846000 -12.675000 0.400000
92504 36.272000 -70.725000 -12.552000 0.400000
92505 35.665000 -71.317000 -12.367000 0.400000
54334 35.357000 -70.612000 -12.530000 0.400000
162144 34.373000 -71.085000 -12.558000 0.500000
2753 34.883000 -70.586000 -12.563000 0.400000
162146 34.065000 -70.981000 -12.692000 0.500000
114349 32.258000 -73.284000 -12.389000 0.600000
114348 31.939000 -73.770000 -12.047000 0.500000
10432 35.828000 -70.545000 -12.480000 0.400000
41150 35.365000 -73.034000 -12.265000 0.400000
40394 32.818000 -74.293000 -11.539000 0.500000
148979 41.057000 -76.437000 -13.946000 0.300000
92503 36.123000 -71.495000 -12.435000 0.400000
10433 34.626000 -72.038000 -12.184000 0.500000
90744 33.768000 -72.484000 -12.282000 0.500000
90745 33.388000 -72.283000 -12.457000 0.600000
137176 28.588000 -62.779000 -12.401000 0.300000
