#!ascii label, from file  /biac2/kgs/3Danat/FreesurferSegmentations/fsaverage-bkup/label/CBA/cROIs/averages/label/MPM_rh.FG4.label 
1586
11610 41.237000 -62.067000 -10.893000 0.600000
25505 42.021000 -62.029000 -10.730000 0.500000
3931 40.877000 -60.277000 -10.456000 0.700000
94628 40.598000 -60.308000 -10.751000 0.600000
11612 40.304000 -60.306000 -11.015000 0.600000
57875 40.365000 -59.498000 -11.029000 0.600000
57868 41.357000 -61.158000 -10.487000 0.700000
57867 41.006000 -61.172000 -10.673000 0.600000
94627 40.673000 -61.183000 -10.850000 0.500000
94629 40.413000 -61.128000 -11.072000 0.500000
94630 40.187000 -61.105000 -11.327000 0.500000
57874 40.139000 -60.273000 -11.319000 0.600000
57876 40.174000 -59.455000 -11.348000 0.600000
120951 41.709000 -61.269000 -10.444000 0.500000
120950 41.594000 -62.025000 -10.773000 0.500000
94626 40.882000 -62.090000 -11.008000 0.600000
57878 40.020000 -59.391000 -11.626000 0.600000
120947 42.793000 -62.708000 -10.996000 0.500000
120946 43.145000 -62.641000 -10.888000 0.500000
120959 41.062000 -57.878000 -10.279000 0.600000
120962 40.845000 -57.854000 -10.582000 0.700000
57870 41.486000 -59.475000 -10.042000 0.600000
57871 41.156000 -59.392000 -10.174000 0.700000
25509 40.924000 -58.657000 -10.289000 0.600000
120961 40.665000 -58.608000 -10.579000 0.600000
25510 40.485000 -58.672000 -10.978000 0.600000
25506 41.543000 -60.366000 -10.223000 0.600000
57869 41.214000 -60.291000 -10.322000 0.700000
57877 40.323000 -58.593000 -11.329000 0.600000
120949 42.121000 -61.232000 -10.348000 0.500000
120952 41.939000 -60.417000 -10.094000 0.500000
25511 40.117000 -58.535000 -11.663000 0.600000
120948 42.411000 -61.953000 -10.641000 0.500000
144067 40.027000 -58.538000 -12.065000 0.600000
25504 42.806000 -61.919000 -10.563000 0.500000
34340 39.979000 -58.425000 -12.503000 0.600000
75728 40.067000 -57.574000 -13.027000 0.700000
144075 39.955000 -58.358000 -13.018000 0.600000
75727 40.062000 -57.529000 -13.511000 0.700000
34342 39.941000 -58.371000 -13.499000 0.600000
75726 39.978000 -58.292000 -14.016000 0.600000
105340 40.123000 -58.195000 -15.108000 0.600000
17563 40.117000 -58.236000 -14.572000 0.600000
120983 41.370000 -56.611000 -17.875000 0.500000
48289 41.351000 -55.362000 -18.656000 0.700000
120984 41.395000 -56.385000 -18.306000 0.600000
1787 41.112000 -55.043000 -18.924000 0.800000
120986 40.981000 -55.836000 -18.878000 0.700000
3932 41.290000 -57.096000 -10.287000 0.600000
105324 41.049000 -57.087000 -10.566000 0.700000
25507 41.545000 -58.617000 -9.941000 0.700000
57872 41.221000 -58.574000 -10.079000 0.700000
120958 41.377000 -57.845000 -10.055000 0.600000
120963 40.618000 -57.859000 -10.909000 0.700000
17554 40.789000 -57.092000 -10.880000 0.700000
120953 41.847000 -59.544000 -9.875000 0.600000
120954 41.877000 -58.751000 -9.805000 0.600000
48274 40.635000 -57.052000 -11.261000 0.800000
105312 42.634000 -59.550000 -9.674000 0.500000
105311 42.233000 -59.593000 -9.778000 0.500000
1785 40.505000 -57.024000 -11.642000 0.800000
120965 40.276000 -57.750000 -11.651000 0.600000
75679 42.743000 -60.329000 -9.917000 0.500000
3930 42.334000 -60.411000 -10.015000 0.500000
144077 40.399000 -56.920000 -12.025000 0.800000
144068 40.192000 -57.725000 -12.072000 0.600000
144014 43.192000 -61.852000 -10.553000 0.500000
34343 40.272000 -56.837000 -12.518000 0.800000
75729 40.165000 -56.750000 -13.032000 0.800000
144076 40.120000 -57.658000 -12.510000 0.700000
105342 40.216000 -56.589000 -14.074000 0.700000
8005 40.162000 -56.671000 -13.506000 0.700000
48284 40.380000 -56.413000 -15.141000 0.700000
17564 40.219000 -56.549000 -14.569000 0.700000
75725 40.099000 -57.486000 -14.088000 0.700000
1786 40.518000 -56.306000 -15.622000 0.600000
48283 40.268000 -57.299000 -15.149000 0.600000
105341 40.167000 -57.369000 -14.583000 0.600000
25517 40.954000 -56.047000 -16.583000 0.700000
120976 40.624000 -57.076000 -16.153000 0.700000
48282 40.376000 -57.167000 -15.636000 0.600000
3937 41.267000 -55.883000 -17.449000 0.700000
120979 41.021000 -56.868000 -17.019000 0.600000
17569 41.439000 -55.512000 -18.276000 0.800000
105351 41.435000 -55.762000 -17.842000 0.800000
120980 41.266000 -56.719000 -17.474000 0.600000
48291 41.387000 -54.471000 -18.675000 0.900000
162212 40.044000 -54.874000 -18.906000 0.700000
48293 41.185000 -54.155000 -18.978000 0.800000
162204 40.569000 -55.403000 -18.905000 0.700000
105325 41.551000 -56.358000 -10.348000 0.600000
105326 41.275000 -56.354000 -10.577000 0.700000
105327 41.562000 -55.618000 -10.658000 0.700000
75699 41.592000 -57.124000 -10.059000 0.600000
17556 41.289000 -55.577000 -10.913000 0.600000
1783 42.656000 -57.048000 -9.747000 0.400000
120955 42.020000 -57.803000 -9.798000 0.600000
25508 41.930000 -57.138000 -9.975000 0.600000
48275 41.029000 -56.333000 -10.894000 0.700000
48267 42.393000 -57.831000 -9.628000 0.600000
48276 40.809000 -56.305000 -11.235000 0.800000
17548 43.024000 -58.797000 -9.454000 0.400000
105313 42.640000 -58.756000 -9.516000 0.500000
17547 42.220000 -58.756000 -9.604000 0.600000
48278 40.671000 -56.228000 -11.646000 0.800000
144017 43.056000 -59.583000 -9.624000 0.500000
144078 40.560000 -56.133000 -12.051000 0.800000
34322 43.142000 -60.276000 -9.841000 0.400000
75731 40.291000 -55.902000 -13.021000 0.800000
144015 43.326000 -61.045000 -10.146000 0.500000
105344 40.278000 -55.753000 -14.040000 0.800000
48287 40.480000 -54.684000 -15.076000 0.800000
48285 40.313000 -55.687000 -14.549000 0.700000
105343 40.259000 -55.822000 -13.474000 0.800000
144096 40.757000 -55.351000 -16.091000 0.800000
48286 40.441000 -55.535000 -15.107000 0.700000
34350 40.929000 -54.346000 -16.475000 0.900000
75745 40.941000 -55.182000 -16.510000 0.900000
48288 40.594000 -55.406000 -15.602000 0.700000
75746 41.080000 -55.062000 -16.959000 0.900000
120977 40.698000 -56.211000 -16.127000 0.700000
75744 41.040000 -55.967000 -16.979000 0.600000
48290 41.467000 -54.622000 -18.251000 0.900000
105353 41.414000 -54.828000 -17.822000 0.900000
90803 39.838000 -53.341000 -19.007000 0.800000
90801 39.162000 -53.789000 -18.614000 0.800000
40419 40.244000 -53.981000 -19.101000 0.800000
90802 39.631000 -54.240000 -18.754000 0.800000
162214 40.909000 -53.571000 -19.210000 0.800000
162213 40.742000 -54.523000 -19.015000 0.700000
17555 41.834000 -55.664000 -10.405000 0.700000
105328 41.834000 -54.900000 -10.742000 0.600000
75701 41.872000 -56.386000 -10.189000 0.600000
144045 42.178000 -55.688000 -10.308000 0.500000
105330 41.496000 -54.783000 -10.934000 0.700000
48273 42.931000 -56.485000 -9.852000 0.400000
144042 42.563000 -56.371000 -10.040000 0.500000
75700 42.235000 -56.381000 -10.090000 0.600000
48277 41.001000 -55.470000 -11.236000 0.700000
48269 43.006000 -57.272000 -9.645000 0.500000
17558 40.823000 -55.386000 -11.617000 0.700000
105315 43.864000 -57.481000 -9.638000 0.500000
48268 42.768000 -58.009000 -9.518000 0.600000
75682 44.090000 -58.157000 -9.459000 0.400000
75680 43.626000 -58.118000 -9.460000 0.400000
75733 40.554000 -54.263000 -12.962000 0.800000
34344 40.493000 -55.159000 -12.502000 0.800000
34323 43.925000 -58.826000 -9.393000 0.400000
17565 40.399000 -54.964000 -13.481000 0.800000
144081 40.417000 -55.076000 -12.994000 0.800000
75730 40.411000 -56.002000 -12.491000 0.800000
144016 43.544000 -60.292000 -9.782000 0.300000
105349 40.546000 -53.783000 -15.027000 0.800000
105348 40.486000 -53.937000 -14.454000 0.800000
105345 40.361000 -54.850000 -13.993000 0.800000
105350 40.624000 -53.705000 -15.435000 0.800000
17566 40.356000 -54.828000 -14.486000 0.800000
144100 40.913000 -53.507000 -16.425000 0.900000
144097 40.783000 -54.521000 -16.042000 0.900000
75748 41.077000 -53.330000 -16.908000 0.900000
144099 41.064000 -54.197000 -16.923000 0.900000
75747 41.217000 -53.203000 -17.379000 0.900000
17570 41.228000 -54.143000 -17.331000 0.900000
105354 41.379000 -53.932000 -17.838000 0.900000
10061 39.339000 -52.911000 -18.892000 0.800000
90799 38.670000 -53.228000 -18.486000 0.800000
17571 41.441000 -53.744000 -18.337000 0.900000
48292 41.407000 -53.423000 -18.742000 0.900000
90804 40.425000 -53.109000 -19.295000 0.800000
17573 41.243000 -53.218000 -19.057000 0.800000
75703 42.516000 -54.981000 -10.443000 0.600000
75702 42.138000 -54.957000 -10.548000 0.600000
105329 42.094000 -54.098000 -10.825000 0.600000
144046 42.884000 -55.082000 -10.393000 0.600000
48272 43.704000 -55.992000 -10.136000 0.400000
17553 43.292000 -55.870000 -10.085000 0.400000
144043 42.881000 -55.765000 -10.148000 0.400000
34332 42.531000 -55.684000 -10.211000 0.500000
105331 41.212000 -54.655000 -11.239000 0.700000
48271 43.405000 -56.530000 -9.897000 0.400000
105332 40.936000 -54.525000 -11.578000 0.700000
105317 44.147000 -56.876000 -9.870000 0.500000
48270 43.725000 -56.731000 -9.855000 0.400000
144080 40.778000 -54.393000 -12.028000 0.700000
105316 44.531000 -56.965000 -9.875000 0.500000
75734 40.682000 -53.351000 -12.976000 0.800000
144082 40.618000 -54.253000 -12.510000 0.800000
17567 40.619000 -53.113000 -14.373000 0.800000
75732 40.502000 -54.158000 -13.458000 0.800000
8007 40.668000 -52.804000 -15.383000 0.800000
34351 40.945000 -52.653000 -16.394000 0.900000
144098 40.780000 -53.619000 -15.931000 0.900000
75749 41.103000 -52.505000 -16.889000 0.900000
105355 41.360000 -53.021000 -17.908000 0.900000
105357 41.441000 -52.836000 -18.400000 1.000000
114387 39.486000 -52.025000 -19.187000 0.800000
105358 41.429000 -52.490000 -18.753000 1.000000
90805 39.958000 -52.534000 -19.268000 0.800000
105359 41.319000 -52.334000 -19.169000 1.000000
162215 40.998000 -52.765000 -19.356000 0.800000
40420 40.592000 -52.261000 -19.483000 0.800000
8002 42.485000 -54.213000 -10.692000 0.600000
144054 42.393000 -53.336000 -10.952000 0.600000
34333 43.220000 -54.453000 -10.602000 0.600000
75710 41.956000 -53.222000 -11.124000 0.700000
105322 44.036000 -55.455000 -10.388000 0.400000
105323 43.655000 -55.263000 -10.391000 0.400000
144044 43.238000 -55.144000 -10.382000 0.400000
17551 44.108000 -56.049000 -10.184000 0.400000
8003 41.078000 -53.701000 -11.634000 0.700000
17550 44.858000 -56.374000 -10.262000 0.500000
105319 44.803000 -55.679000 -10.650000 0.400000
144083 40.903000 -53.583000 -12.030000 0.800000
8006 40.616000 -53.325000 -13.447000 0.800000
75735 40.901000 -52.541000 -12.501000 0.800000
75740 40.697000 -52.218000 -14.370000 0.800000
105347 40.556000 -53.167000 -13.936000 0.800000
75743 40.753000 -51.961000 -15.337000 0.800000
75739 40.617000 -52.962000 -14.960000 0.800000
144101 40.822000 -52.724000 -15.887000 0.900000
8008 41.223000 -52.292000 -17.417000 0.900000
75751 41.118000 -51.705000 -16.918000 0.900000
105356 41.383000 -52.161000 -17.893000 1.000000
17572 41.466000 -51.889000 -18.422000 1.000000
75754 41.445000 -51.647000 -18.762000 1.000000
162217 40.071000 -51.699000 -19.465000 0.800000
114386 38.815000 -52.423000 -18.779000 0.800000
8009 41.347000 -51.497000 -19.188000 1.000000
162218 40.609000 -51.397000 -19.626000 0.800000
162216 41.059000 -51.881000 -19.456000 0.800000
75705 43.584000 -53.796000 -10.827000 0.600000
75704 42.909000 -54.401000 -10.657000 0.600000
75708 42.797000 -53.543000 -10.879000 0.600000
75711 41.605000 -53.066000 -11.348000 0.700000
75712 41.827000 -52.247000 -11.471000 0.700000
75694 44.415000 -54.878000 -10.741000 0.400000
8001 44.053000 -54.672000 -10.671000 0.500000
144047 43.646000 -54.512000 -10.608000 0.500000
75713 41.300000 -52.885000 -11.712000 0.800000
34337 41.498000 -52.005000 -11.747000 0.800000
105321 44.433000 -55.538000 -10.513000 0.400000
144084 41.067000 -52.770000 -12.062000 0.800000
7999 45.501000 -55.339000 -11.081000 0.400000
105320 45.172000 -55.190000 -11.016000 0.400000
75738 40.770000 -52.421000 -13.448000 0.800000
75736 40.811000 -52.520000 -12.987000 0.800000
144090 40.691000 -52.313000 -13.914000 0.800000
75741 40.702000 -52.175000 -14.919000 0.800000
75750 41.004000 -51.860000 -16.367000 0.900000
144103 40.973000 -51.058000 -15.855000 0.800000
75753 41.226000 -51.425000 -17.450000 1.000000
144108 41.408000 -51.285000 -17.904000 1.000000
34353 41.287000 -50.699000 -17.513000 1.000000
75755 41.492000 -50.943000 -18.453000 1.000000
162220 41.119000 -50.109000 -19.570000 1.000000
90807 40.191000 -50.820000 -19.659000 0.900000
114388 38.946000 -51.575000 -19.046000 0.800000
114389 39.048000 -50.696000 -19.295000 0.900000
40421 40.712000 -50.552000 -19.735000 1.000000
90808 40.368000 -49.949000 -19.866000 1.000000
90806 39.645000 -50.406000 -19.543000 1.000000
162221 41.122000 -49.382000 -19.628000 1.000000
162222 41.098000 -48.675000 -19.671000 1.000000
40422 40.848000 -48.832000 -19.932000 1.000000
162301 40.385000 -48.502000 -20.094000 1.000000
162303 41.020000 -47.829000 -19.670000 1.000000
162302 40.804000 -48.074000 -19.949000 1.000000
34335 43.060000 -52.788000 -11.027000 0.700000
144055 42.681000 -52.612000 -11.098000 0.700000
144056 42.938000 -51.799000 -11.272000 0.700000
34334 43.915000 -53.112000 -11.057000 0.600000
75707 43.511000 -52.985000 -11.049000 0.600000
34336 42.205000 -52.397000 -11.277000 0.700000
144048 44.010000 -53.938000 -10.865000 0.600000
75696 44.795000 -54.359000 -11.117000 0.500000
144059 41.747000 -51.297000 -11.883000 0.800000
144036 45.516000 -54.735000 -11.395000 0.400000
144085 41.283000 -51.938000 -12.101000 0.800000
75737 40.944000 -51.729000 -12.977000 0.800000
34347 40.899000 -51.627000 -13.432000 0.800000
34348 40.839000 -51.408000 -14.368000 0.800000
144091 40.838000 -51.468000 -13.910000 0.800000
34349 40.841000 -51.167000 -15.318000 0.700000
75742 40.858000 -51.312000 -14.887000 0.800000
34352 41.066000 -51.036000 -16.363000 0.900000
144104 41.066000 -50.295000 -15.873000 0.800000
75752 41.150000 -50.854000 -16.974000 0.900000
144105 41.116000 -50.158000 -16.413000 1.000000
144106 41.197000 -49.922000 -17.082000 1.000000
144109 41.423000 -50.432000 -17.975000 1.000000
144107 41.318000 -49.954000 -17.607000 1.000000
3334 41.323000 -49.207000 -17.698000 1.000000
34354 41.486000 -50.171000 -18.510000 1.000000
93552 41.411000 -48.949000 -18.228000 1.000000
144111 41.448000 -49.497000 -18.557000 1.000000
41734 41.318000 -48.487000 -19.126000 1.000000
144113 41.284000 -49.035000 -19.346000 1.000000
10062 39.716000 -49.573000 -19.685000 1.000000
114390 39.159000 -49.939000 -19.538000 1.000000
156 41.175000 -48.239000 -19.364000 1.000000
90810 40.408000 -49.222000 -19.998000 1.000000
162300 39.843000 -48.735000 -19.905000 1.000000
40448 39.842000 -47.981000 -20.072000 1.000000
40449 40.708000 -47.351000 -19.902000 1.000000
90877 40.366000 -47.681000 -20.148000 1.000000
144053 43.325000 -52.044000 -11.250000 0.700000
144057 42.474000 -51.630000 -11.407000 0.700000
144050 44.634000 -52.675000 -11.479000 0.500000
144052 43.799000 -52.234000 -11.271000 0.700000
144058 42.072000 -51.466000 -11.601000 0.700000
144049 44.362000 -53.361000 -11.182000 0.600000
75697 45.197000 -53.709000 -11.561000 0.500000
34331 44.787000 -53.562000 -11.343000 0.500000
144086 41.490000 -51.146000 -12.193000 0.800000
144087 41.266000 -51.039000 -12.578000 0.800000
144088 41.153000 -51.002000 -13.029000 0.700000
144089 41.043000 -50.824000 -13.435000 0.800000
144093 40.974000 -50.613000 -14.360000 0.800000
144092 40.989000 -50.709000 -13.917000 0.800000
144095 40.929000 -50.372000 -15.312000 0.700000
144094 40.983000 -50.432000 -14.880000 0.700000
118446 41.132000 -49.537000 -15.955000 0.900000
118447 41.234000 -48.787000 -15.596000 0.800000
24433 41.331000 -48.009000 -15.750000 0.800000
70322 41.419000 -47.257000 -15.871000 0.800000
24432 41.195000 -49.465000 -16.558000 0.900000
118448 41.158000 -48.645000 -16.146000 0.800000
118449 41.234000 -47.851000 -16.261000 0.800000
56079 41.215000 -49.296000 -17.126000 1.000000
56080 41.251000 -48.698000 -16.712000 0.900000
24434 41.284000 -47.843000 -16.816000 0.900000
118450 41.384000 -47.035000 -16.410000 0.800000
56081 41.243000 -48.585000 -17.217000 0.900000
93553 41.290000 -48.370000 -17.790000 1.000000
11014 41.364000 -48.814000 -18.612000 1.000000
144112 41.369000 -49.335000 -19.002000 1.000000
41736 41.190000 -47.754000 -19.081000 1.000000
41738 41.026000 -47.504000 -19.331000 1.000000
90875 39.308000 -47.647000 -20.149000 1.000000
41737 41.064000 -47.029000 -19.022000 1.000000
162304 40.881000 -47.059000 -19.629000 1.000000
90876 39.820000 -47.312000 -20.153000 1.000000
11018 40.929000 -46.813000 -19.268000 1.000000
162305 40.744000 -46.236000 -19.588000 1.000000
90880 40.154000 -46.188000 -20.188000 1.000000
28653 44.474000 -51.786000 -11.660000 0.700000
63114 44.048000 -51.466000 -11.551000 0.700000
5679 43.605000 -51.251000 -11.513000 0.700000
97773 43.183000 -51.077000 -11.503000 0.700000
13359 42.722000 -50.849000 -11.575000 0.700000
128295 44.882000 -52.090000 -11.775000 0.600000
44079 42.342000 -50.671000 -11.797000 0.700000
144041 45.062000 -52.949000 -11.659000 0.500000
352 42.038000 -50.493000 -12.045000 0.700000
144040 45.480000 -53.201000 -11.870000 0.500000
137448 41.747000 -50.298000 -12.358000 0.800000
32046 41.436000 -50.172000 -12.713000 0.700000
7152 41.200000 -49.999000 -13.513000 0.700000
70314 41.345000 -50.103000 -13.103000 0.700000
102093 41.166000 -49.876000 -13.988000 0.700000
15759 41.100000 -49.828000 -14.418000 0.700000
1414 41.083000 -49.567000 -15.428000 0.700000
46479 41.084000 -49.617000 -14.923000 0.700000
137459 41.320000 -48.098000 -15.227000 0.800000
137460 41.547000 -47.431000 -14.951000 0.800000
32051 41.757000 -46.651000 -15.085000 0.800000
70323 41.525000 -47.310000 -15.417000 0.800000
70324 41.726000 -46.483000 -15.641000 0.800000
3335 41.579000 -46.416000 -16.036000 0.800000
118451 41.290000 -47.743000 -17.332000 1.000000
118452 41.377000 -46.899000 -16.896000 0.900000
118453 41.580000 -46.267000 -16.582000 0.800000
56083 41.354000 -46.754000 -17.440000 1.000000
24435 41.510000 -46.050000 -17.026000 0.800000
93554 41.324000 -48.160000 -18.314000 1.000000
11015 41.294000 -47.460000 -17.856000 1.000000
41735 41.256000 -48.035000 -18.645000 1.000000
11016 41.166000 -47.225000 -18.649000 1.000000
93559 40.943000 -46.159000 -18.945000 1.000000
90874 39.402000 -46.983000 -20.374000 1.000000
22612 38.904000 -47.374000 -20.202000 1.000000
93560 40.824000 -45.935000 -19.265000 1.000000
162306 40.623000 -45.436000 -19.573000 1.000000
40450 40.393000 -45.747000 -19.745000 1.000000
10071 39.811000 -46.621000 -20.236000 1.000000
162308 40.292000 -44.929000 -19.732000 1.000000
63116 44.315000 -50.733000 -11.865000 0.700000
97774 43.879000 -50.531000 -11.781000 0.700000
44080 43.073000 -50.026000 -11.796000 0.600000
44081 42.675000 -49.843000 -12.047000 0.600000
137449 42.298000 -49.624000 -12.255000 0.600000
137450 41.994000 -49.529000 -12.497000 0.700000
70316 41.564000 -49.197000 -13.207000 0.700000
70315 41.717000 -49.347000 -12.831000 0.700000
102094 41.384000 -49.144000 -13.652000 0.700000
102095 41.317000 -48.994000 -14.063000 0.700000
102097 41.679000 -47.496000 -14.399000 0.800000
46480 41.194000 -49.020000 -14.507000 0.700000
15761 41.365000 -48.161000 -14.728000 0.800000
137462 42.035000 -45.852000 -15.248000 0.800000
102099 41.892000 -45.725000 -15.751000 0.800000
118454 41.720000 -45.435000 -16.667000 0.800000
56084 41.446000 -45.896000 -17.468000 0.800000
56085 41.632000 -45.224000 -17.190000 0.800000
93556 41.250000 -46.488000 -18.306000 1.000000
3336 41.313000 -45.680000 -17.943000 1.000000
56086 41.523000 -45.052000 -17.589000 0.700000
93557 41.212000 -45.620000 -18.332000 1.000000
56088 41.392000 -44.938000 -17.982000 0.900000
11017 41.025000 -45.520000 -18.624000 1.000000
56089 40.861000 -45.268000 -18.887000 1.000000
56091 40.788000 -44.392000 -18.855000 1.000000
114429 38.515000 -47.040000 -20.331000 1.000000
3338 40.735000 -45.035000 -19.264000 1.000000
162309 40.511000 -44.555000 -19.522000 1.000000
114432 39.834000 -45.887000 -20.304000 1.000000
114431 39.486000 -46.330000 -20.508000 1.000000
114430 39.004000 -46.685000 -20.410000 1.000000
162307 40.194000 -45.486000 -20.284000 1.000000
97775 43.467000 -50.301000 -11.774000 0.700000
137451 42.230000 -48.689000 -12.675000 0.600000
32048 41.986000 -48.604000 -13.007000 0.700000
15760 41.573000 -48.372000 -13.797000 0.700000
137453 41.758000 -48.485000 -13.356000 0.700000
102096 41.444000 -48.345000 -14.175000 0.700000
70317 41.799000 -47.635000 -13.952000 0.800000
137461 41.943000 -46.757000 -14.647000 0.700000
137463 42.197000 -45.923000 -14.872000 0.700000
102100 42.142000 -44.914000 -15.894000 0.700000
15762 42.103000 -44.554000 -16.431000 0.700000
118455 41.912000 -44.595000 -16.785000 0.700000
56087 41.606000 -44.267000 -17.689000 0.800000
24436 41.713000 -44.306000 -17.294000 0.700000
118461 41.172000 -44.806000 -18.330000 0.900000
56090 40.965000 -44.638000 -18.609000 1.000000
24439 40.949000 -43.778000 -18.628000 1.000000
53332 38.633000 -46.395000 -20.509000 1.000000
56093 40.670000 -44.124000 -19.235000 1.000000
114433 39.571000 -45.680000 -20.589000 1.000000
90882 40.198000 -44.674000 -20.211000 1.000000
97776 43.738000 -49.527000 -12.092000 0.600000
13361 43.324000 -49.295000 -12.086000 0.600000
162979 42.954000 -49.129000 -12.266000 0.600000
91443 43.236000 -48.337000 -12.529000 0.600000
32047 42.553000 -48.906000 -12.429000 0.600000
91442 42.832000 -48.160000 -12.672000 0.600000
137452 42.502000 -48.017000 -12.899000 0.600000
137454 42.263000 -47.840000 -13.209000 0.600000
70318 41.993000 -47.824000 -13.548000 0.600000
70319 42.265000 -47.026000 -13.748000 0.700000
137464 42.309000 -46.150000 -14.363000 0.700000
70326 42.463000 -45.179000 -15.109000 0.700000
15763 42.331000 -45.083000 -15.464000 0.700000
102101 42.562000 -44.184000 -15.769000 0.700000
46483 42.413000 -44.054000 -16.191000 0.700000
46482 42.256000 -43.935000 -16.571000 0.700000
44084 47.332000 -39.912000 -18.969000 0.300000
118458 41.840000 -43.581000 -17.377000 0.700000
118456 42.056000 -43.790000 -16.917000 0.700000
44086 47.594000 -39.210000 -19.713000 0.300000
118459 41.664000 -43.451000 -17.732000 0.800000
40444 35.620000 -47.630000 -18.299000 0.900000
118462 41.129000 -44.033000 -18.319000 1.000000
22610 36.849000 -47.050000 -19.284000 1.000000
22611 38.073000 -46.663000 -20.157000 1.000000
114426 37.448000 -46.906000 -19.804000 1.000000
24440 40.638000 -43.458000 -19.213000 1.000000
90883 40.153000 -44.092000 -20.116000 1.000000
40451 40.251000 -44.201000 -19.734000 1.000000
22614 39.881000 -45.182000 -20.367000 1.000000
22613 39.163000 -46.104000 -20.629000 1.000000
90881 39.901000 -44.456000 -20.402000 1.000000
97777 43.999000 -48.762000 -12.343000 0.600000
162980 43.571000 -48.475000 -12.359000 0.600000
40675 43.843000 -47.846000 -12.668000 0.600000
91444 43.518000 -47.611000 -12.801000 0.600000
114771 43.809000 -46.895000 -13.080000 0.600000
114770 43.447000 -46.717000 -13.215000 0.700000
137456 43.101000 -46.583000 -13.411000 0.700000
137455 42.778000 -47.310000 -13.159000 0.600000
70320 42.827000 -46.385000 -13.707000 0.700000
162992 46.706000 -44.543000 -15.185000 0.300000
40678 46.353000 -44.350000 -15.121000 0.300000
70321 42.584000 -46.280000 -14.038000 0.700000
32052 42.653000 -45.369000 -14.626000 0.700000
70325 42.790000 -44.346000 -15.427000 0.700000
44083 47.013000 -40.532000 -18.317000 0.300000
44082 46.770000 -40.221000 -18.347000 0.400000
632 47.037000 -39.414000 -19.096000 0.400000
137477 46.870000 -39.067000 -18.998000 0.400000
162287 34.932000 -47.836000 -17.944000 0.700000
162286 34.379000 -47.303000 -18.053000 0.700000
91513 47.046000 -36.180000 -20.656000 0.300000
44088 47.286000 -38.747000 -19.757000 0.300000
24437 41.984000 -42.838000 -17.479000 0.700000
90866 35.744000 -46.837000 -18.770000 0.900000
163064 47.321000 -36.634000 -20.841000 0.300000
163060 47.049000 -38.450000 -19.622000 0.300000
118460 41.461000 -43.206000 -18.084000 0.800000
114424 36.326000 -46.726000 -19.152000 0.900000
40702 46.989000 -37.367000 -20.148000 0.300000
91510 46.789000 -38.031000 -19.673000 0.300000
118463 41.131000 -43.203000 -18.348000 0.800000
118465 40.835000 -42.798000 -18.860000 1.000000
53331 38.162000 -45.969000 -20.419000 1.000000
162311 40.365000 -43.110000 -19.425000 1.000000
53334 39.268000 -45.460000 -20.770000 1.000000
53333 38.741000 -45.612000 -20.693000 1.000000
90884 40.232000 -43.612000 -19.760000 1.000000
114434 39.652000 -45.007000 -20.728000 1.000000
10072 39.932000 -43.698000 -20.496000 1.000000
114435 39.631000 -44.360000 -20.734000 1.000000
162315 39.592000 -43.651000 -20.698000 1.000000
114772 44.105000 -46.211000 -13.377000 0.700000
22802 43.782000 -46.015000 -13.523000 0.700000
162993 46.378000 -45.216000 -14.603000 0.300000
162990 46.034000 -44.985000 -14.525000 0.400000
137457 43.448000 -45.812000 -13.742000 0.700000
32050 43.187000 -45.592000 -14.058000 0.700000
137465 42.932000 -45.512000 -14.382000 0.700000
91451 46.026000 -44.037000 -15.202000 0.400000
70327 43.024000 -44.597000 -15.022000 0.700000
91450 46.381000 -43.445000 -15.822000 0.300000
28659 45.745000 -43.812000 -15.253000 0.500000
7155 43.370000 -43.828000 -15.448000 0.700000
102102 43.132000 -43.550000 -15.808000 0.700000
128309 46.038000 -43.167000 -15.846000 0.500000
15764 42.874000 -43.391000 -16.149000 0.700000
97779 46.421000 -41.706000 -17.111000 0.400000
137473 45.574000 -41.745000 -16.617000 0.600000
137474 45.872000 -41.151000 -17.190000 0.500000
46484 42.661000 -43.110000 -16.458000 0.700000
97780 46.710000 -41.133000 -17.669000 0.300000
1416 42.479000 -43.132000 -16.783000 0.700000
53546 45.379000 -36.484000 -19.432000 0.400000
32056 45.882000 -40.141000 -17.811000 0.400000
118457 42.119000 -42.938000 -17.124000 0.700000
128033 33.662000 -46.970000 -18.165000 0.700000
22826 46.070000 -35.866000 -19.864000 0.400000
137476 46.555000 -39.758000 -18.396000 0.400000
137478 46.267000 -39.397000 -18.384000 0.400000
53328 33.542000 -47.686000 -17.785000 0.600000
91512 46.878000 -35.720000 -20.492000 0.300000
22825 46.569000 -36.586000 -19.843000 0.300000
114813 46.225000 -36.268000 -19.976000 0.400000
32057 46.503000 -38.789000 -18.986000 0.400000
137479 45.885000 -39.169000 -18.493000 0.400000
70344 41.689000 -42.712000 -17.775000 0.700000
70345 42.099000 -42.132000 -17.610000 0.700000
90865 35.126000 -46.980000 -18.373000 0.700000
114812 45.916000 -37.126000 -19.546000 0.400000
91509 46.235000 -38.422000 -19.059000 0.400000
137480 45.633000 -38.888000 -18.536000 0.400000
3337 41.511000 -42.451000 -18.147000 0.800000
163063 46.828000 -36.939000 -20.127000 0.300000
91511 46.479000 -37.718000 -19.531000 0.300000
7157 45.893000 -38.153000 -18.983000 0.400000
102111 41.218000 -42.344000 -18.401000 0.800000
53330 37.553000 -46.183000 -20.111000 1.000000
15769 41.109000 -42.002000 -18.704000 0.900000
118466 40.631000 -42.668000 -19.183000 1.000000
22615 39.327000 -44.778000 -20.935000 1.000000
162318 39.923000 -43.098000 -20.417000 1.000000
90885 40.112000 -43.415000 -20.060000 1.000000
40452 40.295000 -42.838000 -19.747000 1.000000
162314 39.357000 -44.020000 -21.008000 1.000000
162313 38.827000 -44.377000 -20.970000 1.000000
40453 39.357000 -43.311000 -21.006000 1.000000
90887 38.906000 -43.662000 -21.052000 1.000000
22803 44.496000 -46.453000 -13.272000 0.600000
114773 44.775000 -45.703000 -13.603000 0.600000
53523 44.428000 -45.547000 -13.761000 0.600000
53522 44.158000 -45.286000 -13.956000 0.700000
114774 45.408000 -45.343000 -14.042000 0.500000
22804 45.084000 -45.064000 -14.112000 0.600000
137458 43.825000 -45.089000 -14.162000 0.700000
162989 45.733000 -44.669000 -14.575000 0.500000
162988 45.402000 -44.425000 -14.678000 0.400000
137466 43.537000 -44.902000 -14.432000 0.700000
70328 43.280000 -44.724000 -14.736000 0.700000
128307 45.095000 -44.219000 -14.729000 0.600000
32053 43.880000 -44.209000 -14.847000 0.700000
128308 45.396000 -43.629000 -15.305000 0.600000
70329 43.617000 -44.082000 -15.095000 0.700000
63123 45.798000 -42.945000 -15.952000 0.600000
63122 45.467000 -42.679000 -15.983000 0.600000
102103 43.709000 -43.100000 -15.801000 0.700000
102104 43.514000 -42.822000 -16.097000 0.700000
5682 45.862000 -41.990000 -16.673000 0.500000
32055 45.273000 -41.391000 -16.904000 0.600000
70333 44.598000 -41.858000 -16.418000 0.600000
46485 43.226000 -42.620000 -16.407000 0.600000
128337 44.582000 -36.799000 -19.143000 0.400000
137475 46.167000 -40.407000 -17.748000 0.400000
70335 45.658000 -40.728000 -17.374000 0.400000
70334 44.946000 -41.179000 -16.910000 0.500000
70332 44.375000 -41.550000 -16.774000 0.600000
46486 42.964000 -42.370000 -16.737000 0.700000
128338 45.131000 -36.258000 -19.399000 0.400000
70336 45.312000 -40.461000 -17.497000 0.500000
46488 42.695000 -42.269000 -17.047000 0.700000
53545 45.742000 -36.789000 -19.398000 0.400000
1417 44.791000 -36.970000 -19.058000 0.500000
70337 45.562000 -39.781000 -17.894000 0.400000
32058 45.298000 -39.461000 -18.124000 0.400000
137487 42.370000 -42.132000 -17.308000 0.700000
90864 35.235000 -46.427000 -18.760000 0.900000
28541 34.521000 -46.572000 -18.445000 0.700000
114811 46.238000 -37.356000 -19.569000 0.400000
137483 45.347000 -38.506000 -18.756000 0.400000
102112 41.654000 -41.628000 -18.221000 0.700000
70346 41.822000 -41.904000 -17.887000 0.700000
114810 45.678000 -37.866000 -19.064000 0.400000
114423 36.468000 -46.006000 -19.510000 0.900000
46489 40.905000 -41.948000 -18.843000 0.900000
22609 37.065000 -45.832000 -19.960000 0.900000
53335 38.754000 -44.968000 -20.823000 1.000000
53329 37.641000 -45.519000 -20.283000 1.000000
162312 40.401000 -42.439000 -19.442000 1.000000
2505 38.300000 -45.341000 -20.648000 1.000000
162319 40.107000 -42.601000 -20.048000 1.000000
128043 38.419000 -44.632000 -20.926000 1.000000
128042 37.816000 -44.869000 -20.594000 1.000000
40454 39.913000 -42.341000 -20.376000 1.000000
114438 39.334000 -41.150000 -21.326000 0.900000
22617 39.441000 -41.627000 -20.976000 1.000000
162316 39.399000 -42.538000 -20.947000 1.000000
90886 38.581000 -43.140000 -21.216000 1.000000
28545 38.444000 -43.952000 -21.119000 1.000000
114437 39.134000 -42.015000 -21.210000 1.000000
5619 38.794000 -42.195000 -21.376000 1.000000
128046 38.158000 -42.834000 -21.349000 0.900000
114436 38.893000 -41.528000 -21.499000 1.000000
128049 38.355000 -41.971000 -21.399000 0.900000
53524 44.763000 -44.870000 -14.170000 0.600000
1415 44.472000 -44.644000 -14.394000 0.700000
137467 44.196000 -44.440000 -14.648000 0.700000
128306 44.820000 -44.031000 -14.836000 0.700000
70330 44.253000 -43.503000 -15.307000 0.700000
28658 45.171000 -43.285000 -15.464000 0.600000
137469 44.842000 -43.095000 -15.614000 0.600000
70331 43.941000 -43.261000 -15.607000 0.700000
32054 44.600000 -42.767000 -15.775000 0.700000
137471 44.288000 -42.569000 -16.010000 0.600000
15765 44.055000 -42.270000 -16.312000 0.600000
102105 43.780000 -42.050000 -16.495000 0.600000
63145 44.568000 -35.880000 -19.425000 0.300000
137470 45.175000 -42.447000 -16.125000 0.600000
137472 44.952000 -42.115000 -16.353000 0.600000
15766 43.491000 -41.904000 -16.758000 0.600000
28671 44.214000 -36.650000 -19.199000 0.400000
63144 44.102000 -36.497000 -19.519000 0.400000
7156 44.691000 -40.829000 -17.121000 0.600000
102106 44.067000 -41.259000 -16.920000 0.600000
102107 44.413000 -40.572000 -17.303000 0.500000
46487 43.204000 -41.692000 -16.957000 0.600000
137481 44.715000 -40.028000 -17.708000 0.400000
15768 42.900000 -41.608000 -17.205000 0.600000
137495 44.172000 -37.551000 -18.956000 0.500000
32059 44.677000 -39.005000 -18.191000 0.400000
137482 44.957000 -39.336000 -18.249000 0.400000
137488 42.650000 -41.341000 -17.503000 0.600000
137486 44.441000 -37.858000 -18.810000 0.500000
137484 44.996000 -38.266000 -18.717000 0.400000
137490 42.051000 -40.993000 -18.069000 0.600000
137485 44.686000 -38.151000 -18.670000 0.400000
70342 44.421000 -38.825000 -18.411000 0.400000
5617 35.900000 -46.010000 -19.188000 0.900000
46490 41.259000 -41.119000 -18.715000 0.900000
102113 41.422000 -41.430000 -18.493000 0.800000
128039 36.027000 -45.427000 -19.519000 0.900000
128040 36.608000 -45.250000 -19.875000 0.900000
62932 36.750000 -44.583000 -20.187000 0.900000
128041 37.229000 -45.132000 -20.232000 0.900000
162320 40.357000 -42.030000 -19.723000 1.000000
90890 39.761000 -42.010000 -20.702000 1.000000
128044 37.886000 -44.298000 -20.764000 1.000000
128045 38.032000 -43.571000 -21.082000 0.900000
128050 38.577000 -41.074000 -21.606000 1.000000
28547 38.032000 -41.364000 -21.571000 1.000000
128048 37.756000 -42.227000 -21.292000 0.900000
62939 38.318000 -40.664000 -21.744000 1.000000
62938 37.799000 -40.831000 -21.790000 0.900000
137468 44.501000 -43.754000 -15.067000 0.700000
28673 44.964000 -35.070000 -19.681000 0.300000
63146 44.389000 -35.770000 -19.565000 0.300000
5689 43.749000 -36.453000 -19.354000 0.300000
102108 43.770000 -41.131000 -17.054000 0.600000
137497 43.648000 -37.254000 -19.187000 0.500000
137498 43.343000 -37.112000 -19.267000 0.400000
15767 44.057000 -40.442000 -17.362000 0.500000
70340 44.400000 -39.714000 -17.854000 0.500000
70339 43.807000 -40.209000 -17.605000 0.500000
102110 43.189000 -40.823000 -17.516000 0.500000
137496 43.892000 -37.484000 -18.965000 0.500000
70341 44.098000 -39.571000 -17.936000 0.500000
7158 43.525000 -40.068000 -17.928000 0.500000
32063 43.541000 -38.231000 -18.762000 0.500000
70343 43.756000 -39.310000 -18.195000 0.500000
32061 42.322000 -41.214000 -17.809000 0.600000
137494 43.817000 -38.478000 -18.604000 0.500000
32060 44.093000 -38.637000 -18.446000 0.500000
15770 41.860000 -40.828000 -18.349000 0.700000
70351 42.884000 -38.674000 -18.562000 0.500000
70350 43.158000 -39.052000 -18.512000 0.500000
102114 41.601000 -40.514000 -18.604000 0.600000
46491 41.058000 -41.184000 -18.913000 0.900000
162321 40.534000 -41.659000 -19.497000 0.900000
1418 40.661000 -41.799000 -19.158000 0.900000
40455 40.388000 -41.218000 -19.763000 0.900000
114439 39.667000 -40.751000 -21.018000 0.900000
90889 39.924000 -41.054000 -20.759000 0.900000
90891 39.888000 -41.449000 -20.333000 0.900000
90892 40.177000 -41.772000 -20.081000 1.000000
62934 37.478000 -43.652000 -20.828000 0.900000
28544 37.330000 -44.396000 -20.539000 0.900000
28546 37.663000 -42.941000 -21.031000 0.900000
22616 39.097000 -40.818000 -21.565000 0.800000
128051 38.857000 -40.203000 -21.782000 0.700000
62935 36.976000 -43.061000 -20.784000 0.900000
62937 37.530000 -41.667000 -21.572000 0.900000
128047 37.222000 -42.388000 -21.188000 0.900000
128342 44.767000 -34.851000 -19.793000 0.300000
97792 44.164000 -35.413000 -19.637000 0.300000
97793 43.811000 -35.307000 -19.800000 0.400000
44090 43.571000 -35.105000 -20.000000 0.300000
97791 43.497000 -36.039000 -19.600000 0.300000
13369 43.184000 -35.937000 -19.870000 0.400000
137501 43.131000 -36.859000 -19.447000 0.400000
102109 43.459000 -40.966000 -17.338000 0.600000
32064 43.059000 -37.783000 -19.091000 0.500000
137500 42.774000 -37.593000 -19.204000 0.400000
137492 43.127000 -39.896000 -18.007000 0.500000
137489 42.882000 -40.642000 -17.747000 0.500000
70353 42.799000 -38.406000 -18.925000 0.500000
137493 43.507000 -39.112000 -18.283000 0.500000
137491 42.546000 -40.519000 -17.936000 0.500000
70349 42.602000 -39.503000 -18.335000 0.500000
70348 42.316000 -40.254000 -18.171000 0.500000
7159 42.485000 -39.174000 -18.689000 0.500000
70347 42.123000 -40.015000 -18.514000 0.500000
102116 42.077000 -39.214000 -18.825000 0.500000
102117 41.691000 -39.632000 -18.973000 0.600000
15771 41.399000 -40.337000 -18.818000 0.600000
102119 41.238000 -39.504000 -19.430000 0.700000
15773 41.024000 -40.208000 -19.291000 0.700000
46493 40.833000 -40.914000 -19.196000 0.700000
162323 40.955000 -39.671000 -19.626000 0.700000
90894 40.577000 -40.405000 -19.889000 0.800000
162322 40.725000 -40.726000 -19.546000 0.800000
62933 36.858000 -43.922000 -20.434000 0.900000
10073 40.056000 -40.722000 -20.442000 0.900000
90893 40.307000 -40.885000 -20.120000 0.900000
53337 39.571000 -40.135000 -21.369000 0.700000
97665 36.597000 -42.676000 -20.934000 0.900000
13299 36.809000 -41.867000 -21.220000 0.900000
62940 37.981000 -40.093000 -21.884000 1.000000
44091 43.316000 -34.768000 -19.913000 0.300000
44089 42.911000 -35.677000 -19.801000 0.400000
44093 43.013000 -34.905000 -20.018000 0.300000
137502 42.834000 -36.727000 -19.643000 0.400000
624 42.638000 -35.814000 -19.965000 0.300000
32065 42.525000 -37.418000 -19.476000 0.400000
137503 42.552000 -36.476000 -19.726000 0.400000
137504 42.356000 -36.533000 -19.954000 0.400000
137499 42.393000 -38.512000 -18.966000 0.400000
70357 42.230000 -37.275000 -19.602000 0.400000
32066 42.066000 -37.181000 -19.760000 0.400000
70355 42.249000 -38.098000 -19.299000 0.400000
70356 42.009000 -38.008000 -19.559000 0.400000
70354 41.732000 -38.800000 -19.409000 0.500000
15772 41.968000 -38.958000 -19.128000 0.500000
40456 40.782000 -39.743000 -19.992000 0.600000
90895 40.412000 -40.039000 -20.172000 0.800000
114440 39.965000 -40.292000 -20.796000 0.700000
53336 39.374000 -39.839000 -21.663000 0.700000
62936 36.944000 -41.240000 -21.548000 0.900000
97667 36.419000 -41.336000 -21.427000 0.900000
162336 37.890000 -39.650000 -22.165000 0.900000
162333 36.991000 -39.985000 -22.073000 0.800000
97668 36.753000 -40.633000 -21.718000 0.800000
162335 37.404000 -39.177000 -22.424000 0.700000
162334 37.090000 -38.537000 -22.620000 0.800000
162358 42.859000 -34.329000 -20.083000 0.300000
162357 42.451000 -35.184000 -20.111000 0.300000
162330 42.175000 -35.991000 -20.041000 0.300000
162356 42.002000 -35.644000 -20.158000 0.400000
162329 41.968000 -36.736000 -19.962000 0.400000
40458 41.667000 -36.606000 -20.194000 0.400000
90899 41.424000 -37.459000 -20.223000 0.500000
70358 41.760000 -37.929000 -19.650000 0.500000
40457 41.188000 -38.278000 -20.192000 0.500000
90898 41.003000 -37.925000 -20.376000 0.500000
162327 41.360000 -38.301000 -19.848000 0.500000
90897 40.801000 -38.662000 -20.351000 0.500000
162326 41.003000 -38.998000 -20.078000 0.500000
162325 40.545000 -39.507000 -20.252000 0.600000
114441 40.339000 -39.972000 -20.541000 0.700000
114442 40.063000 -39.583000 -20.840000 0.700000
53338 39.700000 -39.329000 -21.334000 0.700000
2506 39.457000 -39.182000 -21.683000 0.700000
128052 39.105000 -39.447000 -21.772000 0.700000
162339 39.450000 -38.619000 -21.896000 0.700000
162337 38.341000 -39.467000 -22.102000 0.800000
90907 38.726000 -38.606000 -22.302000 0.700000
13373 43.437000 -33.911000 -20.095000 0.300000
90924 42.797000 -33.818000 -20.173000 0.300000
90923 42.128000 -34.510000 -20.290000 0.400000
40467 42.469000 -34.592000 -20.216000 0.300000
90922 41.884000 -35.181000 -20.413000 0.400000
162355 41.570000 -35.925000 -20.470000 0.400000
90900 41.248000 -36.884000 -20.509000 0.400000
162354 41.298000 -36.313000 -20.524000 0.300000
10074 41.034000 -37.176000 -20.645000 0.500000
90896 40.796000 -38.090000 -20.685000 0.600000
162351 40.720000 -37.261000 -20.756000 0.300000
114444 40.518000 -37.920000 -20.898000 0.500000
162350 40.367000 -37.450000 -21.047000 0.400000
22619 40.585000 -39.059000 -20.622000 0.700000
114443 40.392000 -38.624000 -20.885000 0.700000
22620 40.205000 -38.375000 -21.160000 0.600000
53339 40.062000 -38.983000 -21.124000 0.700000
22618 39.866000 -39.882000 -21.045000 0.700000
53340 39.878000 -38.694000 -21.347000 0.700000
162348 39.723000 -38.208000 -21.573000 0.600000
90921 41.894000 -34.560000 -20.426000 0.300000
40466 41.567000 -35.577000 -20.518000 0.300000
162353 41.086000 -36.282000 -20.780000 0.300000
90920 41.416000 -35.152000 -20.717000 0.300000
162352 41.021000 -35.542000 -21.006000 0.300000
114455 40.842000 -35.340000 -21.215000 0.300000
40465 40.607000 -36.613000 -20.932000 0.300000
90918 40.589000 -36.242000 -21.319000 0.400000
162349 40.110000 -38.033000 -21.408000 0.500000
90917 40.332000 -36.998000 -21.356000 0.500000
90916 40.347000 -36.508000 -21.602000 0.500000
40464 40.016000 -37.565000 -21.608000 0.600000
162347 39.524000 -37.932000 -21.942000 0.600000
162361 42.718000 -32.707000 -20.160000 0.400000
114459 42.359000 -32.732000 -20.333000 0.300000
10077 42.082000 -33.880000 -20.399000 0.300000
114458 41.873000 -33.384000 -20.431000 0.300000
90919 41.641000 -34.218000 -20.595000 0.300000
114457 41.458000 -33.853000 -20.665000 0.300000
22627 41.208000 -34.752000 -20.833000 0.300000
114456 40.992000 -34.581000 -21.121000 0.300000
114454 40.807000 -34.533000 -21.365000 0.300000
10076 40.511000 -35.607000 -21.517000 0.400000
90912 40.256000 -35.397000 -21.792000 0.400000
90915 39.997000 -36.859000 -21.913000 0.600000
90914 40.182000 -35.971000 -21.794000 0.400000
90913 40.093000 -35.443000 -22.027000 0.400000
40463 39.751000 -36.462000 -22.196000 0.500000
162346 39.454000 -37.477000 -22.166000 0.600000
22622 37.406000 -37.817000 -22.794000 0.700000
90903 36.196000 -38.767000 -22.511000 0.800000
22629 42.640000 -31.871000 -20.218000 0.400000
114460 42.057000 -32.646000 -20.336000 0.300000
22628 41.697000 -33.079000 -20.607000 0.300000
53347 41.219000 -33.424000 -20.833000 0.300000
22626 40.862000 -33.986000 -21.157000 0.300000
114453 40.523000 -34.177000 -21.471000 0.400000
22625 40.139000 -34.814000 -22.001000 0.400000
162343 39.786000 -35.250000 -22.371000 0.400000
162344 39.670000 -35.894000 -22.476000 0.400000
162345 39.336000 -36.982000 -22.484000 0.500000
40462 39.293000 -35.417000 -22.637000 0.400000
90908 39.049000 -37.839000 -22.453000 0.600000
162342 39.122000 -36.158000 -22.708000 0.400000
90904 38.254000 -37.357000 -22.822000 0.700000
114449 38.486000 -36.624000 -22.873000 0.400000
22623 38.218000 -36.054000 -23.013000 0.400000
114448 37.851000 -36.851000 -22.951000 0.600000
53342 37.406000 -36.339000 -23.020000 0.500000
114447 37.304000 -37.003000 -22.993000 0.600000
114446 36.733000 -37.912000 -22.821000 0.700000
114445 36.324000 -37.327000 -22.953000 0.700000
90926 42.838000 -31.159000 -20.141000 0.300000
53349 41.843000 -32.052000 -20.415000 0.300000
53348 41.457000 -32.430000 -20.608000 0.300000
53346 41.058000 -32.874000 -20.921000 0.300000
53345 40.651000 -33.312000 -21.172000 0.300000
114452 40.244000 -34.100000 -21.778000 0.400000
114451 39.812000 -34.253000 -22.148000 0.300000
5622 39.617000 -33.725000 -22.177000 0.300000
90911 39.368000 -34.556000 -22.423000 0.300000
90909 39.147000 -34.143000 -22.448000 0.300000
162341 38.732000 -35.698000 -22.819000 0.400000
90910 39.047000 -34.840000 -22.671000 0.300000
28550 38.748000 -34.290000 -22.766000 0.300000
162340 38.396000 -35.207000 -22.806000 0.300000
128054 38.129000 -34.612000 -22.993000 0.300000
53343 37.940000 -35.344000 -23.073000 0.300000
1394 37.481000 -34.921000 -23.169000 0.400000
53341 37.202000 -35.675000 -23.154000 0.500000
22621 36.864000 -36.530000 -23.017000 0.500000
137227 36.090000 -36.704000 -23.105000 0.500000
22630 41.996000 -31.242000 -20.213000 0.300000
53350 41.606000 -31.630000 -20.546000 0.300000
2507 41.249000 -31.823000 -20.486000 0.300000
53344 40.777000 -32.549000 -21.071000 0.300000
22624 40.371000 -32.847000 -21.333000 0.300000
128057 39.461000 -33.054000 -22.244000 0.300000
128056 38.975000 -33.465000 -22.545000 0.300000
128055 38.519000 -33.745000 -22.888000 0.300000
128053 38.084000 -33.868000 -23.128000 0.300000
137229 36.943000 -35.190000 -23.396000 0.400000
137228 36.375000 -35.911000 -23.254000 0.500000
31965 36.308000 -35.302000 -23.482000 0.500000
70139 35.873000 -36.055000 -23.348000 0.500000
162367 41.852000 -30.346000 -20.103000 0.300000
128064 41.323000 -31.083000 -20.508000 0.300000
128063 40.880000 -31.483000 -20.841000 0.300000
128062 40.589000 -31.835000 -21.106000 0.300000
128061 40.124000 -32.372000 -21.527000 0.300000
128060 39.797000 -32.690000 -21.857000 0.300000
28551 39.225000 -32.601000 -22.441000 0.300000
62942 38.874000 -32.825000 -22.750000 0.300000
137238 37.419000 -34.141000 -23.379000 0.400000
137237 36.757000 -34.328000 -23.516000 0.400000
137236 35.933000 -34.608000 -23.666000 0.400000
31967 35.995000 -33.887000 -23.948000 0.400000
70140 35.604000 -35.401000 -23.618000 0.500000
137235 35.335000 -34.669000 -23.782000 0.400000
162369 42.597000 -29.772000 -20.078000 0.300000
162368 42.113000 -30.431000 -20.298000 0.300000
28553 40.758000 -30.807000 -20.895000 0.300000
62947 40.268000 -31.457000 -21.223000 0.300000
28552 39.933000 -31.847000 -21.710000 0.300000
128059 39.582000 -32.142000 -22.016000 0.300000
62943 38.994000 -32.046000 -22.593000 0.300000
28549 38.371000 -33.164000 -23.078000 0.300000
137240 38.173000 -32.573000 -23.250000 0.300000
137239 37.893000 -33.420000 -23.281000 0.300000
31968 37.170000 -33.642000 -23.576000 0.400000
70147 36.590000 -33.736000 -23.776000 0.300000
90932 41.905000 -29.578000 -20.254000 0.300000
28554 41.403000 -30.257000 -20.482000 0.300000
128066 41.231000 -29.562000 -20.408000 0.300000
128065 41.067000 -30.398000 -20.570000 0.300000
62948 40.498000 -30.241000 -21.010000 0.300000
62946 40.145000 -30.700000 -21.312000 0.300000
62944 40.053000 -30.113000 -21.558000 0.300000
62945 39.869000 -31.120000 -21.749000 0.300000
128058 39.510000 -31.501000 -22.112000 0.300000
13302 39.658000 -30.631000 -22.031000 0.300000
62941 38.698000 -32.393000 -22.979000 0.300000
90931 41.559000 -29.172000 -20.288000 0.300000
62949 40.851000 -29.932000 -20.728000 0.300000
28555 41.013000 -28.793000 -20.569000 0.300000
62950 40.746000 -29.074000 -20.847000 0.300000
5623 40.390000 -29.692000 -21.234000 0.300000
97670 39.395000 -31.073000 -22.450000 0.300000
5621 39.065000 -31.408000 -22.813000 0.300000
137241 38.676000 -31.628000 -23.076000 0.300000
128067 41.369000 -28.435000 -20.367000 0.300000
128069 41.135000 -27.903000 -20.604000 0.300000
97674 40.431000 -28.796000 -21.133000 0.300000
128068 40.776000 -28.202000 -20.769000 0.400000
97673 40.199000 -29.082000 -21.376000 0.300000
97672 39.894000 -29.530000 -21.703000 0.300000
97671 39.579000 -29.892000 -22.049000 0.300000
97675 40.403000 -28.003000 -21.266000 0.400000
13304 40.650000 -27.552000 -20.910000 0.400000
13303 40.144000 -28.511000 -21.658000 0.400000
62952 40.893000 -27.244000 -20.755000 0.300000
97676 40.496000 -27.074000 -21.305000 0.400000
75758 41.344000 -50.711000 -19.208000 1.000000
34355 41.311000 -49.935000 -19.257000 1.000000
162219 41.096000 -50.929000 -19.513000 0.900000
28548 38.651000 -39.796000 -21.893000 0.700000
40460 38.057000 -39.130000 -22.384000 0.800000
90905 37.788000 -38.279000 -22.703000 0.800000
90906 38.443000 -38.171000 -22.624000 0.700000
57873 40.857000 -59.511000 -10.327000 0.600000
120960 40.606000 -59.396000 -10.655000 0.600000
120964 40.481000 -57.788000 -11.297000 0.600000
75677 42.524000 -61.151000 -10.294000 0.500000
75678 42.937000 -61.117000 -10.215000 0.500000
120957 41.684000 -57.869000 -9.915000 0.600000
105352 41.248000 -55.013000 -17.391000 0.900000
120956 42.281000 -57.020000 -9.890000 0.500000
75681 43.487000 -58.826000 -9.470000 0.400000
105314 43.195000 -58.073000 -9.473000 0.500000
144018 43.466000 -59.572000 -9.563000 0.400000
144079 40.681000 -55.258000 -12.051000 0.700000
17568 40.609000 -54.563000 -15.522000 0.900000
17557 41.727000 -53.993000 -11.025000 0.700000
17549 43.429000 -57.385000 -9.631000 0.500000
7998 44.295000 -57.568000 -9.609000 0.500000
34345 40.774000 -53.402000 -12.512000 0.800000
144019 43.840000 -59.568000 -9.465000 0.400000
105346 40.488000 -53.999000 -13.943000 0.800000
75709 41.381000 -53.860000 -11.268000 0.700000
105318 44.460000 -56.267000 -10.221000 0.400000
144102 40.867000 -51.840000 -15.858000 0.800000
22589 39.567000 -51.216000 -19.401000 0.800000
75706 43.201000 -53.711000 -10.843000 0.600000
17552 44.799000 -55.035000 -10.880000 0.400000
75687 45.172000 -55.863000 -10.656000 0.400000
34346 41.083000 -51.808000 -12.501000 0.800000
75756 41.454000 -50.897000 -18.787000 1.000000
75695 45.160000 -54.534000 -11.220000 0.500000
75698 44.471000 -54.150000 -11.027000 0.500000
90809 40.818000 -49.706000 -19.825000 1.000000
144051 44.240000 -52.408000 -11.341000 0.700000
144110 41.452000 -49.716000 -18.089000 1.000000
75757 41.409000 -50.173000 -18.864000 1.000000
90878 40.210000 -46.923000 -20.148000 1.000000
90879 40.541000 -46.691000 -19.809000 1.000000
46481 41.197000 -48.863000 -15.013000 0.800000
93558 41.108000 -46.404000 -18.637000 1.000000
102098 41.779000 -45.578000 -16.200000 0.800000
56082 41.305000 -46.547000 -17.924000 1.000000
93555 41.246000 -47.319000 -18.311000 1.000000
7154 42.043000 -46.949000 -14.167000 0.700000
24438 41.437000 -43.999000 -18.036000 0.800000
56092 40.789000 -43.629000 -18.849000 1.000000
162310 40.423000 -43.820000 -19.471000 1.000000
118464 40.993000 -42.910000 -18.688000 1.000000
7153 43.128000 -47.415000 -12.924000 0.600000
32049 42.532000 -47.105000 -13.404000 0.700000
128311 46.707000 -42.005000 -17.073000 0.400000
162289 36.277000 -47.278000 -18.834000 1.000000
114425 36.940000 -46.464000 -19.632000 1.000000
13362 46.513000 -40.774000 -17.691000 0.400000
162317 39.584000 -42.839000 -20.550000 1.000000
28660 46.422000 -42.592000 -16.462000 0.400000
97778 46.098000 -41.513000 -17.085000 0.500000
63124 46.049000 -42.384000 -16.456000 0.500000
53544 45.066000 -37.240000 -19.113000 0.400000
22824 45.326000 -37.566000 -19.106000 0.400000
90888 38.996000 -42.791000 -21.125000 1.000000
70338 44.944000 -40.216000 -17.502000 0.500000
5620 37.324000 -40.499000 -21.893000 0.800000
70352 43.308000 -37.958000 -18.933000 0.500000
32062 42.809000 -39.780000 -18.205000 0.500000
102115 41.820000 -39.776000 -18.691000 0.500000
46492 41.236000 -40.434000 -19.029000 0.700000
102118 41.426000 -39.562000 -19.204000 0.600000
7160 41.477000 -38.697000 -19.593000 0.500000
162324 41.107000 -39.007000 -19.733000 0.500000
162328 41.709000 -37.543000 -19.948000 0.500000
162338 38.843000 -38.999000 -21.915000 0.700000
40461 39.203000 -38.124000 -22.003000 0.700000
10075 38.729000 -37.298000 -22.710000 0.600000
114450 39.963000 -33.212000 -21.712000 0.300000
17562 40.261000 -58.068000 -15.649000 0.500000
120975 40.511000 -57.997000 -16.154000 0.500000
120978 40.878000 -56.881000 -16.637000 0.500000
3935 40.167000 -59.813000 -15.538000 0.500000
120974 40.450000 -58.840000 -16.144000 0.500000
34341 39.894000 -59.873000 -14.353000 0.500000
105339 40.018000 -59.059000 -15.059000 0.500000
105338 40.209000 -58.949000 -15.611000 0.500000
144071 39.838000 -59.958000 -13.841000 0.500000
75719 39.732000 -60.024000 -12.845000 0.400000
144074 39.854000 -59.120000 -13.437000 0.500000
34339 39.799000 -60.272000 -12.412000 0.400000
75721 39.821000 -59.142000 -12.932000 0.500000
3933 39.972000 -60.252000 -11.622000 0.500000
75720 39.869000 -59.304000 -12.500000 0.500000
90862 35.803000 -50.222000 -17.395000 0.700000
40442 35.203000 -50.436000 -16.888000 0.700000
162285 36.871000 -50.493000 -18.116000 0.800000
53310 37.873000 -50.721000 -18.824000 0.800000
2502 37.343000 -50.937000 -18.436000 0.800000
22590 38.499000 -50.293000 -19.174000 0.900000
90861 35.266000 -49.652000 -17.216000 0.700000
162294 37.409000 -50.217000 -18.688000 0.900000
162293 36.999000 -49.621000 -18.525000 0.900000
162295 37.963000 -49.947000 -19.103000 0.900000
162296 38.579000 -49.491000 -19.430000 0.900000
10069 35.376000 -48.955000 -17.581000 0.600000
90863 35.871000 -49.478000 -17.737000 0.800000
40446 37.558000 -49.363000 -19.023000 0.900000
90872 38.090000 -49.143000 -19.369000 0.900000
40447 38.655000 -48.758000 -19.651000 0.900000
162299 39.241000 -48.419000 -19.900000 0.900000
28656 45.470000 -48.986000 -12.777000 0.500000
63118 44.834000 -49.351000 -12.417000 0.500000
63117 44.380000 -49.021000 -12.296000 0.500000
28655 44.996000 -50.379000 -12.280000 0.600000
128300 44.577000 -50.043000 -12.153000 0.500000
13360 44.123000 -49.764000 -12.070000 0.500000
63115 44.746000 -51.137000 -11.982000 0.600000
114422 34.809000 -48.518000 -17.559000 0.600000
162291 35.986000 -48.702000 -18.099000 0.900000
90870 37.103000 -48.911000 -18.815000 0.900000
162292 36.534000 -49.169000 -18.256000 0.900000
90871 37.646000 -48.640000 -19.306000 0.900000
90873 38.261000 -48.421000 -19.715000 0.900000
162298 38.805000 -48.056000 -19.955000 0.900000
162984 44.950000 -47.672000 -12.831000 0.500000
162983 44.601000 -47.421000 -12.854000 0.500000
63121 45.365000 -47.955000 -12.940000 0.500000
5681 44.677000 -48.379000 -12.541000 0.500000
162981 44.294000 -48.057000 -12.575000 0.500000
63120 45.761000 -48.309000 -13.020000 0.500000
63119 45.066000 -48.671000 -12.683000 0.500000
162290 36.156000 -47.912000 -18.442000 0.900000
162288 35.505000 -48.273000 -17.911000 0.700000
40445 36.638000 -48.560000 -18.568000 0.900000
90869 37.234000 -48.205000 -19.185000 0.900000
10070 37.799000 -47.995000 -19.583000 0.900000
114428 38.395000 -47.712000 -20.034000 0.900000
40676 45.211000 -46.933000 -13.147000 0.500000
162982 44.199000 -47.171000 -12.967000 0.500000
162985 45.634000 -47.267000 -13.234000 0.500000
28657 46.020000 -47.578000 -13.319000 0.500000
90868 36.740000 -47.753000 -18.921000 0.900000
90867 37.376000 -47.568000 -19.561000 0.900000
114427 37.929000 -47.354000 -19.877000 0.900000
91446 44.861000 -46.699000 -13.172000 0.500000
91447 45.458000 -46.262000 -13.517000 0.500000
91445 45.136000 -45.950000 -13.588000 0.500000
91448 45.868000 -46.561000 -13.578000 0.500000
10147 45.750000 -45.625000 -14.002000 0.400000
128034 33.827000 -46.190000 -18.625000 0.600000
28540 33.225000 -45.729000 -18.877000 0.600000
128035 34.673000 -45.857000 -18.878000 0.800000
62927 33.987000 -45.419000 -19.046000 0.700000
62926 33.426000 -44.977000 -19.283000 0.700000
62924 32.845000 -44.478000 -19.490000 0.700000
62923 32.272000 -43.893000 -19.684000 0.700000
28542 34.827000 -45.046000 -19.308000 0.800000
128036 35.315000 -45.752000 -19.121000 0.800000
62928 34.159000 -44.667000 -19.462000 0.700000
5616 33.560000 -44.127000 -19.602000 0.700000
62922 33.033000 -43.517000 -19.915000 0.700000
97660 33.786000 -43.402000 -20.006000 0.700000
97659 33.203000 -42.819000 -20.241000 0.700000
62930 35.700000 -44.132000 -19.923000 0.800000
13297 35.132000 -43.654000 -20.030000 0.800000
28543 36.188000 -44.767000 -19.746000 0.800000
13296 33.937000 -42.601000 -20.416000 0.700000
97662 34.444000 -43.233000 -20.138000 0.700000
97663 35.280000 -42.948000 -20.437000 0.800000
62931 36.313000 -44.019000 -20.195000 0.800000
44017 34.786000 -42.326000 -20.651000 0.700000
13298 35.534000 -42.131000 -20.822000 0.800000
623 34.496000 -41.012000 -21.261000 0.600000
5618 36.436000 -43.381000 -20.575000 0.800000
97664 35.983000 -42.779000 -20.587000 0.800000
44020 35.240000 -40.855000 -21.397000 0.600000
137220 34.658000 -40.350000 -21.608000 0.600000
137221 34.305000 -39.774000 -21.860000 0.600000
44019 35.640000 -41.428000 -21.211000 0.800000
162331 35.542000 -40.168000 -21.831000 0.600000
31962 35.074000 -39.642000 -22.050000 0.600000
97666 36.126000 -42.119000 -21.034000 0.800000
137222 34.771000 -39.012000 -22.305000 0.600000
13300 35.859000 -40.804000 -21.546000 0.700000
90902 36.028000 -39.377000 -22.223000 0.600000
7116 35.971000 -38.068000 -22.733000 0.700000
137223 35.115000 -38.300000 -22.629000 0.600000
90901 35.399000 -38.912000 -22.408000 0.600000
137226 35.594000 -37.498000 -22.932000 0.600000
162332 36.311000 -40.038000 -21.942000 0.700000
40459 36.668000 -39.262000 -22.362000 0.700000
94631 40.025000 -61.083000 -11.684000 0.400000
144065 39.870000 -60.202000 -12.036000 0.500000
144066 39.909000 -59.343000 -12.016000 0.500000
144073 39.863000 -59.105000 -13.907000 0.500000
144072 39.997000 -59.066000 -14.473000 0.500000
162297 39.218000 -49.174000 -19.723000 0.900000
91449 46.126000 -45.912000 -14.030000 0.300000
128038 35.508000 -44.881000 -19.520000 0.800000
75724 39.961000 -59.882000 -15.024000 0.500000
8004 39.768000 -59.920000 -13.350000 0.500000
40443 36.432000 -49.907000 -17.930000 0.800000
128301 45.206000 -49.640000 -12.523000 0.500000
128037 34.957000 -44.384000 -19.630000 0.800000
97661 34.363000 -43.879000 -19.871000 0.700000
62929 35.810000 -43.492000 -20.231000 0.800000
44016 34.229000 -41.792000 -20.826000 0.700000
44018 34.842000 -41.641000 -20.995000 0.700000
144037 45.854000 -54.297000 -11.847000 0.400000
144035 46.528000 -54.110000 -12.445000 0.400000
144039 45.860000 -53.506000 -12.069000 0.400000
144038 46.152000 -53.802000 -12.208000 0.400000
53514 45.704000 -52.679000 -12.141000 0.500000
8000 46.791000 -53.647000 -12.841000 0.400000
91419 47.171000 -53.933000 -13.034000 0.400000
128296 45.557000 -51.759000 -12.253000 0.500000
128297 45.178000 -51.374000 -12.104000 0.500000
53515 46.282000 -52.412000 -12.640000 0.500000
114758 46.670000 -52.734000 -12.919000 0.400000
22794 46.071000 -52.998000 -12.351000 0.400000
91421 47.501000 -53.404000 -13.351000 0.400000
114757 47.058000 -53.119000 -13.192000 0.400000
114756 46.437000 -53.277000 -12.582000 0.400000
91420 47.999000 -53.741000 -13.534000 0.400000
128298 45.369000 -50.769000 -12.392000 0.500000
53516 45.917000 -52.118000 -12.405000 0.500000
22795 47.355000 -52.414000 -13.407000 0.400000
162955 47.808000 -52.786000 -13.603000 0.400000
3333 49.668000 -52.457000 -14.785000 0.400000
162954 48.976000 -52.786000 -14.286000 0.400000
40666 48.291000 -53.103000 -13.807000 0.400000
56074 50.071000 -52.804000 -15.046000 0.400000
93551 49.391000 -53.118000 -14.538000 0.400000
28654 45.762000 -51.130000 -12.547000 0.500000
162961 46.145000 -51.471000 -12.754000 0.500000
22796 46.551000 -51.816000 -12.966000 0.400000
102087 52.304000 -49.618000 -17.341000 0.300000
114759 46.938000 -52.106000 -13.198000 0.400000
102086 52.134000 -50.315000 -16.967000 0.300000
91423 48.074000 -52.055000 -13.850000 0.400000
102085 52.653000 -50.638000 -17.236000 0.300000
102084 51.988000 -51.003000 -16.659000 0.300000
118443 51.298000 -51.240000 -16.106000 0.300000
56077 50.597000 -51.558000 -15.591000 0.300000
56078 49.921000 -51.760000 -15.085000 0.400000
162957 49.222000 -52.134000 -14.571000 0.400000
162956 48.562000 -52.394000 -14.038000 0.400000
118442 51.725000 -51.576000 -16.417000 0.300000
24430 51.011000 -51.956000 -15.868000 0.300000
56076 50.327000 -52.194000 -15.334000 0.400000
91427 46.021000 -50.480000 -12.847000 0.400000
91428 46.405000 -50.748000 -13.060000 0.400000
114760 47.172000 -51.433000 -13.486000 0.400000
162962 46.771000 -51.097000 -13.282000 0.400000
15756 51.823000 -49.232000 -17.051000 0.300000
46478 50.795000 -49.054000 -16.205000 0.300000
46475 51.652000 -49.901000 -16.705000 0.300000
46474 51.068000 -50.138000 -16.118000 0.300000
118445 50.359000 -50.423000 -15.617000 0.300000
162959 49.676000 -50.692000 -15.068000 0.400000
162958 49.444000 -51.419000 -14.818000 0.400000
40667 48.770000 -51.712000 -14.369000 0.400000
15754 51.508000 -50.538000 -16.377000 0.300000
118444 50.823000 -50.858000 -15.864000 0.300000
24431 50.140000 -51.091000 -15.348000 0.300000
128299 45.594000 -50.038000 -12.687000 0.400000
91434 49.253000 -48.545000 -15.326000 0.300000
91432 48.576000 -48.864000 -14.826000 0.300000
40670 48.367000 -49.560000 -14.548000 0.400000
91431 47.942000 -49.234000 -14.365000 0.400000
162965 47.684000 -49.990000 -14.096000 0.400000
40669 47.015000 -50.360000 -13.589000 0.400000
162970 50.329000 -48.659000 -15.950000 0.300000
40671 49.672000 -48.997000 -15.486000 0.300000
91433 48.988000 -49.279000 -14.983000 0.300000
162967 48.803000 -49.914000 -14.723000 0.400000
162966 48.111000 -50.295000 -14.241000 0.400000
162963 47.434000 -50.737000 -13.781000 0.400000
162969 50.122000 -49.373000 -15.644000 0.300000
162968 49.455000 -49.642000 -15.186000 0.300000
40668 49.245000 -50.320000 -14.832000 0.400000
91426 48.578000 -50.626000 -14.448000 0.400000
10144 47.905000 -51.026000 -13.942000 0.400000
1413 50.560000 -49.721000 -15.883000 0.300000
162960 49.899000 -50.000000 -15.359000 0.300000
91425 49.000000 -51.007000 -14.659000 0.400000
91424 48.344000 -51.335000 -14.135000 0.400000
128304 46.397000 -47.891000 -13.427000 0.400000
22797 46.777000 -48.227000 -13.671000 0.400000
128303 46.133000 -48.602000 -13.188000 0.400000
128302 45.834000 -49.271000 -12.912000 0.400000
114764 47.782000 -48.122000 -14.443000 0.300000
114763 47.144000 -48.567000 -13.886000 0.400000
114762 46.888000 -49.292000 -13.625000 0.400000
5680 46.240000 -49.679000 -13.134000 0.400000
91430 48.182000 -48.486000 -14.662000 0.400000
22798 47.538000 -48.854000 -14.145000 0.400000
162964 47.290000 -49.650000 -13.844000 0.400000
91429 46.617000 -50.039000 -13.391000 0.400000
44015 33.450000 -41.900000 -20.715000 0.600000
97658 32.608000 -42.245000 -20.411000 0.600000
137219 33.973000 -40.498000 -21.473000 0.500000
44014 33.612000 -41.281000 -20.999000 0.500000
31961 33.633000 -39.853000 -21.747000 0.500000
70134 34.001000 -39.120000 -22.301000 0.500000
31963 34.384000 -38.397000 -22.558000 0.500000
137225 34.618000 -37.750000 -22.797000 0.500000
31964 35.330000 -36.821000 -23.116000 0.400000
31970 38.921000 -30.212000 -23.270000 0.300000
70153 38.824000 -29.742000 -23.594000 0.300000
70151 38.532000 -30.013000 -23.978000 0.300000
44022 39.843000 -29.037000 -22.076000 0.300000
13301 39.586000 -29.428000 -22.453000 0.300000
137245 39.282000 -29.847000 -22.880000 0.300000
70154 39.109000 -29.420000 -23.177000 0.300000
7119 38.759000 -29.166000 -24.015000 0.300000
101997 38.456000 -29.480000 -24.334000 0.300000
161594 38.635000 -28.782000 -24.434000 0.300000
44023 40.028000 -27.877000 -21.810000 0.300000
44021 39.762000 -28.413000 -22.219000 0.300000
137246 39.467000 -28.938000 -22.674000 0.300000
31971 39.478000 -28.251000 -23.000000 0.300000
70155 39.128000 -28.702000 -23.499000 0.300000
161598 39.321000 -28.119000 -23.696000 0.300000
161595 39.030000 -28.465000 -24.059000 0.300000
90286 38.736000 -28.160000 -24.708000 0.300000
90284 38.431000 -27.926000 -25.289000 0.300000
44024 40.191000 -27.590000 -21.612000 0.300000
615 39.958000 -27.440000 -22.273000 0.300000
137247 39.753000 -27.887000 -22.609000 0.300000
161600 39.672000 -27.257000 -22.881000 0.300000
161599 39.478000 -27.743000 -23.342000 0.300000
40214 39.488000 -27.085000 -23.556000 0.300000
161597 39.247000 -27.492000 -24.010000 0.300000
40213 39.010000 -27.823000 -24.391000 0.300000
90285 38.777000 -27.618000 -25.010000 0.300000
13305 40.401000 -26.379000 -21.432000 0.300000
161628 40.074000 -26.285000 -22.133000 0.300000
161601 39.866000 -26.777000 -22.493000 0.300000
90291 39.670000 -26.669000 -23.190000 0.300000
90289 39.521000 -26.470000 -23.826000 0.300000
161596 39.311000 -26.901000 -24.330000 0.300000
114076 39.334000 -26.261000 -24.468000 0.300000
161629 40.255000 -25.861000 -21.795000 0.300000
161627 40.041000 -25.636000 -22.244000 0.300000
40215 39.864000 -26.180000 -22.743000 0.300000
90292 39.788000 -25.596000 -23.064000 0.300000
22416 39.497000 -25.835000 -24.093000 0.300000
40224 40.246000 -25.169000 -21.952000 0.300000
161626 39.962000 -25.074000 -22.602000 0.300000
161625 39.999000 -24.455000 -22.901000 0.300000
9993 39.825000 -24.958000 -23.282000 0.300000
90314 40.137000 -24.523000 -22.178000 0.300000
40223 40.155000 -23.934000 -22.483000 0.300000
90313 40.298000 -23.412000 -22.176000 0.300000
162953 48.720000 -53.453000 -14.018000 0.400000
34329 46.176000 -54.506000 -11.924000 0.400000
144034 46.863000 -54.366000 -12.563000 0.400000
162952 48.387000 -54.016000 -13.679000 0.400000
34328 47.620000 -54.183000 -13.177000 0.400000
11012 50.472000 -53.259000 -15.335000 0.400000
93550 49.806000 -53.451000 -14.747000 0.400000
11013 49.104000 -53.745000 -14.232000 0.400000
137433 53.358000 -50.351000 -17.908000 0.300000
70301 53.253000 -51.003000 -17.587000 0.300000
3332 52.456000 -51.342000 -16.893000 0.300000
118439 52.208000 -51.975000 -16.680000 0.300000
118441 51.415000 -52.331000 -16.174000 0.300000
56075 50.747000 -52.654000 -15.603000 0.300000
15755 52.862000 -49.984000 -17.616000 0.300000
46477 51.380000 -48.768000 -16.755000 0.300000
91435 49.892000 -48.284000 -15.768000 0.300000
15758 50.976000 -48.430000 -16.482000 0.300000
128305 46.620000 -47.162000 -13.794000 0.400000
53517 47.017000 -47.504000 -14.015000 0.400000
53518 47.392000 -47.760000 -14.217000 0.400000
114765 48.413000 -47.804000 -14.903000 0.300000
10145 48.789000 -48.169000 -15.073000 0.300000
162986 46.263000 -46.835000 -13.672000 0.400000
13295 32.346000 -43.210000 -19.999000 0.600000
97677 40.618000 -26.024000 -21.146000 0.300000
161630 40.533000 -25.310000 -21.463000 0.300000
90316 40.447000 -24.734000 -21.719000 0.300000
90315 40.282000 -24.077000 -21.880000 0.300000
90317 40.502000 -23.602000 -21.708000 0.300000
102088 52.485000 -49.037000 -17.685000 0.300000
34330 45.529000 -54.021000 -11.661000 0.400000
1784 45.312000 -52.339000 -11.965000 0.500000
91422 47.618000 -51.722000 -13.653000 0.400000
46476 51.190000 -49.392000 -16.406000 0.300000
114761 46.498000 -48.921000 -13.412000 0.400000
44025 40.180000 -26.904000 -21.853000 0.300000
90287 39.040000 -27.300000 -24.728000 0.300000
90290 39.654000 -26.041000 -23.390000 0.300000
90288 39.712000 -25.363000 -23.589000 0.300000
9996 40.485000 -22.846000 -21.894000 0.300000
75693 45.854000 -54.932000 -11.511000 0.300000
75692 46.531000 -54.721000 -12.084000 0.300000
162211 39.391000 -55.149000 -18.515000 0.600000
40418 38.935000 -54.630000 -18.358000 0.700000
162209 38.264000 -54.971000 -17.826000 0.700000
144033 47.267000 -54.615000 -12.714000 0.300000
144020 44.361000 -58.894000 -9.345000 0.300000
75683 44.540000 -58.234000 -9.431000 0.300000
114382 36.999000 -53.455000 -17.232000 0.700000
75689 45.886000 -55.579000 -11.137000 0.300000
114383 37.385000 -53.871000 -17.509000 0.700000
162208 37.813000 -54.478000 -17.621000 0.700000
75690 46.662000 -55.363000 -11.693000 0.300000
34327 46.955000 -54.966000 -12.241000 0.300000
90800 38.478000 -54.078000 -18.105000 0.700000
144030 47.344000 -55.157000 -12.225000 0.300000
41729 48.862000 -54.926000 -13.523000 0.300000
41727 48.113000 -55.025000 -12.824000 0.300000
144031 47.685000 -54.746000 -12.809000 0.300000
41730 49.624000 -54.816000 -14.149000 0.300000
41731 49.127000 -54.499000 -13.983000 0.300000
158 48.397000 -54.678000 -13.390000 0.300000
75684 44.756000 -57.659000 -9.580000 0.300000
144026 45.285000 -56.521000 -10.285000 0.400000
22586 37.159000 -52.519000 -17.677000 0.700000
34326 46.330000 -55.756000 -11.192000 0.300000
75688 45.579000 -56.045000 -10.675000 0.300000
114384 37.533000 -53.091000 -17.865000 0.700000
22587 38.045000 -53.557000 -17.967000 0.700000
144029 47.075000 -55.535000 -11.663000 0.300000
11007 47.827000 -55.380000 -12.244000 0.300000
41728 48.614000 -55.242000 -12.955000 0.300000
144032 48.026000 -54.432000 -13.285000 0.300000
93545 50.122000 -55.166000 -14.319000 0.300000
75686 45.011000 -57.089000 -9.852000 0.400000
128009 36.734000 -52.065000 -17.443000 0.700000
144025 46.501000 -56.292000 -10.673000 0.300000
144027 46.005000 -56.145000 -10.698000 0.300000
93539 47.549000 -55.707000 -11.672000 0.300000
144028 46.761000 -55.926000 -11.202000 0.300000
53307 37.681000 -52.278000 -18.228000 0.700000
93541 48.392000 -55.560000 -12.361000 0.300000
114385 38.213000 -52.639000 -18.315000 0.700000
41732 49.497000 -54.041000 -14.430000 0.300000
41733 48.773000 -54.272000 -13.851000 0.300000
93546 50.363000 -54.644000 -14.836000 0.300000
11011 49.919000 -54.342000 -14.591000 0.300000
53306 37.281000 -51.700000 -18.088000 0.700000
3327 47.281000 -56.030000 -11.154000 0.300000
53308 37.797000 -51.507000 -18.543000 0.700000
118420 48.606000 -55.954000 -11.779000 0.300000
93540 48.063000 -55.837000 -11.748000 0.300000
22588 38.339000 -51.809000 -18.659000 0.700000
93547 50.638000 -54.162000 -15.221000 0.300000
56059 47.752000 -56.088000 -11.138000 0.300000
53309 38.446000 -51.045000 -18.941000 0.700000
93549 50.198000 -53.865000 -14.961000 0.300000
2530 47.222000 -46.771000 -14.406000 0.300000
162203 40.363000 -56.279000 -18.815000 0.500000
162207 37.998000 -55.853000 -17.634000 0.700000
90795 39.114000 -56.071000 -18.304000 0.600000
10060 38.339000 -56.478000 -17.877000 0.600000
40416 39.803000 -55.777000 -18.668000 0.600000
128007 36.477000 -53.645000 -16.712000 0.700000
128008 36.627000 -52.852000 -17.067000 0.700000
34324 45.194000 -57.720000 -9.482000 0.300000
62909 36.182000 -52.428000 -16.762000 0.700000
75685 45.492000 -57.189000 -9.792000 0.400000
28530 36.274000 -51.552000 -17.197000 0.700000
144024 46.236000 -56.751000 -10.156000 0.400000
34325 45.762000 -56.646000 -10.224000 0.400000
162284 36.357000 -50.762000 -17.561000 0.700000
56057 46.995000 -56.357000 -10.597000 0.300000
56058 47.537000 -56.357000 -10.586000 0.300000
118418 48.002000 -56.429000 -10.535000 0.300000
75691 46.225000 -55.118000 -11.656000 0.300000
128010 36.815000 -51.253000 -17.818000 0.700000
162210 38.654000 -55.571000 -18.101000 0.600000
24421 48.333000 -56.149000 -11.193000 0.300000
24419 46.693000 -56.785000 -10.042000 0.300000
57885 40.670000 -58.843000 -16.602000 0.500000
120982 41.272000 -57.511000 -17.883000 0.500000
120981 41.140000 -58.462000 -17.865000 0.500000
25516 40.775000 -57.827000 -16.624000 0.400000
114375 35.287000 -60.256000 -15.832000 0.400000
90777 33.797000 -61.380000 -15.208000 0.500000
25518 41.184000 -57.663000 -17.455000 0.400000
57887 40.990000 -57.774000 -17.053000 0.500000
25519 41.312000 -57.293000 -18.327000 0.500000
162182 32.286000 -62.778000 -14.893000 0.400000
162180 31.533000 -63.398000 -14.751000 0.400000
114373 34.511000 -60.856000 -15.424000 0.500000
25520 40.780000 -56.772000 -18.800000 0.400000
162179 31.191000 -62.899000 -14.708000 0.400000
114368 30.845000 -63.976000 -14.619000 0.400000
162181 32.636000 -61.663000 -14.943000 0.400000
114372 34.209000 -60.337000 -15.321000 0.500000
22580 33.285000 -61.060000 -15.044000 0.400000
53302 35.643000 -59.383000 -16.071000 0.500000
53304 36.648000 -58.086000 -16.755000 0.400000
90794 39.581000 -56.648000 -18.459000 0.500000
90791 38.024000 -57.331000 -17.686000 0.400000
114380 37.338000 -57.660000 -17.276000 0.400000
90793 38.792000 -56.995000 -18.134000 0.400000
22578 30.378000 -63.630000 -14.469000 0.400000
70102 28.730000 -62.285000 -13.509000 0.400000
90776 32.261000 -61.179000 -14.865000 0.400000
70104 29.410000 -60.593000 -14.215000 0.400000
114371 33.744000 -59.981000 -15.148000 0.500000
114370 33.010000 -60.543000 -15.025000 0.400000
137183 30.035000 -60.064000 -14.456000 0.400000
53300 34.608000 -59.337000 -15.442000 0.500000
5606 31.081000 -58.402000 -14.837000 0.400000
137184 30.356000 -59.030000 -14.663000 0.400000
53301 35.341000 -58.849000 -15.835000 0.500000
2501 35.733000 -57.899000 -16.019000 0.500000
97642 31.393000 -57.355000 -15.074000 0.400000
137188 30.871000 -57.096000 -15.073000 0.400000
53303 36.014000 -58.438000 -16.257000 0.500000
53305 36.353000 -57.538000 -16.473000 0.600000
22585 36.962000 -57.176000 -16.937000 0.600000
114381 37.691000 -56.763000 -17.459000 0.500000
137180 28.867000 -62.862000 -13.626000 0.400000
31947 29.091000 -61.692000 -13.943000 0.400000
162178 30.765000 -62.516000 -14.624000 0.400000
137182 29.766000 -61.080000 -14.292000 0.400000
114369 33.487000 -59.390000 -15.089000 0.500000
5607 32.629000 -60.140000 -14.878000 0.400000
28522 30.478000 -60.442000 -14.537000 0.400000
22579 34.144000 -58.995000 -15.229000 0.500000
62898 31.522000 -58.813000 -14.786000 0.400000
62896 30.804000 -59.412000 -14.655000 0.400000
53299 34.961000 -58.432000 -15.555000 0.500000
128001 36.058000 -56.983000 -16.209000 0.500000
13286 31.721000 -56.361000 -15.276000 0.400000
162205 36.663000 -56.648000 -16.706000 0.600000
162206 37.299000 -56.269000 -17.152000 0.600000
137181 29.377000 -62.237000 -14.056000 0.400000
90774 31.898000 -60.749000 -14.872000 0.400000
127990 30.080000 -61.613000 -14.378000 0.400000
127992 30.832000 -60.979000 -14.590000 0.400000
28524 31.925000 -59.268000 -14.821000 0.400000
127999 34.613000 -57.947000 -15.336000 0.500000
127995 32.270000 -58.202000 -14.917000 0.400000
97643 31.839000 -57.812000 -14.928000 0.400000
128000 35.340000 -57.500000 -15.680000 0.500000
97644 32.139000 -56.809000 -15.130000 0.400000
40417 37.564000 -55.367000 -17.380000 0.600000
90797 36.957000 -55.704000 -16.913000 0.600000
28527 36.377000 -56.032000 -16.424000 0.600000
53298 30.057000 -63.112000 -14.366000 0.400000
127991 30.408000 -62.082000 -14.492000 0.400000
127993 31.537000 -60.330000 -14.739000 0.400000
62897 31.186000 -59.886000 -14.672000 0.400000
127998 33.812000 -58.450000 -15.120000 0.500000
127997 32.989000 -59.116000 -14.925000 0.500000
127996 32.611000 -58.615000 -14.914000 0.500000
28525 33.410000 -57.957000 -15.020000 0.500000
62900 32.976000 -57.596000 -15.032000 0.500000
28526 34.998000 -56.937000 -15.475000 0.500000
62902 34.177000 -57.454000 -15.163000 0.500000
62901 33.777000 -56.974000 -15.116000 0.500000
13287 32.610000 -57.156000 -15.074000 0.400000
128002 35.699000 -56.547000 -15.831000 0.600000
97645 32.915000 -56.145000 -15.226000 0.500000
44007 32.379000 -55.811000 -15.372000 0.400000
90798 37.204000 -54.758000 -17.168000 0.600000
90796 36.661000 -55.157000 -16.622000 0.600000
62904 35.379000 -55.938000 -15.651000 0.600000
62903 34.645000 -56.351000 -15.299000 0.500000
62899 33.339000 -56.566000 -15.177000 0.500000
128003 36.072000 -55.469000 -16.090000 0.600000
62905 34.965000 -55.438000 -15.477000 0.600000
5608 34.112000 -56.010000 -15.247000 0.500000
128004 36.284000 -54.591000 -16.367000 0.600000
5609 36.848000 -54.356000 -16.830000 0.600000
162279 34.320000 -51.759000 -16.212000 0.500000
5610 34.991000 -52.272000 -16.208000 0.600000
97650 34.202000 -52.753000 -15.917000 0.500000
62908 35.601000 -52.710000 -16.311000 0.600000
62906 34.855000 -53.193000 -15.929000 0.600000
97649 34.024000 -53.780000 -15.628000 0.500000
44009 33.366000 -54.164000 -15.617000 0.500000
28528 35.712000 -54.974000 -15.884000 0.600000
97647 34.414000 -55.051000 -15.425000 0.500000
97646 33.666000 -55.617000 -15.294000 0.500000
13288 33.176000 -55.133000 -15.390000 0.500000
44008 32.612000 -54.817000 -15.579000 0.500000
162282 35.118000 -51.355000 -16.516000 0.500000
162281 34.400000 -50.915000 -16.527000 0.500000
162283 35.793000 -50.980000 -17.013000 0.600000
62910 35.699000 -51.870000 -16.625000 0.600000
13289 34.646000 -54.145000 -15.669000 0.600000
97648 33.875000 -54.697000 -15.454000 0.500000
28529 36.055000 -53.252000 -16.440000 0.600000
62907 35.422000 -53.608000 -15.976000 0.600000
57891 40.912000 -57.954000 -18.524000 0.400000
162202 40.100000 -57.192000 -18.664000 0.400000
120985 41.270000 -56.202000 -18.647000 0.500000
57892 41.076000 -57.096000 -18.591000 0.400000
128006 35.883000 -54.106000 -16.151000 0.600000
57886 40.919000 -58.655000 -17.068000 0.500000
11617 40.903000 -59.153000 -18.197000 0.500000
57888 41.107000 -58.556000 -17.441000 0.500000
57890 41.132000 -58.182000 -18.291000 0.500000
22581 34.926000 -59.835000 -15.626000 0.500000
40408 31.841000 -62.379000 -14.801000 0.400000
90775 31.529000 -61.868000 -14.797000 0.400000
31948 29.680000 -59.598000 -14.450000 0.400000
137187 30.535000 -58.152000 -14.843000 0.400000
28523 31.172000 -61.371000 -14.699000 0.400000
127994 32.236000 -59.661000 -14.855000 0.400000
1389 29.739000 -62.717000 -14.235000 0.400000
128005 35.218000 -54.547000 -15.706000 0.600000
70103 28.889000 -61.243000 -13.831000 0.300000
137186 29.948000 -58.666000 -14.674000 0.300000
70105 29.090000 -60.177000 -14.158000 0.300000
31949 30.145000 -57.729000 -14.924000 0.300000
137185 29.269000 -59.239000 -14.405000 0.300000
70107 29.479000 -58.249000 -14.692000 0.300000
15689 28.930000 -58.722000 -14.439000 0.300000
