#!ascii label, from file  /biac2/kgs/3Danat/FreesurferSegmentations/fsaverage-bkup/label/CBA/cROIs/averages/label/MPM_rh.FG2.label 
721
98935 39.524000 -75.106000 -14.678000 0.300000
14014 36.479000 -67.986000 -13.824000 0.600000
162162 36.295000 -65.455000 -15.695000 0.700000
162164 36.054000 -65.054000 -15.720000 0.700000
98936 38.932000 -74.944000 -14.464000 0.400000
23382 37.529000 -71.451000 -13.093000 0.400000
14005 39.886000 -74.165000 -14.907000 0.500000
130784 40.414000 -74.339000 -15.040000 0.500000
98952 36.917000 -68.090000 -13.826000 0.700000
44736 36.303000 -67.175000 -14.414000 0.700000
44735 36.711000 -67.374000 -14.385000 0.500000
98959 36.985000 -65.991000 -15.551000 0.600000
98960 36.592000 -65.826000 -15.577000 0.600000
6107 36.978000 -65.162000 -16.131000 0.700000
40403 36.433000 -64.294000 -16.170000 0.700000
14006 38.649000 -73.919000 -14.334000 0.500000
115996 37.902000 -71.687000 -13.351000 0.400000
98937 39.264000 -74.055000 -14.627000 0.600000
54331 37.294000 -70.322000 -12.909000 0.400000
54332 37.432000 -69.644000 -13.087000 0.500000
98938 39.584000 -73.221000 -14.645000 0.600000
23385 36.961000 -69.507000 -12.981000 0.600000
116003 37.119000 -68.883000 -13.318000 0.600000
65052 40.164000 -73.366000 -14.928000 0.600000
2752 37.295000 -68.246000 -13.755000 0.600000
14016 36.985000 -66.755000 -14.960000 0.600000
98958 37.309000 -66.129000 -15.534000 0.600000
65090 38.187000 -64.962000 -16.525000 0.700000
65089 37.369000 -65.350000 -16.153000 0.700000
65091 37.850000 -64.680000 -16.693000 0.700000
65093 37.437000 -64.414000 -16.676000 0.700000
90764 36.764000 -63.521000 -16.599000 0.700000
65092 38.280000 -63.993000 -17.154000 0.700000
29609 37.882000 -63.659000 -17.088000 0.700000
162167 37.539000 -63.178000 -17.155000 0.700000
130834 38.712000 -63.257000 -17.555000 0.700000
130790 38.110000 -73.693000 -14.085000 0.500000
65057 38.056000 -72.632000 -13.793000 0.500000
115993 37.641000 -72.510000 -13.476000 0.500000
54330 37.710000 -70.645000 -13.096000 0.400000
130791 38.963000 -73.057000 -14.340000 0.500000
23383 37.877000 -69.842000 -13.220000 0.500000
116002 37.578000 -68.999000 -13.360000 0.600000
6101 40.432000 -72.549000 -14.861000 0.600000
130792 39.834000 -72.376000 -14.564000 0.500000
130794 40.060000 -71.628000 -14.393000 0.500000
98953 37.472000 -67.613000 -14.269000 0.700000
98955 37.349000 -66.888000 -14.910000 0.600000
98954 37.128000 -67.467000 -14.359000 0.700000
98957 38.056000 -65.761000 -15.927000 0.600000
98956 37.649000 -66.331000 -15.443000 0.600000
130830 38.526000 -65.181000 -16.373000 0.600000
14017 37.728000 -65.561000 -16.047000 0.600000
130831 39.030000 -64.549000 -16.821000 0.600000
29608 38.667000 -64.306000 -16.964000 0.700000
40404 37.118000 -62.729000 -17.014000 0.700000
130832 39.514000 -63.787000 -17.154000 0.600000
130835 38.339000 -62.867000 -17.471000 0.700000
162168 37.945000 -62.403000 -17.523000 0.700000
130833 39.159000 -63.524000 -17.388000 0.700000
115997 38.120000 -70.881000 -13.296000 0.400000
65058 38.468000 -72.791000 -14.067000 0.500000
2750 38.305000 -71.828000 -13.658000 0.400000
115998 38.261000 -70.100000 -13.326000 0.500000
116001 38.028000 -69.217000 -13.440000 0.600000
65059 38.738000 -72.029000 -13.972000 0.400000
65079 37.727000 -68.395000 -13.738000 0.600000
29594 39.245000 -72.217000 -14.210000 0.400000
98940 38.982000 -71.266000 -13.839000 0.400000
130793 39.502000 -71.423000 -14.098000 0.400000
14008 39.756000 -70.663000 -14.076000 0.400000
65081 37.918000 -67.748000 -14.272000 0.700000
14015 37.733000 -67.005000 -14.875000 0.600000
65082 38.048000 -66.421000 -15.408000 0.600000
65088 38.893000 -65.283000 -16.269000 0.600000
6106 38.413000 -65.868000 -15.875000 0.600000
29607 39.380000 -64.566000 -16.593000 0.600000
162194 37.482000 -61.917000 -17.381000 0.700000
353 38.787000 -62.060000 -17.815000 0.700000
11614 39.590000 -62.737000 -17.683000 0.600000
42334 39.214000 -62.423000 -17.901000 0.600000
98939 38.530000 -71.045000 -13.561000 0.400000
14007 38.773000 -70.257000 -13.565000 0.400000
23384 38.168000 -68.540000 -13.836000 0.700000
98941 39.207000 -70.522000 -13.807000 0.400000
65080 38.334000 -67.895000 -14.260000 0.800000
65061 40.291000 -70.837000 -14.318000 0.500000
130821 38.173000 -67.096000 -14.819000 0.700000
65083 38.492000 -66.472000 -15.331000 0.600000
65086 39.172000 -65.313000 -15.936000 0.500000
65084 38.778000 -65.934000 -15.608000 0.600000
90787 37.107000 -61.417000 -17.170000 0.700000
57879 40.214000 -63.119000 -16.609000 0.600000
130829 39.803000 -63.827000 -16.850000 0.600000
162195 38.346000 -61.552000 -17.817000 0.800000
40413 37.859000 -61.108000 -17.686000 0.800000
3934 40.151000 -63.101000 -17.063000 0.600000
94632 39.925000 -62.974000 -17.404000 0.600000
44727 38.943000 -69.526000 -13.690000 0.500000
115999 38.462000 -69.305000 -13.571000 0.600000
44728 39.428000 -69.780000 -13.905000 0.500000
98943 40.654000 -69.361000 -14.360000 0.700000
98942 39.935000 -69.913000 -14.115000 0.400000
29604 38.544000 -67.271000 -14.688000 0.700000
130822 38.798000 -66.660000 -15.104000 0.700000
65085 39.474000 -65.337000 -15.640000 0.600000
29605 39.119000 -66.016000 -15.407000 0.600000
29606 39.860000 -64.597000 -15.882000 0.600000
90788 37.463000 -60.525000 -17.442000 0.600000
130828 39.972000 -63.906000 -16.401000 0.600000
42338 39.186000 -61.205000 -18.091000 0.700000
162196 38.765000 -60.674000 -18.062000 0.700000
94633 40.353000 -62.278000 -17.222000 0.700000
94634 40.232000 -62.118000 -17.566000 0.700000
42336 39.597000 -61.593000 -18.094000 0.700000
44729 39.606000 -69.032000 -14.046000 0.500000
831 39.084000 -68.814000 -13.940000 0.600000
116000 38.639000 -68.657000 -13.891000 0.600000
98945 40.802000 -68.580000 -14.399000 0.700000
14009 40.108000 -69.200000 -14.217000 0.600000
130818 38.787000 -68.056000 -14.230000 0.700000
98944 41.295000 -68.744000 -14.523000 0.700000
6102 41.165000 -69.481000 -14.521000 0.700000
130819 39.023000 -67.390000 -14.595000 0.700000
130820 39.252000 -66.743000 -14.896000 0.700000
130824 39.763000 -65.325000 -15.310000 0.500000
130823 39.473000 -66.054000 -15.107000 0.600000
114377 36.652000 -59.447000 -16.826000 0.500000
130826 40.008000 -63.940000 -15.500000 0.600000
130825 39.903000 -64.638000 -15.410000 0.600000
90790 37.805000 -59.634000 -17.681000 0.600000
114378 37.406000 -59.030000 -17.360000 0.500000
25512 40.238000 -63.109000 -16.170000 0.600000
130827 40.084000 -63.841000 -16.042000 0.600000
11618 39.552000 -60.380000 -18.271000 0.600000
40414 38.619000 -59.358000 -18.073000 0.500000
162200 39.000000 -58.425000 -18.190000 0.500000
57880 40.359000 -62.392000 -16.299000 0.700000
57881 40.370000 -62.278000 -16.794000 0.700000
11615 40.529000 -61.390000 -17.339000 0.700000
11616 40.325000 -61.014000 -18.031000 0.700000
94639 40.335000 -59.775000 -18.370000 0.500000
120971 40.453000 -61.362000 -16.962000 0.700000
94636 40.755000 -60.334000 -17.787000 0.600000
44733 39.249000 -68.193000 -14.225000 0.600000
44730 40.277000 -68.420000 -14.339000 0.700000
44731 39.793000 -68.254000 -14.231000 0.600000
14010 41.323000 -67.874000 -14.342000 0.700000
14013 39.444000 -67.519000 -14.507000 0.700000
6105 39.798000 -66.059000 -14.759000 0.700000
98951 39.615000 -66.777000 -14.700000 0.700000
65078 39.887000 -65.333000 -14.815000 0.600000
114379 36.978000 -58.542000 -17.083000 0.400000
29603 39.945000 -64.573000 -14.872000 0.500000
90792 38.475000 -57.909000 -17.964000 0.400000
120968 40.227000 -62.330000 -15.779000 0.600000
120966 40.159000 -63.183000 -15.648000 0.600000
94640 39.887000 -59.549000 -18.417000 0.500000
162198 39.476000 -58.992000 -18.382000 0.500000
94638 40.630000 -60.102000 -18.102000 0.500000
57889 40.679000 -58.842000 -18.452000 0.400000
25514 40.392000 -61.494000 -16.424000 0.600000
57883 40.636000 -60.444000 -16.980000 0.700000
57882 40.737000 -60.402000 -17.413000 0.600000
3936 40.983000 -59.445000 -17.426000 0.500000
98946 40.892000 -67.736000 -14.317000 0.600000
14011 40.435000 -67.634000 -14.346000 0.700000
44732 39.990000 -67.526000 -14.433000 0.700000
65068 41.531000 -67.268000 -13.901000 0.700000
65067 41.181000 -67.045000 -13.978000 0.700000
98950 40.086000 -66.846000 -14.458000 0.600000
65074 40.086000 -66.107000 -14.388000 0.600000
130816 39.882000 -63.897000 -14.445000 0.600000
65077 39.942000 -64.587000 -14.350000 0.500000
130817 40.001000 -63.836000 -14.976000 0.600000
120967 40.116000 -62.327000 -15.231000 0.600000
832 40.077000 -63.082000 -15.113000 0.600000
3938 40.205000 -58.700000 -18.546000 0.400000
162201 39.792000 -58.104000 -18.520000 0.500000
40415 39.339000 -57.532000 -18.284000 0.400000
120969 40.247000 -61.486000 -15.907000 0.600000
57893 40.523000 -57.723000 -18.691000 0.400000
120972 40.469000 -60.577000 -16.526000 0.600000
57884 40.800000 -59.541000 -17.025000 0.500000
98947 40.812000 -66.891000 -13.990000 0.700000
98949 40.456000 -66.891000 -14.226000 0.600000
65069 41.125000 -66.511000 -13.488000 0.700000
98948 40.557000 -66.205000 -13.719000 0.600000
14012 40.316000 -66.071000 -14.042000 0.600000
29598 41.481000 -66.699000 -13.447000 0.700000
65075 40.161000 -65.397000 -13.996000 0.500000
17559 39.772000 -63.112000 -14.037000 0.600000
130815 39.826000 -63.942000 -13.956000 0.600000
48279 39.855000 -63.201000 -14.543000 0.600000
48281 39.872000 -62.443000 -14.643000 0.500000
25513 40.128000 -61.514000 -15.332000 0.600000
120970 40.263000 -60.616000 -16.012000 0.600000
25515 40.566000 -59.722000 -16.591000 0.500000
65071 40.717000 -65.718000 -13.188000 0.700000
65073 40.487000 -65.683000 -13.345000 0.700000
130813 40.028000 -64.994000 -13.498000 0.600000
130814 39.821000 -64.144000 -13.483000 0.500000
105335 39.705000 -62.415000 -13.545000 0.600000
105333 39.734000 -63.277000 -13.508000 0.600000
17561 39.809000 -61.478000 -14.245000 0.600000
75723 39.947000 -60.645000 -14.911000 0.600000
120973 40.383000 -59.715000 -16.103000 0.500000
29593 42.004000 -71.065000 -15.187000 0.500000
65063 41.551000 -70.308000 -14.787000 0.500000
130789 42.674000 -70.359000 -15.202000 0.500000
130797 42.147000 -70.320000 -15.026000 0.500000
65064 41.677000 -69.582000 -14.730000 0.700000
130799 42.840000 -68.828000 -14.755000 0.700000
29596 42.264000 -69.604000 -14.908000 0.500000
130798 42.771000 -69.621000 -15.005000 0.500000
65066 41.819000 -68.807000 -14.608000 0.700000
65065 42.384000 -68.868000 -14.754000 0.700000
130802 41.836000 -68.044000 -14.354000 0.700000
65051 40.169000 -75.143000 -14.789000 0.300000
162165 36.678000 -64.738000 -16.224000 0.700000
44737 36.626000 -66.598000 -14.969000 0.600000
162166 37.106000 -63.968000 -16.714000 0.700000
162193 36.767000 -62.252000 -16.879000 0.700000
65060 40.478000 -70.103000 -14.316000 0.600000
65087 39.599000 -64.636000 -16.223000 0.600000
42335 39.986000 -61.900000 -17.889000 0.700000
90789 38.230000 -60.258000 -17.907000 0.600000
42337 39.967000 -60.700000 -18.243000 0.700000
162197 39.168000 -59.834000 -18.245000 0.600000
94635 40.503000 -61.237000 -17.697000 0.700000
162199 38.154000 -58.810000 -17.805000 0.500000
22584 37.737000 -58.160000 -17.550000 0.500000
94637 40.965000 -59.461000 -17.838000 0.500000
65076 39.995000 -65.340000 -14.319000 0.500000
6103 40.832000 -66.345000 -13.586000 0.700000
29602 39.992000 -64.703000 -13.972000 0.500000
144069 39.900000 -61.541000 -14.779000 0.600000
75722 40.147000 -60.674000 -15.458000 0.600000
130812 40.290000 -65.567000 -13.564000 0.600000
48280 39.773000 -62.300000 -14.146000 0.600000
29601 40.193000 -64.943000 -13.158000 0.500000
120937 43.520000 -68.127000 -14.340000 0.600000
17541 44.618000 -66.170000 -12.996000 0.600000
105301 44.504000 -65.313000 -12.395000 0.400000
75655 43.967000 -67.306000 -13.858000 0.500000
25499 43.129000 -68.138000 -14.335000 0.600000
23386 36.107000 -69.301000 -12.963000 0.500000
105302 44.885000 -65.071000 -12.150000 0.400000
116006 36.719000 -68.748000 -13.333000 0.500000
116008 35.886000 -68.549000 -13.401000 0.500000
75657 44.409000 -67.187000 -13.726000 0.500000
105304 44.697000 -64.309000 -11.661000 0.400000
116007 36.291000 -68.649000 -13.344000 0.500000
833 35.719000 -67.769000 -13.982000 0.500000
105299 44.234000 -66.373000 -13.191000 0.600000
44734 36.083000 -67.847000 -13.870000 0.500000
120938 43.559000 -67.378000 -13.847000 0.500000
130800 42.747000 -68.118000 -14.366000 0.600000
75665 45.001000 -63.697000 -11.078000 0.400000
75667 45.174000 -63.714000 -10.769000 0.400000
105300 44.091000 -65.549000 -12.581000 0.400000
90757 34.362000 -67.803000 -14.162000 0.500000
3928 43.889000 -66.576000 -13.298000 0.500000
162159 35.330000 -67.532000 -14.158000 0.500000
90758 34.644000 -67.045000 -14.567000 0.500000
57858 43.138000 -67.508000 -13.870000 0.600000
57857 42.791000 -67.527000 -13.917000 0.600000
29597 42.286000 -68.142000 -14.394000 0.600000
14018 36.272000 -66.423000 -15.026000 0.500000
90760 34.992000 -66.269000 -14.907000 0.500000
10055 34.312000 -66.765000 -14.765000 0.400000
25501 43.050000 -66.811000 -13.358000 0.500000
120939 43.473000 -66.734000 -13.383000 0.500000
57859 42.652000 -66.884000 -13.402000 0.600000
3927 42.258000 -66.895000 -13.478000 0.600000
130801 42.345000 -67.537000 -13.894000 0.600000
130804 41.867000 -66.853000 -13.449000 0.600000
130803 41.960000 -67.441000 -13.914000 0.600000
17542 44.374000 -64.512000 -11.885000 0.400000
105305 44.628000 -63.722000 -11.293000 0.400000
162163 35.367000 -65.488000 -15.223000 0.500000
114360 34.630000 -65.999000 -14.931000 0.500000
22573 33.484000 -66.420000 -14.914000 0.400000
40402 35.665000 -65.797000 -15.243000 0.600000
114359 33.954000 -66.556000 -14.862000 0.400000
120942 43.369000 -65.983000 -12.855000 0.600000
120940 42.550000 -66.199000 -12.886000 0.600000
94620 42.140000 -66.225000 -12.961000 0.600000
94619 41.730000 -66.137000 -12.992000 0.600000
7996 44.795000 -63.038000 -10.580000 0.400000
22574 34.997000 -65.152000 -15.158000 0.500000
53294 33.834000 -65.397000 -15.037000 0.400000
2500 32.748000 -65.771000 -14.999000 0.400000
17540 43.591000 -64.874000 -12.165000 0.600000
48261 44.002000 -64.667000 -12.037000 0.400000
25502 42.839000 -65.302000 -12.392000 0.600000
105298 43.701000 -65.802000 -12.711000 0.600000
120941 42.895000 -66.104000 -12.871000 0.500000
11608 42.035000 -65.472000 -12.444000 0.600000
57861 42.432000 -65.376000 -12.396000 0.500000
130805 41.360000 -66.081000 -13.029000 0.600000
75669 45.026000 -63.143000 -10.310000 0.400000
48263 44.277000 -63.761000 -11.443000 0.400000
90761 35.365000 -64.273000 -15.462000 0.600000
22575 34.194000 -64.407000 -15.141000 0.500000
162186 33.089000 -64.765000 -15.032000 0.500000
162177 32.338000 -65.586000 -14.919000 0.500000
48260 43.540000 -64.032000 -11.652000 0.400000
48262 43.922000 -63.893000 -11.533000 0.400000
120944 43.136000 -64.242000 -11.788000 0.500000
57862 42.339000 -64.496000 -11.932000 0.500000
57860 41.971000 -64.636000 -11.965000 0.500000
94621 41.626000 -65.484000 -12.498000 0.600000
11607 41.253000 -65.395000 -12.572000 0.600000
65070 41.017000 -65.938000 -13.103000 0.600000
105308 44.186000 -62.369000 -10.567000 0.400000
105306 44.546000 -63.045000 -10.838000 0.400000
105307 44.474000 -62.419000 -10.338000 0.400000
75671 44.752000 -62.486000 -10.112000 0.400000
90765 36.432000 -63.031000 -16.502000 0.600000
48265 43.853000 -62.386000 -10.837000 0.400000
17544 44.236000 -63.133000 -11.073000 0.400000
162188 34.561000 -63.499000 -15.262000 0.600000
40410 33.373000 -63.821000 -15.046000 0.500000
162185 32.728000 -64.490000 -14.964000 0.400000
1782 43.502000 -63.269000 -11.211000 0.400000
57863 42.777000 -64.395000 -11.925000 0.500000
94622 41.572000 -64.675000 -12.029000 0.500000
42328 41.168000 -64.723000 -12.108000 0.600000
130806 40.893000 -65.260000 -12.685000 0.600000
29599 40.617000 -65.106000 -12.756000 0.600000
17545 44.230000 -61.701000 -10.107000 0.400000
162192 36.072000 -62.516000 -16.246000 0.600000
162189 35.370000 -62.889000 -15.681000 0.600000
90782 34.170000 -63.084000 -15.228000 0.500000
162183 31.888000 -63.902000 -14.857000 0.500000
48266 43.516000 -62.519000 -10.907000 0.400000
120945 43.106000 -63.347000 -11.314000 0.400000
25503 42.723000 -63.491000 -11.441000 0.500000
3929 41.947000 -63.765000 -11.487000 0.500000
42327 40.855000 -64.601000 -12.209000 0.500000
144008 44.540000 -61.719000 -9.879000 0.400000
162191 35.684000 -62.106000 -15.971000 0.600000
90783 34.542000 -62.078000 -15.398000 0.500000
90779 33.336000 -62.521000 -15.076000 0.500000
57864 42.351000 -63.622000 -11.502000 0.500000
94623 41.554000 -63.824000 -11.575000 0.400000
42329 40.820000 -63.775000 -11.765000 0.400000
130807 40.556000 -64.379000 -12.331000 0.400000
130809 40.345000 -64.355000 -12.536000 0.600000
130811 39.951000 -64.171000 -13.048000 0.400000
75673 44.308000 -61.030000 -9.677000 0.400000
105309 43.919000 -61.708000 -10.332000 0.400000
40412 36.396000 -61.684000 -16.581000 0.600000
17546 43.581000 -61.756000 -10.504000 0.400000
90786 36.720000 -60.824000 -16.901000 0.500000
162190 35.292000 -61.664000 -15.754000 0.500000
10058 34.102000 -61.847000 -15.261000 0.500000
90778 32.969000 -62.082000 -15.002000 0.400000
114374 34.914000 -61.168000 -15.609000 0.400000
57866 41.925000 -62.853000 -11.078000 0.500000
94624 41.554000 -62.945000 -11.172000 0.500000
94625 41.199000 -62.964000 -11.253000 0.600000
351 40.514000 -63.706000 -11.930000 0.400000
130808 40.313000 -63.610000 -12.133000 0.400000
75714 39.921000 -63.515000 -12.653000 0.400000
42331 40.554000 -62.843000 -11.536000 0.500000
90784 36.323000 -60.358000 -16.553000 0.500000
22582 35.658000 -60.780000 -16.022000 0.600000
114376 36.017000 -59.826000 -16.312000 0.400000
75715 39.939000 -62.704000 -12.269000 0.500000
6104 39.741000 -63.406000 -13.044000 0.500000
11611 40.592000 -61.992000 -11.159000 0.500000
42330 40.837000 -63.013000 -11.347000 0.500000
42333 40.285000 -62.801000 -11.782000 0.500000
144060 40.116000 -62.782000 -11.998000 0.500000
105310 43.679000 -61.028000 -10.064000 0.400000
144070 39.806000 -60.637000 -14.278000 0.500000
105334 39.719000 -62.481000 -13.068000 0.400000
75716 39.785000 -62.612000 -12.621000 0.500000
11613 40.129000 -61.958000 -11.715000 0.500000
42332 40.348000 -61.940000 -11.408000 0.500000
22583 36.336000 -58.960000 -16.547000 0.400000
105337 39.786000 -60.728000 -13.754000 0.400000
75717 39.741000 -60.799000 -13.241000 0.400000
105336 39.735000 -61.554000 -13.639000 0.500000
17560 39.724000 -61.655000 -13.137000 0.500000
34338 39.827000 -61.880000 -12.297000 0.500000
144063 39.714000 -61.777000 -12.633000 0.500000
144061 39.934000 -61.925000 -11.943000 0.500000
144062 39.874000 -61.059000 -11.996000 0.500000
144064 39.772000 -61.010000 -12.359000 0.400000
162161 35.983000 -66.087000 -15.207000 0.500000
90762 35.751000 -64.632000 -15.625000 0.600000
44738 35.987000 -67.076000 -14.480000 0.600000
90763 36.093000 -63.824000 -16.069000 0.600000
116005 36.545000 -69.396000 -13.003000 0.500000
10059 37.059000 -59.919000 -17.144000 0.500000
65072 40.404000 -65.046000 -12.961000 0.600000
130810 40.125000 -64.323000 -12.749000 0.400000
40401 34.977000 -67.280000 -14.298000 0.500000
162160 35.662000 -66.774000 -14.695000 0.500000
90759 35.303000 -66.492000 -14.753000 0.500000
114361 34.287000 -65.699000 -14.964000 0.400000
53293 33.196000 -66.054000 -15.033000 0.400000
120943 43.194000 -65.119000 -12.301000 0.600000
114362 34.629000 -64.823000 -15.124000 0.600000
53295 33.477000 -65.069000 -15.062000 0.400000
48264 43.894000 -63.141000 -11.172000 0.400000
10056 35.738000 -63.345000 -15.892000 0.600000
114363 35.026000 -63.815000 -15.394000 0.600000
162187 33.820000 -64.068000 -15.129000 0.500000
40407 32.017000 -65.160000 -14.867000 0.500000
162176 31.661000 -66.182000 -14.793000 0.500000
162184 32.346000 -64.102000 -14.917000 0.500000
40411 34.927000 -62.587000 -15.488000 0.500000
90780 33.071000 -63.458000 -15.024000 0.500000
90781 33.712000 -62.829000 -15.120000 0.500000
11609 41.157000 -63.815000 -11.643000 0.500000
40409 32.658000 -63.097000 -14.970000 0.500000
57865 42.359000 -62.777000 -11.086000 0.500000
90785 36.008000 -61.250000 -16.268000 0.600000
29600 40.113000 -63.553000 -12.375000 0.300000
75718 39.699000 -60.870000 -12.751000 0.400000
26316 42.292000 -84.154000 -11.260000 0.300000
59221 42.329000 -83.832000 -12.162000 0.300000
59220 42.675000 -83.665000 -11.617000 0.300000
122848 42.768000 -82.546000 -12.493000 0.300000
59222 42.562000 -83.203000 -12.366000 0.300000
122847 43.119000 -82.520000 -12.079000 0.300000
4382 42.531000 -81.830000 -12.803000 0.300000
79749 42.962000 -81.857000 -12.584000 0.300000
49621 44.238000 -80.949000 -10.865000 0.300000
122846 43.660000 -81.765000 -11.772000 0.300000
79750 43.558000 -81.182000 -12.351000 0.300000
79751 43.155000 -81.133000 -12.623000 0.300000
49623 44.105000 -81.055000 -11.450000 0.300000
107752 44.682000 -79.629000 -11.231000 0.300000
18903 44.327000 -80.403000 -11.616000 0.300000
148936 44.093000 -80.472000 -12.052000 0.400000
35985 43.777000 -80.412000 -12.346000 0.400000
79753 43.538000 -79.526000 -12.517000 0.400000
79752 43.095000 -79.427000 -12.701000 0.300000
79746 44.761000 -78.321000 -11.218000 0.300000
8574 44.657000 -79.045000 -11.586000 0.400000
148940 44.349000 -79.003000 -11.979000 0.400000
148939 43.972000 -79.647000 -12.317000 0.400000
79745 44.900000 -78.226000 -10.810000 0.300000
79754 43.626000 -78.760000 -12.542000 0.400000
148931 44.961000 -76.887000 -10.356000 0.400000
35983 44.872000 -77.635000 -10.800000 0.400000
8575 43.198000 -78.647000 -12.726000 0.400000
79758 43.211000 -77.898000 -12.828000 0.300000
79747 44.688000 -77.655000 -11.230000 0.400000
79748 44.610000 -78.325000 -11.612000 0.300000
148941 44.356000 -78.259000 -11.951000 0.400000
148932 44.785000 -76.999000 -10.839000 0.400000
35987 44.059000 -77.455000 -12.407000 0.500000
79755 44.023000 -78.153000 -12.309000 0.400000
65053 40.738000 -73.460000 -15.122000 0.500000
105279 44.909000 -76.220000 -10.477000 0.400000
79756 43.658000 -78.017000 -12.612000 0.400000
65050 40.774000 -75.192000 -14.652000 0.300000
130782 41.555000 -74.335000 -14.906000 0.400000
148950 42.562000 -76.432000 -13.564000 0.300000
116004 36.408000 -70.039000 -12.753000 0.400000
54335 35.946000 -69.934000 -12.670000 0.400000
29595 40.849000 -71.002000 -14.609000 0.400000
130796 41.443000 -71.049000 -14.868000 0.400000
130795 40.663000 -71.772000 -14.739000 0.400000
148933 44.676000 -76.977000 -11.320000 0.400000
35984 44.536000 -77.623000 -11.668000 0.300000
148942 44.301000 -77.593000 -12.031000 0.500000
65056 41.246000 -71.868000 -15.024000 0.400000
65054 41.058000 -72.583000 -15.118000 0.400000
17529 44.822000 -76.261000 -10.963000 0.400000
29591 40.995000 -74.342000 -14.994000 0.400000
79757 43.703000 -77.337000 -12.730000 0.400000
130783 41.890000 -73.546000 -15.206000 0.500000
35988 43.286000 -77.203000 -12.989000 0.500000
29590 42.207000 -74.243000 -14.828000 0.400000
130781 41.355000 -75.107000 -14.571000 0.400000
148949 42.979000 -76.458000 -13.444000 0.300000
130780 41.969000 -75.103000 -14.497000 0.400000
54337 35.709000 -69.240000 -13.017000 0.400000
65062 40.987000 -70.219000 -14.537000 0.400000
48249 44.754000 -76.228000 -11.467000 0.400000
148934 44.530000 -76.923000 -11.766000 0.400000
65055 41.821000 -71.816000 -15.311000 0.400000
29592 41.580000 -72.630000 -15.338000 0.500000
1779 44.691000 -76.197000 -11.922000 0.400000
148943 44.403000 -76.847000 -12.167000 0.400000
130786 42.166000 -72.639000 -15.522000 0.500000
48251 44.933000 -75.418000 -11.627000 0.400000
120925 44.941000 -75.344000 -12.091000 0.400000
120924 44.586000 -76.131000 -12.343000 0.400000
25494 44.389000 -76.053000 -12.771000 0.500000
57849 44.017000 -75.974000 -13.194000 0.500000
130787 42.413000 -71.817000 -15.491000 0.400000
6100 42.769000 -72.614000 -15.427000 0.500000
143960 45.197000 -74.586000 -11.744000 0.400000
3924 43.580000 -75.908000 -13.535000 0.500000
75647 42.505000 -73.432000 -15.177000 0.400000
94614 43.227000 -75.820000 -13.755000 0.400000
42325 43.096000 -75.013000 -14.230000 0.400000
42326 42.553000 -75.076000 -14.373000 0.400000
143978 42.764000 -74.313000 -14.740000 0.400000
130788 42.553000 -71.100000 -15.345000 0.400000
48257 43.200000 -70.271000 -15.324000 0.300000
120926 44.857000 -75.305000 -12.546000 0.400000
57850 44.646000 -75.254000 -13.006000 0.400000
105293 42.987000 -71.837000 -15.512000 0.400000
127989 32.041000 -66.535000 -14.899000 0.400000
75633 45.547000 -73.667000 -11.905000 0.400000
25495 45.247000 -74.532000 -12.246000 0.400000
57851 44.310000 -75.184000 -13.446000 0.500000
94615 43.908000 -75.119000 -13.831000 0.500000
105294 43.567000 -71.796000 -15.497000 0.500000
75649 43.345000 -72.588000 -15.348000 0.400000
75632 45.673000 -73.637000 -12.460000 0.400000
94616 43.532000 -75.042000 -14.084000 0.400000
75648 43.106000 -73.475000 -15.091000 0.400000
11606 43.380000 -74.214000 -14.600000 0.400000
143979 43.672000 -73.471000 -14.924000 0.400000
830 43.269000 -69.574000 -15.108000 0.400000
17537 43.135000 -71.037000 -15.480000 0.300000
120927 45.131000 -74.534000 -12.741000 0.400000
25496 44.930000 -74.432000 -13.256000 0.400000
105295 43.677000 -71.001000 -15.491000 0.300000
120928 45.448000 -73.669000 -12.987000 0.400000
120930 45.257000 -73.556000 -13.495000 0.400000
120929 44.584000 -74.406000 -13.698000 0.400000
11605 44.181000 -74.316000 -14.111000 0.500000
3925 46.000000 -72.823000 -12.587000 0.400000
120931 45.864000 -72.739000 -13.170000 0.400000
57852 44.507000 -73.484000 -14.392000 0.400000
94618 44.142000 -73.451000 -14.684000 0.400000
34310 43.931000 -72.673000 -15.169000 0.400000
120935 43.264000 -68.819000 -14.754000 0.400000
57853 44.903000 -73.472000 -13.986000 0.400000
79780 39.589000 -80.182000 -12.652000 0.300000
18901 44.635000 -80.101000 -10.563000 0.300000
18902 44.877000 -78.848000 -10.797000 0.300000
148930 44.943000 -77.548000 -10.338000 0.400000
105281 44.872000 -75.450000 -10.608000 0.400000
48250 44.915000 -75.432000 -11.097000 0.400000
105282 44.958000 -74.610000 -10.717000 0.400000
143961 45.353000 -73.708000 -11.374000 0.400000
48258 43.757000 -70.229000 -15.394000 0.300000
75634 45.876000 -72.793000 -12.024000 0.400000
48259 43.780000 -69.447000 -15.141000 0.400000
105296 44.317000 -70.217000 -15.320000 0.400000
17538 44.188000 -70.956000 -15.335000 0.400000
105284 46.336000 -71.841000 -12.700000 0.400000
25497 45.608000 -72.700000 -13.725000 0.400000
57854 45.255000 -72.666000 -14.217000 0.400000
3926 44.832000 -72.669000 -14.630000 0.400000
143982 44.529000 -71.863000 -15.025000 0.300000
143981 44.129000 -71.765000 -15.297000 0.400000
120932 46.203000 -71.794000 -13.308000 0.400000
130785 41.305000 -73.505000 -15.216000 0.400000
120936 43.711000 -68.752000 -14.748000 0.400000
59223 41.995000 -83.882000 -12.608000 0.300000
26317 42.921000 -83.141000 -11.906000 0.300000
122849 42.343000 -82.555000 -12.805000 0.300000
35996 39.398000 -81.036000 -12.755000 0.300000
148971 40.230000 -80.363000 -12.805000 0.300000
26318 43.327000 -81.855000 -12.219000 0.300000
49622 44.496000 -80.319000 -11.112000 0.300000
148935 43.869000 -81.146000 -11.926000 0.400000
148938 43.340000 -80.350000 -12.604000 0.400000
107753 44.529000 -79.707000 -11.691000 0.300000
79744 44.771000 -78.970000 -11.240000 0.300000
148937 44.261000 -79.757000 -12.035000 0.400000
35986 44.062000 -78.900000 -12.276000 0.400000
148929 44.924000 -78.145000 -10.360000 0.300000
7989 44.900000 -76.225000 -9.984000 0.400000
148944 44.182000 -76.733000 -12.553000 0.400000
148946 43.406000 -76.547000 -13.225000 0.500000
11604 42.816000 -75.772000 -13.908000 0.300000
148945 43.831000 -76.647000 -12.951000 0.500000
17531 45.083000 -74.594000 -11.238000 0.400000
94617 43.803000 -74.223000 -14.352000 0.400000
143980 44.387000 -72.703000 -14.925000 0.400000
143991 45.184000 -67.637000 -13.933000 0.400000
34313 44.865000 -67.822000 -14.204000 0.400000
75660 45.498000 -66.609000 -13.028000 0.400000
75658 44.993000 -65.950000 -12.693000 0.300000
143990 44.763000 -66.947000 -13.592000 0.500000
75656 44.369000 -67.953000 -14.288000 0.400000
25500 43.952000 -68.085000 -14.343000 0.400000
28613 45.704000 -67.918000 -8.669000 0.300000
143970 45.911000 -67.893000 -9.199000 0.300000
75645 46.028000 -65.477000 -10.017000 0.300000
144001 46.000000 -65.178000 -10.909000 0.300000
34317 45.642000 -64.416000 -10.869000 0.300000
17543 45.055000 -64.271000 -11.484000 0.300000
143971 46.039000 -67.083000 -9.411000 0.300000
143974 46.057000 -66.364000 -9.513000 0.300000
143975 45.975000 -65.587000 -9.575000 0.300000
128203 45.438000 -67.938000 -8.190000 0.300000
63048 45.705000 -67.126000 -8.364000 0.300000
144002 45.758000 -64.511000 -10.463000 0.300000
75668 45.374000 -63.838000 -10.442000 0.300000
5657 45.952000 -66.376000 -9.093000 0.300000
13337 45.822000 -64.845000 -9.218000 0.300000
34309 45.860000 -64.665000 -10.076000 0.300000
128206 45.655000 -65.606000 -8.285000 0.300000
97734 45.810000 -65.627000 -8.759000 0.300000
44058 45.569000 -64.017000 -8.728000 0.300000
13338 45.604000 -64.853000 -8.354000 0.300000
97736 45.519000 -64.039000 -8.365000 0.300000
28615 45.595000 -66.332000 -8.120000 0.300000
143977 45.625000 -63.955000 -9.693000 0.300000
144004 45.432000 -63.191000 -9.717000 0.300000
75670 44.968000 -62.492000 -9.818000 0.300000
63051 45.485000 -64.775000 -7.927000 0.300000
44057 45.630000 -64.046000 -9.212000 0.300000
137363 45.273000 -62.464000 -9.118000 0.300000
63050 45.512000 -63.964000 -7.959000 0.300000
13339 45.430000 -63.205000 -8.331000 0.300000
44059 45.455000 -63.243000 -8.777000 0.300000
162736 45.405000 -62.410000 -8.239000 0.300000
34319 44.749000 -61.727000 -9.587000 0.300000
144005 45.133000 -62.463000 -9.481000 0.300000
144006 44.938000 -61.760000 -9.265000 0.300000
144009 44.546000 -60.969000 -9.416000 0.300000
75672 43.996000 -61.019000 -9.898000 0.300000
34320 44.530000 -60.308000 -9.230000 0.300000
75674 44.205000 -60.323000 -9.468000 0.300000
7997 43.862000 -60.329000 -9.665000 0.300000
7995 45.381000 -65.749000 -12.404000 0.300000
75659 45.108000 -66.789000 -13.344000 0.400000
75666 45.400000 -64.303000 -11.263000 0.300000
34318 45.238000 -63.170000 -9.995000 0.300000
34314 45.526000 -67.501000 -13.598000 0.500000
63047 45.870000 -67.135000 -8.889000 0.300000
143976 45.850000 -64.740000 -9.683000 0.300000
75646 46.083000 -65.255000 -10.503000 0.300000
144000 45.776000 -65.001000 -11.271000 0.300000
143999 45.515000 -64.889000 -11.612000 0.300000
97733 45.923000 -65.607000 -9.143000 0.300000
63049 45.807000 -66.378000 -8.607000 0.300000
144003 45.538000 -63.878000 -10.089000 0.300000
97735 45.727000 -64.865000 -8.783000 0.300000
97737 45.463000 -63.182000 -7.941000 0.300000
162737 45.423000 -62.383000 -7.865000 0.300000
350 45.422000 -63.198000 -9.229000 0.300000
63052 45.483000 -63.908000 -7.617000 0.300000
137364 45.389000 -62.479000 -8.700000 0.300000
75651 44.664000 -71.027000 -15.098000 0.300000
34311 45.223000 -71.034000 -14.826000 0.400000
120934 46.518000 -70.012000 -13.468000 0.400000
143985 46.224000 -70.145000 -14.022000 0.400000
75650 44.778000 -70.228000 -15.129000 0.300000
143986 46.459000 -69.106000 -13.453000 0.400000
1781 46.700000 -68.979000 -12.883000 0.300000
75652 45.240000 -70.190000 -14.840000 0.400000
34312 46.226000 -69.224000 -13.962000 0.400000
143995 46.547000 -68.095000 -12.893000 0.300000
7994 45.157000 -69.338000 -14.702000 0.300000
75654 45.708000 -69.251000 -14.338000 0.400000
143994 46.251000 -68.211000 -13.385000 0.400000
143989 45.060000 -68.552000 -14.464000 0.300000
143992 45.495000 -68.408000 -14.163000 0.400000
75661 45.889000 -67.356000 -13.236000 0.400000
105297 44.758000 -69.491000 -14.986000 0.300000
143988 44.659000 -68.691000 -14.699000 0.300000
143987 44.162000 -68.769000 -14.779000 0.300000
17539 44.278000 -69.495000 -15.118000 0.300000
143993 45.939000 -68.310000 -13.830000 0.400000
75653 45.809000 -70.191000 -14.510000 0.400000
35982 44.920000 -77.479000 -9.848000 0.300000
57856 45.594000 -71.841000 -14.383000 0.300000
148923 44.211000 -77.901000 -8.078000 0.300000
79740 44.567000 -77.938000 -8.699000 0.300000
79742 44.781000 -77.372000 -9.340000 0.300000
148928 44.924000 -76.863000 -9.893000 0.300000
143984 45.750000 -71.041000 -14.487000 0.300000
57855 45.960000 -71.865000 -13.896000 0.300000
148844 43.884000 -76.745000 -7.862000 0.300000
148926 44.640000 -76.729000 -8.848000 0.300000
148925 44.359000 -76.666000 -8.299000 0.300000
75624 44.865000 -76.138000 -9.435000 0.300000
105280 44.856000 -75.419000 -10.076000 0.300000
25498 46.112000 -71.052000 -13.986000 0.300000
11004 43.101000 -76.163000 -7.166000 0.300000
87 44.040000 -76.068000 -7.930000 0.300000
41724 43.489000 -76.117000 -7.575000 0.300000
34299 44.652000 -76.112000 -8.877000 0.300000
143949 44.381000 -76.068000 -8.369000 0.300000
75626 44.753000 -75.389000 -9.517000 0.300000
41726 43.595000 -75.338000 -7.592000 0.300000
143950 44.060000 -75.312000 -7.978000 0.300000
75625 44.566000 -75.429000 -8.953000 0.300000
143951 44.343000 -75.369000 -8.430000 0.300000
17530 44.855000 -74.624000 -10.226000 0.300000
105283 45.191000 -73.712000 -10.817000 0.300000
34304 45.711000 -72.822000 -11.489000 0.300000
41725 43.177000 -75.388000 -7.246000 0.300000
143954 44.675000 -74.620000 -9.605000 0.300000
34301 44.481000 -74.659000 -9.016000 0.300000
75627 45.022000 -73.724000 -10.293000 0.300000
120933 46.379000 -70.923000 -13.437000 0.300000
162709 43.673000 -74.505000 -7.666000 0.300000
11006 43.277000 -74.595000 -7.308000 0.300000
34300 44.034000 -74.571000 -8.054000 0.300000
143952 44.273000 -74.679000 -8.520000 0.300000
75628 44.764000 -73.769000 -9.725000 0.300000
143962 45.486000 -72.837000 -10.917000 0.300000
105285 46.185000 -71.949000 -12.056000 0.300000
17532 46.609000 -70.895000 -12.783000 0.300000
48252 46.702000 -69.979000 -12.848000 0.300000
143983 45.085000 -71.849000 -14.756000 0.300000
91217 44.056000 -73.831000 -8.158000 0.300000
143955 44.558000 -73.872000 -9.107000 0.300000
7991 45.223000 -72.884000 -10.358000 0.300000
143963 46.018000 -71.959000 -11.482000 0.300000
148927 44.875000 -76.808000 -9.343000 0.300000
148924 44.289000 -77.298000 -8.243000 0.300000
35981 44.603000 -77.329000 -8.847000 0.300000
