#!ascii label, from file  /biac2/kgs/3Danat/FreesurferSegmentations/fsaverage-bkup/label/CBA/cROIs/averages/label/MPM_rh.FG3.label 
1523
3907 31.629000 -58.192000 -5.860000 0.900000
105190 31.498000 -58.878000 -5.896000 0.800000
105191 31.826000 -58.743000 -6.482000 0.800000
105193 31.485000 -60.114000 -6.582000 0.700000
105195 31.643000 -59.987000 -7.227000 0.800000
75474 31.175000 -58.271000 -5.388000 0.900000
105189 32.023000 -58.011000 -6.478000 1.000000
17479 32.282000 -57.858000 -7.114000 1.000000
48200 32.070000 -58.551000 -7.159000 0.900000
17481 31.855000 -59.269000 -7.143000 0.800000
105196 31.705000 -59.700000 -7.986000 0.800000
48202 31.937000 -59.004000 -7.893000 0.900000
75484 31.490000 -60.342000 -8.106000 0.800000
7967 31.431000 -59.966000 -8.876000 0.700000
75488 31.247000 -60.684000 -8.924000 0.700000
120852 30.657000 -57.517000 -5.130000 0.800000
120853 31.226000 -57.497000 -5.416000 0.900000
57797 31.327000 -56.681000 -5.499000 0.900000
25462 30.734000 -56.717000 -5.202000 0.900000
17472 29.490000 -56.734000 -5.032000 0.900000
120857 32.151000 -57.374000 -6.374000 0.900000
120858 32.500000 -57.157000 -7.068000 1.000000
48201 32.177000 -58.331000 -7.825000 0.900000
1769 32.410000 -57.332000 -8.535000 1.000000
48203 32.147000 -57.989000 -8.567000 0.900000
17483 31.907000 -58.618000 -8.719000 0.900000
105197 31.679000 -59.321000 -8.802000 0.800000
75489 31.059000 -60.248000 -9.603000 0.700000
57798 31.892000 -55.870000 -5.852000 0.900000
57796 31.381000 -55.929000 -5.540000 0.900000
57795 30.813000 -55.944000 -5.313000 0.900000
120848 30.205000 -55.970000 -5.174000 0.900000
105176 29.508000 -56.040000 -5.123000 0.900000
25464 31.848000 -56.643000 -5.870000 0.900000
120856 32.234000 -56.630000 -6.314000 0.900000
120859 32.628000 -56.982000 -7.686000 1.000000
105199 31.764000 -58.278000 -9.366000 0.800000
105198 31.509000 -58.947000 -9.437000 0.800000
34243 31.052000 -59.228000 -10.086000 0.800000
143787 30.755000 -58.777000 -10.666000 0.800000
90811 30.543000 -59.364000 -10.828000 0.800000
90813 30.145000 -58.924000 -11.322000 0.800000
25461 30.889000 -55.204000 -5.370000 0.900000
3905 29.540000 -55.330000 -5.212000 0.900000
75454 28.828000 -55.409000 -5.299000 0.900000
3906 31.998000 -55.117000 -5.898000 0.900000
75452 29.544000 -54.616000 -5.322000 0.900000
75453 28.856000 -54.674000 -5.395000 0.800000
34227 28.122000 -55.494000 -5.469000 0.800000
120855 32.353000 -55.802000 -6.334000 0.900000
143739 28.821000 -53.928000 -5.429000 0.700000
143740 28.080000 -54.784000 -5.537000 0.700000
105175 27.391000 -54.891000 -5.700000 0.700000
57800 32.721000 -55.690000 -6.935000 0.900000
105174 27.353000 -54.226000 -5.669000 0.700000
17470 26.674000 -54.511000 -5.833000 0.700000
57801 32.965000 -55.547000 -7.563000 1.000000
105172 26.571000 -53.920000 -5.776000 0.600000
57802 32.801000 -56.292000 -7.624000 1.000000
25466 32.886000 -56.044000 -8.323000 1.000000
120860 32.666000 -56.742000 -8.394000 1.000000
48205 32.340000 -57.041000 -9.162000 1.000000
48204 32.025000 -57.667000 -9.227000 0.900000
120861 32.596000 -56.465000 -9.060000 1.000000
17485 32.195000 -56.707000 -9.818000 0.900000
105200 31.856000 -57.300000 -9.860000 0.800000
17484 31.573000 -57.952000 -9.950000 0.800000
143789 31.029000 -58.143000 -10.609000 0.800000
143790 30.676000 -57.704000 -11.125000 0.800000
7968 30.428000 -58.365000 -11.182000 0.800000
114392 30.068000 -57.944000 -11.718000 0.800000
114391 30.267000 -57.240000 -11.648000 0.800000
22592 29.637000 -57.549000 -12.157000 0.800000
57794 31.521000 -55.157000 -5.604000 0.900000
120847 30.210000 -55.258000 -5.239000 0.900000
57793 31.543000 -54.408000 -5.620000 0.900000
120846 30.932000 -54.460000 -5.425000 0.900000
120844 30.239000 -54.550000 -5.331000 0.900000
25459 29.579000 -53.864000 -5.350000 0.900000
94583 32.426000 -55.027000 -6.328000 0.900000
17471 28.060000 -54.035000 -5.536000 0.700000
11587 32.792000 -54.907000 -6.879000 0.900000
48190 28.034000 -53.356000 -5.533000 0.600000
105173 27.292000 -53.631000 -5.638000 0.600000
57799 33.093000 -54.792000 -7.519000 1.000000
75444 25.737000 -53.530000 -6.017000 0.500000
57803 33.103000 -55.343000 -8.239000 1.000000
130696 25.574000 -52.837000 -6.113000 0.500000
57804 33.100000 -55.177000 -8.806000 1.000000
120862 32.870000 -55.813000 -8.939000 1.000000
25467 32.762000 -55.521000 -9.607000 1.000000
143794 32.480000 -56.166000 -9.696000 1.000000
105201 31.922000 -56.435000 -10.355000 0.900000
75492 31.309000 -57.545000 -10.539000 0.800000
7969 31.635000 -56.006000 -10.950000 0.900000
75493 31.277000 -56.486000 -11.055000 0.800000
34244 30.978000 -57.091000 -11.083000 0.800000
75495 31.297000 -55.508000 -11.555000 0.900000
75494 30.895000 -56.005000 -11.591000 0.800000
34245 30.859000 -54.961000 -12.063000 0.900000
22591 30.186000 -56.178000 -12.050000 0.800000
114394 29.551000 -56.550000 -12.468000 0.800000
22593 29.384000 -55.421000 -12.918000 0.800000
114395 29.098000 -56.101000 -12.902000 0.800000
120843 30.249000 -53.789000 -5.322000 0.900000
57792 32.098000 -54.347000 -5.960000 0.900000
11585 32.128000 -53.594000 -5.968000 0.900000
120841 29.515000 -53.090000 -5.397000 0.700000
48191 28.751000 -53.186000 -5.452000 0.800000
94584 32.907000 -54.203000 -6.855000 0.900000
94581 32.610000 -53.556000 -6.348000 0.900000
17469 27.970000 -52.770000 -5.470000 0.700000
105171 27.242000 -53.064000 -5.555000 0.600000
6086 26.515000 -53.312000 -5.757000 0.600000
130701 27.867000 -52.203000 -5.430000 0.700000
130700 27.119000 -52.431000 -5.581000 0.600000
130697 26.364000 -52.663000 -5.833000 0.500000
3908 33.265000 -54.657000 -8.177000 1.000000
29559 26.149000 -51.996000 -5.941000 0.500000
64982 25.321000 -52.124000 -6.241000 0.500000
57805 33.287000 -54.493000 -8.718000 1.000000
120863 33.029000 -54.910000 -9.452000 1.000000
75496 32.893000 -54.607000 -10.089000 1.000000
75497 32.562000 -55.149000 -10.262000 1.000000
143796 31.970000 -55.385000 -10.970000 0.900000
120864 33.157000 -53.975000 -9.944000 1.000000
75498 32.700000 -54.221000 -10.812000 0.900000
34246 32.301000 -54.776000 -10.900000 0.900000
143799 31.610000 -54.952000 -11.443000 0.900000
143798 31.981000 -54.385000 -11.412000 0.900000
143800 31.194000 -54.453000 -11.977000 0.900000
143793 30.374000 -54.445000 -12.495000 0.900000
53311 30.037000 -55.042000 -12.472000 0.900000
34247 31.605000 -53.926000 -11.891000 0.900000
143801 30.777000 -53.965000 -12.427000 0.900000
53313 29.598000 -54.691000 -12.886000 0.900000
143802 30.270000 -53.399000 -12.847000 0.900000
120845 31.603000 -53.638000 -5.664000 0.900000
25460 30.945000 -53.719000 -5.434000 0.900000
120842 30.325000 -52.984000 -5.380000 0.900000
57790 30.994000 -52.961000 -5.455000 0.900000
120840 30.180000 -52.272000 -5.410000 1.000000
822 29.435000 -52.356000 -5.418000 0.800000
94579 32.247000 -52.831000 -5.939000 0.900000
48189 28.722000 -52.464000 -5.438000 0.700000
94585 33.207000 -54.092000 -7.386000 0.900000
11586 33.059000 -53.447000 -6.852000 0.900000
130702 28.581000 -51.917000 -5.367000 0.700000
29560 27.766000 -51.542000 -5.447000 0.700000
130699 26.960000 -51.809000 -5.651000 0.500000
94586 33.407000 -53.956000 -8.048000 1.000000
64983 25.983000 -51.249000 -6.059000 0.500000
64981 25.158000 -51.479000 -6.249000 0.500000
94587 33.450000 -53.819000 -8.558000 1.000000
120865 33.460000 -53.610000 -9.155000 1.000000
57807 33.599000 -52.677000 -9.657000 1.000000
120866 33.416000 -53.355000 -9.779000 1.000000
3909 32.985000 -53.585000 -10.585000 1.000000
120867 33.270000 -53.020000 -10.413000 1.000000
25469 33.500000 -52.416000 -10.224000 1.000000
105203 32.736000 -53.196000 -11.183000 0.900000
75500 31.988000 -53.289000 -11.886000 0.900000
75501 31.566000 -52.832000 -12.353000 0.900000
90829 29.201000 -53.535000 -15.836000 0.700000
114403 28.812000 -53.046000 -15.828000 0.800000
114402 28.465000 -53.512000 -15.483000 0.800000
22596 28.194000 -52.929000 -15.397000 0.800000
94580 32.731000 -52.799000 -6.282000 0.900000
3904 32.329000 -52.010000 -5.945000 1.000000
57789 31.656000 -52.099000 -5.651000 1.000000
130713 30.882000 -51.424000 -5.451000 1.000000
130712 30.130000 -51.518000 -5.397000 0.700000
130703 29.348000 -51.672000 -5.366000 0.700000
42307 33.326000 -53.372000 -7.363000 0.900000
42305 33.127000 -52.703000 -6.773000 0.900000
64987 28.513000 -51.295000 -5.352000 0.700000
130698 26.804000 -51.075000 -5.806000 0.600000
94588 33.623000 -53.055000 -8.535000 1.000000
11588 33.539000 -53.206000 -7.986000 0.900000
42306 33.419000 -52.615000 -7.294000 0.900000
148737 25.094000 -50.763000 -6.260000 0.400000
11589 33.649000 -52.890000 -9.104000 1.000000
120868 33.354000 -52.068000 -10.839000 1.000000
105204 32.820000 -52.247000 -11.618000 1.000000
17486 33.128000 -51.625000 -11.509000 1.000000
5612 28.212000 -52.512000 -14.349000 0.900000
162274 31.058000 -52.737000 -16.222000 0.600000
10065 29.723000 -53.114000 -16.063000 0.600000
114404 29.252000 -52.554000 -16.122000 0.800000
53317 28.439000 -52.505000 -15.773000 0.800000
114399 28.030000 -53.416000 -14.951000 0.900000
114397 28.103000 -53.178000 -14.466000 0.900000
11584 33.179000 -51.971000 -6.706000 0.900000
94578 32.781000 -51.975000 -6.284000 0.900000
130711 29.935000 -50.871000 -5.358000 0.800000
29561 29.200000 -51.061000 -5.325000 0.700000
64986 28.361000 -50.688000 -5.366000 0.700000
13982 27.461000 -50.165000 -5.708000 0.600000
148740 25.675000 -49.809000 -6.194000 0.400000
42309 33.815000 -52.359000 -8.457000 1.000000
42308 33.669000 -52.474000 -7.906000 0.900000
94589 33.882000 -52.188000 -8.999000 1.000000
57806 33.856000 -51.959000 -9.570000 1.000000
57808 33.793000 -51.732000 -10.147000 1.000000
57809 33.656000 -51.477000 -10.725000 1.000000
120869 33.446000 -51.081000 -11.343000 1.000000
48206 33.168000 -50.628000 -11.941000 1.000000
128014 28.782000 -52.081000 -13.940000 0.900000
28533 28.630000 -50.917000 -14.322000 0.900000
128015 28.384000 -51.690000 -14.310000 0.900000
22594 27.902000 -51.727000 -15.194000 0.900000
114396 27.956000 -52.117000 -14.786000 0.900000
90856 32.394000 -51.559000 -16.376000 0.600000
90855 31.693000 -52.201000 -16.309000 0.600000
162273 30.393000 -52.402000 -16.268000 0.600000
162270 29.808000 -52.032000 -16.343000 0.800000
22598 28.833000 -52.068000 -16.092000 0.800000
53315 27.970000 -52.420000 -15.279000 0.900000
130715 32.218000 -51.293000 -5.884000 0.900000
130714 31.578000 -51.383000 -5.606000 0.900000
29564 30.759000 -50.762000 -5.428000 0.700000
29565 32.186000 -50.573000 -5.804000 0.900000
64997 31.519000 -50.666000 -5.576000 0.900000
64988 29.120000 -50.443000 -5.299000 0.600000
42304 33.488000 -51.899000 -7.200000 1.000000
130720 33.639000 -51.114000 -7.108000 1.000000
130719 33.266000 -51.151000 -6.637000 1.000000
6087 28.965000 -49.768000 -5.366000 0.600000
64984 28.216000 -49.990000 -5.506000 0.600000
98895 27.224000 -49.437000 -5.832000 0.500000
42310 33.950000 -51.626000 -8.307000 1.000000
343 33.775000 -51.751000 -7.780000 1.000000
130722 34.095000 -50.907000 -8.186000 1.000000
11590 34.046000 -51.484000 -8.852000 1.000000
94590 34.094000 -51.301000 -9.403000 1.000000
3910 34.073000 -51.088000 -9.974000 1.000000
57810 33.962000 -50.783000 -10.585000 1.000000
25470 33.789000 -50.438000 -11.210000 1.000000
120870 33.583000 -50.055000 -11.812000 1.000000
48208 32.819000 -50.117000 -12.522000 1.000000
17488 32.402000 -50.671000 -12.590000 1.000000
105208 31.948000 -50.244000 -13.029000 1.000000
105207 31.484000 -50.672000 -13.113000 1.000000
143806 30.973000 -50.209000 -13.452000 1.000000
34249 30.532000 -50.693000 -13.557000 0.900000
75505 31.023000 -51.200000 -13.174000 0.900000
62912 29.135000 -51.374000 -13.977000 0.900000
128018 28.043000 -51.382000 -14.676000 0.900000
53314 27.939000 -51.264000 -15.633000 0.900000
162280 33.772000 -50.538000 -16.663000 0.600000
90858 33.088000 -51.052000 -16.478000 0.600000
90854 31.741000 -51.281000 -16.555000 0.600000
40439 31.109000 -51.841000 -16.442000 0.600000
162269 29.290000 -51.539000 -16.383000 0.800000
53318 28.419000 -51.549000 -16.008000 0.800000
130717 32.793000 -50.502000 -6.120000 0.900000
64996 31.481000 -49.952000 -5.531000 0.700000
130710 29.927000 -50.216000 -5.322000 0.600000
130709 29.744000 -49.560000 -5.311000 0.600000
65002 33.738000 -50.354000 -6.958000 0.900000
98897 28.835000 -49.089000 -5.483000 0.600000
98896 28.052000 -49.248000 -5.646000 0.500000
130721 33.916000 -51.033000 -7.655000 1.000000
143812 34.235000 -50.783000 -8.692000 1.000000
130723 34.313000 -50.165000 -8.063000 0.900000
143813 34.315000 -50.630000 -9.227000 1.000000
143814 34.340000 -50.377000 -9.810000 1.000000
143817 34.299000 -50.109000 -10.425000 1.000000
143818 34.181000 -49.801000 -11.052000 1.000000
143819 33.977000 -49.449000 -11.607000 1.000000
143820 33.733000 -49.076000 -12.127000 1.000000
1771 33.256000 -49.627000 -12.360000 1.000000
48209 32.416000 -49.680000 -12.949000 1.000000
17489 31.435000 -49.652000 -13.428000 1.000000
143807 30.461000 -49.735000 -13.795000 1.000000
5611 29.439000 -49.666000 -14.194000 0.900000
62913 28.980000 -50.209000 -14.277000 0.900000
128017 28.256000 -50.548000 -14.643000 0.900000
62917 27.803000 -49.849000 -15.341000 0.900000
114419 33.099000 -50.206000 -16.763000 0.600000
10068 32.441000 -50.777000 -16.606000 0.600000
90853 31.159000 -50.877000 -16.698000 0.600000
162271 30.546000 -50.467000 -16.814000 0.700000
90850 29.317000 -50.510000 -16.674000 0.700000
162268 28.842000 -51.034000 -16.391000 0.700000
2503 28.133000 -50.796000 -15.989000 0.800000
128021 27.904000 -50.158000 -15.883000 0.900000
90860 34.533000 -50.097000 -16.945000 0.600000
40437 28.818000 -49.955000 -16.653000 0.700000
162267 28.419000 -50.392000 -16.332000 0.800000
162258 28.106000 -49.717000 -16.270000 0.900000
29563 30.548000 -49.399000 -5.354000 0.700000
130706 29.620000 -48.912000 -5.396000 0.600000
65000 33.419000 -49.711000 -6.408000 0.900000
130716 32.819000 -49.799000 -6.014000 0.800000
6088 32.079000 -49.174000 -5.710000 0.700000
29567 34.091000 -50.264000 -7.549000 0.900000
65001 33.847000 -49.659000 -6.846000 0.800000
29568 34.476000 -50.039000 -8.601000 1.000000
65004 34.489000 -49.530000 -7.915000 0.800000
75511 34.876000 -49.203000 -8.930000 0.900000
130724 34.723000 -49.361000 -8.412000 0.800000
34252 34.622000 -49.709000 -9.675000 1.000000
143816 34.619000 -49.450000 -10.294000 1.000000
34253 34.561000 -49.201000 -10.879000 1.000000
75517 34.397000 -48.874000 -11.426000 1.000000
34254 34.188000 -48.522000 -11.971000 1.000000
143829 33.432000 -48.625000 -12.664000 1.000000
17490 32.524000 -48.701000 -13.239000 1.000000
105209 31.997000 -49.264000 -13.300000 1.000000
75507 30.973000 -49.140000 -13.770000 1.000000
143808 29.946000 -49.190000 -14.133000 0.900000
97652 28.979000 -49.185000 -14.524000 0.900000
128016 28.547000 -49.776000 -14.616000 0.900000
62916 27.911000 -48.953000 -15.275000 0.900000
90852 31.813000 -50.382000 -16.858000 0.600000
90851 29.906000 -50.034000 -16.881000 0.700000
28535 27.770000 -49.387000 -15.749000 0.900000
90859 34.641000 -49.291000 -17.239000 0.600000
22607 33.861000 -49.720000 -16.964000 0.600000
90849 29.381000 -49.513000 -16.918000 0.700000
162266 28.396000 -49.283000 -16.619000 0.700000
64994 31.314000 -49.283000 -5.467000 0.700000
130708 30.436000 -48.728000 -5.392000 0.600000
13987 33.365000 -48.997000 -6.341000 0.800000
98903 32.787000 -49.070000 -6.006000 0.800000
64992 31.934000 -48.486000 -5.694000 0.700000
64993 31.183000 -48.579000 -5.520000 0.700000
6089 34.353000 -48.841000 -7.249000 0.700000
64999 33.882000 -48.939000 -6.749000 0.800000
29569 34.927000 -48.652000 -8.249000 0.700000
130725 35.124000 -48.516000 -8.781000 0.700000
105212 35.296000 -48.172000 -9.870000 0.800000
17492 35.279000 -47.958000 -10.432000 0.800000
75515 34.933000 -48.616000 -10.608000 0.800000
75514 35.241000 -47.720000 -11.011000 0.800000
75516 34.817000 -48.292000 -11.190000 0.900000
75518 34.627000 -47.947000 -11.787000 0.900000
143828 33.910000 -48.155000 -12.493000 1.000000
143830 33.078000 -48.199000 -13.119000 1.000000
75506 31.498000 -48.673000 -13.689000 1.000000
75508 30.973000 -48.128000 -14.032000 1.000000
143831 32.666000 -47.716000 -13.544000 1.000000
105210 32.053000 -48.208000 -13.645000 1.000000
34250 30.471000 -48.662000 -14.046000 1.000000
143809 29.975000 -48.177000 -14.357000 1.000000
97651 29.443000 -48.677000 -14.458000 0.900000
97653 28.954000 -48.145000 -14.779000 0.900000
13292 28.563000 -48.726000 -14.852000 0.900000
62914 28.218000 -48.264000 -15.224000 0.900000
114420 33.243000 -49.289000 -17.057000 0.600000
114418 32.470000 -49.862000 -16.902000 0.600000
22605 31.200000 -50.012000 -16.963000 0.600000
114415 30.592000 -49.443000 -17.075000 0.700000
62918 27.806000 -48.719000 -15.624000 0.900000
162257 27.899000 -49.006000 -16.160000 0.900000
90847 29.434000 -48.375000 -17.226000 0.700000
90848 28.851000 -48.811000 -16.970000 0.700000
40434 28.122000 -48.580000 -16.591000 0.900000
90840 27.926000 -47.888000 -16.470000 0.900000
98904 33.342000 -48.280000 -6.323000 0.700000
98902 32.664000 -48.384000 -5.961000 0.600000
13985 31.744000 -47.771000 -5.679000 0.600000
29562 30.122000 -48.069000 -5.497000 0.600000
98906 34.430000 -48.088000 -7.171000 0.700000
13986 33.183000 -47.602000 -6.247000 0.600000
98907 34.794000 -48.029000 -7.624000 0.700000
130727 35.362000 -47.786000 -8.646000 0.700000
130728 35.506000 -47.596000 -9.201000 0.700000
105214 35.616000 -47.034000 -10.896000 0.800000
7972 35.094000 -47.446000 -11.549000 0.800000
143826 34.897000 -47.098000 -12.101000 0.800000
143827 34.403000 -47.574000 -12.344000 0.800000
34257 33.605000 -47.730000 -12.956000 1.000000
75525 34.141000 -47.187000 -12.832000 0.800000
143832 32.244000 -47.218000 -13.938000 1.000000
7971 31.600000 -47.716000 -13.981000 1.000000
75509 30.495000 -47.634000 -14.330000 1.000000
143835 31.760000 -46.732000 -14.284000 1.000000
75510 31.131000 -47.134000 -14.334000 1.000000
143810 30.049000 -47.170000 -14.652000 1.000000
44011 29.574000 -46.688000 -15.011000 1.000000
44012 29.002000 -47.162000 -15.080000 1.000000
97654 28.501000 -47.601000 -15.154000 0.900000
114417 31.951000 -49.511000 -17.094000 0.600000
5613 27.971000 -47.919000 -15.592000 0.900000
114421 34.034000 -48.911000 -17.301000 0.600000
22606 32.688000 -48.849000 -17.246000 0.600000
114416 31.288000 -49.010000 -17.233000 0.700000
162255 27.859000 -47.564000 -15.945000 0.900000
114414 30.601000 -48.560000 -17.349000 0.700000
40436 28.927000 -47.844000 -17.284000 0.700000
90841 28.164000 -47.526000 -16.896000 0.900000
98899 31.511000 -47.122000 -5.698000 0.500000
44707 33.822000 -47.463000 -6.647000 0.600000
44705 33.036000 -46.867000 -6.264000 0.500000
98908 34.827000 -47.282000 -7.530000 0.700000
13988 34.398000 -47.365000 -7.105000 0.700000
13989 35.204000 -47.169000 -8.007000 0.700000
29570 35.700000 -46.884000 -9.067000 0.700000
65007 35.474000 -47.044000 -8.528000 0.700000
17491 35.947000 -46.526000 -10.144000 0.700000
48212 35.967000 -46.370000 -10.704000 0.700000
105215 35.542000 -46.774000 -11.464000 0.800000
143823 35.414000 -46.528000 -11.965000 0.800000
143825 35.170000 -46.217000 -12.485000 0.800000
34256 34.663000 -46.724000 -12.620000 0.800000
75523 34.916000 -45.869000 -13.001000 0.800000
75524 34.379000 -46.335000 -13.102000 0.800000
75528 33.470000 -46.340000 -13.738000 0.900000
34258 32.879000 -46.802000 -13.854000 1.000000
7973 34.037000 -45.895000 -13.633000 0.800000
143833 33.064000 -45.893000 -14.220000 0.900000
143834 32.442000 -46.396000 -14.227000 1.000000
143836 31.286000 -46.292000 -14.649000 1.000000
34251 30.604000 -46.668000 -14.662000 1.000000
44013 29.107000 -46.190000 -15.386000 1.000000
13293 28.584000 -46.692000 -15.439000 0.900000
97655 28.276000 -47.256000 -15.513000 0.900000
162252 28.027000 -46.895000 -15.881000 0.900000
162251 28.257000 -46.207000 -15.876000 0.900000
162254 27.867000 -46.590000 -16.270000 0.900000
53327 33.416000 -48.464000 -17.397000 0.600000
53325 32.089000 -48.570000 -17.452000 0.600000
90845 30.009000 -48.126000 -17.454000 0.700000
162264 28.524000 -47.142000 -17.293000 0.800000
90839 27.969000 -46.853000 -16.803000 0.900000
22608 34.241000 -48.023000 -17.692000 0.600000
114413 30.784000 -47.626000 -17.725000 0.700000
90846 29.488000 -47.430000 -17.566000 0.700000
10066 28.212000 -46.533000 -17.220000 0.800000
90838 27.913000 -46.150000 -16.738000 0.900000
162263 29.065000 -46.776000 -17.657000 0.700000
90837 28.042000 -45.814000 -17.221000 0.900000
44706 33.732000 -46.760000 -6.661000 0.500000
13984 32.833000 -46.227000 -6.296000 0.500000
44709 34.777000 -46.589000 -7.469000 0.700000
44704 33.513000 -46.095000 -6.627000 0.500000
98909 35.176000 -46.473000 -7.911000 0.700000
65008 35.807000 -46.204000 -8.867000 0.700000
65006 35.529000 -46.336000 -8.388000 0.700000
65009 36.009000 -46.040000 -9.423000 0.700000
130730 36.157000 -45.865000 -9.997000 0.700000
48213 36.276000 -45.490000 -11.128000 0.700000
17493 35.928000 -46.177000 -11.281000 0.700000
34255 35.666000 -45.582000 -12.409000 0.800000
143824 35.435000 -45.269000 -12.934000 0.800000
75522 34.620000 -45.484000 -13.509000 0.800000
105221 33.670000 -45.442000 -14.145000 0.800000
75530 32.625000 -45.446000 -14.668000 0.900000
34259 31.973000 -45.915000 -14.649000 1.000000
143837 30.795000 -45.842000 -15.009000 1.000000
143811 30.128000 -46.235000 -14.979000 1.000000
105220 34.298000 -45.052000 -14.048000 0.800000
17497 33.285000 -44.988000 -14.615000 0.800000
75532 31.495000 -45.414000 -15.056000 0.900000
143838 30.282000 -45.357000 -15.385000 1.000000
344 29.654000 -45.740000 -15.383000 1.000000
34260 30.956000 -44.922000 -15.489000 0.900000
137192 29.207000 -45.290000 -15.729000 1.000000
162250 28.689000 -45.779000 -15.752000 1.000000
90835 28.356000 -45.280000 -16.203000 1.000000
162253 27.944000 -45.490000 -16.697000 0.900000
22604 31.409000 -48.153000 -17.558000 0.700000
90836 28.146000 -44.881000 -16.609000 0.900000
53326 32.771000 -48.185000 -17.532000 0.600000
53324 32.177000 -47.659000 -17.753000 0.600000
22600 27.981000 -45.213000 -17.107000 0.900000
53323 31.538000 -47.186000 -17.993000 0.700000
22603 30.191000 -46.984000 -17.896000 0.700000
162262 29.603000 -46.479000 -17.962000 0.700000
162261 28.570000 -46.216000 -17.611000 0.700000
114409 28.300000 -45.507000 -17.611000 0.800000
40435 29.137000 -45.898000 -17.983000 0.700000
114408 28.132000 -44.841000 -17.561000 0.800000
114407 28.065000 -44.109000 -17.496000 0.900000
162260 28.715000 -45.208000 -17.983000 0.700000
44708 34.342000 -46.665000 -7.078000 0.600000
823 34.212000 -45.962000 -7.047000 0.500000
98910 35.510000 -45.617000 -8.325000 0.700000
13990 35.095000 -45.757000 -7.856000 0.500000
29571 36.325000 -45.207000 -9.819000 0.700000
65010 36.113000 -45.335000 -9.326000 0.700000
130731 36.479000 -45.030000 -10.411000 0.700000
130738 36.386000 -44.489000 -9.774000 0.700000
824 36.535000 -44.836000 -11.003000 0.700000
120872 36.527000 -44.644000 -11.579000 0.700000
143821 36.219000 -45.258000 -11.698000 0.700000
25472 36.473000 -44.423000 -12.170000 0.700000
75520 36.117000 -45.020000 -12.256000 0.700000
75521 35.961000 -44.747000 -12.835000 0.800000
17495 35.177000 -44.943000 -13.450000 0.800000
105217 35.708000 -44.371000 -13.420000 0.800000
105219 34.872000 -44.535000 -14.036000 0.800000
105222 33.933000 -44.600000 -14.604000 0.800000
48215 35.109000 -43.619000 -14.559000 0.800000
48217 34.124000 -43.725000 -15.137000 0.800000
75529 32.840000 -44.570000 -15.113000 0.800000
75533 31.663000 -44.545000 -15.537000 0.900000
143839 30.448000 -44.447000 -15.860000 0.900000
137191 29.769000 -44.826000 -15.803000 1.000000
17498 33.714000 -43.288000 -15.695000 0.800000
105224 33.059000 -43.739000 -15.615000 0.800000
31952 28.826000 -44.844000 -16.137000 1.000000
137193 29.315000 -44.306000 -16.213000 1.000000
2504 32.956000 -47.320000 -18.000000 0.600000
90834 28.494000 -44.364000 -16.597000 1.000000
114412 30.890000 -46.720000 -18.146000 0.700000
114411 30.336000 -46.181000 -18.268000 0.700000
114406 27.984000 -44.497000 -17.058000 0.900000
7112 28.281000 -43.921000 -17.037000 1.000000
90844 29.721000 -45.654000 -18.304000 0.700000
90843 29.189000 -45.029000 -18.318000 0.800000
22601 28.431000 -44.570000 -17.979000 0.800000
130739 36.579000 -44.345000 -10.292000 0.700000
65017 36.615000 -43.679000 -10.155000 0.700000
130740 36.724000 -44.187000 -10.821000 0.700000
120871 36.811000 -43.992000 -11.412000 0.700000
120873 36.803000 -43.751000 -12.034000 0.700000
120874 36.735000 -43.493000 -12.648000 0.700000
3912 36.195000 -43.803000 -13.336000 0.700000
120875 36.623000 -43.204000 -13.256000 0.700000
105216 35.973000 -43.486000 -13.885000 0.800000
105218 35.424000 -43.996000 -14.000000 0.800000
48216 34.786000 -43.254000 -15.088000 0.800000
48214 35.362000 -42.724000 -15.063000 0.800000
48218 34.415000 -42.854000 -15.632000 0.800000
75535 31.885000 -43.707000 -16.007000 0.900000
75534 31.124000 -44.028000 -15.989000 0.900000
105225 32.578000 -43.282000 -16.110000 0.800000
34261 31.357000 -43.175000 -16.446000 0.900000
31951 29.976000 -43.989000 -16.215000 0.900000
53322 32.308000 -46.885000 -18.167000 0.600000
143841 30.836000 -42.636000 -16.864000 0.900000
70111 30.193000 -43.051000 -16.764000 0.900000
137194 28.986000 -43.954000 -16.533000 1.000000
128032 33.152000 -46.422000 -18.470000 0.600000
137195 28.641000 -43.495000 -16.947000 0.900000
5615 30.441000 -45.328000 -18.693000 0.700000
137198 28.466000 -43.008000 -17.431000 0.900000
162259 28.822000 -44.268000 -18.349000 0.800000
53320 28.300000 -43.885000 -17.963000 0.900000
22599 28.194000 -43.226000 -17.876000 0.800000
29574 36.815000 -43.496000 -10.691000 0.700000
130741 36.948000 -43.284000 -11.290000 0.700000
57812 37.040000 -42.812000 -12.544000 0.700000
120878 36.451000 -42.937000 -13.775000 0.700000
120877 36.838000 -42.268000 -13.744000 0.700000
120879 36.219000 -42.588000 -14.356000 0.700000
105226 33.292000 -42.888000 -16.181000 0.800000
143842 32.059000 -42.780000 -16.568000 0.800000
17499 32.829000 -42.467000 -16.637000 0.800000
75537 32.344000 -42.003000 -17.061000 0.800000
70112 29.491000 -43.449000 -16.671000 0.900000
22602 31.762000 -46.377000 -18.434000 0.600000
143843 31.604000 -42.326000 -16.980000 0.800000
143844 31.098000 -41.806000 -17.372000 0.900000
70113 29.707000 -42.496000 -17.161000 0.900000
31953 29.133000 -42.970000 -17.081000 0.900000
128031 32.536000 -46.017000 -18.653000 0.600000
114410 31.134000 -45.810000 -18.623000 0.700000
137197 28.849000 -42.473000 -17.499000 0.900000
90842 29.871000 -44.735000 -18.686000 0.700000
137199 28.395000 -42.532000 -17.940000 0.800000
128023 28.984000 -43.319000 -18.756000 0.700000
53319 28.380000 -42.898000 -18.325000 0.800000
130742 37.155000 -42.349000 -11.751000 0.700000
57813 37.236000 -41.872000 -12.970000 0.700000
120876 37.175000 -41.639000 -13.582000 0.700000
48219 34.002000 -42.476000 -16.158000 0.800000
105227 33.564000 -42.067000 -16.685000 0.800000
75536 33.088000 -41.546000 -17.204000 0.800000
34262 31.863000 -41.473000 -17.506000 0.800000
7111 30.389000 -42.131000 -17.274000 0.900000
101972 29.962000 -41.591000 -17.720000 0.900000
128030 31.903000 -45.504000 -18.862000 0.600000
137196 29.354000 -42.022000 -17.576000 0.900000
128029 31.277000 -45.002000 -19.036000 0.700000
128026 30.612000 -44.462000 -19.058000 0.700000
70115 29.127000 -41.573000 -18.058000 0.900000
128024 29.560000 -43.094000 -19.152000 0.700000
1392 28.748000 -42.590000 -18.855000 0.800000
70117 28.735000 -41.620000 -18.469000 0.800000
128022 29.160000 -42.347000 -19.257000 0.700000
137201 28.640000 -41.977000 -18.814000 0.800000
137200 28.443000 -42.258000 -18.375000 0.800000
137210 28.944000 -41.783000 -19.278000 0.800000
130743 37.323000 -41.473000 -12.128000 0.700000
3911 37.404000 -41.241000 -12.726000 0.600000
62925 32.777000 -45.133000 -19.108000 0.600000
143845 31.426000 -40.982000 -17.896000 0.800000
101973 30.314000 -40.699000 -18.275000 0.900000
15692 29.640000 -41.104000 -18.148000 0.900000
28539 32.117000 -44.788000 -19.266000 0.600000
70114 29.412000 -40.606000 -18.622000 0.900000
128025 30.070000 -43.816000 -19.143000 0.800000
70116 28.998000 -41.137000 -18.529000 0.900000
31955 28.752000 -41.374000 -18.912000 0.800000
28536 29.708000 -42.197000 -19.585000 0.700000
137209 28.975000 -41.114000 -19.353000 0.800000
137208 29.192000 -40.373000 -19.563000 0.800000
128028 31.489000 -44.155000 -19.407000 0.700000
15691 31.029000 -40.416000 -18.326000 0.800000
128027 31.579000 -43.306000 -19.770000 0.500000
28538 30.824000 -43.523000 -19.517000 0.600000
62921 31.009000 -42.699000 -19.901000 0.600000
62920 30.141000 -42.888000 -19.535000 0.700000
7113 29.363000 -40.217000 -19.135000 0.800000
62919 30.458000 -41.980000 -19.972000 0.600000
137212 30.001000 -41.363000 -20.112000 0.600000
31958 29.391000 -40.794000 -19.889000 0.700000
70125 29.481000 -40.182000 -20.051000 0.800000
70118 29.025000 -40.780000 -18.971000 0.800000
70127 29.848000 -40.642000 -20.282000 0.600000
46412 30.693000 -39.930000 -18.744000 0.800000
15693 30.448000 -39.495000 -19.162000 0.800000
101975 29.833000 -39.840000 -19.131000 0.900000
97657 31.844000 -42.476000 -20.194000 0.600000
31957 29.595000 -39.469000 -20.235000 0.800000
137207 29.438000 -39.813000 -19.696000 0.800000
137204 29.742000 -39.426000 -19.649000 0.800000
70126 29.890000 -39.998000 -20.484000 0.600000
46413 31.039000 -39.113000 -19.257000 0.800000
137203 30.261000 -39.083000 -19.637000 0.800000
5614 31.249000 -41.785000 -20.354000 0.600000
137213 30.844000 -41.140000 -20.525000 0.600000
137206 29.761000 -39.024000 -20.193000 0.800000
31959 30.573000 -40.439000 -20.753000 0.600000
70123 29.916000 -38.736000 -20.708000 0.700000
31956 30.197000 -38.576000 -20.225000 0.800000
101981 30.759000 -38.903000 -21.573000 0.600000
70122 30.158000 -38.525000 -21.189000 0.600000
15695 30.379000 -37.817000 -21.359000 0.700000
137215 31.196000 -40.306000 -21.062000 0.600000
137214 30.918000 -39.667000 -21.284000 0.600000
118351 32.254000 -37.867000 -19.936000 0.800000
137202 30.856000 -38.572000 -19.772000 0.800000
97656 32.140000 -41.525000 -20.676000 0.600000
118352 31.506000 -38.193000 -19.871000 0.800000
13294 32.906000 -41.458000 -20.883000 0.500000
70121 30.632000 -37.639000 -20.812000 0.800000
70120 30.718000 -38.118000 -20.266000 0.800000
137217 32.401000 -40.841000 -21.074000 0.600000
137216 31.586000 -40.966000 -20.814000 0.600000
101977 30.624000 -37.233000 -21.328000 0.600000
137218 33.160000 -40.632000 -21.333000 0.500000
31960 32.003000 -40.120000 -21.377000 0.600000
70130 31.639000 -39.494000 -21.624000 0.600000
101980 30.522000 -38.357000 -21.648000 0.600000
70131 32.245000 -39.466000 -21.793000 0.600000
15697 31.289000 -38.837000 -21.870000 0.600000
101982 31.142000 -38.081000 -22.107000 0.600000
15696 31.019000 -37.495000 -22.115000 0.600000
118353 31.957000 -37.335000 -20.431000 0.800000
24392 31.244000 -37.675000 -20.397000 0.800000
24391 32.692000 -36.990000 -20.475000 0.800000
56012 32.410000 -36.459000 -20.933000 0.700000
118354 31.704000 -36.843000 -20.911000 0.700000
70132 32.738000 -40.017000 -21.581000 0.600000
101978 30.787000 -37.080000 -21.695000 0.600000
101976 31.157000 -36.492000 -21.827000 0.600000
3312 31.068000 -36.831000 -21.367000 0.700000
70133 33.088000 -39.294000 -22.062000 0.500000
46415 31.147000 -36.824000 -22.188000 0.600000
7115 32.796000 -38.596000 -22.318000 0.500000
101983 31.738000 -37.961000 -22.335000 0.600000
46417 31.607000 -37.315000 -22.508000 0.600000
70135 33.612000 -38.429000 -22.422000 0.500000
56011 33.157000 -36.155000 -20.862000 0.700000
24393 32.157000 -35.907000 -21.410000 0.600000
118358 31.532000 -35.911000 -21.902000 0.600000
118355 31.546000 -36.342000 -21.423000 0.600000
118359 31.653000 -35.619000 -22.312000 0.600000
118357 32.088000 -35.433000 -21.900000 0.600000
101985 33.311000 -37.840000 -22.740000 0.500000
15698 32.311000 -37.196000 -22.790000 0.600000
46418 32.238000 -36.493000 -22.919000 0.600000
46416 31.668000 -36.596000 -22.678000 0.600000
15694 31.328000 -36.201000 -22.296000 0.600000
24394 32.117000 -35.070000 -22.325000 0.600000
101986 32.992000 -37.132000 -22.887000 0.600000
46419 32.909000 -36.395000 -23.131000 0.600000
137224 33.937000 -37.784000 -22.755000 0.500000
15699 33.697000 -37.073000 -23.007000 0.500000
70137 34.579000 -36.929000 -23.117000 0.400000
70136 34.236000 -36.299000 -23.306000 0.500000
56013 32.898000 -35.639000 -21.350000 0.600000
118356 32.730000 -35.117000 -21.830000 0.600000
1393 32.241000 -35.783000 -23.045000 0.600000
118360 31.870000 -35.319000 -22.762000 0.600000
56015 32.631000 -34.589000 -22.342000 0.600000
46420 32.823000 -35.634000 -23.300000 0.600000
118362 32.788000 -34.970000 -23.530000 0.600000
101987 33.614000 -36.343000 -23.248000 0.500000
15700 33.437000 -35.567000 -23.518000 0.600000
101988 34.086000 -35.479000 -23.622000 0.500000
70138 35.005000 -36.220000 -23.326000 0.400000
7117 34.871000 -35.492000 -23.621000 0.400000
24395 32.457000 -34.524000 -23.177000 0.600000
56016 32.668000 -34.217000 -22.782000 0.500000
10992 33.250000 -34.244000 -22.263000 0.500000
93512 33.394000 -34.751000 -21.769000 0.500000
118361 32.256000 -35.136000 -23.162000 0.600000
56018 32.823000 -33.907000 -23.186000 0.500000
137230 33.314000 -34.908000 -23.712000 0.600000
137231 33.845000 -34.917000 -23.755000 0.500000
137232 34.431000 -34.841000 -23.795000 0.400000
93513 33.898000 -33.896000 -22.173000 0.400000
118363 32.843000 -34.364000 -23.548000 0.600000
56019 33.076000 -33.757000 -23.491000 0.500000
70142 33.841000 -34.218000 -23.999000 0.400000
24396 33.261000 -34.274000 -23.807000 0.600000
118364 33.499000 -33.603000 -23.906000 0.600000
56020 33.469000 -33.148000 -23.600000 0.400000
31966 34.541000 -34.107000 -24.106000 0.400000
70143 34.618000 -33.356000 -24.278000 0.400000
93516 33.861000 -32.646000 -23.591000 0.400000
70141 33.974000 -33.511000 -24.095000 0.400000
24397 33.735000 -32.979000 -23.945000 0.400000
137234 35.247000 -34.054000 -24.026000 0.400000
118365 34.099000 -32.867000 -24.206000 0.400000
41711 34.921000 -32.650000 -22.510000 0.400000
10993 34.219000 -32.560000 -23.095000 0.400000
118366 34.035000 -32.462000 -23.968000 0.400000
101990 35.159000 -32.750000 -24.440000 0.400000
3314 34.588000 -32.750000 -24.391000 0.400000
118368 34.724000 -32.225000 -24.456000 0.400000
118367 34.278000 -32.322000 -24.290000 0.400000
41713 34.684000 -32.284000 -23.028000 0.400000
41714 34.635000 -31.932000 -23.485000 0.400000
93517 34.169000 -32.235000 -23.563000 0.400000
101989 35.294000 -32.145000 -24.570000 0.300000
56022 34.619000 -31.836000 -24.300000 0.400000
10994 34.343000 -32.015000 -23.968000 0.400000
41715 35.200000 -31.519000 -23.316000 0.400000
93518 34.697000 -31.582000 -23.980000 0.400000
114400 28.173000 -54.003000 -15.065000 0.800000
22595 28.076000 -53.808000 -14.531000 0.900000
90821 28.353000 -53.513000 -14.039000 0.900000
162235 28.222000 -54.304000 -14.044000 0.900000
40426 28.516000 -54.629000 -13.703000 0.900000
17487 32.399000 -52.731000 -11.766000 0.900000
105205 32.419000 -51.781000 -12.156000 1.000000
48207 32.809000 -51.185000 -12.074000 1.000000
1770 29.906000 -54.027000 -12.880000 0.900000
75502 31.184000 -53.356000 -12.410000 0.900000
75503 31.083000 -52.309000 -12.780000 0.900000
105206 31.980000 -51.264000 -12.644000 1.000000
128012 29.437000 -53.594000 -13.214000 0.900000
34248 30.638000 -52.791000 -12.845000 0.900000
143803 30.158000 -52.332000 -13.197000 0.900000
7970 31.499000 -51.703000 -12.749000 1.000000
28532 28.984000 -53.253000 -13.557000 0.900000
143804 30.033000 -51.197000 -13.597000 0.900000
56014 33.196000 -33.783000 -22.744000 0.400000
3313 33.255000 -33.410000 -23.191000 0.400000
93514 33.701000 -33.350000 -22.709000 0.400000
10991 34.533000 -33.487000 -22.091000 0.400000
120854 31.712000 -57.478000 -5.829000 0.900000
48199 32.423000 -57.616000 -7.813000 1.000000
75490 31.296000 -59.571000 -9.519000 0.800000
120849 30.123000 -56.736000 -5.034000 0.900000
25465 32.590000 -56.480000 -6.943000 1.000000
143788 31.300000 -58.492000 -10.088000 0.800000
94582 32.557000 -54.275000 -6.388000 0.900000
143795 32.258000 -55.804000 -10.323000 0.900000
75491 31.612000 -56.910000 -10.499000 0.800000
143791 30.614000 -56.652000 -11.564000 0.800000
114393 29.915000 -56.881000 -12.117000 0.800000
25468 33.234000 -54.259000 -9.324000 1.000000
143792 30.522000 -55.629000 -12.020000 0.900000
53312 29.726000 -55.795000 -12.531000 0.800000
162232 29.162000 -54.358000 -13.208000 0.900000
162233 28.932000 -55.040000 -13.243000 0.800000
143797 32.354000 -53.735000 -11.353000 0.900000
128011 29.766000 -52.941000 -13.241000 0.900000
57791 31.642000 -52.906000 -5.640000 0.900000
25458 30.945000 -52.165000 -5.479000 1.000000
64985 27.609000 -50.898000 -5.561000 0.600000
6085 25.765000 -50.525000 -6.165000 0.400000
98894 26.640000 -50.311000 -5.963000 0.400000
105202 33.084000 -52.696000 -11.003000 1.000000
75499 31.958000 -52.178000 -12.290000 0.900000
114401 28.393000 -54.668000 -15.148000 0.700000
53316 28.146000 -51.950000 -15.687000 0.800000
130718 32.787000 -51.229000 -6.228000 0.900000
90819 28.551000 -52.857000 -13.949000 0.900000
90833 30.359000 -53.301000 -16.089000 0.600000
114398 27.931000 -52.901000 -14.848000 0.900000
64995 30.715000 -50.062000 -5.396000 0.700000
98893 26.364000 -49.651000 -6.028000 0.400000
128013 29.241000 -52.464000 -13.627000 0.900000
128019 27.849000 -50.967000 -15.059000 0.900000
128020 27.820000 -50.570000 -15.475000 0.900000
162272 30.460000 -51.426000 -16.560000 0.700000
40438 29.862000 -51.020000 -16.630000 0.700000
64998 32.194000 -49.860000 -5.746000 0.800000
29566 33.319000 -50.434000 -6.504000 0.900000
48210 32.897000 -49.151000 -12.840000 1.000000
75504 30.551000 -51.721000 -13.222000 0.900000
143805 29.987000 -50.252000 -13.856000 0.900000
62911 29.518000 -50.724000 -13.952000 0.900000
28531 29.629000 -51.844000 -13.577000 0.900000
28534 27.983000 -50.240000 -14.958000 0.900000
65003 34.229000 -49.585000 -7.401000 0.800000
130705 29.322000 -48.251000 -5.529000 0.500000
75512 34.572000 -49.898000 -9.139000 1.000000
62915 28.195000 -49.351000 -14.976000 0.900000
65005 34.674000 -48.767000 -7.717000 0.700000
6090 35.258000 -48.343000 -9.327000 0.800000
75513 34.957000 -49.041000 -9.491000 0.900000
143815 34.999000 -48.845000 -10.084000 0.900000
10067 29.997000 -49.072000 -17.148000 0.700000
162256 27.824000 -48.274000 -16.068000 0.900000
162265 28.452000 -48.236000 -16.925000 0.800000
130707 30.950000 -47.899000 -5.551000 0.600000
98905 33.901000 -48.219000 -6.700000 0.800000
98901 32.440000 -47.700000 -5.902000 0.600000
130726 35.094000 -47.951000 -8.093000 0.700000
105211 35.609000 -47.438000 -9.737000 0.700000
105213 35.656000 -47.261000 -10.280000 0.700000
75527 33.281000 -47.279000 -13.419000 1.000000
13291 29.443000 -47.606000 -14.705000 1.000000
40433 27.854000 -47.236000 -16.364000 0.900000
98900 32.317000 -46.988000 -5.939000 0.600000
64991 30.704000 -47.258000 -5.617000 0.500000
130729 35.860000 -46.704000 -9.590000 0.700000
75526 33.831000 -46.771000 -13.286000 0.900000
98898 32.091000 -46.330000 -6.029000 0.500000
48211 36.254000 -45.674000 -10.565000 0.700000
143822 35.840000 -45.879000 -11.876000 0.800000
40432 28.061000 -45.864000 -16.270000 0.900000
44710 34.657000 -45.870000 -7.427000 0.600000
115967 33.945000 -45.302000 -7.095000 0.500000
6091 35.843000 -45.459000 -8.843000 0.700000
75531 32.188000 -45.033000 -15.099000 0.900000
17496 34.513000 -44.166000 -14.563000 0.800000
105223 33.506000 -44.171000 -15.134000 0.800000
114405 28.208000 -43.606000 -17.414000 0.900000
115968 34.464000 -45.206000 -7.441000 0.500000
130734 35.781000 -44.781000 -8.741000 0.700000
75519 36.368000 -44.106000 -12.781000 0.700000
17494 35.686000 -43.122000 -14.478000 0.800000
7974 32.367000 -44.132000 -15.575000 0.900000
143840 30.643000 -43.528000 -16.413000 0.900000
28537 29.403000 -44.012000 -18.761000 0.800000
53321 28.592000 -43.559000 -18.387000 0.800000
25471 37.019000 -43.056000 -11.908000 0.700000
25473 36.967000 -42.533000 -13.144000 0.700000
48220 34.705000 -42.028000 -16.136000 0.800000
31954 28.711000 -42.044000 -17.941000 0.900000
57811 37.231000 -42.113000 -12.355000 0.700000
101971 30.694000 -41.278000 -17.808000 0.900000
29575 37.200000 -41.686000 -11.579000 0.600000
137211 29.386000 -41.551000 -19.704000 0.700000
101974 30.047000 -40.238000 -18.675000 0.900000
70124 29.782000 -39.315000 -20.658000 0.700000
70128 30.309000 -39.790000 -20.926000 0.600000
7114 30.233000 -39.121000 -21.152000 0.600000
137205 30.246000 -38.154000 -20.799000 0.800000
101979 30.586000 -37.661000 -21.717000 0.600000
70119 31.098000 -37.218000 -20.880000 0.700000
70129 32.079000 -38.738000 -22.108000 0.600000
46414 31.698000 -36.007000 -22.697000 0.600000
101984 32.471000 -37.944000 -22.543000 0.600000
56017 32.249000 -34.747000 -22.758000 0.600000
41712 34.344000 -32.982000 -22.599000 0.400000
93515 33.739000 -32.936000 -23.173000 0.400000
153 35.349000 -31.950000 -22.743000 0.400000
24398 34.928000 -31.716000 -24.581000 0.400000
90820 28.740000 -53.933000 -13.600000 0.900000
118323 28.588000 -65.743000 -4.621000 0.400000
118321 28.142000 -65.160000 -4.229000 0.400000
46391 27.434000 -65.266000 -3.969000 0.400000
55990 29.338000 -64.931000 -5.055000 0.400000
1384 28.368000 -64.365000 -4.302000 0.400000
46389 27.662000 -64.451000 -4.057000 0.400000
55989 30.038000 -64.052000 -5.549000 0.300000
118320 29.008000 -64.279000 -4.633000 0.400000
3304 30.393000 -63.882000 -6.146000 0.400000
93498 30.643000 -63.636000 -6.814000 0.400000
10984 30.751000 -63.197000 -7.699000 0.400000
41704 30.732000 -62.749000 -8.509000 0.400000
143765 28.506000 -63.644000 -4.296000 0.500000
143764 27.779000 -63.698000 -4.141000 0.400000
143775 29.728000 -63.490000 -5.043000 0.400000
143774 29.198000 -63.541000 -4.630000 0.400000
143777 30.582000 -63.206000 -6.134000 0.500000
143780 30.817000 -63.052000 -6.743000 0.400000
143781 30.920000 -62.667000 -7.547000 0.400000
143782 30.931000 -62.179000 -8.433000 0.500000
143783 30.830000 -61.730000 -9.225000 0.500000
143784 30.653000 -61.389000 -9.813000 0.600000
41710 30.400000 -61.890000 -9.953000 0.500000
10990 30.033000 -61.429000 -10.541000 0.600000
93510 29.706000 -61.023000 -11.146000 0.400000
34235 28.619000 -62.872000 -4.373000 0.500000
75472 27.927000 -62.910000 -4.267000 0.500000
34234 27.255000 -62.927000 -4.300000 0.500000
143761 26.529000 -62.897000 -4.423000 0.500000
34238 29.857000 -62.722000 -5.008000 0.600000
143773 29.293000 -62.797000 -4.618000 0.600000
75482 30.321000 -62.640000 -5.495000 0.500000
75481 30.418000 -61.938000 -5.414000 0.600000
34239 30.727000 -62.509000 -6.077000 0.500000
143779 31.012000 -62.356000 -6.762000 0.500000
34240 31.108000 -62.062000 -7.468000 0.400000
75487 31.120000 -61.677000 -8.275000 0.600000
34241 31.037000 -61.143000 -9.145000 0.600000
143785 30.846000 -60.764000 -9.779000 0.600000
34242 30.593000 -60.383000 -10.331000 0.600000
90812 30.302000 -59.962000 -10.869000 0.600000
40423 29.892000 -59.566000 -11.385000 0.600000
162223 30.315000 -60.888000 -10.451000 0.600000
162224 29.997000 -60.510000 -10.996000 0.600000
162225 29.574000 -60.021000 -11.477000 0.600000
162228 29.193000 -59.536000 -12.010000 0.600000
75473 28.749000 -62.106000 -4.423000 0.500000
75471 28.072000 -62.134000 -4.340000 0.500000
75470 27.355000 -62.156000 -4.411000 0.500000
143760 26.654000 -62.119000 -4.536000 0.500000
75480 29.962000 -61.999000 -4.994000 0.600000
143772 29.385000 -62.082000 -4.644000 0.600000
75483 30.851000 -61.774000 -5.979000 0.600000
75479 30.604000 -61.169000 -5.408000 0.600000
143778 31.162000 -61.593000 -6.710000 0.500000
7966 31.006000 -61.080000 -5.937000 0.600000
75485 31.273000 -61.345000 -7.429000 0.600000
75486 31.323000 -61.082000 -8.172000 0.600000
143786 30.822000 -59.801000 -10.229000 0.600000
162227 29.504000 -59.127000 -11.877000 0.600000
40424 29.135000 -58.709000 -12.310000 0.700000
75469 28.166000 -61.389000 -4.457000 0.600000
17477 27.480000 -61.353000 -4.555000 0.500000
105185 26.811000 -61.315000 -4.750000 0.500000
34237 30.109000 -61.256000 -4.988000 0.600000
143771 29.500000 -61.327000 -4.629000 0.600000
7965 28.902000 -61.335000 -4.447000 0.600000
105184 27.015000 -60.495000 -4.940000 0.500000
75462 26.395000 -60.422000 -5.261000 0.500000
143770 30.249000 -60.529000 -4.998000 0.600000
17482 31.441000 -60.680000 -7.308000 0.600000
90815 29.392000 -58.113000 -12.289000 0.700000
105188 28.999000 -60.585000 -4.525000 0.600000
105187 28.330000 -60.573000 -4.529000 0.600000
105186 27.657000 -60.547000 -4.680000 0.600000
143768 29.664000 -60.569000 -4.703000 0.600000
48197 28.420000 -59.781000 -4.613000 0.600000
17476 27.783000 -59.736000 -4.801000 0.600000
105183 27.138000 -59.725000 -5.083000 0.600000
17475 26.508000 -59.707000 -5.481000 0.600000
143767 29.778000 -59.801000 -4.727000 0.600000
143751 25.932000 -59.688000 -5.865000 0.500000
75478 30.788000 -60.429000 -5.407000 0.600000
75461 25.994000 -59.082000 -5.943000 0.600000
90816 29.021000 -57.755000 -12.695000 0.700000
17478 29.102000 -59.789000 -4.595000 0.600000
48195 27.861000 -59.016000 -4.932000 0.600000
143766 29.887000 -59.006000 -4.774000 0.600000
48198 29.238000 -58.986000 -4.704000 0.600000
48196 28.556000 -59.013000 -4.729000 0.600000
105182 27.235000 -58.981000 -5.246000 0.600000
105181 26.653000 -59.010000 -5.578000 0.600000
34236 30.370000 -59.791000 -4.981000 0.600000
7963 26.703000 -58.348000 -5.671000 0.600000
143769 30.841000 -59.762000 -5.303000 0.600000
105192 31.666000 -59.462000 -6.505000 0.600000
10063 28.858000 -56.680000 -13.067000 0.700000
162237 28.535000 -56.287000 -13.479000 0.700000
75475 30.455000 -59.072000 -4.973000 0.600000
48194 28.614000 -58.249000 -4.866000 0.700000
17474 27.984000 -58.221000 -5.038000 0.700000
75476 31.038000 -59.029000 -5.356000 0.600000
162236 28.405000 -55.241000 -13.774000 0.700000
1768 29.280000 -58.271000 -4.810000 0.700000
25463 30.632000 -58.305000 -5.042000 0.700000
120851 29.973000 -58.283000 -4.875000 0.700000
48193 28.707000 -57.515000 -4.983000 0.700000
105179 28.015000 -57.560000 -5.174000 0.700000
105180 27.353000 -58.275000 -5.336000 0.600000
75455 27.380000 -57.623000 -5.420000 0.700000
75456 27.453000 -56.933000 -5.515000 0.600000
75457 26.764000 -57.731000 -5.707000 0.500000
90822 28.095000 -54.399000 -14.651000 0.800000
120850 30.069000 -57.482000 -4.958000 0.700000
48192 29.380000 -57.510000 -4.884000 0.700000
105178 28.752000 -56.813000 -5.101000 0.700000
17473 28.072000 -56.870000 -5.279000 0.700000
143745 26.079000 -57.281000 -5.994000 0.500000
143742 28.150000 -56.137000 -5.394000 0.700000
143743 27.439000 -56.254000 -5.613000 0.600000
143744 26.769000 -56.393000 -5.808000 0.600000
75538 32.630000 -41.063000 -17.627000 0.700000
120880 35.957000 -42.253000 -14.913000 0.700000
1772 35.020000 -42.350000 -15.638000 0.700000
17500 34.273000 -41.600000 -16.668000 0.700000
25474 36.666000 -42.009000 -14.295000 0.600000
57817 36.444000 -41.696000 -14.854000 0.600000
105228 33.831000 -41.174000 -17.156000 0.700000
7975 33.387000 -40.720000 -17.635000 0.700000
75539 32.183000 -40.539000 -18.015000 0.700000
143846 31.757000 -40.045000 -18.414000 0.700000
57815 37.048000 -41.390000 -14.161000 0.600000
25475 36.176000 -41.358000 -15.405000 0.600000
120882 35.299000 -41.562000 -16.007000 0.700000
143849 34.559000 -40.735000 -17.119000 0.700000
11592 37.366000 -40.772000 -13.936000 0.600000
75540 32.934000 -40.207000 -18.079000 0.700000
34263 32.518000 -39.680000 -18.521000 0.700000
1391 31.852000 -38.729000 -19.362000 0.700000
57816 36.880000 -41.107000 -14.739000 0.600000
57818 36.686000 -40.816000 -15.284000 0.600000
120884 36.146000 -40.110000 -16.353000 0.600000
75542 35.254000 -40.310000 -16.959000 0.700000
143850 34.124000 -40.274000 -17.627000 0.700000
143854 33.322000 -39.388000 -18.499000 0.700000
143855 32.896000 -38.852000 -18.994000 0.700000
143856 32.561000 -38.354000 -19.454000 0.700000
57814 37.273000 -40.482000 -14.548000 0.600000
3913 37.114000 -40.177000 -15.135000 0.600000
25477 36.707000 -39.515000 -16.205000 0.500000
75541 35.843000 -39.733000 -16.880000 0.600000
143851 35.205000 -39.015000 -17.857000 0.500000
34265 34.082000 -38.966000 -18.502000 0.700000
75548 34.085000 -37.639000 -19.475000 0.700000
143857 33.016000 -37.536000 -19.983000 0.700000
70148 37.173000 -33.001000 -23.805000 0.300000
70146 36.522000 -33.138000 -23.999000 0.300000
137233 35.138000 -33.325000 -24.319000 0.300000
24379 27.923000 -65.951000 -4.213000 0.400000
137117 27.262000 -66.040000 -3.899000 0.300000
15671 26.519000 -66.154000 -3.695000 0.400000
24380 29.141000 -65.596000 -5.091000 0.300000
46390 26.633000 -65.371000 -3.789000 0.400000
93499 30.194000 -64.494000 -6.232000 0.400000
15669 26.882000 -64.514000 -3.951000 0.400000
93500 30.442000 -64.206000 -6.971000 0.400000
41705 30.522000 -63.799000 -7.731000 0.400000
41706 30.483000 -63.352000 -8.551000 0.400000
155 30.584000 -62.247000 -9.315000 0.500000
93509 29.805000 -61.984000 -10.652000 0.400000
143762 26.407000 -63.713000 -4.254000 0.400000
3310 29.307000 -60.512000 -11.652000 0.500000
34233 25.824000 -62.843000 -4.655000 0.500000
162229 28.862000 -59.161000 -12.466000 0.600000
75468 26.026000 -62.036000 -4.806000 0.500000
7964 26.198000 -61.230000 -5.039000 0.500000
75464 25.572000 -61.118000 -5.471000 0.500000
90817 28.755000 -58.216000 -12.761000 0.600000
75463 25.827000 -60.372000 -5.665000 0.500000
34230 25.291000 -59.727000 -6.244000 0.400000
90818 28.641000 -57.242000 -13.141000 0.700000
75459 26.015000 -58.454000 -5.987000 0.500000
40427 28.288000 -55.880000 -13.870000 0.700000
75458 26.051000 -57.841000 -5.998000 0.500000
90824 28.141000 -55.500000 -14.284000 0.800000
10064 28.230000 -55.057000 -14.725000 0.700000
34226 25.418000 -57.424000 -6.250000 0.500000
75451 26.066000 -56.613000 -6.026000 0.600000
130737 36.104000 -44.648000 -9.209000 0.600000
29573 36.337000 -43.835000 -9.641000 0.600000
94592 37.409000 -41.020000 -13.339000 0.600000
94595 37.435000 -39.513000 -14.936000 0.500000
120886 37.149000 -38.899000 -16.056000 0.500000
120888 36.711000 -38.215000 -17.111000 0.500000
105230 35.842000 -38.433000 -17.754000 0.500000
75544 35.209000 -37.653000 -18.801000 0.500000
7976 34.872000 -37.225000 -19.331000 0.500000
34267 34.235000 -36.313000 -20.298000 0.500000
70150 37.574000 -32.203000 -23.859000 0.300000
7118 37.055000 -32.373000 -24.107000 0.300000
15702 35.783000 -32.655000 -24.435000 0.300000
17480 31.344000 -59.615000 -5.901000 0.600000
75477 31.218000 -60.299000 -5.905000 0.600000
105194 31.277000 -60.928000 -6.540000 0.600000
105177 28.822000 -56.078000 -5.206000 0.800000
162226 29.809000 -58.539000 -11.809000 0.700000
90814 29.269000 -57.094000 -12.637000 0.700000
162234 28.699000 -55.653000 -13.369000 0.700000
120881 35.649000 -41.902000 -15.480000 0.700000
46411 31.357000 -39.603000 -18.810000 0.700000
143858 33.441000 -36.715000 -20.383000 0.600000
70145 35.778000 -33.260000 -24.157000 0.300000
90823 28.192000 -54.856000 -14.205000 0.800000
90828 28.364000 -55.609000 -14.816000 0.700000
143848 34.925000 -41.160000 -16.569000 0.700000
118322 28.810000 -65.028000 -4.619000 0.400000
24378 29.588000 -64.172000 -5.046000 0.400000
55991 29.833000 -64.733000 -5.597000 0.300000
143776 30.209000 -63.365000 -5.528000 0.500000
143763 27.053000 -63.727000 -4.112000 0.500000
41708 30.347000 -62.759000 -9.446000 0.300000
56006 29.480000 -61.484000 -11.192000 0.400000
143759 25.668000 -63.635000 -4.477000 0.500000
34228 26.737000 -57.064000 -5.802000 0.600000
143853 33.725000 -39.827000 -18.068000 0.700000
143847 32.179000 -39.202000 -18.907000 0.700000
120883 35.890000 -41.013000 -15.933000 0.700000
57819 36.440000 -40.493000 -15.809000 0.600000
25476 35.590000 -40.669000 -16.440000 0.700000
34264 34.872000 -39.902000 -17.490000 0.700000
57820 36.923000 -39.845000 -15.691000 0.600000
120885 36.449000 -39.165000 -16.725000 0.500000
75543 35.516000 -39.401000 -17.366000 0.600000
143852 34.454000 -39.377000 -18.053000 0.700000
75547 33.715000 -38.514000 -18.990000 0.700000
34266 33.372000 -38.044000 -19.485000 0.700000
94596 37.305000 -39.174000 -15.537000 0.500000
120887 36.943000 -38.569000 -16.583000 0.500000
3914 36.150000 -38.804000 -17.240000 0.500000
75545 34.847000 -38.591000 -18.390000 0.500000
75546 34.457000 -38.140000 -18.920000 0.500000
75550 34.536000 -36.766000 -19.849000 0.500000
75549 33.754000 -37.203000 -19.928000 0.700000
11593 37.675000 -38.892000 -14.716000 0.500000
105229 36.441000 -37.833000 -17.633000 0.500000
105231 36.173000 -37.541000 -18.071000 0.500000
105234 35.297000 -36.358000 -19.673000 0.500000
90825 28.223000 -56.449000 -14.003000 0.600000
90826 28.240000 -56.041000 -14.435000 0.600000
40430 29.644000 -54.807000 -15.637000 0.500000
40429 28.585000 -55.996000 -14.945000 0.600000
162244 28.687000 -55.026000 -15.239000 0.600000
162249 31.486000 -54.118000 -15.897000 0.500000
90832 30.299000 -54.348000 -15.858000 0.500000
90830 29.096000 -54.602000 -15.536000 0.600000
143733 25.987000 -54.767000 -5.986000 0.500000
22597 28.768000 -54.008000 -15.551000 0.600000
162276 32.270000 -53.452000 -15.922000 0.500000
40431 30.942000 -53.742000 -15.969000 0.500000
162277 32.918000 -52.854000 -15.986000 0.500000
75446 25.882000 -54.166000 -5.992000 0.400000
75445 25.145000 -54.343000 -6.243000 0.400000
29558 24.952000 -53.722000 -6.272000 0.400000
162275 31.618000 -53.089000 -16.119000 0.500000
162278 33.604000 -52.328000 -16.028000 0.500000
40440 32.317000 -52.527000 -16.176000 0.500000
130695 24.774000 -53.013000 -6.336000 0.400000
40441 33.706000 -51.404000 -16.364000 0.500000
90857 33.029000 -51.885000 -16.191000 0.500000
29557 24.581000 -52.305000 -6.369000 0.400000
13983 28.535000 -48.431000 -5.620000 0.400000
44702 27.762000 -48.578000 -5.797000 0.400000
13981 26.893000 -48.748000 -5.981000 0.400000
148741 26.215000 -48.949000 -6.067000 0.300000
115965 32.593000 -45.592000 -6.402000 0.400000
115964 31.808000 -45.669000 -6.138000 0.400000
64990 29.885000 -47.425000 -5.633000 0.400000
130704 29.086000 -47.564000 -5.706000 0.400000
23368 32.255000 -44.935000 -6.619000 0.400000
23366 29.650000 -46.713000 -5.823000 0.400000
44703 28.278000 -47.714000 -5.827000 0.400000
115959 29.336000 -46.068000 -6.051000 0.400000
115958 28.787000 -46.910000 -5.879000 0.400000
44701 27.433000 -47.904000 -5.965000 0.400000
148742 26.740000 -48.064000 -6.079000 0.400000
2742 31.317000 -46.443000 -5.858000 0.400000
115961 30.967000 -45.808000 -6.067000 0.400000
64989 30.499000 -46.589000 -5.807000 0.400000
54307 33.021000 -44.820000 -6.886000 0.400000
115963 31.439000 -45.037000 -6.427000 0.400000
23367 30.627000 -45.164000 -6.336000 0.400000
115960 30.167000 -45.921000 -6.047000 0.400000
54302 29.826000 -45.280000 -6.328000 0.400000
23365 28.961000 -45.401000 -6.354000 0.400000
821 27.938000 -47.071000 -6.006000 0.400000
148754 28.714000 -44.749000 -6.684000 0.400000
35922 27.541000 -45.666000 -6.496000 0.400000
148743 27.273000 -47.201000 -6.102000 0.400000
130732 34.999000 -45.090000 -7.840000 0.400000
54306 32.652000 -44.125000 -7.062000 0.400000
54305 31.838000 -44.289000 -6.844000 0.400000
115962 31.054000 -44.421000 -6.709000 0.400000
130733 35.416000 -44.919000 -8.300000 0.500000
23370 34.801000 -44.386000 -7.882000 0.400000
115969 34.263000 -44.547000 -7.497000 0.400000
54308 33.411000 -43.992000 -7.359000 0.400000
10422 31.449000 -43.676000 -7.153000 0.400000
92486 30.627000 -43.812000 -7.069000 0.400000
54303 30.250000 -44.540000 -6.654000 0.400000
54301 29.420000 -44.654000 -6.653000 0.400000
148755 29.119000 -44.038000 -7.005000 0.400000
79599 27.992000 -44.907000 -6.711000 0.400000
130736 36.029000 -43.983000 -9.165000 0.500000
29572 35.685000 -44.137000 -8.710000 0.500000
65011 35.032000 -43.598000 -8.316000 0.500000
115970 34.534000 -43.737000 -7.964000 0.400000
54310 33.637000 -43.202000 -7.816000 0.400000
2743 33.005000 -43.343000 -7.564000 0.400000
54304 32.244000 -43.512000 -7.325000 0.400000
2741 29.784000 -43.953000 -6.996000 0.400000
65013 35.486000 -43.448000 -8.691000 0.500000
23371 34.233000 -43.074000 -8.122000 0.400000
92489 32.628000 -42.774000 -7.867000 0.400000
92488 31.822000 -42.958000 -7.685000 0.400000
2744 35.253000 -42.780000 -8.754000 0.400000
115973 34.376000 -42.309000 -8.550000 0.400000
115972 33.802000 -42.459000 -8.297000 0.400000
92490 33.195000 -42.603000 -8.070000 0.400000
10423 32.088000 -42.207000 -8.175000 0.400000
115975 35.017000 -41.353000 -9.332000 0.400000
54314 34.605000 -40.739000 -9.479000 0.400000
54313 34.054000 -40.956000 -9.194000 0.400000
54311 33.477000 -41.157000 -8.979000 0.400000
92493 32.961000 -40.638000 -9.299000 0.400000
65016 36.569000 -42.957000 -10.076000 0.500000
98914 36.287000 -41.531000 -10.087000 0.500000
13991 35.519000 -41.155000 -9.675000 0.400000
54315 34.122000 -40.131000 -9.740000 0.400000
2745 33.535000 -40.371000 -9.509000 0.400000
161414 32.440000 -40.020000 -9.842000 0.300000
65019 37.030000 -42.575000 -11.164000 0.500000
98911 35.408000 -41.938000 -9.218000 0.500000
115974 34.917000 -42.134000 -8.841000 0.400000
54312 33.950000 -41.717000 -8.770000 0.400000
10424 33.364000 -41.893000 -8.543000 0.400000
41144 32.245000 -41.542000 -8.664000 0.400000
23372 34.497000 -41.539000 -9.035000 0.400000
92492 32.872000 -41.352000 -8.803000 0.400000
98915 36.628000 -41.352000 -10.532000 0.500000
44712 35.975000 -40.937000 -10.099000 0.500000
115976 35.117000 -40.520000 -9.805000 0.400000
23373 34.688000 -39.912000 -9.993000 0.400000
161415 33.051000 -39.796000 -9.976000 0.300000
130744 37.157000 -40.973000 -11.526000 0.500000
13993 36.377000 -40.713000 -10.526000 0.500000
44711 35.601000 -40.292000 -10.171000 0.400000
115977 35.173000 -39.687000 -10.299000 0.400000
161419 34.240000 -39.345000 -10.341000 0.400000
161418 33.658000 -39.562000 -10.147000 0.300000
40153 32.533000 -39.251000 -10.467000 0.300000
90136 31.935000 -39.460000 -10.364000 0.300000
13994 36.996000 -40.273000 -11.446000 0.500000
130745 37.345000 -40.772000 -12.056000 0.400000
130746 37.450000 -40.558000 -12.601000 0.500000
44715 36.054000 -39.292000 -11.057000 0.300000
825 35.630000 -39.482000 -10.676000 0.400000
161420 34.759000 -39.106000 -10.612000 0.400000
40154 33.680000 -38.770000 -10.764000 0.300000
161417 33.119000 -38.987000 -10.613000 0.300000
90137 31.965000 -38.727000 -10.955000 0.300000
90135 31.346000 -38.886000 -10.877000 0.300000
98918 36.765000 -39.686000 -11.421000 0.300000
65022 37.226000 -40.092000 -11.947000 0.400000
29576 37.414000 -39.913000 -12.455000 0.400000
130747 37.563000 -39.696000 -12.993000 0.400000
94593 37.562000 -40.110000 -13.763000 0.400000
94594 37.529000 -39.845000 -14.316000 0.400000
161430 35.674000 -38.666000 -11.216000 0.300000
161421 35.241000 -38.871000 -10.912000 0.300000
90141 34.218000 -38.553000 -10.947000 0.300000
90139 33.083000 -38.241000 -11.217000 0.300000
161416 32.534000 -38.486000 -11.088000 0.300000
90133 30.579000 -38.307000 -11.436000 0.300000
40151 29.840000 -38.475000 -11.377000 0.300000
13995 36.442000 -39.115000 -11.409000 0.300000
113986 31.892000 -37.892000 -11.621000 0.300000
9972 31.291000 -38.102000 -11.520000 0.300000
90132 29.759000 -37.667000 -12.057000 0.300000
65021 37.040000 -39.488000 -11.848000 0.300000
65023 37.274000 -39.289000 -12.328000 0.300000
130748 37.640000 -38.766000 -13.395000 0.300000
42312 37.693000 -39.149000 -14.154000 0.400000
94597 37.625000 -38.598000 -15.239000 0.400000
11594 37.524000 -38.295000 -15.787000 0.400000
25478 37.207000 -37.618000 -16.921000 0.400000
17502 35.530000 -38.042000 -18.274000 0.400000
161408 29.041000 -37.819000 -11.974000 0.300000
161432 36.451000 -38.230000 -11.929000 0.300000
161431 36.082000 -38.453000 -11.567000 0.300000
98919 36.734000 -38.886000 -11.816000 0.300000
6093 37.037000 -38.631000 -12.281000 0.300000
29577 37.544000 -38.094000 -13.264000 0.300000
42313 37.806000 -38.223000 -14.484000 0.300000
42314 37.816000 -37.945000 -15.039000 0.400000
11595 37.905000 -36.990000 -15.311000 0.300000
94598 37.776000 -37.670000 -15.587000 0.400000
57821 37.691000 -37.367000 -16.122000 0.400000
120889 37.004000 -37.274000 -17.435000 0.400000
17501 36.773000 -36.935000 -17.946000 0.400000
48222 36.487000 -36.574000 -18.526000 0.400000
105232 35.888000 -37.193000 -18.564000 0.400000
105233 35.575000 -36.770000 -19.136000 0.400000
65025 37.350000 -38.354000 -12.798000 0.300000
94599 37.900000 -36.693000 -15.871000 0.300000
3915 37.860000 -36.353000 -16.482000 0.300000
120890 37.274000 -36.383000 -17.733000 0.400000
48221 37.065000 -36.025000 -18.312000 0.400000
17503 36.248000 -36.220000 -19.002000 0.400000
105236 36.338000 -34.978000 -19.894000 0.400000
17504 35.655000 -35.369000 -20.066000 0.400000
143861 34.687000 -35.366000 -20.726000 0.400000
143859 33.943000 -35.832000 -20.770000 0.500000
161468 37.945000 -36.012000 -15.740000 0.300000
161472 37.942000 -35.378000 -16.844000 0.300000
25479 37.685000 -35.760000 -17.490000 0.300000
120891 37.557000 -35.431000 -18.019000 0.400000
1773 37.348000 -35.104000 -18.591000 0.400000
48225 37.110000 -34.779000 -19.143000 0.400000
48224 36.607000 -35.351000 -19.343000 0.400000
17505 36.865000 -34.419000 -19.690000 0.300000
75551 36.055000 -34.530000 -20.436000 0.400000
34268 35.065000 -34.478000 -21.063000 0.300000
143862 34.343000 -34.892000 -21.216000 0.300000
3311 33.671000 -35.307000 -21.262000 0.400000
143863 34.786000 -33.997000 -21.567000 0.300000
93511 34.117000 -34.433000 -21.671000 0.300000
40171 37.963000 -34.994000 -16.190000 0.300000
40172 38.012000 -34.362000 -17.237000 0.300000
161474 37.783000 -34.771000 -17.949000 0.300000
161475 37.635000 -34.443000 -18.525000 0.300000
161484 37.478000 -34.120000 -19.072000 0.300000
161485 37.315000 -33.811000 -19.570000 0.300000
161486 37.095000 -33.431000 -20.107000 0.300000
7977 36.375000 -33.624000 -20.723000 0.300000
75553 35.760000 -34.034000 -20.959000 0.300000
75554 35.496000 -33.623000 -21.395000 0.300000
75555 36.078000 -33.237000 -21.224000 0.300000
161470 37.948000 -34.049000 -16.544000 0.300000
90186 37.974000 -34.082000 -17.771000 0.300000
161483 37.787000 -33.517000 -18.850000 0.300000
40176 37.657000 -33.168000 -19.399000 0.300000
90196 37.483000 -32.830000 -19.939000 0.300000
161487 36.861000 -33.058000 -20.616000 0.300000
161490 36.617000 -32.694000 -21.103000 0.300000
34269 35.761000 -32.823000 -21.726000 0.300000
143864 35.204000 -33.131000 -21.942000 0.300000
161491 36.339000 -32.266000 -21.651000 0.300000
143865 35.535000 -32.395000 -22.207000 0.300000
161493 35.786000 -31.429000 -22.756000 0.300000
130735 35.896000 -43.291000 -9.122000 0.500000
65015 36.253000 -43.136000 -9.582000 0.500000
162238 28.388000 -56.902000 -13.527000 0.600000
40428 28.209000 -56.973000 -14.158000 0.500000
90827 28.370000 -56.524000 -14.504000 0.500000
162246 29.481000 -55.873000 -15.381000 0.500000
162243 28.898000 -56.496000 -15.031000 0.500000
44010 32.790000 -53.866000 -15.755000 0.500000
137190 31.382000 -55.084000 -15.591000 0.500000
162247 30.114000 -55.315000 -15.569000 0.500000
143741 27.413000 -55.576000 -5.684000 0.600000
7962 26.747000 -55.755000 -5.858000 0.600000
75447 26.785000 -55.037000 -5.817000 0.600000
75448 26.105000 -55.260000 -6.029000 0.500000
143734 25.356000 -55.583000 -6.230000 0.500000
34224 25.245000 -54.993000 -6.230000 0.500000
143731 24.506000 -55.176000 -6.406000 0.500000
143730 24.354000 -54.598000 -6.391000 0.400000
130694 24.175000 -53.912000 -6.436000 0.400000
130693 23.977000 -53.214000 -6.526000 0.400000
148735 23.868000 -52.526000 -6.522000 0.400000
148739 25.015000 -50.112000 -6.221000 0.300000
35918 25.588000 -49.187000 -6.117000 0.300000
79589 26.103000 -48.274000 -6.119000 0.400000
79597 26.861000 -45.808000 -6.565000 0.400000
35919 26.611000 -47.330000 -6.188000 0.400000
79598 27.325000 -45.008000 -6.751000 0.400000
92487 31.014000 -43.080000 -7.564000 0.400000
35923 28.469000 -44.131000 -7.027000 0.400000
107664 27.579000 -43.600000 -7.446000 0.400000
92485 30.194000 -43.205000 -7.480000 0.400000
148758 29.522000 -43.317000 -7.441000 0.400000
41142 31.302000 -42.387000 -8.040000 0.400000
35924 29.184000 -42.715000 -7.889000 0.400000
10425 32.336000 -40.773000 -9.236000 0.400000
161413 31.849000 -40.223000 -9.752000 0.400000
41143 31.573000 -41.662000 -8.604000 0.400000
41145 31.694000 -40.939000 -9.142000 0.400000
40152 31.321000 -39.651000 -10.267000 0.300000
90134 30.603000 -39.076000 -10.787000 0.300000
161410 29.858000 -39.222000 -10.724000 0.300000
13290 33.518000 -53.198000 -15.827000 0.500000
35917 24.437000 -51.026000 -6.337000 0.400000
79596 26.692000 -45.091000 -6.809000 0.400000
8552 27.158000 -44.360000 -7.094000 0.400000
10421 30.499000 -42.494000 -7.945000 0.400000
148759 29.828000 -42.603000 -7.911000 0.400000
148736 24.509000 -51.713000 -6.341000 0.400000
90831 29.716000 -53.994000 -15.840000 0.500000
115966 33.311000 -45.422000 -6.748000 0.400000
65018 36.832000 -42.771000 -10.609000 0.500000
94591 37.519000 -40.337000 -13.167000 0.500000
23369 33.709000 -44.667000 -7.193000 0.400000
65020 37.031000 -41.877000 -11.063000 0.500000
57822 37.378000 -37.970000 -16.363000 0.400000
143860 34.998000 -35.889000 -20.193000 0.400000
105235 35.968000 -35.820000 -19.514000 0.400000
162245 29.014000 -55.455000 -15.301000 0.600000
162248 30.830000 -54.645000 -15.750000 0.500000
622 32.128000 -54.466000 -15.707000 0.500000
115957 28.478000 -46.236000 -6.114000 0.400000
148753 28.247000 -45.524000 -6.420000 0.400000
148752 27.766000 -46.365000 -6.235000 0.400000
148751 27.107000 -46.493000 -6.319000 0.400000
65012 35.267000 -44.256000 -8.277000 0.500000
54309 33.990000 -43.872000 -7.647000 0.400000
148757 28.892000 -43.400000 -7.440000 0.400000
79600 27.843000 -44.246000 -7.044000 0.400000
115971 34.769000 -42.939000 -8.426000 0.400000
98912 35.672000 -42.630000 -9.093000 0.500000
92491 32.742000 -42.047000 -8.343000 0.400000
6092 36.785000 -42.055000 -10.543000 0.500000
65014 36.480000 -42.223000 -10.054000 0.500000
98913 35.864000 -41.732000 -9.635000 0.500000
13992 36.109000 -42.414000 -9.574000 0.500000
98917 36.713000 -40.486000 -10.952000 0.500000
98916 36.918000 -41.165000 -11.018000 0.500000
44713 36.034000 -40.086000 -10.563000 0.400000
44714 36.430000 -39.886000 -10.992000 0.400000
65024 37.474000 -39.040000 -12.849000 0.300000
11591 37.655000 -39.423000 -13.573000 0.400000
42311 37.749000 -38.489000 -13.948000 0.300000
57823 37.587000 -37.054000 -16.638000 0.400000
57824 37.462000 -36.731000 -17.152000 0.400000
161436 37.088000 -37.693000 -12.786000 0.300000
48223 36.846000 -35.682000 -18.852000 0.400000
161469 37.954000 -35.691000 -16.296000 0.300000
57825 37.781000 -36.064000 -16.988000 0.300000
105237 36.651000 -34.009000 -20.204000 0.300000
75552 35.353000 -34.939000 -20.561000 0.400000
161471 37.998000 -34.668000 -16.711000 0.300000
161473 37.904000 -35.072000 -17.387000 0.300000
90184 37.990000 -33.733000 -17.077000 0.300000
40173 37.898000 -33.812000 -18.301000 0.300000
161482 37.958000 -32.826000 -18.635000 0.300000
161492 36.049000 -31.840000 -22.208000 0.300000
148756 28.240000 -43.507000 -7.433000 0.400000
75460 25.332000 -59.121000 -6.286000 0.400000
34229 25.356000 -58.618000 -6.240000 0.400000
143747 24.669000 -58.857000 -6.454000 0.400000
143738 24.703000 -58.241000 -6.416000 0.300000
143746 25.334000 -58.036000 -6.225000 0.400000
143737 24.738000 -57.643000 -6.426000 0.300000
24390 28.679000 -59.646000 -12.544000 0.500000
75450 25.379000 -56.813000 -6.237000 0.500000
143736 24.693000 -57.093000 -6.461000 0.300000
162230 28.601000 -58.744000 -12.901000 0.500000
162231 28.361000 -58.332000 -13.345000 0.500000
118350 28.468000 -59.288000 -12.963000 0.500000
75449 26.086000 -55.942000 -6.028000 0.500000
34225 25.408000 -56.127000 -6.258000 0.400000
40425 28.467000 -57.763000 -13.234000 0.500000
1390 28.350000 -58.855000 -13.435000 0.500000
46410 28.318000 -58.377000 -13.874000 0.300000
162239 28.297000 -57.367000 -13.716000 0.500000
162240 28.283000 -57.931000 -13.775000 0.400000
162241 28.270000 -57.488000 -14.189000 0.400000
101969 28.661000 -58.333000 -14.364000 0.300000
15690 28.416000 -57.947000 -14.280000 0.300000
70106 29.107000 -57.757000 -14.752000 0.300000
101970 28.802000 -57.394000 -14.739000 0.300000
70109 30.435000 -56.642000 -15.208000 0.300000
70108 29.742000 -57.303000 -14.985000 0.300000
7110 29.277000 -56.789000 -15.096000 0.400000
162242 28.483000 -56.991000 -14.631000 0.400000
42303 23.568000 -54.727000 -6.590000 0.300000
44006 31.963000 -55.406000 -15.464000 0.400000
137189 31.163000 -56.034000 -15.325000 0.400000
70110 29.966000 -56.230000 -15.286000 0.400000
341 23.374000 -54.055000 -6.687000 0.300000
79584 23.763000 -51.917000 -6.528000 0.300000
79590 25.977000 -47.525000 -6.232000 0.300000
148750 26.457000 -46.642000 -6.381000 0.300000
148749 25.828000 -46.792000 -6.444000 0.300000
35921 26.257000 -45.967000 -6.596000 0.300000
148748 25.655000 -46.124000 -6.668000 0.300000
79595 26.070000 -45.235000 -6.879000 0.300000
107663 26.926000 -43.664000 -7.496000 0.300000
79602 28.545000 -42.823000 -7.877000 0.300000
18854 27.925000 -42.864000 -7.884000 0.300000
107665 27.292000 -42.908000 -7.907000 0.300000
18853 26.661000 -42.960000 -7.933000 0.300000
18851 25.488000 -43.057000 -8.017000 0.300000
41141 30.774000 -41.818000 -8.529000 0.300000
148760 30.111000 -41.948000 -8.465000 0.300000
79603 28.816000 -42.147000 -8.355000 0.300000
79601 28.158000 -42.197000 -8.336000 0.300000
107666 27.530000 -42.211000 -8.348000 0.300000
39 31.030000 -41.118000 -9.030000 0.300000
148761 30.375000 -41.221000 -8.973000 0.300000
79605 29.070000 -41.465000 -8.905000 0.300000
8553 28.436000 -41.533000 -8.840000 0.300000
107667 27.843000 -41.539000 -8.837000 0.300000
161167 29.089000 -40.743000 -9.483000 0.300000
161166 28.475000 -40.807000 -9.435000 0.300000
161163 27.820000 -40.855000 -9.383000 0.300000
161412 31.203000 -40.399000 -9.653000 0.300000
161169 30.421000 -40.565000 -9.553000 0.300000
161168 29.756000 -40.668000 -9.497000 0.300000
40070 28.499000 -40.160000 -9.996000 0.300000
56010 28.955000 -60.074000 -12.126000 0.500000
31950 30.658000 -55.672000 -15.467000 0.400000
148734 23.275000 -53.410000 -6.709000 0.300000
79604 29.462000 -42.058000 -8.404000 0.300000
49572 26.057000 -43.013000 -7.961000 0.300000
35925 29.717000 -41.350000 -8.941000 0.300000
143735 24.680000 -56.406000 -6.464000 0.300000
143732 24.569000 -55.865000 -6.430000 0.300000
11583 23.725000 -55.370000 -6.562000 0.300000
7098 25.489000 -64.446000 -4.219000 0.400000
70044 24.810000 -64.355000 -4.486000 0.400000
143758 25.013000 -63.540000 -4.757000 0.400000
143756 23.912000 -63.304000 -5.498000 0.400000
143755 24.138000 -62.509000 -5.799000 0.300000
75467 25.232000 -62.731000 -4.939000 0.400000
34232 24.659000 -62.637000 -5.334000 0.400000
75465 24.853000 -61.833000 -5.655000 0.400000
41709 30.149000 -62.410000 -10.019000 0.300000
75466 25.429000 -61.967000 -5.188000 0.400000
143753 24.426000 -60.988000 -6.307000 0.300000
143750 24.476000 -60.379000 -6.502000 0.300000
34231 25.020000 -61.016000 -5.907000 0.400000
17468 23.899000 -59.971000 -6.825000 0.300000
105170 23.820000 -60.456000 -6.814000 0.300000
48188 24.001000 -59.525000 -6.736000 0.300000
143752 25.129000 -60.356000 -6.078000 0.400000
143749 24.590000 -59.810000 -6.556000 0.300000
143748 24.671000 -59.314000 -6.493000 0.300000
31920 24.184000 -64.241000 -4.791000 0.400000
143757 24.448000 -63.420000 -5.081000 0.400000
1767 23.962000 -59.064000 -6.592000 0.300000
101931 26.172000 -64.491000 -4.012000 0.300000
48186 23.292000 -59.829000 -6.800000 0.300000
