#!ascii label, from file  /biac2/kgs/3Danat/FreesurferSegmentations/fsaverage-bkup/label/CBA/cROIs/averages/label/MPM_rh.hOc4.label 
1025
99749 31.034000 -92.805000 -13.627000 0.500000
62817 27.127000 -81.089000 -8.469000 0.600000
62816 26.914000 -80.914000 -8.314000 0.600000
97595 25.994000 -81.254000 -8.395000 0.600000
97596 26.634000 -80.704000 -8.084000 0.700000
13260 25.681000 -81.036000 -8.226000 0.600000
162117 27.392000 -79.966000 -7.800000 0.700000
162116 26.415000 -80.336000 -7.879000 0.600000
161839 25.640000 -87.774000 -9.583000 0.500000
99769 27.427000 -87.434000 -11.550000 0.600000
99770 26.975000 -87.217000 -11.092000 0.600000
40294 25.928000 -87.820000 -10.028000 0.500000
99766 28.313000 -87.691000 -12.594000 0.500000
99768 27.870000 -87.514000 -12.057000 0.400000
14468 26.706000 -87.888000 -11.090000 0.500000
161837 26.282000 -87.832000 -10.564000 0.600000
114209 24.158000 -84.700000 -8.645000 0.500000
132528 30.679000 -89.990000 -13.888000 0.400000
22489 24.468000 -84.174000 -9.139000 0.500000
114207 23.848000 -84.482000 -8.589000 0.500000
127873 24.900000 -83.544000 -9.456000 0.600000
62814 26.071000 -82.239000 -9.299000 0.600000
127880 27.401000 -81.204000 -8.673000 0.600000
28475 27.980000 -80.754000 -8.312000 0.700000
127879 26.467000 -81.592000 -8.848000 0.600000
62818 27.806000 -80.532000 -8.125000 0.700000
28476 29.209000 -79.359000 -7.908000 0.600000
62820 28.414000 -79.891000 -7.906000 0.700000
162122 29.801000 -78.476000 -7.883000 0.600000
162121 29.067000 -79.049000 -7.829000 0.600000
162120 28.345000 -79.580000 -7.749000 0.700000
90727 29.625000 -78.220000 -7.971000 0.700000
162115 25.443000 -80.705000 -8.074000 0.600000
90491 25.570000 -86.904000 -9.278000 0.500000
161840 26.188000 -87.145000 -10.205000 0.600000
90492 25.821000 -87.013000 -9.816000 0.500000
14467 28.209000 -86.890000 -12.032000 0.600000
66439 27.750000 -86.848000 -11.589000 0.700000
161838 26.540000 -87.197000 -10.659000 0.600000
66432 28.893000 -87.912000 -13.079000 0.400000
53211 25.403000 -83.996000 -9.609000 0.500000
53210 24.701000 -84.410000 -9.173000 0.500000
45177 31.327000 -91.563000 -13.908000 0.500000
53209 25.092000 -83.755000 -9.566000 0.500000
28473 27.230000 -81.920000 -9.409000 0.700000
127874 25.638000 -83.054000 -9.711000 0.600000
90526 27.929000 -81.452000 -8.990000 0.700000
127877 26.950000 -81.798000 -9.196000 0.600000
127876 26.295000 -82.378000 -9.520000 0.600000
127878 27.583000 -81.332000 -8.782000 0.700000
28474 26.741000 -81.704000 -8.999000 0.600000
127881 28.247000 -80.783000 -8.443000 0.700000
127883 29.491000 -79.554000 -7.983000 0.600000
127882 28.887000 -80.207000 -8.175000 0.600000
127884 29.951000 -78.772000 -7.976000 0.600000
62819 28.605000 -80.090000 -8.069000 0.600000
162123 30.434000 -77.834000 -8.207000 0.600000
40389 30.264000 -77.618000 -8.235000 0.700000
90723 26.815000 -79.210000 -7.464000 0.700000
40386 25.162000 -80.275000 -7.790000 0.500000
40388 28.898000 -78.716000 -7.743000 0.700000
162119 28.060000 -79.192000 -7.652000 0.700000
90722 26.100000 -79.958000 -7.730000 0.600000
90494 26.816000 -85.980000 -10.531000 0.500000
90493 26.084000 -86.360000 -9.993000 0.500000
10020 25.794000 -86.234000 -9.515000 0.500000
66443 27.688000 -86.165000 -11.334000 0.700000
40295 26.489000 -86.529000 -10.379000 0.600000
132540 29.109000 -86.471000 -12.486000 0.500000
66440 28.545000 -86.409000 -12.094000 0.700000
66441 28.064000 -86.336000 -11.710000 0.700000
6377 27.303000 -86.701000 -11.189000 0.600000
161841 26.839000 -86.631000 -10.783000 0.600000
66434 29.883000 -87.423000 -13.275000 0.400000
6376 29.194000 -87.239000 -12.973000 0.400000
99767 28.693000 -87.027000 -12.522000 0.500000
53212 25.671000 -84.183000 -9.674000 0.500000
53215 26.773000 -82.772000 -9.918000 0.500000
53213 26.177000 -83.491000 -9.882000 0.500000
2489 25.916000 -83.242000 -9.791000 0.500000
90527 28.139000 -81.655000 -9.261000 0.600000
127875 26.519000 -82.560000 -9.727000 0.500000
90528 28.790000 -81.121000 -8.879000 0.700000
22497 30.316000 -79.924000 -8.521000 0.600000
114221 29.420000 -80.496000 -8.515000 0.700000
5579 28.521000 -80.947000 -8.632000 0.700000
114223 30.883000 -79.165000 -8.336000 0.600000
114222 29.998000 -79.777000 -8.293000 0.600000
114220 29.077000 -80.383000 -8.338000 0.700000
53219 31.512000 -77.460000 -8.640000 0.700000
53217 30.550000 -78.961000 -8.205000 0.600000
22496 29.765000 -79.644000 -8.093000 0.600000
162133 31.500000 -76.494000 -9.104000 0.600000
53220 31.255000 -77.354000 -8.601000 0.700000
2490 30.699000 -78.095000 -8.178000 0.700000
90736 31.448000 -75.603000 -9.863000 0.600000
40392 31.271000 -76.282000 -9.168000 0.600000
162132 31.067000 -77.133000 -8.561000 0.700000
90719 25.623000 -79.090000 -7.264000 0.600000
162131 30.767000 -76.962000 -8.651000 0.700000
162118 27.754000 -78.866000 -7.549000 0.700000
90721 25.850000 -79.508000 -7.475000 0.600000
90734 31.226000 -75.423000 -9.995000 0.700000
90735 31.017000 -76.178000 -9.266000 0.600000
162130 30.569000 -76.767000 -8.761000 0.800000
90728 30.086000 -77.378000 -8.292000 0.700000
90726 29.461000 -77.894000 -7.937000 0.700000
90725 28.668000 -78.389000 -7.679000 0.700000
90495 26.376000 -85.769000 -10.194000 0.600000
66442 28.511000 -85.832000 -11.823000 0.700000
30239 28.094000 -85.586000 -11.463000 0.700000
161842 27.250000 -86.098000 -10.928000 0.600000
132541 29.478000 -86.080000 -12.486000 0.500000
30238 28.940000 -85.945000 -12.145000 0.700000
66436 30.229000 -86.843000 -13.200000 0.400000
66438 29.622000 -86.660000 -12.892000 0.500000
114214 25.994000 -84.290000 -9.843000 0.500000
22492 25.664000 -84.892000 -9.487000 0.500000
22493 26.414000 -83.630000 -10.102000 0.500000
22495 27.698000 -82.318000 -9.948000 0.600000
161883 29.353000 -81.429000 -9.504000 0.600000
161882 28.412000 -81.777000 -9.588000 0.700000
161881 27.474000 -82.176000 -9.625000 0.700000
161885 29.993000 -80.794000 -9.102000 0.700000
40309 29.084000 -81.280000 -9.159000 0.700000
90529 31.145000 -79.258000 -8.590000 0.600000
90530 30.581000 -80.070000 -8.774000 0.600000
161884 29.704000 -80.637000 -8.800000 0.700000
22499 32.360000 -76.971000 -9.337000 0.700000
114226 31.873000 -77.535000 -8.794000 0.700000
114224 31.569000 -78.388000 -8.600000 0.700000
22560 26.011000 -78.232000 -6.909000 0.600000
114228 32.195000 -76.138000 -9.675000 0.600000
114227 32.048000 -76.729000 -9.173000 0.700000
22498 31.288000 -78.311000 -8.368000 0.700000
114347 31.836000 -74.444000 -11.244000 0.600000
90738 31.820000 -75.073000 -10.456000 0.600000
40393 32.044000 -75.238000 -10.375000 0.600000
162134 31.878000 -75.900000 -9.693000 0.600000
22500 31.665000 -76.673000 -9.058000 0.700000
90717 26.278000 -78.520000 -7.091000 0.600000
10052 31.558000 -74.913000 -10.640000 0.600000
90737 31.699000 -75.733000 -9.725000 0.600000
114340 28.984000 -77.355000 -7.860000 0.700000
114339 28.151000 -77.732000 -7.516000 0.600000
114338 27.519000 -78.462000 -7.407000 0.700000
10050 26.533000 -78.812000 -7.268000 0.600000
114346 31.621000 -74.250000 -11.333000 0.500000
90732 31.306000 -74.729000 -10.706000 0.600000
90733 30.991000 -75.202000 -10.039000 0.800000
162128 30.631000 -75.702000 -9.393000 0.800000
162126 30.231000 -76.314000 -8.774000 0.800000
10051 29.911000 -77.097000 -8.298000 0.800000
90724 29.269000 -77.530000 -7.881000 0.700000
22562 28.423000 -78.067000 -7.639000 0.700000
40391 30.817000 -75.932000 -9.380000 0.800000
162129 30.466000 -76.507000 -8.796000 0.800000
161843 27.592000 -85.502000 -11.091000 0.700000
40296 27.099000 -85.363000 -10.733000 0.700000
161869 26.678000 -85.260000 -10.446000 0.700000
161868 26.058000 -85.666000 -9.762000 0.600000
132543 29.392000 -85.475000 -12.181000 0.700000
40304 26.348000 -85.123000 -10.028000 0.600000
132542 29.853000 -85.597000 -12.524000 0.600000
90515 25.972000 -85.124000 -9.695000 0.500000
90514 26.340000 -84.573000 -10.041000 0.500000
90702 24.614000 -75.727000 -6.261000 0.600000
114215 26.731000 -83.738000 -10.343000 0.500000
10048 24.663000 -76.157000 -6.323000 0.500000
114217 27.263000 -83.036000 -10.461000 0.500000
162101 25.692000 -76.310000 -6.399000 0.600000
90521 28.919000 -82.130000 -10.346000 0.700000
114218 27.918000 -82.424000 -10.334000 0.600000
161886 30.270000 -81.006000 -9.390000 0.700000
114219 28.658000 -81.928000 -9.965000 0.700000
90710 26.060000 -76.991000 -6.590000 0.600000
90531 31.426000 -79.404000 -8.842000 0.700000
40310 30.909000 -80.256000 -9.017000 0.600000
161893 32.649000 -77.058000 -9.494000 0.700000
90535 32.462000 -77.838000 -9.169000 0.700000
10025 31.860000 -78.537000 -8.799000 0.700000
114335 26.736000 -77.584000 -7.011000 0.600000
114333 26.404000 -77.246000 -6.722000 0.600000
90536 32.484000 -76.290000 -9.839000 0.600000
114225 32.199000 -77.675000 -8.897000 0.700000
53280 27.626000 -77.239000 -7.273000 0.600000
114334 25.705000 -77.915000 -6.738000 0.600000
162138 32.690000 -75.008000 -10.947000 0.600000
162135 32.312000 -75.479000 -10.311000 0.600000
53281 28.398000 -76.867000 -7.614000 0.700000
22561 27.913000 -77.508000 -7.313000 0.600000
114336 26.968000 -77.907000 -7.108000 0.600000
162136 32.124000 -74.582000 -11.104000 0.600000
90730 30.147000 -75.406000 -9.251000 0.600000
162124 29.796000 -75.900000 -8.654000 0.600000
22563 29.436000 -76.658000 -8.171000 0.700000
53282 28.718000 -77.073000 -7.739000 0.600000
114337 27.235000 -78.166000 -7.176000 0.600000
90731 30.483000 -74.942000 -9.894000 0.600000
162125 29.982000 -76.097000 -8.695000 0.800000
162127 30.734000 -75.053000 -10.057000 0.600000
40390 30.430000 -75.590000 -9.306000 0.700000
114341 29.715000 -76.793000 -8.267000 0.800000
132545 28.508000 -84.909000 -11.510000 0.700000
161844 27.921000 -84.885000 -11.245000 0.700000
161870 27.457000 -84.772000 -10.928000 0.700000
12064 29.696000 -84.820000 -12.248000 0.700000
132544 28.920000 -85.187000 -11.888000 0.700000
90517 27.109000 -84.711000 -10.656000 0.600000
90516 26.659000 -84.590000 -10.352000 0.600000
114326 25.250000 -74.614000 -6.056000 0.600000
114325 24.522000 -74.744000 -6.103000 0.600000
114327 25.322000 -75.136000 -6.135000 0.600000
22555 24.516000 -75.210000 -6.191000 0.600000
10023 27.132000 -83.909000 -10.557000 0.600000
114328 25.430000 -75.536000 -6.214000 0.500000
90522 29.223000 -82.226000 -10.638000 0.700000
22494 28.295000 -82.633000 -10.607000 0.700000
40381 26.430000 -75.650000 -6.476000 0.400000
162099 25.516000 -75.996000 -6.298000 0.500000
90525 30.565000 -81.086000 -9.685000 0.700000
90523 29.913000 -81.668000 -10.190000 0.800000
162100 26.512000 -76.019000 -6.589000 0.500000
161887 31.150000 -80.387000 -9.383000 0.600000
10024 29.587000 -81.607000 -9.885000 0.700000
22558 26.740000 -76.354000 -6.716000 0.600000
90533 32.162000 -78.729000 -9.040000 0.700000
90532 31.677000 -79.608000 -9.166000 0.700000
53278 27.773000 -76.231000 -7.270000 0.700000
114332 26.904000 -76.660000 -6.858000 0.600000
161894 33.060000 -76.459000 -10.110000 0.700000
40312 32.925000 -77.159000 -9.702000 0.700000
53277 28.605000 -75.767000 -7.756000 0.500000
22559 27.277000 -76.927000 -7.109000 0.600000
90539 33.226000 -75.202000 -10.999000 0.600000
90538 32.844000 -75.770000 -10.416000 0.600000
90537 32.769000 -76.370000 -9.929000 0.700000
53279 28.182000 -76.506000 -7.479000 0.700000
90540 32.936000 -75.169000 -10.887000 0.600000
10026 32.591000 -75.657000 -10.366000 0.600000
127970 29.431000 -75.638000 -8.623000 0.500000
2498 28.843000 -76.162000 -7.993000 0.600000
162137 32.395000 -74.793000 -10.986000 0.600000
90729 30.211000 -74.652000 -9.895000 0.600000
28514 29.915000 -75.128000 -9.216000 0.500000
53283 29.149000 -76.373000 -8.140000 0.700000
5602 30.493000 -74.208000 -10.623000 0.600000
446 28.841000 -84.303000 -11.645000 0.700000
161871 28.354000 -84.260000 -11.353000 0.700000
40305 27.887000 -84.170000 -11.113000 0.600000
90518 27.533000 -84.085000 -10.807000 0.600000
114324 25.185000 -74.139000 -5.953000 0.400000
7103 24.481000 -74.184000 -6.037000 0.500000
90520 27.970000 -83.430000 -10.910000 0.600000
53275 26.056000 -74.515000 -6.156000 0.500000
90701 23.787000 -74.830000 -6.374000 0.600000
40306 28.984000 -82.921000 -11.203000 0.700000
161876 29.625000 -82.364000 -10.978000 0.700000
114216 27.685000 -83.255000 -10.642000 0.600000
162098 26.239000 -75.304000 -6.359000 0.500000
90524 30.935000 -81.213000 -10.109000 0.700000
90709 27.159000 -75.325000 -6.739000 0.400000
49643 33.212000 -78.249000 -10.068000 0.700000
161889 32.617000 -78.951000 -9.720000 0.700000
161880 32.196000 -79.834000 -9.780000 0.700000
114330 27.287000 -75.692000 -6.871000 0.600000
107789 33.628000 -76.703000 -10.613000 0.700000
18923 33.450000 -77.434000 -10.321000 0.700000
40311 32.380000 -78.850000 -9.376000 0.700000
161888 31.948000 -79.685000 -9.483000 0.700000
114329 28.008000 -75.222000 -7.308000 0.500000
114331 27.470000 -75.944000 -7.028000 0.500000
161895 33.426000 -75.946000 -10.831000 0.600000
161892 33.332000 -76.593000 -10.438000 0.700000
161891 33.220000 -77.224000 -10.090000 0.700000
90534 32.697000 -77.982000 -9.465000 0.700000
22557 28.236000 -75.507000 -7.505000 0.500000
40314 33.351000 -74.592000 -11.383000 0.500000
161896 33.517000 -75.306000 -11.228000 0.600000
40313 33.133000 -75.817000 -10.574000 0.600000
42788 29.214000 -83.729000 -11.744000 0.700000
161872 28.784000 -83.663000 -11.464000 0.700000
137141 25.203000 -73.569000 -5.826000 0.400000
12068 29.647000 -83.178000 -11.767000 0.700000
90519 28.393000 -83.520000 -11.239000 0.700000
137138 24.492000 -73.613000 -6.007000 0.400000
161873 29.297000 -83.084000 -11.467000 0.700000
90699 23.876000 -74.253000 -6.354000 0.600000
161877 30.642000 -81.964000 -10.839000 0.800000
161874 29.921000 -82.535000 -11.310000 0.700000
26330 32.011000 -80.729000 -10.351000 0.600000
161878 31.232000 -81.325000 -10.416000 0.600000
137134 23.204000 -73.630000 -7.235000 0.600000
2000 32.900000 -79.130000 -9.986000 0.700000
122876 32.482000 -79.963000 -10.094000 0.700000
161879 31.735000 -80.610000 -10.045000 0.600000
49642 33.691000 -77.742000 -10.603000 0.600000
79804 34.033000 -76.318000 -11.234000 0.600000
43993 22.457000 -73.649000 -8.180000 0.500000
79808 33.845000 -75.423000 -11.310000 0.600000
8582 33.751000 -76.050000 -10.942000 0.700000
36008 34.012000 -74.755000 -11.618000 0.500000
95450 30.308000 -82.605000 -11.577000 0.700000
31932 24.578000 -73.016000 -5.890000 0.400000
4388 30.940000 -82.018000 -11.219000 0.800000
137137 23.958000 -73.603000 -6.307000 0.500000
59242 32.167000 -80.865000 -10.798000 0.800000
31930 23.656000 -73.039000 -6.630000 0.400000
70067 24.069000 -73.016000 -6.227000 0.400000
59243 31.536000 -81.398000 -10.762000 0.700000
137133 23.294000 -73.070000 -7.100000 0.400000
137136 23.537000 -73.603000 -6.746000 0.500000
107787 34.159000 -77.168000 -11.114000 0.600000
49641 33.444000 -78.512000 -10.421000 0.600000
49639 33.104000 -79.329000 -10.354000 0.700000
137132 23.222000 -72.682000 -6.839000 0.400000
18922 34.323000 -76.505000 -11.444000 0.600000
107788 33.853000 -76.996000 -10.922000 0.600000
97618 22.389000 -73.246000 -7.793000 0.400000
43992 22.880000 -73.595000 -7.708000 0.600000
79806 34.205000 -75.664000 -11.521000 0.600000
79807 34.360000 -75.062000 -11.758000 0.500000
149005 34.562000 -74.337000 -11.937000 0.500000
70068 24.591000 -72.475000 -5.763000 0.400000
59239 31.109000 -82.160000 -11.694000 0.800000
70066 24.145000 -72.520000 -6.096000 0.400000
59241 31.667000 -81.530000 -11.216000 0.700000
70065 23.680000 -72.575000 -6.449000 0.400000
18919 33.297000 -79.505000 -10.632000 0.600000
122875 32.636000 -80.144000 -10.461000 0.700000
18921 33.973000 -77.884000 -10.812000 0.600000
49640 33.695000 -78.706000 -10.567000 0.600000
137131 23.018000 -72.362000 -6.456000 0.400000
97616 22.688000 -72.808000 -7.128000 0.400000
79805 34.520000 -75.867000 -11.801000 0.600000
97617 22.058000 -72.985000 -7.356000 0.400000
36007 34.707000 -75.234000 -11.988000 0.400000
7102 24.664000 -72.052000 -5.583000 0.400000
26329 32.403000 -80.914000 -11.169000 0.700000
70064 24.103000 -72.145000 -5.855000 0.400000
107781 33.598000 -79.627000 -10.947000 0.700000
122874 32.861000 -80.241000 -10.833000 0.600000
31929 23.563000 -72.287000 -6.216000 0.400000
107785 34.494000 -77.352000 -11.282000 0.600000
107784 34.291000 -78.112000 -10.998000 0.600000
5592 22.408000 -72.540000 -6.617000 0.400000
149001 34.780000 -76.078000 -11.962000 0.600000
62854 21.875000 -72.866000 -6.850000 0.300000
149002 34.981000 -75.476000 -12.230000 0.400000
149003 35.232000 -74.888000 -12.368000 0.400000
149000 35.480000 -75.161000 -12.611000 0.400000
137130 23.391000 -71.964000 -5.784000 0.400000
137128 22.832000 -72.131000 -5.943000 0.400000
8581 34.946000 -76.906000 -11.815000 0.600000
79803 35.056000 -76.348000 -12.170000 0.600000
79801 35.404000 -76.517000 -12.334000 0.600000
148999 35.772000 -75.448000 -12.857000 0.400000
148998 36.103000 -75.535000 -13.019000 0.500000
54324 36.051000 -74.794000 -12.920000 0.400000
162017 20.454000 -72.239000 -5.267000 0.300000
23379 36.348000 -74.936000 -13.202000 0.400000
7101 24.580000 -70.612000 -4.253000 0.400000
53254 21.532000 -71.457000 -4.853000 0.300000
90639 19.525000 -70.713000 -5.766000 0.400000
70055 25.366000 -69.907000 -3.975000 0.400000
70058 24.029000 -70.244000 -3.919000 0.400000
53252 22.091000 -70.593000 -4.347000 0.300000
137116 22.683000 -70.567000 -4.166000 0.300000
114288 20.464000 -71.213000 -5.125000 0.300000
22534 20.976000 -71.423000 -4.947000 0.300000
10039 20.001000 -70.917000 -5.432000 0.300000
31926 24.672000 -69.513000 -3.672000 0.400000
137123 23.971000 -69.632000 -3.649000 0.400000
137124 23.341000 -70.441000 -4.001000 0.400000
53253 21.585000 -70.555000 -4.603000 0.300000
114287 21.006000 -70.400000 -4.920000 0.300000
127925 18.538000 -67.821000 -7.710000 0.400000
5590 17.794000 -66.899000 -8.206000 0.300000
90617 17.692000 -65.938000 -8.226000 0.300000
90635 20.526000 -70.127000 -5.254000 0.300000
90637 20.025000 -69.907000 -5.609000 0.300000
70051 24.049000 -68.840000 -3.524000 0.400000
31924 23.308000 -69.721000 -3.751000 0.400000
137115 22.672000 -69.749000 -3.935000 0.300000
22532 22.071000 -69.714000 -4.236000 0.300000
114286 21.544000 -69.566000 -4.624000 0.300000
28495 19.119000 -68.683000 -6.758000 0.300000
22533 21.054000 -69.322000 -5.018000 0.300000
127924 18.554000 -66.840000 -8.026000 0.300000
90636 20.557000 -69.098000 -5.440000 0.300000
127923 19.299000 -65.963000 -7.906000 0.400000
127921 18.649000 -65.892000 -8.217000 0.300000
28493 19.390000 -64.990000 -8.093000 0.300000
127920 18.596000 -64.915000 -8.319000 0.300000
70050 23.359000 -68.874000 -3.669000 0.400000
137114 22.700000 -68.812000 -3.958000 0.400000
114284 22.115000 -68.692000 -4.341000 0.300000
62850 19.159000 -67.755000 -7.245000 0.400000
114285 21.583000 -68.535000 -4.804000 0.300000
62851 19.642000 -67.850000 -6.678000 0.300000
28494 19.183000 -66.888000 -7.613000 0.400000
62849 19.709000 -66.930000 -7.028000 0.400000
62845 19.454000 -64.122000 -8.244000 0.300000
31923 23.407000 -67.910000 -3.766000 0.400000
137113 22.759000 -67.842000 -4.122000 0.400000
7099 22.245000 -67.633000 -4.591000 0.400000
90634 21.721000 -67.459000 -5.051000 0.400000
162010 21.125000 -68.247000 -5.251000 0.300000
162009 20.738000 -67.119000 -5.950000 0.300000
5591 20.205000 -67.018000 -6.490000 0.300000
62847 20.341000 -66.146000 -6.782000 0.300000
13270 20.540000 -65.230000 -7.127000 0.500000
62848 19.840000 -66.077000 -7.378000 0.400000
127922 20.015000 -65.110000 -7.671000 0.400000
28491 19.486000 -63.441000 -8.281000 0.300000
137110 22.983000 -66.755000 -4.386000 0.400000
90632 22.438000 -66.615000 -4.818000 0.400000
90633 21.958000 -66.437000 -5.271000 0.300000
13271 21.550000 -65.428000 -6.055000 0.300000
43990 21.785000 -64.556000 -6.329000 0.300000
13269 22.063000 -63.767000 -6.648000 0.300000
40351 21.281000 -67.282000 -5.466000 0.300000
162008 21.387000 -66.315000 -5.768000 0.300000
97614 21.043000 -65.326000 -6.543000 0.300000
97613 21.267000 -64.462000 -6.884000 0.300000
97611 21.540000 -63.632000 -7.185000 0.300000
97615 20.802000 -66.252000 -6.267000 0.300000
97612 20.770000 -64.329000 -7.442000 0.300000
62846 20.204000 -64.208000 -7.906000 0.300000
143721 19.515000 -63.034000 -8.160000 0.300000
15670 25.051000 -66.153000 -3.700000 0.300000
137111 24.361000 -66.060000 -3.905000 0.300000
31922 23.698000 -65.928000 -4.223000 0.300000
137108 23.396000 -64.953000 -4.864000 0.300000
342 23.103000 -64.028000 -5.675000 0.300000
143728 22.832000 -63.103000 -6.480000 0.300000
137109 23.165000 -65.820000 -4.623000 0.300000
137107 22.892000 -64.827000 -5.324000 0.300000
43991 22.325000 -64.706000 -5.847000 0.300000
43989 22.570000 -63.905000 -6.150000 0.300000
143727 22.291000 -62.961000 -6.990000 0.300000
143726 21.741000 -62.823000 -7.441000 0.300000
5589 21.021000 -63.443000 -7.718000 0.300000
143723 21.112000 -62.775000 -7.876000 0.300000
62844 20.295000 -63.380000 -8.107000 0.300000
143722 20.330000 -62.853000 -8.130000 0.300000
101933 26.025000 -65.318000 -3.780000 0.300000
70046 24.577000 -65.192000 -4.200000 0.300000
70045 23.953000 -65.037000 -4.499000 0.300000
137106 23.604000 -64.145000 -5.207000 0.300000
143729 23.379000 -63.222000 -5.995000 0.300000
34222 22.416000 -62.229000 -7.201000 0.300000
143725 21.791000 -62.224000 -7.594000 0.300000
34221 21.088000 -62.313000 -7.890000 0.300000
34220 19.566000 -62.791000 -7.977000 0.300000
34223 23.566000 -62.406000 -6.311000 0.300000
75442 22.961000 -62.321000 -6.800000 0.300000
143724 21.759000 -61.809000 -7.594000 0.300000
75438 21.052000 -62.025000 -7.791000 0.300000
75437 20.323000 -62.517000 -8.030000 0.300000
75436 20.405000 -62.292000 -7.828000 0.300000
75443 23.722000 -61.670000 -6.562000 0.300000
75441 23.120000 -61.613000 -6.950000 0.300000
75440 22.463000 -61.670000 -7.331000 0.300000
143754 24.291000 -61.723000 -6.130000 0.300000
7961 23.809000 -60.966000 -6.717000 0.300000
75439 23.147000 -61.028000 -7.075000 0.300000
17467 22.428000 -61.217000 -7.325000 0.300000
105167 21.765000 -61.490000 -7.501000 0.300000
7960 21.064000 -61.839000 -7.525000 0.300000
75434 20.334000 -62.135000 -7.533000 0.300000
14457 31.214000 -92.234000 -13.807000 0.500000
116629 30.558000 -91.467000 -13.990000 0.500000
116630 30.620000 -90.732000 -13.910000 0.400000
5580 27.553000 -80.355000 -8.007000 0.700000
40387 27.090000 -79.631000 -7.631000 0.700000
66433 29.595000 -88.080000 -13.380000 0.400000
981 31.396000 -90.869000 -13.938000 0.500000
53216 30.297000 -78.870000 -8.063000 0.600000
53214 26.984000 -82.920000 -10.203000 0.500000
53218 31.064000 -78.082000 -8.259000 0.600000
40307 30.333000 -81.844000 -10.510000 0.800000
161875 28.547000 -82.794000 -10.955000 0.700000
40308 31.466000 -80.495000 -9.763000 0.600000
161897 33.701000 -74.677000 -11.503000 0.500000
161890 32.963000 -78.083000 -9.812000 0.700000
13272 22.890000 -73.130000 -7.524000 0.400000
149006 34.200000 -74.077000 -11.861000 0.500000
107786 34.615000 -76.701000 -11.632000 0.600000
149004 34.913000 -74.574000 -12.122000 0.400000
107783 33.996000 -78.867000 -10.876000 0.600000
79797 34.785000 -77.521000 -11.482000 0.600000
62852 22.301000 -72.407000 -6.190000 0.300000
36006 35.240000 -75.775000 -12.421000 0.400000
79802 35.555000 -75.993000 -12.617000 0.400000
70057 24.693000 -70.089000 -3.910000 0.400000
137112 23.610000 -66.895000 -3.942000 0.300000
101932 25.274000 -65.273000 -3.937000 0.300000
79794 34.296000 -79.896000 -11.627000 0.500000
122870 33.445000 -80.442000 -11.654000 0.500000
122872 32.624000 -80.982000 -11.656000 0.700000
122871 32.114000 -81.677000 -12.068000 0.700000
95449 30.527000 -82.723000 -11.977000 0.600000
4387 33.895000 -79.760000 -11.350000 0.500000
122873 33.120000 -80.302000 -11.273000 0.600000
59240 31.853000 -81.632000 -11.656000 0.600000
42785 29.995000 -84.177000 -12.361000 0.600000
42784 29.272000 -84.516000 -11.952000 0.600000
59238 32.548000 -81.744000 -12.435000 0.700000
95446 31.153000 -83.048000 -12.650000 0.600000
12066 30.334000 -83.523000 -12.451000 0.600000
95447 31.603000 -82.374000 -12.445000 0.700000
95448 30.810000 -82.874000 -12.369000 0.600000
42786 29.560000 -83.944000 -12.091000 0.600000
79796 34.691000 -79.169000 -11.433000 0.500000
59234 32.536000 -82.638000 -12.989000 0.700000
59232 31.597000 -83.214000 -12.948000 0.700000
12065 31.314000 -83.920000 -12.926000 0.600000
95444 30.500000 -84.395000 -12.657000 0.600000
59236 33.018000 -81.886000 -12.684000 0.600000
4386 32.084000 -82.454000 -12.750000 0.700000
95445 30.770000 -83.732000 -12.725000 0.600000
26326 33.958000 -81.428000 -12.517000 0.600000
36003 35.392000 -78.501000 -11.653000 0.500000
107782 34.304000 -79.011000 -11.171000 0.500000
59235 33.516000 -82.123000 -12.863000 0.700000
59233 32.144000 -83.386000 -13.147000 0.600000
95442 30.200000 -85.035000 -12.581000 0.600000
148991 35.955000 -77.921000 -12.046000 0.500000
148992 34.948000 -78.403000 -11.472000 0.500000
79793 36.581000 -76.831000 -12.873000 0.500000
148993 35.514000 -77.799000 -11.878000 0.500000
36002 36.658000 -76.363000 -13.219000 0.400000
43979 25.134000 -81.580000 -8.573000 0.400000
13259 26.289000 -81.422000 -8.662000 0.400000
97594 25.437000 -81.801000 -8.798000 0.400000
97593 25.616000 -81.910000 -9.011000 0.500000
62815 25.837000 -82.047000 -9.242000 0.500000
5578 25.025000 -82.482000 -9.240000 0.500000
36004 35.634000 -77.164000 -12.156000 0.500000
62813 25.258000 -82.606000 -9.404000 0.500000
127868 22.886000 -84.424000 -8.275000 0.600000
148995 36.154000 -76.732000 -12.670000 0.400000
28472 25.442000 -82.825000 -9.558000 0.500000
62812 24.695000 -83.301000 -9.361000 0.500000
127871 23.586000 -84.235000 -8.633000 0.500000
13258 24.628000 -82.091000 -8.906000 0.500000
97592 24.874000 -82.333000 -9.079000 0.500000
97591 24.112000 -82.643000 -9.165000 0.500000
62809 24.293000 -82.858000 -9.200000 0.500000
13257 23.630000 -83.222000 -9.196000 0.500000
62811 24.503000 -83.099000 -9.314000 0.500000
62810 23.844000 -83.493000 -9.137000 0.500000
127870 23.359000 -83.996000 -8.789000 0.500000
79800 35.757000 -76.602000 -12.462000 0.500000
28471 23.994000 -83.784000 -9.163000 0.500000
148987 37.264000 -76.096000 -13.683000 0.400000
148996 36.244000 -76.210000 -12.993000 0.400000
148988 36.754000 -75.827000 -13.496000 0.400000
90720 24.960000 -79.771000 -7.515000 0.500000
97590 23.470000 -82.968000 -9.239000 0.500000
79799 35.291000 -77.047000 -12.028000 0.500000
36005 35.891000 -76.084000 -12.770000 0.400000
90718 25.327000 -78.856000 -7.011000 0.500000
162110 24.421000 -79.114000 -7.185000 0.500000
162108 23.570000 -79.383000 -7.415000 0.500000
40385 24.684000 -79.433000 -7.300000 0.500000
148997 36.363000 -75.707000 -13.277000 0.400000
162109 25.069000 -78.508000 -6.911000 0.500000
40384 24.212000 -78.792000 -7.026000 0.500000
90716 24.845000 -78.184000 -6.768000 0.500000
90715 23.950000 -78.498000 -6.951000 0.500000
162107 23.451000 -79.036000 -7.305000 0.500000
114323 22.934000 -79.619000 -7.765000 0.400000
90714 24.537000 -77.846000 -6.572000 0.500000
162106 23.201000 -78.722000 -7.283000 0.600000
22553 22.796000 -79.294000 -7.785000 0.600000
10049 25.453000 -77.573000 -6.607000 0.500000
90713 24.309000 -77.496000 -6.512000 0.500000
40383 23.710000 -78.086000 -6.837000 0.500000
162105 22.959000 -78.287000 -7.193000 0.600000
53273 22.524000 -78.902000 -7.770000 0.600000
53272 22.221000 -79.443000 -8.374000 0.600000
114321 21.944000 -79.953000 -8.919000 0.500000
114319 21.492000 -80.106000 -9.500000 0.500000
90687 21.062000 -80.166000 -10.220000 0.500000
90712 25.152000 -77.283000 -6.487000 0.500000
40382 25.009000 -76.914000 -6.375000 0.500000
162103 24.090000 -77.143000 -6.445000 0.500000
162104 23.486000 -77.701000 -6.745000 0.500000
40380 23.280000 -77.281000 -6.711000 0.600000
2497 22.196000 -78.503000 -7.693000 0.600000
53271 21.908000 -79.046000 -8.309000 0.600000
22551 21.724000 -79.575000 -8.869000 0.600000
114318 21.252000 -79.640000 -9.472000 0.500000
62867 19.600000 -77.491000 -10.417000 0.500000
162073 20.215000 -79.802000 -10.730000 0.500000
90711 25.842000 -76.692000 -6.508000 0.500000
162102 24.782000 -76.571000 -6.319000 0.500000
90706 23.950000 -76.713000 -6.451000 0.600000
90705 23.123000 -76.823000 -6.675000 0.600000
162094 22.405000 -76.870000 -7.075000 0.600000
127958 21.981000 -77.951000 -7.613000 0.600000
28508 21.827000 -77.427000 -7.557000 0.600000
53269 21.570000 -78.564000 -8.257000 0.600000
127957 21.374000 -77.977000 -8.158000 0.600000
53270 21.351000 -79.121000 -8.864000 0.600000
114317 20.880000 -79.172000 -9.383000 0.500000
22550 20.716000 -79.700000 -10.080000 0.500000
114316 20.392000 -79.224000 -9.993000 0.500000
5597 20.119000 -78.691000 -9.912000 0.500000
90686 19.856000 -79.268000 -10.551000 0.500000
90684 19.640000 -78.745000 -10.508000 0.500000
90704 23.853000 -76.302000 -6.443000 0.600000
40379 23.061000 -76.338000 -6.683000 0.600000
162093 22.458000 -76.384000 -7.116000 0.600000
5598 21.919000 -76.429000 -7.603000 0.600000
62873 21.856000 -76.896000 -7.575000 0.600000
62872 21.307000 -77.460000 -8.114000 0.600000
62871 21.380000 -76.967000 -8.075000 0.600000
127956 20.836000 -78.003000 -8.772000 0.500000
28507 20.885000 -77.476000 -8.735000 0.500000
114315 20.578000 -78.651000 -9.331000 0.500000
127954 20.462000 -77.492000 -9.334000 0.500000
127953 20.533000 -76.937000 -9.402000 0.600000
127952 20.017000 -78.110000 -9.924000 0.500000
28506 20.085000 -77.458000 -9.939000 0.500000
62868 20.188000 -76.864000 -9.961000 0.500000
62864 19.900000 -76.281000 -10.437000 0.500000
162090 22.536000 -75.888000 -7.140000 0.600000
97628 22.117000 -75.882000 -7.627000 0.600000
62869 21.501000 -76.434000 -8.199000 0.600000
62870 20.939000 -76.959000 -8.745000 0.600000
97625 20.834000 -76.324000 -9.439000 0.600000
5596 20.444000 -76.296000 -10.040000 0.500000
162089 22.649000 -75.332000 -7.158000 0.600000
13277 21.132000 -76.397000 -8.872000 0.600000
97624 21.092000 -75.684000 -9.588000 0.600000
62862 20.592000 -75.703000 -10.047000 0.500000
137135 23.063000 -74.219000 -7.230000 0.600000
162088 22.823000 -74.880000 -7.197000 0.600000
43998 22.534000 -74.804000 -7.766000 0.600000
43997 22.017000 -75.319000 -8.366000 0.600000
97626 21.419000 -75.813000 -8.954000 0.600000
97623 21.272000 -75.145000 -9.576000 0.500000
620 22.690000 -74.208000 -7.810000 0.600000
43996 22.187000 -74.756000 -8.403000 0.600000
43994 22.390000 -74.136000 -8.374000 0.600000
13276 21.689000 -75.221000 -9.002000 0.600000
13274 21.976000 -74.150000 -8.876000 0.600000
97620 21.301000 -74.232000 -9.197000 0.500000
97619 21.898000 -73.733000 -8.537000 0.400000
42787 30.005000 -83.326000 -12.101000 0.600000
12067 31.317000 -82.272000 -12.061000 0.700000
18920 34.574000 -78.200000 -11.215000 0.500000
79798 35.130000 -77.661000 -11.687000 0.500000
8580 36.508000 -77.426000 -12.503000 0.500000
148994 36.071000 -77.274000 -12.337000 0.500000
127869 23.164000 -83.736000 -8.962000 0.600000
162096 22.667000 -77.865000 -7.123000 0.600000
162095 22.488000 -77.389000 -7.068000 0.600000
22549 21.005000 -78.590000 -8.854000 0.600000
127955 20.471000 -78.068000 -9.345000 0.500000
13278 22.279000 -75.321000 -7.701000 0.600000
97627 21.720000 -75.852000 -8.301000 0.600000
43995 21.833000 -74.709000 -9.022000 0.600000
97622 21.359000 -74.702000 -9.440000 0.600000
99750 31.498000 -92.781000 -13.083000 0.400000
30225 32.782000 -91.752000 -11.712000 0.500000
66412 33.318000 -91.458000 -12.095000 0.500000
66411 32.588000 -92.054000 -12.326000 0.400000
14458 32.240000 -92.237000 -12.914000 0.400000
99752 32.579000 -91.711000 -13.210000 0.400000
99751 31.791000 -92.261000 -13.409000 0.400000
66414 34.118000 -90.875000 -11.818000 0.500000
66413 33.501000 -91.145000 -11.488000 0.500000
99753 33.470000 -91.162000 -13.022000 0.500000
14459 32.879000 -91.108000 -13.446000 0.500000
45178 32.028000 -91.693000 -13.652000 0.400000
66416 34.678000 -90.550000 -12.187000 0.500000
99754 34.380000 -90.687000 -12.821000 0.500000
99755 33.843000 -90.617000 -13.274000 0.500000
45180 33.119000 -90.480000 -13.623000 0.500000
45179 32.192000 -91.031000 -13.776000 0.400000
45181 32.341000 -90.361000 -13.811000 0.400000
132512 35.199000 -90.149000 -12.555000 0.500000
14460 34.772000 -90.144000 -13.068000 0.500000
66417 35.132000 -89.550000 -13.218000 0.500000
99756 34.173000 -90.017000 -13.459000 0.500000
14461 33.377000 -89.870000 -13.646000 0.500000
45183 31.407000 -90.212000 -13.895000 0.400000
132539 30.379000 -85.794000 -12.891000 0.500000
30237 30.016000 -86.201000 -12.872000 0.400000
66437 30.640000 -86.348000 -13.157000 0.400000
30236 31.253000 -86.501000 -13.399000 0.400000
66435 30.936000 -87.004000 -13.416000 0.400000
30235 30.638000 -87.598000 -13.480000 0.400000
99757 34.502000 -89.357000 -13.535000 0.500000
132533 31.421000 -87.845000 -13.632000 0.400000
132530 31.039000 -88.533000 -13.729000 0.400000
132529 30.796000 -89.235000 -13.850000 0.400000
99758 34.775000 -88.688000 -13.528000 0.400000
99759 33.620000 -89.212000 -13.628000 0.500000
14463 31.616000 -89.464000 -13.830000 0.400000
45182 32.519000 -89.689000 -13.787000 0.400000
132538 30.975000 -85.922000 -13.192000 0.400000
132535 31.976000 -86.665000 -13.574000 0.400000
132534 31.757000 -87.213000 -13.579000 0.400000
66423 35.764000 -88.257000 -13.432000 0.400000
6375 32.251000 -88.094000 -13.637000 0.400000
99761 31.913000 -88.762000 -13.732000 0.400000
132522 35.022000 -88.004000 -13.564000 0.400000
14462 33.845000 -88.522000 -13.602000 0.400000
66424 33.077000 -88.303000 -13.618000 0.400000
99760 32.777000 -88.978000 -13.698000 0.400000
4384 30.762000 -85.252000 -12.901000 0.500000
59229 31.296000 -85.406000 -13.209000 0.400000
26322 31.870000 -85.575000 -13.380000 0.400000
122856 32.466000 -85.644000 -13.565000 0.400000
132527 33.007000 -86.334000 -13.761000 0.400000
30233 32.824000 -86.882000 -13.697000 0.400000
66427 33.583000 -87.016000 -13.693000 0.400000
66428 32.590000 -87.448000 -13.634000 0.400000
132523 35.220000 -87.324000 -13.677000 0.400000
30232 34.349000 -87.174000 -13.737000 0.400000
66426 33.340000 -87.649000 -13.612000 0.400000
95443 31.052000 -84.610000 -12.915000 0.500000
59231 31.598000 -84.787000 -13.205000 0.500000
122861 31.833000 -84.106000 -13.203000 0.600000
59230 32.142000 -84.935000 -13.395000 0.500000
982 33.176000 -85.770000 -13.758000 0.400000
49629 33.970000 -85.856000 -13.890000 0.400000
18909 34.707000 -85.981000 -13.991000 0.400000
107763 35.536000 -86.226000 -13.980000 0.400000
122859 33.010000 -84.420000 -13.488000 0.400000
122862 32.708000 -83.527000 -13.349000 0.500000
26323 33.697000 -84.511000 -13.613000 0.400000
49631 34.180000 -85.257000 -13.825000 0.400000
79772 33.997000 -83.894000 -13.518000 0.500000
79773 34.666000 -84.021000 -13.511000 0.400000
148962 34.400000 -84.631000 -13.682000 0.400000
18911 35.165000 -84.851000 -13.750000 0.400000
122863 33.758000 -82.983000 -13.259000 0.600000
26325 33.090000 -82.823000 -13.149000 0.600000
79774 34.992000 -83.363000 -13.314000 0.500000
35994 35.642000 -83.525000 -13.349000 0.400000
26328 32.989000 -81.076000 -12.035000 0.500000
90703 23.818000 -75.789000 -6.415000 0.500000
40378 23.162000 -75.342000 -6.707000 0.500000
31931 23.387000 -74.259000 -6.738000 0.500000
162091 23.790000 -75.320000 -6.341000 0.500000
90700 23.255000 -74.836000 -6.756000 0.500000
162092 23.111000 -75.856000 -6.720000 0.500000
6372 33.872000 -91.091000 -12.438000 0.500000
66410 33.022000 -91.673000 -12.708000 0.500000
132537 31.574000 -86.038000 -13.402000 0.400000
132536 32.211000 -86.159000 -13.596000 0.400000
66425 34.086000 -87.838000 -13.614000 0.400000
122858 32.734000 -85.091000 -13.509000 0.400000
122857 33.417000 -85.148000 -13.691000 0.400000
132526 33.773000 -86.446000 -13.860000 0.400000
132525 34.556000 -86.551000 -13.882000 0.400000
26324 32.410000 -84.248000 -13.393000 0.500000
49630 34.940000 -85.435000 -13.902000 0.400000
122860 33.384000 -83.717000 -13.414000 0.500000
4385 34.413000 -83.188000 -13.348000 0.600000
148963 35.389000 -84.194000 -13.554000 0.500000
107768 34.739000 -82.434000 -13.081000 0.500000
35999 40.236000 -76.955000 -13.748000 0.300000
79786 39.535000 -77.300000 -13.380000 0.300000
79788 38.875000 -77.191000 -13.387000 0.300000
79787 39.674000 -76.800000 -13.740000 0.300000
148980 40.405000 -76.429000 -14.016000 0.300000
349 41.777000 -75.819000 -14.124000 0.300000
130779 41.193000 -75.845000 -14.234000 0.300000
79784 39.385000 -77.878000 -13.035000 0.300000
79782 38.573000 -78.452000 -12.706000 0.400000
107776 38.009000 -78.319000 -12.602000 0.400000
79785 40.109000 -77.484000 -13.456000 0.300000
107778 37.459000 -78.250000 -12.508000 0.400000
107777 38.187000 -77.692000 -12.893000 0.400000
148990 35.777000 -78.660000 -11.862000 0.400000
79795 35.099000 -79.271000 -11.654000 0.400000
148978 40.922000 -76.977000 -13.623000 0.300000
148983 38.304000 -77.185000 -13.300000 0.300000
79789 37.045000 -77.565000 -12.684000 0.400000
65049 39.969000 -75.839000 -14.431000 0.300000
148984 38.376000 -76.751000 -13.658000 0.300000
107774 37.683000 -79.813000 -12.360000 0.400000
18914 36.866000 -80.496000 -12.359000 0.400000
49632 35.411000 -80.927000 -12.382000 0.400000
122866 34.838000 -80.825000 -12.334000 0.400000
79783 39.180000 -78.596000 -12.765000 0.400000
107775 37.859000 -79.040000 -12.428000 0.400000
49635 37.103000 -79.713000 -12.253000 0.400000
1999 35.695000 -80.221000 -12.130000 0.400000
122867 35.188000 -80.178000 -11.962000 0.400000
35998 39.958000 -78.116000 -13.124000 0.300000
18916 37.323000 -78.931000 -12.280000 0.400000
49638 35.983000 -79.527000 -11.980000 0.400000
122869 33.848000 -80.559000 -11.970000 0.400000
148977 40.759000 -77.577000 -13.336000 0.300000
18918 36.257000 -78.830000 -11.953000 0.400000
26327 34.749000 -80.027000 -11.829000 0.400000
35990 41.480000 -77.034000 -13.530000 0.300000
107780 36.411000 -78.081000 -12.190000 0.400000
79791 37.119000 -77.031000 -13.073000 0.400000
79775 37.145000 -81.399000 -12.573000 0.400000
107770 35.673000 -81.857000 -12.828000 0.400000
8578 38.050000 -80.717000 -12.421000 0.400000
107772 37.454000 -80.620000 -12.391000 0.400000
107771 36.606000 -81.278000 -12.596000 0.400000
18912 35.054000 -81.669000 -12.753000 0.400000
148973 40.479000 -78.890000 -12.866000 0.300000
148974 39.051000 -79.294000 -12.583000 0.400000
79761 41.815000 -77.717000 -13.126000 0.300000
79763 41.339000 -77.633000 -13.228000 0.300000
122868 34.365000 -80.763000 -12.138000 0.400000
79762 41.935000 -77.056000 -13.385000 0.300000
107769 35.366000 -82.641000 -13.104000 0.400000
18913 36.216000 -82.078000 -12.805000 0.400000
79792 37.185000 -76.562000 -13.409000 0.300000
148986 37.884000 -76.220000 -13.843000 0.300000
36001 37.714000 -76.709000 -13.569000 0.300000
59237 33.418000 -81.229000 -12.332000 0.400000
122865 34.447000 -81.512000 -12.715000 0.400000
122864 34.033000 -82.260000 -13.010000 0.400000
148965 35.915000 -82.815000 -13.081000 0.400000
8579 38.722000 -77.808000 -13.010000 0.300000
148981 39.823000 -76.319000 -14.082000 0.300000
29589 40.574000 -75.863000 -14.317000 0.300000
18915 38.459000 -79.121000 -12.506000 0.400000
18917 37.550000 -77.652000 -12.823000 0.400000
49637 36.764000 -78.906000 -12.152000 0.400000
107779 36.944000 -78.203000 -12.352000 0.400000
148989 35.524000 -79.424000 -11.805000 0.400000
79790 37.611000 -77.130000 -13.185000 0.400000
107773 38.279000 -79.934000 -12.388000 0.400000
49633 35.955000 -81.103000 -12.542000 0.400000
49634 36.228000 -80.358000 -12.264000 0.400000
148975 39.806000 -78.779000 -12.852000 0.300000
49636 36.521000 -79.633000 -12.102000 0.400000
148976 40.585000 -78.236000 -13.079000 0.300000
79781 38.922000 -80.058000 -12.484000 0.400000
35997 39.695000 -79.406000 -12.670000 0.300000
8576 41.216000 -78.333000 -13.012000 0.300000
66401 30.264000 -92.371000 -8.047000 0.300000
6369 29.602000 -92.908000 -8.095000 0.300000
30221 30.964000 -91.829000 -8.029000 0.300000
66399 29.787000 -92.411000 -7.421000 0.300000
132494 30.786000 -92.279000 -8.683000 0.300000
99745 30.109000 -92.866000 -8.709000 0.300000
132493 31.721000 -91.170000 -7.964000 0.300000
132492 31.179000 -91.332000 -7.368000 0.300000
66400 30.455000 -91.901000 -7.414000 0.300000
132496 32.212000 -90.868000 -8.544000 0.300000
132495 31.503000 -91.620000 -8.623000 0.300000
14455 30.692000 -92.702000 -9.362000 0.300000
132504 32.136000 -92.361000 -11.855000 0.300000
79698 32.232000 -90.066000 -6.541000 0.300000
30220 31.462000 -90.766000 -6.648000 0.300000
6370 32.435000 -90.379000 -7.885000 0.300000
79697 31.951000 -90.631000 -7.266000 0.300000
132491 30.697000 -91.379000 -6.763000 0.300000
66404 31.850000 -91.829000 -9.933000 0.300000
132506 32.908000 -91.361000 -11.037000 0.300000
132505 32.280000 -91.927000 -11.228000 0.300000
107723 32.804000 -90.138000 -8.445000 0.300000
30222 32.029000 -91.338000 -9.215000 0.300000
132497 32.660000 -90.617000 -9.119000 0.300000
132498 33.127000 -90.412000 -9.663000 0.300000
30223 33.028000 -90.916000 -10.335000 0.300000
66406 32.362000 -91.583000 -10.510000 0.300000
132507 33.639000 -90.716000 -10.789000 0.300000
132513 36.025000 -89.602000 -12.285000 0.400000
66415 34.916000 -90.260000 -11.559000 0.400000
139297 29.336000 -92.799000 -3.584000 0.300000
71816 29.390000 -93.463000 -2.873000 0.300000
30219 29.994000 -91.955000 -6.790000 0.300000
139303 29.344000 -92.521000 -6.824000 0.300000
42774 31.069000 -90.375000 -4.976000 0.300000
139274 30.317000 -90.991000 -5.019000 0.300000
139299 29.559000 -91.890000 -4.316000 0.300000
32692 29.178000 -92.598000 -4.210000 0.300000
139296 29.144000 -93.399000 -3.512000 0.300000
12056 32.325000 -89.832000 -5.226000 0.300000
207 30.613000 -90.822000 -5.573000 0.300000
139300 29.678000 -91.722000 -4.939000 0.300000
71819 28.754000 -93.042000 -4.706000 0.300000
71818 28.922000 -93.255000 -4.125000 0.300000
132490 31.016000 -90.742000 -6.095000 0.300000
132489 30.258000 -91.417000 -6.157000 0.300000
32693 29.253000 -92.244000 -5.512000 0.300000
71821 28.818000 -92.883000 -5.457000 0.300000
139302 29.591000 -92.074000 -6.164000 0.300000
71822 29.015000 -92.707000 -6.156000 0.300000
66403 31.336000 -92.087000 -9.278000 0.300000
66402 31.214000 -92.520000 -10.007000 0.300000
148872 31.884000 -90.182000 -5.884000 0.300000
66405 32.463000 -91.098000 -9.815000 0.300000
139295 29.618000 -92.181000 -3.114000 0.300000
71823 28.562000 -93.354000 -6.163000 0.300000
42776 31.455000 -90.258000 -5.414000 0.300000
32684 30.104000 -91.196000 -4.447000 0.300000
139301 29.846000 -91.540000 -5.609000 0.300000
71820 29.120000 -92.381000 -4.861000 0.300000
7397 28.497000 -93.491000 -5.406000 0.300000
30226 34.284000 -90.483000 -11.193000 0.300000
42782 40.150000 -85.918000 -13.156000 0.300000
42781 39.969000 -86.532000 -12.911000 0.300000
445 39.190000 -87.058000 -13.050000 0.300000
132517 38.272000 -87.564000 -13.174000 0.400000
30229 37.381000 -88.021000 -13.197000 0.400000
66421 36.377000 -88.469000 -13.240000 0.300000
6373 35.462000 -88.923000 -13.310000 0.300000
12063 39.553000 -85.885000 -13.484000 0.300000
148953 38.783000 -86.362000 -13.635000 0.400000
30230 37.874000 -86.857000 -13.740000 0.400000
79764 37.105000 -86.697000 -13.807000 0.400000
30231 35.972000 -87.601000 -13.644000 0.300000
107764 36.500000 -85.932000 -13.935000 0.400000
6374 36.348000 -86.468000 -13.942000 0.400000
132524 35.370000 -86.772000 -13.887000 0.300000
107765 35.729000 -85.681000 -13.967000 0.300000
12060 41.232000 -85.651000 -11.562000 0.300000
95436 40.946000 -85.808000 -12.164000 0.300000
42779 39.638000 -87.045000 -12.555000 0.400000
42777 38.795000 -87.604000 -12.697000 0.400000
132516 37.910000 -88.137000 -12.769000 0.300000
66420 36.981000 -88.604000 -12.897000 0.300000
30228 36.523000 -89.175000 -12.638000 0.300000
95437 41.191000 -85.180000 -12.544000 0.300000
95439 40.788000 -85.311000 -13.003000 0.300000
95440 40.291000 -85.257000 -13.278000 0.300000
95441 39.702000 -85.203000 -13.545000 0.300000
148954 38.948000 -85.765000 -13.690000 0.300000
79765 38.029000 -86.289000 -13.806000 0.400000
4383 39.798000 -84.495000 -13.460000 0.300000
148958 39.176000 -84.406000 -13.511000 0.300000
148955 39.059000 -85.104000 -13.633000 0.300000
35991 38.192000 -85.661000 -13.793000 0.400000
79766 37.268000 -86.112000 -13.897000 0.400000
35992 38.466000 -84.298000 -13.473000 0.300000
79768 37.597000 -84.888000 -13.640000 0.400000
18910 36.662000 -85.355000 -13.813000 0.400000
148967 37.336000 -83.153000 -13.114000 0.300000
8577 37.132000 -83.935000 -13.317000 0.400000
79767 36.871000 -84.706000 -13.585000 0.400000
107766 35.902000 -85.141000 -13.800000 0.400000
35995 37.541000 -82.344000 -12.909000 0.300000
148964 36.378000 -83.760000 -13.336000 0.400000
148966 36.635000 -82.974000 -13.103000 0.300000
49610 39.946000 -85.312000 -8.293000 0.300000
122834 39.892000 -85.703000 -8.914000 0.300000
122833 39.105000 -86.272000 -9.157000 0.300000
26312 39.014000 -86.736000 -9.844000 0.300000
122840 41.384000 -85.306000 -10.954000 0.300000
59216 40.971000 -85.624000 -10.456000 0.300000
4379 40.288000 -86.328000 -10.677000 0.300000
59211 38.913000 -87.221000 -10.463000 0.300000
59219 42.104000 -84.404000 -11.856000 0.300000
59218 41.748000 -84.905000 -11.427000 0.300000
95434 40.806000 -86.026000 -11.098000 0.300000
95433 40.144000 -86.720000 -11.286000 0.300000
95432 39.440000 -87.314000 -11.465000 0.300000
95431 38.638000 -87.840000 -11.687000 0.300000
95429 37.749000 -88.453000 -11.885000 0.300000
132514 36.870000 -89.064000 -12.078000 0.300000
132511 36.337000 -89.394000 -11.691000 0.300000
132510 35.805000 -89.598000 -11.331000 0.300000
4381 41.776000 -84.498000 -12.350000 0.300000
79770 38.676000 -83.552000 -13.263000 0.300000
79769 37.805000 -84.182000 -13.407000 0.300000
35993 38.928000 -82.773000 -13.083000 0.300000
79771 38.048000 -83.394000 -13.172000 0.300000
79778 38.495000 -81.647000 -12.739000 0.300000
79777 37.801000 -81.486000 -12.628000 0.300000
79776 36.853000 -82.181000 -12.810000 0.300000
49612 39.980000 -84.931000 -7.644000 0.300000
122835 40.570000 -85.150000 -8.734000 0.300000
26313 40.514000 -85.497000 -9.344000 0.300000
59213 39.810000 -86.096000 -9.530000 0.300000
26315 41.549000 -84.861000 -10.315000 0.300000
59214 40.437000 -85.906000 -9.994000 0.300000
132509 35.074000 -89.824000 -10.956000 0.300000
49613 40.091000 -84.543000 -7.085000 0.300000
1996 40.605000 -84.786000 -8.082000 0.300000
122836 41.119000 -84.600000 -8.573000 0.300000
122837 41.051000 -84.902000 -9.183000 0.300000
59215 41.073000 -85.207000 -9.800000 0.300000
122841 41.904000 -84.565000 -10.809000 0.300000
49614 40.664000 -84.441000 -7.468000 0.300000
49616 41.175000 -84.283000 -7.942000 0.300000
26314 41.594000 -84.294000 -9.052000 0.300000
122838 41.516000 -84.616000 -9.658000 0.300000
30227 35.489000 -89.960000 -11.934000 0.300000
66418 35.649000 -89.660000 -12.828000 0.300000
66419 36.010000 -89.106000 -13.012000 0.300000
66422 36.766000 -87.802000 -13.501000 0.300000
132521 36.158000 -87.007000 -13.824000 0.400000
107767 36.136000 -84.480000 -13.574000 0.400000
79779 38.745000 -80.815000 -12.518000 0.300000
12061 40.609000 -85.932000 -12.732000 0.300000
42783 39.401000 -86.502000 -13.307000 0.300000
42780 40.335000 -86.473000 -12.348000 0.300000
132518 38.558000 -86.964000 -13.464000 0.400000
132519 37.682000 -87.466000 -13.474000 0.400000
132520 36.946000 -87.268000 -13.653000 0.400000
148956 37.412000 -85.536000 -13.840000 0.400000
59217 41.532000 -85.092000 -12.020000 0.300000
95435 40.644000 -86.345000 -11.694000 0.300000
42778 39.180000 -87.484000 -12.138000 0.300000
12059 39.958000 -86.935000 -11.927000 0.300000
12057 38.297000 -88.054000 -12.281000 0.400000
132515 37.400000 -88.639000 -12.432000 0.300000
95438 41.401000 -84.521000 -12.813000 0.300000
12062 40.895000 -84.634000 -13.138000 0.300000
59224 40.395000 -84.566000 -13.331000 0.300000
148957 38.353000 -84.981000 -13.699000 0.400000
148968 38.254000 -82.503000 -12.977000 0.300000
59212 39.694000 -86.592000 -10.290000 0.300000
59210 39.556000 -87.018000 -10.873000 0.300000
12058 38.792000 -87.627000 -11.075000 0.300000
148969 39.142000 -81.938000 -12.946000 0.300000
127872 24.210000 -83.984000 -9.115000 0.400000
