#!ascii label, from file  /biac2/kgs/3Danat/FreesurferSegmentations/fsaverage-bkup/label/CBA/cROIs/averages/label/MPM_rh.label 
1228
90483 23.084000 -91.801000 -8.397000 0.700000
90481 22.252000 -92.424000 -8.390000 0.800000
127857 21.732000 -92.142000 -7.958000 0.800000
28465 20.897000 -92.442000 -8.008000 0.700000
161828 23.290000 -92.822000 -9.377000 0.600000
90482 22.763000 -92.636000 -8.892000 0.600000
127856 21.423000 -92.842000 -8.455000 0.600000
114192 23.785000 -92.926000 -9.830000 0.600000
127860 22.072000 -91.327000 -7.489000 0.800000
127859 21.243000 -91.744000 -7.502000 0.700000
62802 20.736000 -91.272000 -7.084000 0.700000
13254 19.884000 -91.513000 -7.166000 0.700000
40291 23.556000 -91.973000 -8.906000 0.600000
5574 22.561000 -91.652000 -7.924000 0.700000
127858 20.405000 -92.019000 -7.640000 0.700000
90476 24.226000 -92.959000 -10.365000 0.600000
90477 24.671000 -92.988000 -11.003000 0.600000
22479 23.931000 -93.621000 -10.845000 0.600000
90474 24.688000 -94.184000 -12.516000 0.600000
90475 24.139000 -94.211000 -11.978000 0.600000
62804 21.891000 -90.027000 -6.647000 0.800000
62805 21.317000 -89.534000 -6.358000 0.800000
5575 20.421000 -89.884000 -6.377000 0.700000
161847 19.751000 -89.340000 -6.249000 0.700000
161846 18.840000 -89.527000 -6.380000 0.700000
127861 22.429000 -90.422000 -7.053000 0.800000
62803 21.050000 -90.398000 -6.648000 0.700000
97587 19.471000 -90.159000 -6.461000 0.700000
114193 22.903000 -90.766000 -7.553000 0.700000
28466 21.584000 -90.903000 -7.044000 0.800000
62801 20.127000 -90.739000 -6.710000 0.700000
114194 23.387000 -91.023000 -8.029000 0.700000
161829 24.038000 -92.135000 -9.423000 0.700000
90478 24.913000 -92.287000 -10.579000 0.600000
10018 24.480000 -92.228000 -9.950000 0.600000
40288 24.962000 -93.610000 -12.093000 0.600000
161821 24.419000 -93.617000 -11.476000 0.600000
161818 25.267000 -94.165000 -13.086000 0.600000
139328 25.546000 -95.384000 -13.807000 0.700000
161736 24.813000 -95.466000 -13.602000 0.600000
71842 25.978000 -96.098000 -13.602000 0.500000
32702 25.356000 -96.041000 -13.701000 0.600000
71841 25.745000 -96.658000 -13.225000 0.500000
161851 21.559000 -88.689000 -6.178000 0.900000
161850 20.680000 -89.003000 -6.179000 0.800000
161849 20.041000 -88.487000 -6.130000 0.700000
127862 22.671000 -89.579000 -6.774000 0.700000
28467 22.119000 -89.164000 -6.352000 0.900000
40297 19.143000 -88.745000 -6.304000 0.700000
114195 23.655000 -90.211000 -7.745000 0.800000
22481 23.168000 -89.917000 -7.288000 0.800000
22482 24.103000 -90.418000 -8.170000 0.800000
40292 24.875000 -90.602000 -9.274000 0.700000
161830 23.827000 -91.175000 -8.500000 0.700000
161832 24.708000 -91.370000 -9.601000 0.800000
90480 25.102000 -91.453000 -10.217000 0.800000
40289 25.371000 -92.315000 -11.279000 0.700000
161822 25.218000 -93.004000 -11.659000 0.700000
161819 25.517000 -93.591000 -12.692000 0.600000
88 25.728000 -94.744000 -13.784000 0.700000
139327 26.191000 -95.491000 -13.901000 0.700000
161852 22.395000 -88.338000 -6.332000 0.900000
40298 20.942000 -88.204000 -6.089000 0.800000
161848 19.528000 -87.979000 -6.309000 0.700000
53201 23.407000 -89.078000 -7.111000 0.800000
127863 22.906000 -88.734000 -6.660000 0.800000
53202 23.863000 -89.375000 -7.535000 0.700000
90486 25.026000 -89.854000 -9.038000 0.700000
90484 24.665000 -89.785000 -8.525000 0.600000
90485 24.474000 -90.527000 -8.679000 0.800000
161833 25.249000 -90.655000 -9.896000 0.800000
90479 25.496000 -91.536000 -10.904000 0.800000
161823 25.815000 -92.287000 -11.927000 0.700000
92777 26.141000 -92.892000 -12.962000 0.800000
161820 25.699000 -92.959000 -12.300000 0.700000
92776 26.568000 -92.933000 -13.688000 0.800000
41300 27.207000 -94.380000 -14.303000 0.700000
41301 26.513000 -94.212000 -14.024000 0.700000
10583 26.050000 -93.532000 -13.304000 0.700000
10579 27.043000 -94.985000 -14.092000 0.700000
41299 26.384000 -94.855000 -14.064000 0.700000
1380 19.783000 -84.041000 -11.921000 0.600000
162078 20.418000 -83.109000 -11.884000 0.600000
40371 19.657000 -82.771000 -12.640000 0.600000
90683 19.292000 -82.005000 -12.565000 0.700000
90502 21.810000 -87.944000 -6.145000 0.900000
90500 20.372000 -87.764000 -6.139000 0.700000
22483 24.490000 -88.811000 -7.999000 0.600000
10019 25.166000 -89.130000 -8.932000 0.600000
114197 24.833000 -89.040000 -8.479000 0.600000
90487 25.356000 -89.921000 -9.634000 0.700000
161826 25.945000 -90.018000 -10.904000 0.700000
161834 25.614000 -90.007000 -10.282000 0.700000
127865 20.760000 -85.217000 -7.580000 0.700000
1379 20.031000 -85.501000 -7.818000 0.700000
161825 25.956000 -90.738000 -11.191000 0.800000
40290 25.600000 -90.696000 -10.562000 0.800000
127866 21.339000 -84.774000 -7.974000 0.600000
127864 20.584000 -84.979000 -8.102000 0.600000
137067 19.808000 -85.297000 -8.446000 0.700000
161824 25.893000 -91.562000 -11.573000 0.700000
137068 20.424000 -84.792000 -8.740000 0.500000
31905 19.714000 -85.096000 -9.094000 0.700000
54784 26.591000 -92.287000 -13.336000 0.800000
2903 26.194000 -92.217000 -12.586000 0.800000
28468 21.172000 -84.526000 -8.461000 0.500000
137069 21.034000 -84.330000 -9.021000 0.500000
10581 27.202000 -93.740000 -14.310000 0.700000
137070 21.651000 -83.865000 -9.301000 0.500000
137073 22.205000 -83.408000 -9.467000 0.600000
137072 21.604000 -83.717000 -9.689000 0.500000
137071 20.914000 -83.964000 -9.951000 0.600000
101913 20.236000 -84.284000 -10.270000 0.700000
15658 19.672000 -84.432000 -10.964000 0.700000
70017 21.500000 -83.398000 -9.963000 0.500000
15659 20.838000 -83.759000 -10.286000 0.600000
101914 20.345000 -83.975000 -10.690000 0.600000
46380 20.376000 -83.608000 -11.505000 0.600000
31907 22.077000 -83.182000 -9.701000 0.600000
101915 20.858000 -83.462000 -10.604000 0.600000
15660 20.821000 -83.201000 -11.003000 0.600000
70018 21.940000 -82.855000 -9.875000 0.500000
70016 21.371000 -83.199000 -10.199000 0.500000
162079 20.929000 -82.716000 -11.386000 0.600000
162077 20.271000 -82.459000 -12.178000 0.600000
162076 20.018000 -81.701000 -12.171000 0.700000
162072 19.406000 -80.641000 -11.880000 0.600000
114314 18.750000 -80.783000 -12.253000 0.700000
101916 21.275000 -82.877000 -10.430000 0.600000
162080 21.250000 -82.418000 -10.721000 0.600000
40374 20.819000 -82.148000 -11.595000 0.600000
90690 20.587000 -81.519000 -11.710000 0.700000
162074 20.020000 -80.401000 -11.407000 0.500000
90501 21.226000 -87.490000 -6.108000 0.900000
53203 24.074000 -88.529000 -7.505000 0.600000
2488 23.619000 -88.250000 -7.022000 0.700000
90499 20.713000 -87.101000 -6.253000 0.800000
114203 19.026000 -87.503000 -6.711000 0.700000
114205 20.227000 -86.690000 -6.589000 0.700000
114206 21.060000 -86.482000 -6.491000 0.800000
90488 25.400000 -89.224000 -9.496000 0.700000
161854 21.103000 -85.529000 -7.195000 0.800000
53208 20.250000 -85.766000 -7.279000 0.600000
28469 21.631000 -85.042000 -7.588000 0.700000
127867 22.157000 -84.584000 -8.018000 0.600000
54786 26.626000 -91.619000 -12.958000 0.800000
54787 26.669000 -90.936000 -12.575000 0.800000
54785 27.110000 -91.717000 -13.634000 0.800000
62807 21.915000 -84.353000 -8.382000 0.500000
10582 27.075000 -92.388000 -13.966000 0.800000
62806 21.754000 -84.132000 -8.865000 0.500000
97589 23.030000 -83.560000 -9.179000 0.500000
97588 22.806000 -83.244000 -9.370000 0.600000
5576 22.307000 -83.710000 -9.191000 0.600000
137074 22.665000 -82.955000 -9.479000 0.600000
70019 22.464000 -82.655000 -9.519000 0.600000
90685 19.389000 -79.383000 -11.151000 0.500000
7092 21.761000 -82.614000 -9.975000 0.500000
40372 19.741000 -79.882000 -11.297000 0.500000
162071 19.160000 -80.038000 -11.754000 0.600000
162081 21.645000 -82.122000 -10.087000 0.600000
90692 21.193000 -81.806000 -10.871000 0.700000
90691 21.046000 -81.256000 -10.988000 0.700000
40373 20.317000 -80.866000 -11.536000 0.700000
162084 22.083000 -81.923000 -9.506000 0.600000
90689 20.842000 -80.760000 -10.997000 0.600000
162083 21.888000 -81.414000 -9.488000 0.700000
90693 21.416000 -81.064000 -10.236000 0.600000
10046 21.247000 -80.625000 -10.244000 0.500000
161853 23.138000 -87.939000 -6.676000 0.700000
40299 22.651000 -87.612000 -6.386000 0.700000
90503 22.100000 -87.222000 -6.267000 0.700000
10021 21.589000 -86.826000 -6.256000 0.800000
161856 21.919000 -86.226000 -6.586000 0.700000
90505 21.958000 -85.334000 -7.277000 0.700000
161855 21.484000 -85.897000 -6.870000 0.700000
127951 19.606000 -78.105000 -10.410000 0.500000
43977 23.913000 -82.394000 -9.101000 0.500000
13256 23.259000 -82.687000 -9.258000 0.600000
28505 19.281000 -78.710000 -11.021000 0.500000
43976 23.641000 -82.186000 -8.986000 0.500000
43978 24.354000 -81.885000 -8.793000 0.500000
137075 23.033000 -82.424000 -9.224000 0.600000
70020 22.245000 -82.348000 -9.540000 0.600000
90688 20.561000 -80.238000 -10.822000 0.500000
618 24.021000 -81.712000 -8.620000 0.500000
137076 23.415000 -81.908000 -8.813000 0.600000
162085 22.566000 -81.696000 -8.986000 0.600000
162086 23.131000 -81.569000 -8.624000 0.600000
161861 23.391000 -87.299000 -6.775000 0.700000
161860 22.896000 -86.955000 -6.544000 0.700000
161859 22.425000 -86.550000 -6.521000 0.700000
90695 22.189000 -80.767000 -8.853000 0.500000
43980 24.816000 -81.385000 -8.436000 0.500000
114320 21.666000 -80.487000 -9.526000 0.500000
162087 23.852000 -81.245000 -8.348000 0.500000
90697 22.908000 -81.055000 -8.431000 0.500000
40376 22.396000 -81.233000 -8.932000 0.500000
162082 21.775000 -80.928000 -9.554000 0.500000
90694 22.520000 -80.192000 -8.303000 0.500000
114322 22.441000 -79.847000 -8.272000 0.500000
162112 24.088000 -80.095000 -7.701000 0.500000
10047 23.112000 -79.947000 -7.848000 0.500000
22552 22.065000 -80.386000 -8.853000 0.500000
162113 24.312000 -80.544000 -7.932000 0.500000
90698 23.309000 -80.362000 -7.969000 0.500000
90696 22.723000 -80.560000 -8.347000 0.500000
162114 24.565000 -81.031000 -8.196000 0.500000
40377 23.558000 -80.831000 -8.147000 0.500000
162111 23.828000 -79.717000 -7.534000 0.500000
62865 19.156000 -76.873000 -10.795000 0.600000
127947 18.451000 -77.484000 -11.139000 0.600000
62866 19.764000 -76.876000 -10.444000 0.500000
28503 19.195000 -76.355000 -10.753000 0.700000
127946 18.317000 -76.922000 -11.106000 0.600000
22542 17.564000 -77.506000 -11.446000 0.600000
114303 16.533000 -77.112000 -11.275000 0.700000
127944 19.183000 -75.996000 -10.588000 0.600000
127945 18.306000 -76.441000 -10.954000 0.700000
114302 17.441000 -76.973000 -11.273000 0.700000
114304 16.639000 -77.565000 -11.602000 0.700000
90664 16.416000 -76.879000 -10.804000 0.800000
127943 19.979000 -75.379000 -10.159000 0.500000
62863 19.911000 -75.829000 -10.415000 0.500000
5595 17.438000 -76.573000 -11.011000 0.800000
127942 18.267000 -76.092000 -10.686000 0.600000
162044 15.774000 -76.942000 -9.857000 0.700000
97621 20.653000 -74.796000 -9.700000 0.500000
13275 20.696000 -75.246000 -9.940000 0.500000
90663 16.563000 -76.666000 -10.336000 0.700000
40363 15.627000 -77.164000 -10.400000 0.700000
90662 17.376000 -76.358000 -10.608000 0.700000
28502 19.059000 -75.564000 -10.291000 0.700000
114301 15.152000 -77.184000 -9.333000 0.700000
162043 16.725000 -76.438000 -9.815000 0.700000
62861 19.847000 -74.959000 -9.845000 0.600000
127941 18.268000 -75.796000 -10.295000 0.800000
162027 16.197000 -73.745000 -6.456000 0.700000
162029 16.005000 -74.426000 -6.879000 0.800000
13273 21.697000 -73.419000 -8.023000 0.400000
114300 15.381000 -76.939000 -8.844000 0.700000
62855 21.104000 -73.918000 -8.757000 0.500000
22541 16.021000 -76.611000 -9.369000 0.700000
5594 20.519000 -74.413000 -9.377000 0.600000
62859 19.798000 -74.683000 -9.463000 0.600000
28501 17.496000 -76.123000 -10.110000 0.700000
62860 19.135000 -75.212000 -9.879000 0.800000
127940 18.416000 -75.551000 -9.818000 0.800000
55985 10.527000 -68.985000 -4.170000 0.500000
55986 10.756000 -69.118000 -4.831000 0.500000
55987 10.788000 -70.061000 -5.014000 0.500000
114279 15.762000 -70.545000 -6.592000 0.500000
53250 16.808000 -71.285000 -6.475000 0.600000
22529 16.674000 -70.407000 -6.858000 0.600000
10037 14.920000 -70.699000 -6.243000 0.600000
161997 12.954000 -71.358000 -5.041000 0.600000
114282 16.227000 -72.158000 -6.091000 0.700000
114281 16.094000 -71.303000 -6.258000 0.700000
114283 16.303000 -73.018000 -6.169000 0.700000
90627 15.737000 -73.006000 -5.754000 0.700000
22539 16.343000 -76.075000 -8.368000 0.700000
114296 16.524000 -75.587000 -7.907000 0.700000
22538 16.579000 -75.041000 -7.472000 0.800000
62856 20.993000 -73.708000 -8.169000 0.500000
53260 16.219000 -76.408000 -8.879000 0.700000
62857 20.438000 -74.170000 -8.812000 0.600000
53261 16.992000 -76.203000 -9.346000 0.800000
28500 19.202000 -74.990000 -9.452000 0.700000
2495 17.842000 -75.741000 -9.173000 0.800000
127939 17.673000 -75.900000 -9.658000 0.800000
10982 11.235000 -68.332000 -3.635000 0.500000
55984 11.284000 -68.300000 -4.342000 0.600000
93497 12.132000 -67.719000 -4.526000 0.500000
3303 11.453000 -68.331000 -5.072000 0.600000
55988 11.070000 -69.231000 -5.462000 0.600000
24377 11.269000 -70.178000 -5.492000 0.600000
161986 11.619000 -69.230000 -6.021000 0.600000
161987 11.887000 -70.166000 -5.922000 0.500000
114278 16.369000 -69.701000 -7.304000 0.500000
90620 15.444000 -69.866000 -7.049000 0.500000
53249 17.497000 -70.354000 -6.949000 0.600000
90622 14.544000 -70.102000 -6.663000 0.600000
90624 14.207000 -70.880000 -5.780000 0.700000
161988 12.425000 -70.821000 -5.591000 0.600000
53251 17.599000 -71.287000 -6.577000 0.600000
22531 16.932000 -72.149000 -6.361000 0.700000
22530 15.620000 -72.242000 -5.672000 0.700000
114280 15.340000 -71.367000 -5.883000 0.700000
90626 14.669000 -71.472000 -5.498000 0.800000
40347 13.534000 -71.125000 -5.451000 0.700000
162025 17.620000 -72.242000 -6.511000 0.700000
162026 16.889000 -73.038000 -6.488000 0.700000
90648 17.484000 -73.126000 -6.634000 0.700000
40357 16.784000 -73.803000 -6.755000 0.800000
114294 17.316000 -74.534000 -7.257000 0.800000
162028 16.695000 -74.442000 -7.138000 0.800000
28499 20.383000 -74.053000 -8.343000 0.500000
114289 19.811000 -74.344000 -7.698000 0.600000
53258 17.219000 -75.610000 -8.254000 0.800000
114295 17.285000 -75.109000 -7.720000 0.800000
62858 19.891000 -74.493000 -8.919000 0.600000
127936 19.862000 -74.398000 -8.434000 0.700000
53257 17.940000 -75.529000 -8.580000 0.800000
127937 19.251000 -74.904000 -8.938000 0.700000
53255 18.618000 -75.294000 -8.820000 0.700000
127938 18.509000 -75.389000 -9.371000 0.800000
93495 11.939000 -67.893000 -3.019000 0.400000
93496 12.031000 -67.822000 -3.812000 0.500000
161982 12.386000 -67.601000 -5.286000 0.400000
161985 11.766000 -68.261000 -5.763000 0.500000
90615 12.272000 -69.151000 -6.536000 0.500000
53248 17.258000 -69.612000 -7.338000 0.500000
90621 15.113000 -69.223000 -7.383000 0.600000
40346 14.119000 -69.490000 -7.108000 0.600000
40344 12.466000 -70.099000 -6.379000 0.600000
2494 18.211000 -70.354000 -6.744000 0.600000
90623 13.714000 -70.316000 -6.332000 0.700000
161996 13.017000 -70.607000 -5.971000 0.700000
162024 18.222000 -71.318000 -6.505000 0.600000
90649 17.445000 -73.871000 -6.898000 0.800000
114291 19.158000 -74.607000 -7.630000 0.700000
53256 18.599000 -75.068000 -8.179000 0.700000
22537 17.977000 -75.115000 -8.005000 0.800000
114293 17.948000 -74.635000 -7.418000 0.800000
22535 19.253000 -74.825000 -8.329000 0.700000
41702 12.769000 -67.331000 -3.256000 0.400000
10981 12.618000 -67.310000 -2.411000 0.400000
148597 12.305000 -67.282000 -1.725000 0.400000
161981 13.068000 -67.042000 -4.733000 0.500000
10983 12.885000 -67.240000 -4.064000 0.400000
35870 11.929000 -66.949000 -1.122000 0.500000
40343 12.362000 -68.225000 -6.382000 0.500000
10036 13.842000 -67.754000 -7.260000 0.500000
90616 13.005000 -68.996000 -7.000000 0.500000
114274 14.808000 -66.551000 -7.369000 0.500000
161995 13.239000 -69.800000 -6.757000 0.700000
40356 18.203000 -72.295000 -6.423000 0.600000
10040 17.987000 -73.993000 -6.936000 0.800000
114290 19.671000 -74.089000 -6.994000 0.600000
22536 19.072000 -74.143000 -6.916000 0.600000
90644 19.014000 -73.477000 -6.340000 0.700000
90645 18.555000 -73.349000 -6.464000 0.700000
114292 18.547000 -74.671000 -7.508000 0.700000
79466 11.610000 -65.698000 -0.759000 0.300000
161980 13.831000 -66.531000 -4.244000 0.400000
41703 13.651000 -66.699000 -3.507000 0.300000
41701 13.455000 -66.634000 -2.724000 0.400000
148598 13.111000 -66.546000 -2.108000 0.400000
79469 12.683000 -66.371000 -1.554000 0.400000
79468 12.124000 -66.059000 -1.094000 0.500000
40342 13.372000 -66.704000 -5.440000 0.400000
8535 12.261000 -65.174000 -1.184000 0.300000
161984 12.787000 -67.390000 -5.952000 0.400000
161991 14.749000 -67.462000 -7.624000 0.500000
90613 13.349000 -67.132000 -6.484000 0.400000
40345 15.784000 -67.178000 -7.926000 0.600000
161983 13.810000 -66.372000 -6.079000 0.400000
161990 15.753000 -66.242000 -7.794000 0.400000
90612 14.017000 -66.850000 -6.941000 0.500000
90647 18.052000 -73.247000 -6.586000 0.700000
90643 18.502000 -74.099000 -6.902000 0.700000
79467 11.495000 -66.561000 -0.676000 0.400000
79470 12.827000 -65.445000 -1.506000 0.400000
148674 12.442000 -64.235000 -1.271000 0.300000
90610 14.075000 -66.193000 -4.908000 0.300000
22525 14.363000 -66.062000 -6.650000 0.400000
22526 15.784000 -65.503000 -7.521000 0.400000
114273 15.012000 -65.780000 -7.104000 0.400000
84 14.244000 -65.938000 -2.976000 0.300000
148599 13.870000 -65.812000 -2.430000 0.300000
35871 13.401000 -65.640000 -1.941000 0.400000
148678 13.552000 -64.670000 -1.920000 0.300000
148677 12.988000 -64.487000 -1.574000 0.300000
143702 14.533000 -65.879000 -3.671000 0.300000
90611 14.374000 -65.797000 -5.569000 0.300000
114272 15.341000 -65.150000 -6.800000 0.300000
114271 14.767000 -65.419000 -6.209000 0.300000
53245 16.040000 -64.888000 -7.282000 0.300000
148679 14.098000 -64.835000 -2.292000 0.300000
35897 13.643000 -63.712000 -1.922000 0.300000
148680 14.523000 -65.063000 -2.714000 0.300000
79537 14.170000 -63.908000 -2.240000 0.300000
7958 15.284000 -64.952000 -5.747000 0.300000
114270 15.659000 -64.612000 -6.399000 0.300000
22524 16.251000 -64.364000 -6.996000 0.300000
107586 11.735000 -64.833000 -0.899000 0.300000
143701 14.943000 -65.126000 -3.144000 0.300000
148681 15.186000 -64.183000 -2.921000 0.300000
143708 16.138000 -64.182000 -6.005000 0.300000
70014 20.370000 -84.605000 -9.312000 0.600000
70015 20.302000 -84.460000 -9.841000 0.700000
7091 19.605000 -84.765000 -10.159000 0.700000
101912 19.646000 -84.596000 -10.572000 0.700000
90614 13.011000 -67.997000 -6.881000 0.400000
161994 13.871000 -68.731000 -7.326000 0.600000
148676 13.132000 -63.476000 -1.660000 0.300000
28464 21.941000 -93.138000 -8.932000 0.700000
97586 19.215000 -90.948000 -6.796000 0.700000
161831 24.254000 -91.300000 -9.036000 0.800000
161817 25.034000 -94.784000 -13.390000 0.600000
41303 25.909000 -94.123000 -13.620000 0.700000
114196 24.295000 -89.641000 -8.017000 0.600000
22487 19.832000 -87.322000 -6.403000 0.700000
54788 26.258000 -91.502000 -12.212000 0.800000
41302 26.570000 -93.590000 -13.889000 0.700000
92775 27.127000 -93.056000 -14.187000 0.800000
162075 19.663000 -81.088000 -12.057000 0.700000
31906 21.025000 -84.133000 -9.524000 0.500000
46379 20.300000 -83.836000 -11.011000 0.600000
22548 18.562000 -80.178000 -12.104000 0.600000
40375 21.525000 -81.659000 -10.202000 0.700000
22488 20.673000 -86.083000 -6.847000 0.800000
28470 22.688000 -84.150000 -8.439000 0.500000
62808 22.467000 -83.957000 -8.803000 0.600000
31908 22.765000 -82.166000 -9.162000 0.600000
53259 17.104000 -75.956000 -8.883000 0.800000
71829 26.956000 -97.565000 -7.852000 0.400000
24734 27.331000 -97.110000 -7.194000 0.400000
16265 26.763000 -97.499000 -9.907000 0.300000
3502 26.538000 -97.957000 -8.534000 0.400000
119153 26.460000 -98.113000 -7.834000 0.400000
119152 26.892000 -97.717000 -7.192000 0.400000
139318 28.346000 -95.493000 -10.326000 0.400000
139317 28.072000 -95.731000 -9.662000 0.500000
139316 27.842000 -95.900000 -9.030000 0.500000
71835 27.871000 -96.080000 -10.374000 0.300000
32698 27.644000 -96.335000 -9.744000 0.400000
32697 27.398000 -96.771000 -8.478000 0.400000
71834 27.358000 -96.665000 -10.426000 0.300000
139314 27.099000 -97.170000 -9.202000 0.300000
71831 27.030000 -97.391000 -8.523000 0.300000
71832 26.815000 -97.244000 -10.531000 0.300000
32699 28.153000 -95.793000 -11.041000 0.400000
139319 28.667000 -95.236000 -10.987000 0.400000
139310 28.819000 -94.942000 -10.237000 0.500000
139320 28.529000 -95.496000 -11.684000 0.300000
71836 27.633000 -96.360000 -11.047000 0.300000
103007 26.518000 -97.034000 -11.736000 0.400000
71838 27.241000 -96.521000 -11.698000 0.300000
71840 26.361000 -96.630000 -12.818000 0.400000
16267 26.125000 -97.106000 -12.303000 0.400000
71839 25.459000 -97.157000 -12.788000 0.400000
116619 29.060000 -94.982000 -11.639000 0.400000
116621 29.483000 -94.675000 -12.307000 0.400000
23649 28.886000 -95.176000 -12.331000 0.400000
54775 29.251000 -94.792000 -12.994000 0.400000
116623 30.147000 -93.864000 -13.432000 0.500000
139321 28.275000 -95.647000 -12.387000 0.400000
54776 28.829000 -94.778000 -13.579000 0.400000
139323 26.858000 -96.586000 -12.318000 0.400000
139324 27.174000 -96.158000 -12.877000 0.500000
2899 28.134000 -95.224000 -13.513000 0.400000
32701 26.639000 -96.184000 -13.328000 0.400000
161735 24.655000 -96.071000 -13.643000 0.600000
71843 25.176000 -96.613000 -13.515000 0.400000
116626 30.296000 -93.338000 -13.814000 0.600000
23652 29.766000 -93.252000 -14.204000 0.600000
116624 28.997000 -94.253000 -14.035000 0.600000
54778 29.057000 -93.678000 -14.375000 0.600000
10580 28.485000 -94.129000 -14.346000 0.600000
54777 28.497000 -93.501000 -14.471000 0.700000
92769 27.676000 -95.207000 -13.876000 0.500000
92771 27.851000 -94.602000 -14.264000 0.600000
92773 27.847000 -93.304000 -14.444000 0.700000
23653 29.819000 -92.019000 -14.151000 0.700000
54782 29.061000 -91.843000 -14.173000 0.700000
54780 29.837000 -92.646000 -14.280000 0.600000
54781 29.072000 -92.501000 -14.347000 0.700000
116635 27.722000 -91.280000 -13.725000 0.700000
23656 27.148000 -91.081000 -13.218000 0.700000
23657 26.307000 -90.762000 -11.850000 0.700000
2901 28.477000 -92.891000 -14.413000 0.700000
116634 27.713000 -91.970000 -14.050000 0.700000
92774 27.741000 -92.664000 -14.315000 0.700000
66429 29.026000 -90.384000 -13.770000 0.500000
2902 28.410000 -90.173000 -13.489000 0.600000
23655 28.343000 -91.572000 -13.977000 0.700000
116636 27.790000 -90.626000 -13.373000 0.600000
116637 27.199000 -90.414000 -12.878000 0.700000
14464 27.257000 -89.717000 -12.605000 0.700000
54783 28.440000 -92.307000 -14.218000 0.700000
116638 26.731000 -90.207000 -12.264000 0.700000
116639 26.342000 -90.027000 -11.535000 0.600000
99762 27.796000 -89.933000 -13.106000 0.600000
99764 27.876000 -89.201000 -12.889000 0.600000
45184 26.798000 -89.484000 -11.994000 0.600000
45185 27.362000 -88.986000 -12.383000 0.600000
114198 25.261000 -88.427000 -8.973000 0.500000
97585 19.028000 -91.693000 -7.295000 0.600000
97584 19.628000 -92.208000 -7.712000 0.600000
983 26.368000 -89.296000 -11.294000 0.600000
161835 25.963000 -89.297000 -10.682000 0.600000
90489 25.751000 -88.584000 -9.962000 0.500000
90490 25.498000 -88.502000 -9.482000 0.500000
43975 17.812000 -90.441000 -6.670000 0.600000
13255 18.607000 -90.281000 -6.535000 0.600000
43974 18.386000 -91.056000 -6.942000 0.600000
45186 26.908000 -88.771000 -11.768000 0.600000
161836 26.070000 -88.542000 -10.516000 0.500000
40293 25.656000 -89.305000 -10.066000 0.500000
137051 17.077000 -88.543000 -6.722000 0.600000
90496 17.830000 -88.270000 -6.678000 0.600000
31899 17.499000 -89.040000 -6.530000 0.600000
137049 17.228000 -89.833000 -6.531000 0.600000
161845 17.985000 -89.653000 -6.475000 0.600000
90498 18.642000 -88.157000 -6.553000 0.600000
90497 18.266000 -88.867000 -6.452000 0.600000
161862 23.808000 -87.569000 -7.115000 0.600000
45188 26.494000 -88.590000 -11.151000 0.600000
137052 17.416000 -87.892000 -7.016000 0.600000
137056 18.288000 -86.899000 -7.673000 0.600000
7089 18.199000 -87.678000 -6.927000 0.600000
22486 19.074000 -86.603000 -7.396000 0.600000
114202 18.618000 -87.127000 -7.168000 0.600000
53206 19.529000 -86.054000 -7.583000 0.500000
114204 19.478000 -86.877000 -6.872000 0.600000
53207 19.820000 -86.324000 -7.036000 0.500000
69999 16.364000 -88.775000 -6.729000 0.700000
31900 16.677000 -88.142000 -7.068000 0.600000
137055 17.833000 -87.370000 -7.387000 0.600000
137057 18.740000 -86.415000 -7.921000 0.600000
137058 19.178000 -85.887000 -8.161000 0.600000
137060 16.216000 -86.864000 -9.710000 0.600000
137054 17.071000 -87.589000 -7.480000 0.600000
31901 17.528000 -87.135000 -7.918000 0.600000
31902 18.480000 -86.178000 -8.565000 0.500000
70003 17.281000 -86.905000 -8.442000 0.600000
137064 17.641000 -86.404000 -9.373000 0.600000
137061 16.949000 -86.652000 -9.518000 0.600000
31903 16.817000 -86.575000 -10.098000 0.600000
70002 16.803000 -87.315000 -8.026000 0.600000
137066 19.077000 -85.624000 -8.815000 0.600000
70005 17.735000 -86.529000 -8.810000 0.600000
137065 18.331000 -85.996000 -9.122000 0.500000
31904 18.220000 -85.852000 -9.581000 0.600000
137063 17.543000 -86.247000 -9.883000 0.500000
137062 17.506000 -86.183000 -10.436000 0.500000
70013 19.659000 -84.900000 -9.640000 0.600000
70011 18.897000 -85.295000 -9.892000 0.600000
70010 18.178000 -85.713000 -10.193000 0.600000
15657 18.264000 -85.679000 -10.685000 0.600000
101910 18.294000 -85.607000 -11.100000 0.700000
101908 17.593000 -86.002000 -11.437000 0.700000
118306 17.644000 -85.824000 -11.994000 0.700000
55979 17.622000 -85.529000 -12.474000 0.700000
70009 18.934000 -85.163000 -10.421000 0.600000
101911 18.974000 -85.061000 -10.848000 0.700000
46376 19.119000 -84.739000 -11.829000 0.700000
15656 18.404000 -85.427000 -11.635000 0.700000
118307 18.385000 -85.203000 -12.159000 0.700000
24372 18.316000 -84.818000 -12.574000 0.600000
46378 19.783000 -84.279000 -11.453000 0.600000
22484 25.396000 -87.670000 -9.098000 0.500000
114199 24.980000 -88.264000 -8.503000 0.500000
114201 25.262000 -86.764000 -8.855000 0.500000
114200 25.088000 -87.488000 -8.652000 0.500000
22485 24.728000 -87.258000 -8.162000 0.600000
161867 25.675000 -85.581000 -9.360000 0.600000
161865 25.505000 -86.091000 -9.102000 0.600000
161864 24.888000 -86.593000 -8.407000 0.600000
161863 24.392000 -87.103000 -7.687000 0.600000
40302 23.990000 -86.918000 -7.335000 0.600000
161866 25.401000 -85.438000 -9.035000 0.500000
90513 24.756000 -85.888000 -8.356000 0.600000
90510 23.544000 -86.649000 -7.096000 0.600000
114211 24.690000 -85.201000 -8.695000 0.600000
90507 24.089000 -85.516000 -8.137000 0.500000
90509 23.750000 -86.046000 -7.553000 0.600000
40301 23.182000 -86.367000 -6.903000 0.600000
114210 24.364000 -85.018000 -8.686000 0.500000
90508 23.489000 -85.791000 -7.459000 0.600000
90504 22.470000 -84.808000 -7.737000 0.500000
5577 23.208000 -84.647000 -8.079000 0.500000
40300 22.316000 -85.643000 -7.031000 0.600000
161857 23.161000 -85.447000 -7.443000 0.600000
139326 26.861000 -95.563000 -13.771000 0.600000
92772 27.900000 -93.965000 -14.450000 0.700000
53204 24.651000 -87.996000 -8.065000 0.500000
70012 18.973000 -85.447000 -9.374000 0.600000
46377 19.088000 -84.912000 -11.309000 0.700000
53205 24.249000 -87.780000 -7.549000 0.600000
161858 22.754000 -85.979000 -6.913000 0.600000
90506 22.846000 -85.073000 -7.520000 0.600000
103003 26.652000 -97.743000 -9.229000 0.300000
71833 27.198000 -96.934000 -9.831000 0.300000
139315 27.474000 -96.564000 -9.118000 0.400000
7399 26.994000 -96.885000 -11.110000 0.300000
71837 27.953000 -96.022000 -11.705000 0.400000
32700 27.536000 -96.182000 -12.308000 0.400000
116622 29.853000 -94.305000 -12.907000 0.400000
54774 28.532000 -95.256000 -13.022000 0.300000
23651 29.567000 -94.325000 -13.553000 0.500000
116625 29.686000 -93.809000 -13.957000 0.600000
139322 27.834000 -95.683000 -12.961000 0.500000
92770 28.404000 -94.741000 -13.991000 0.500000
139325 27.448000 -95.713000 -13.410000 0.500000
54779 29.089000 -93.144000 -14.457000 0.600000
116633 28.361000 -90.874000 -13.722000 0.700000
70004 17.975000 -86.688000 -8.287000 0.600000
55980 17.505000 -85.104000 -12.866000 0.600000
40303 25.105000 -85.992000 -8.703000 0.600000
114213 25.299000 -84.802000 -9.317000 0.500000
90512 24.483000 -86.428000 -7.972000 0.600000
90511 24.173000 -86.310000 -7.679000 0.600000
114212 25.056000 -85.352000 -8.819000 0.500000
10022 24.407000 -85.738000 -8.201000 0.600000
22491 25.011000 -84.655000 -9.166000 0.500000
22490 23.822000 -85.238000 -8.060000 0.500000
114208 23.522000 -84.955000 -8.008000 0.500000
112647 22.955000 -97.402000 7.613000 0.400000
112646 23.562000 -97.074000 7.262000 0.400000
87902 23.014000 -97.171000 6.798000 0.500000
158003 21.191000 -98.481000 8.727000 0.500000
21418 20.444000 -98.815000 8.960000 0.500000
111554 19.273000 -99.296000 8.834000 0.500000
158004 21.615000 -98.318000 7.941000 0.500000
39014 21.879000 -98.119000 8.493000 0.500000
112645 24.171000 -96.778000 6.886000 0.400000
112643 24.712000 -96.496000 6.482000 0.400000
112644 24.148000 -96.533000 6.091000 0.500000
24732 27.288000 -97.316000 -4.451000 0.300000
119145 27.399000 -97.308000 -3.520000 0.300000
56579 26.730000 -97.794000 -5.240000 0.300000
56581 26.782000 -97.827000 -5.929000 0.300000
87294 21.474000 -98.301000 9.223000 0.400000
112280 20.761000 -98.619000 9.401000 0.500000
112281 19.966000 -98.922000 9.625000 0.500000
87293 22.197000 -97.926000 8.966000 0.400000
158001 22.593000 -97.691000 8.257000 0.400000
52340 24.069000 -96.987000 7.713000 0.300000
52341 23.849000 -97.128000 8.542000 0.300000
87899 24.624000 -95.964000 5.206000 0.400000
112642 25.330000 -96.404000 6.975000 0.300000
87895 25.236000 -96.188000 6.153000 0.400000
9674 24.652000 -96.243000 5.777000 0.500000
21618 25.874000 -96.033000 6.670000 0.300000
119146 27.975000 -96.807000 -3.374000 0.300000
24731 27.371000 -97.290000 -2.620000 0.300000
56580 27.285000 -97.322000 -5.195000 0.300000
24733 27.295000 -97.291000 -5.867000 0.300000
56582 26.834000 -97.833000 -6.543000 0.300000
87292 21.797000 -98.096000 9.656000 0.300000
9591 21.059000 -98.434000 9.811000 0.400000
39013 22.530000 -97.688000 9.409000 0.300000
112641 25.857000 -96.216000 7.510000 0.300000
39257 25.660000 -95.451000 5.286000 0.400000
87898 25.140000 -95.579000 4.908000 0.400000
87896 25.742000 -95.802000 5.886000 0.400000
112640 26.376000 -95.777000 7.204000 0.300000
102990 28.856000 -95.612000 -2.491000 0.400000
3500 28.589000 -96.211000 -2.441000 0.400000
71807 28.576000 -96.128000 -1.518000 0.400000
24730 28.359000 -96.073000 -0.855000 0.400000
119140 28.013000 -96.046000 -0.385000 0.400000
687 27.578000 -96.049000 -0.129000 0.500000
16257 28.107000 -96.223000 -4.235000 0.300000
119147 27.774000 -96.794000 -4.313000 0.300000
119148 27.671000 -96.785000 -5.099000 0.300000
119151 27.311000 -97.223000 -6.498000 0.300000
71830 27.358000 -96.954000 -7.848000 0.300000
87291 22.108000 -97.797000 10.007000 0.300000
158724 26.426000 -94.721000 5.498000 0.300000
158727 25.980000 -94.968000 5.066000 0.300000
39255 25.535000 -94.872000 4.125000 0.400000
158721 25.110000 -95.099000 3.654000 0.400000
5285 26.810000 -95.480000 7.768000 0.300000
39256 26.663000 -95.015000 6.155000 0.300000
87894 26.821000 -95.288000 6.898000 0.300000
158725 26.355000 -95.572000 6.393000 0.300000
63771 25.971000 -95.277000 0.861000 0.500000
63769 25.549000 -95.184000 1.238000 0.500000
71812 29.485000 -93.976000 -2.070000 0.300000
71811 29.295000 -94.453000 -1.904000 0.300000
71810 29.158000 -94.473000 -2.708000 0.300000
139287 29.134000 -94.992000 -1.754000 0.300000
71809 28.918000 -95.565000 -1.622000 0.400000
46975 28.048000 -94.939000 0.151000 0.500000
129163 26.971000 -95.478000 0.306000 0.500000
16258 29.004000 -95.029000 -2.590000 0.300000
71808 28.799000 -95.515000 -0.877000 0.400000
139284 28.506000 -95.483000 -0.344000 0.400000
46976 28.119000 -95.496000 -0.086000 0.500000
46974 27.586000 -95.499000 0.119000 0.500000
46977 27.907000 -96.248000 -5.053000 0.300000
119149 27.671000 -96.693000 -5.794000 0.300000
119150 27.677000 -96.594000 -6.485000 0.300000
139311 27.658000 -96.498000 -7.174000 0.300000
139312 27.634000 -96.310000 -7.778000 0.400000
9673 26.219000 -94.462000 4.881000 0.300000
87890 25.844000 -94.423000 3.950000 0.400000
126648 26.988000 -95.164000 8.352000 0.300000
87893 27.141000 -94.748000 6.600000 0.300000
158723 26.864000 -94.417000 5.964000 0.300000
158720 25.492000 -94.657000 3.488000 0.400000
87892 27.154000 -94.982000 7.452000 0.300000
44297 25.161000 -95.000000 2.331000 0.400000
98167 25.248000 -95.109000 1.724000 0.500000
129159 26.132000 -94.098000 1.488000 0.400000
13577 25.749000 -94.643000 1.651000 0.500000
32690 29.759000 -92.848000 -1.568000 0.300000
28993 26.485000 -94.804000 0.824000 0.500000
63770 26.047000 -94.673000 1.139000 0.500000
32689 29.459000 -93.898000 -1.285000 0.300000
102984 27.385000 -94.342000 0.573000 0.400000
129161 26.865000 -94.281000 0.780000 0.500000
7396 29.288000 -93.927000 -2.775000 0.300000
139288 29.324000 -94.375000 -1.102000 0.400000
139286 29.090000 -94.365000 -0.510000 0.400000
102986 27.904000 -94.341000 0.385000 0.500000
129162 26.974000 -94.905000 0.565000 0.500000
102992 28.773000 -95.037000 -3.439000 0.300000
32688 29.121000 -94.946000 -0.955000 0.400000
139285 28.834000 -94.943000 -0.416000 0.500000
16256 28.479000 -94.934000 -0.085000 0.500000
46979 28.142000 -95.590000 -4.917000 0.300000
46981 28.014000 -95.527000 -5.584000 0.400000
46982 27.961000 -95.362000 -6.310000 0.300000
46983 27.902000 -96.032000 -6.379000 0.400000
16263 27.848000 -95.859000 -7.044000 0.400000
22477 21.323000 -95.643000 -12.245000 0.500000
139313 27.695000 -96.112000 -8.401000 0.300000
61935 27.404000 -94.352000 8.630000 0.300000
27945 27.386000 -94.406000 7.201000 0.300000
39254 26.082000 -93.918000 3.745000 0.300000
126647 27.348000 -94.668000 8.053000 0.300000
158718 26.075000 -93.664000 3.065000 0.300000
98165 25.934000 -94.055000 2.006000 0.500000
28992 26.486000 -93.522000 1.400000 0.400000
63768 26.223000 -93.497000 1.798000 0.300000
139293 29.865000 -92.307000 -1.771000 0.300000
129158 26.824000 -93.569000 1.078000 0.500000
71813 29.606000 -93.401000 -1.412000 0.300000
102985 27.724000 -93.649000 0.634000 0.400000
5843 27.216000 -93.633000 0.822000 0.400000
139289 29.287000 -93.840000 -0.630000 0.400000
7395 29.004000 -93.794000 -0.116000 0.400000
71802 28.645000 -93.736000 0.149000 0.400000
16255 28.199000 -93.678000 0.410000 0.400000
102993 28.939000 -94.437000 -3.440000 0.300000
102995 28.637000 -94.364000 -4.054000 0.300000
102988 28.758000 -94.342000 -0.085000 0.400000
102987 28.355000 -94.299000 0.174000 0.500000
16261 28.160000 -94.812000 -5.462000 0.300000
102999 28.077000 -94.700000 -6.248000 0.400000
103000 27.954000 -95.192000 -7.025000 0.400000
114187 21.755000 -95.230000 -11.668000 0.500000
103001 27.812000 -95.661000 -7.707000 0.400000
71824 28.007000 -95.032000 -7.736000 0.500000
90470 21.915000 -95.643000 -12.574000 0.500000
126646 27.555000 -94.089000 7.760000 0.300000
617 17.033000 -90.594000 -6.696000 0.500000
129157 26.757000 -92.894000 1.378000 0.300000
63767 26.464000 -92.874000 1.681000 0.300000
43973 17.622000 -91.166000 -7.023000 0.500000
43969 16.316000 -90.752000 -6.901000 0.600000
16253 29.952000 -91.723000 -2.016000 0.300000
139292 29.842000 -92.229000 -1.120000 0.300000
139294 29.762000 -92.274000 -2.451000 0.300000
139291 29.716000 -92.751000 -0.922000 0.300000
32687 29.473000 -92.676000 -0.428000 0.300000
71801 27.532000 -92.985000 0.883000 0.400000
71799 27.115000 -92.941000 1.117000 0.400000
62800 20.055000 -92.663000 -8.207000 0.500000
31897 14.422000 -90.040000 -6.650000 0.500000
71806 29.270000 -93.275000 -0.240000 0.300000
71804 28.890000 -93.154000 0.116000 0.300000
71803 28.462000 -93.078000 0.414000 0.300000
139279 28.248000 -92.463000 0.633000 0.300000
62799 20.571000 -93.078000 -8.646000 0.500000
16260 28.757000 -93.786000 -4.070000 0.300000
102996 28.442000 -94.230000 -4.685000 0.300000
127854 21.602000 -93.803000 -9.522000 0.500000
102997 28.300000 -94.122000 -5.408000 0.300000
53198 21.661000 -94.643000 -10.591000 0.500000
102998 28.227000 -94.030000 -6.189000 0.400000
22478 22.159000 -94.738000 -11.040000 0.600000
139305 28.407000 -93.840000 -6.873000 0.400000
71825 28.263000 -94.347000 -7.596000 0.500000
114188 22.686000 -94.730000 -11.534000 0.500000
32695 28.511000 -94.243000 -8.263000 0.400000
71826 28.186000 -94.868000 -8.325000 0.300000
7398 27.942000 -95.451000 -8.357000 0.400000
90471 22.815000 -95.295000 -12.491000 0.600000
99747 30.544000 -93.184000 -10.093000 0.300000
45175 29.921000 -93.818000 -10.191000 0.400000
139309 28.900000 -94.576000 -9.552000 0.400000
71828 28.169000 -95.272000 -8.981000 0.300000
90472 23.466000 -95.334000 -12.874000 0.600000
40286 22.510000 -95.803000 -12.906000 0.500000
99748 31.113000 -92.936000 -10.740000 0.300000
14456 30.454000 -93.599000 -10.835000 0.500000
45176 29.828000 -94.179000 -10.881000 0.400000
979 29.208000 -94.718000 -10.901000 0.400000
161815 23.205000 -95.867000 -13.210000 0.600000
132502 31.646000 -92.647000 -11.322000 0.300000
132501 30.978000 -93.342000 -11.426000 0.500000
132500 30.326000 -93.914000 -11.521000 0.400000
116620 29.671000 -94.447000 -11.613000 0.400000
30224 31.462000 -93.023000 -11.995000 0.400000
66408 30.799000 -93.615000 -12.094000 0.500000
23650 30.133000 -94.144000 -12.212000 0.400000
66407 30.479000 -93.785000 -12.773000 0.500000
137048 16.517000 -90.027000 -6.572000 0.600000
137047 15.807000 -90.290000 -6.726000 0.600000
102982 30.117000 -91.096000 -2.212000 0.300000
46973 29.941000 -91.687000 -1.334000 0.300000
1524 29.848000 -91.591000 -0.776000 0.300000
139283 29.668000 -92.113000 -0.602000 0.300000
31898 16.081000 -89.533000 -6.597000 0.600000
69997 15.239000 -89.776000 -6.607000 0.600000
102983 29.895000 -91.607000 -2.642000 0.300000
139282 29.394000 -92.020000 -0.157000 0.300000
139281 29.031000 -91.948000 0.235000 0.300000
69996 14.739000 -89.206000 -6.848000 0.600000
71798 29.940000 -91.411000 -3.901000 0.300000
71805 29.141000 -92.595000 -0.011000 0.300000
32686 28.733000 -92.511000 0.347000 0.300000
69994 14.225000 -88.768000 -7.303000 0.600000
71817 28.570000 -93.610000 -4.666000 0.300000
15653 14.444000 -87.973000 -8.420000 0.600000
101902 13.903000 -88.483000 -7.929000 0.600000
46372 13.502000 -88.312000 -8.507000 0.600000
46371 13.172000 -88.114000 -9.189000 0.500000
139307 29.007000 -93.543000 -8.239000 0.400000
14454 29.430000 -94.030000 -9.509000 0.400000
132503 31.886000 -92.654000 -12.521000 0.400000
66409 31.148000 -93.256000 -12.654000 0.500000
16252 30.517000 -90.550000 -2.373000 0.300000
102981 30.400000 -90.581000 -1.774000 0.300000
46972 30.095000 -91.100000 -1.568000 0.300000
46971 30.041000 -91.043000 -1.001000 0.300000
119138 29.666000 -91.465000 -0.302000 0.300000
24728 29.308000 -91.359000 0.126000 0.300000
56573 28.807000 -91.310000 0.458000 0.300000
137050 16.781000 -89.271000 -6.544000 0.500000
71794 30.204000 -91.002000 -2.818000 0.300000
7394 29.890000 -91.505000 -3.271000 0.300000
70000 15.938000 -88.342000 -7.102000 0.500000
69998 15.556000 -89.019000 -6.728000 0.600000
71796 30.357000 -90.912000 -3.452000 0.300000
139280 28.526000 -91.899000 0.528000 0.300000
7088 15.167000 -88.531000 -7.232000 0.600000
71797 30.551000 -90.771000 -4.035000 0.300000
101903 14.746000 -88.189000 -7.762000 0.600000
139304 29.174000 -92.998000 -7.488000 0.300000
32694 28.801000 -93.165000 -6.853000 0.300000
46373 14.100000 -87.809000 -8.967000 0.600000
118298 13.622000 -87.549000 -10.327000 0.600000
101904 15.614000 -87.975000 -7.681000 0.600000
15654 16.115000 -87.479000 -8.168000 0.500000
101906 15.882000 -87.298000 -8.708000 0.600000
46374 15.002000 -87.556000 -8.859000 0.600000
46375 14.736000 -87.404000 -9.441000 0.600000
1378 13.888000 -87.659000 -9.650000 0.600000
118300 14.485000 -87.156000 -10.776000 0.600000
118299 14.599000 -87.270000 -10.138000 0.600000
55974 14.352000 -87.100000 -11.331000 0.500000
137053 16.335000 -87.760000 -7.577000 0.500000
70001 16.630000 -87.099000 -8.582000 0.500000
15655 15.587000 -87.185000 -9.279000 0.500000
24369 15.338000 -86.955000 -10.572000 0.600000
10979 14.967000 -86.407000 -12.806000 0.500000
3300 16.596000 -85.295000 -13.131000 0.600000
55976 15.792000 -85.948000 -13.007000 0.600000
93491 14.840000 -86.066000 -13.213000 0.500000
93492 15.653000 -85.437000 -13.378000 0.600000
10980 14.578000 -85.583000 -13.577000 0.600000
101907 16.399000 -86.981000 -9.126000 0.500000
70006 16.083000 -86.681000 -10.964000 0.500000
118302 16.047000 -86.647000 -11.523000 0.500000
118301 15.292000 -86.888000 -11.179000 0.600000
118305 16.745000 -86.373000 -11.781000 0.600000
118304 16.028000 -86.505000 -12.029000 0.500000
118303 15.150000 -86.636000 -12.270000 0.500000
24371 16.821000 -86.084000 -12.316000 0.600000
118308 19.048000 -84.507000 -12.261000 0.600000
55978 16.776000 -85.750000 -12.744000 0.600000
162062 15.494000 -84.791000 -13.624000 0.500000
162039 13.859000 -79.093000 -7.260000 0.500000
7090 17.133000 -86.756000 -8.985000 0.500000
70007 16.101000 -86.761000 -10.324000 0.500000
3299 16.775000 -86.444000 -11.254000 0.600000
97610 13.693000 -78.644000 -6.263000 0.500000
97609 13.372000 -78.631000 -5.882000 0.600000
162036 13.994000 -78.535000 -6.777000 0.600000
162038 14.200000 -78.287000 -7.389000 0.600000
5588 13.701000 -79.310000 -6.626000 0.500000
40361 13.990000 -78.766000 -7.945000 0.500000
90660 13.728000 -79.212000 -8.547000 0.500000
90676 14.923000 -83.194000 -13.368000 0.500000
90677 15.242000 -84.061000 -13.577000 0.500000
90651 15.907000 -75.028000 -7.212000 0.600000
40358 15.207000 -75.091000 -6.857000 0.700000
90652 15.139000 -75.643000 -7.231000 0.600000
90653 14.659000 -75.697000 -6.779000 0.700000
162033 14.019000 -76.454000 -6.092000 0.600000
43988 13.748000 -77.161000 -5.856000 0.600000
90654 14.572000 -76.374000 -7.048000 0.600000
40359 14.247000 -76.437000 -6.571000 0.600000
90650 15.797000 -75.583000 -7.577000 0.600000
10041 15.061000 -76.207000 -7.455000 0.600000
90655 14.247000 -77.092000 -6.788000 0.600000
162034 13.973000 -77.193000 -6.290000 0.500000
43987 13.378000 -77.860000 -5.610000 0.600000
114297 15.699000 -76.117000 -7.919000 0.600000
90656 14.567000 -76.914000 -7.247000 0.600000
162035 13.986000 -77.873000 -6.519000 0.500000
13268 13.750000 -77.870000 -6.112000 0.600000
114298 14.935000 -76.737000 -7.778000 0.600000
40360 14.236000 -77.727000 -6.947000 0.600000
22540 14.785000 -77.197000 -8.208000 0.600000
162037 14.501000 -77.470000 -7.556000 0.600000
90658 14.319000 -77.950000 -8.057000 0.600000
90659 14.109000 -78.339000 -8.635000 0.500000
40362 13.508000 -79.520000 -9.181000 0.500000
162049 13.600000 -78.926000 -9.851000 0.500000
90668 13.481000 -79.279000 -10.419000 0.500000
90669 13.462000 -79.589000 -11.205000 0.500000
162032 14.348000 -75.795000 -6.261000 0.600000
162006 14.168000 -75.800000 -5.690000 0.700000
114299 15.499000 -76.590000 -8.305000 0.500000
90657 14.645000 -77.558000 -8.727000 0.600000
10042 14.347000 -77.920000 -9.304000 0.600000
90661 13.819000 -78.718000 -9.247000 0.500000
162048 14.159000 -78.170000 -9.837000 0.600000
40364 14.050000 -78.452000 -10.455000 0.500000
90666 14.733000 -78.008000 -11.062000 0.600000
90667 14.074000 -78.751000 -11.119000 0.600000
162022 19.092000 -71.611000 -5.932000 0.400000
90629 15.269000 -73.808000 -5.528000 0.700000
162003 14.466000 -73.760000 -4.518000 0.500000
70043 14.154000 -74.492000 -4.286000 0.500000
40355 19.056000 -72.626000 -5.969000 0.600000
90646 18.640000 -72.500000 -6.203000 0.500000
162004 14.502000 -74.491000 -4.838000 0.600000
31919 14.077000 -75.174000 -4.628000 0.500000
162020 19.459000 -72.798000 -5.773000 0.500000
10038 15.697000 -73.760000 -6.023000 0.600000
90630 14.769000 -74.528000 -5.403000 0.800000
162030 15.415000 -74.452000 -6.451000 0.700000
40350 14.546000 -75.131000 -5.793000 0.800000
137105 13.998000 -75.810000 -5.044000 0.700000
162045 14.900000 -77.506000 -9.860000 0.600000
162047 14.752000 -77.779000 -10.457000 0.600000
7097 14.093000 -73.777000 -3.975000 0.500000
162023 18.670000 -71.427000 -6.210000 0.500000
90628 15.330000 -73.026000 -5.296000 0.700000
70041 13.816000 -74.454000 -3.703000 0.500000
162018 19.933000 -72.038000 -5.371000 0.400000
162021 19.483000 -71.752000 -5.626000 0.400000
40354 19.981000 -72.958000 -5.692000 0.400000
90642 20.121000 -73.623000 -6.344000 0.500000
5593 20.249000 -73.863000 -7.016000 0.400000
162000 14.335000 -72.996000 -4.336000 0.500000
70039 13.751000 -73.793000 -3.411000 0.500000
40353 19.099000 -70.544000 -6.036000 0.300000
162015 18.696000 -70.441000 -6.423000 0.300000
162002 14.836000 -73.031000 -4.807000 0.600000
90641 20.584000 -73.005000 -5.772000 0.400000
90640 20.707000 -73.411000 -6.355000 0.400000
127935 20.367000 -74.035000 -7.752000 0.400000
40348 14.508000 -72.169000 -4.819000 0.600000
162001 15.091000 -72.215000 -5.255000 0.600000
127932 20.845000 -73.564000 -7.083000 0.400000
161999 13.956000 -72.321000 -4.380000 0.500000
101930 13.910000 -73.071000 -3.799000 0.500000
40352 20.074000 -68.932000 -5.808000 0.300000
162014 19.120000 -69.638000 -6.351000 0.300000
127927 18.654000 -69.540000 -6.786000 0.300000
53247 18.099000 -69.478000 -7.177000 0.400000
28498 21.359000 -73.221000 -7.039000 0.300000
127934 20.881000 -73.678000 -7.696000 0.400000
127933 21.458000 -73.308000 -7.538000 0.400000
127926 18.632000 -68.622000 -7.270000 0.400000
90625 14.039000 -71.614000 -5.072000 0.600000
15668 13.506000 -72.484000 -3.914000 0.400000
22527 17.930000 -68.735000 -7.662000 0.400000
162011 20.660000 -68.088000 -5.641000 0.300000
162012 20.150000 -67.952000 -6.122000 0.300000
161998 13.493000 -71.801000 -4.646000 0.500000
114277 17.112000 -68.779000 -7.814000 0.400000
22528 16.117000 -68.995000 -7.663000 0.400000
161993 14.842000 -68.417000 -7.630000 0.500000
114276 16.894000 -67.979000 -8.076000 0.400000
161992 15.920000 -68.144000 -7.908000 0.400000
127919 18.569000 -64.152000 -8.316000 0.300000
127918 17.671000 -64.394000 -8.069000 0.300000
28492 17.705000 -65.003000 -8.264000 0.300000
161989 16.712000 -65.267000 -7.945000 0.300000
53246 16.822000 -64.620000 -7.690000 0.300000
93493 11.835000 -67.896000 -2.135000 0.400000
127917 18.641000 -63.615000 -8.226000 0.300000
139277 28.032000 -91.787000 0.833000 0.300000
139306 28.661000 -93.684000 -7.558000 0.400000
90619 16.840000 -67.034000 -8.151000 0.300000
162046 15.545000 -77.382000 -11.010000 0.600000
148595 11.304000 -67.409000 -0.769000 0.400000
162019 19.545000 -73.566000 -6.256000 0.500000
90618 16.728000 -66.063000 -8.075000 0.300000
32696 28.483000 -95.148000 -9.597000 0.300000
45174 29.332000 -94.410000 -10.172000 0.400000
137059 15.412000 -87.055000 -9.902000 0.500000
21621 23.411000 -97.241000 8.056000 0.400000
158002 22.237000 -97.864000 7.753000 0.500000
112282 19.614000 -99.119000 9.247000 0.500000
87901 24.125000 -96.279000 5.485000 0.500000
119143 28.101000 -96.800000 -2.424000 0.400000
158000 22.999000 -97.484000 8.724000 0.400000
87897 25.164000 -95.923000 5.502000 0.400000
39258 24.688000 -95.715000 4.501000 0.400000
102989 28.353000 -96.207000 -3.360000 0.400000
119142 28.066000 -96.767000 -1.516000 0.400000
119141 27.735000 -96.718000 -0.923000 0.400000
87288 20.605000 -98.502000 10.372000 0.300000
112639 26.279000 -95.938000 8.062000 0.300000
158726 26.202000 -95.285000 5.708000 0.300000
158728 25.613000 -95.146000 4.691000 0.400000
158729 25.155000 -95.296000 4.288000 0.400000
102991 28.548000 -95.615000 -3.387000 0.300000
46978 28.313000 -95.620000 -4.191000 0.400000
87891 25.896000 -94.673000 4.531000 0.400000
44296 25.161000 -94.941000 2.959000 0.400000
16254 27.503000 -94.962000 0.346000 0.500000
53197 21.193000 -95.139000 -11.259000 0.500000
1525 27.937000 -96.167000 -5.705000 0.400000
158722 27.275000 -94.105000 6.467000 0.300000
158719 25.823000 -94.187000 3.294000 0.400000
13576 25.591000 -94.507000 2.820000 0.400000
98166 25.616000 -94.574000 2.222000 0.500000
129160 26.429000 -94.155000 1.065000 0.500000
139290 29.514000 -93.325000 -0.752000 0.300000
102994 29.032000 -93.873000 -3.441000 0.300000
16259 28.512000 -94.990000 -4.114000 0.300000
46980 28.310000 -94.908000 -4.770000 0.300000
90469 22.282000 -95.215000 -12.101000 0.600000
5842 26.111000 -93.458000 2.374000 0.300000
98164 25.854000 -93.995000 2.615000 0.400000
139278 27.994000 -93.030000 0.673000 0.300000
53200 22.044000 -94.051000 -9.978000 0.500000
16262 28.123000 -94.512000 -6.933000 0.400000
129156 26.653000 -92.211000 1.673000 0.300000
32685 27.792000 -92.375000 0.896000 0.300000
99746 29.996000 -93.352000 -9.456000 0.400000
139308 28.971000 -94.180000 -8.873000 0.400000
71827 28.502000 -94.720000 -8.934000 0.400000
6371 31.732000 -92.269000 -10.634000 0.300000
46969 29.884000 -90.919000 -0.558000 0.300000
101905 15.311000 -87.705000 -8.250000 0.600000
99744 29.483000 -93.456000 -8.825000 0.300000
119137 29.537000 -90.834000 -0.084000 0.300000
56572 29.111000 -90.734000 0.325000 0.300000
139273 30.784000 -90.541000 -4.512000 0.300000
24370 15.226000 -86.833000 -11.710000 0.500000
55977 15.987000 -86.239000 -12.551000 0.600000
162031 14.797000 -75.134000 -6.362000 0.700000
162005 14.321000 -75.177000 -5.223000 0.700000
90631 15.080000 -74.501000 -5.942000 0.700000
40349 14.895000 -73.774000 -5.042000 0.600000
90638 19.534000 -69.765000 -5.951000 0.300000
162013 19.604000 -68.752000 -6.206000 0.300000
114191 23.478000 -93.635000 -10.280000 0.500000
22480 22.921000 -93.598000 -9.875000 0.500000
116631 29.811000 -91.311000 -14.057000 0.600000
70008 16.828000 -86.509000 -10.708000 0.400000
101909 17.554000 -86.117000 -10.929000 0.500000
162063 16.462000 -84.567000 -13.378000 0.500000
162068 19.061000 -83.855000 -12.673000 0.500000
162067 18.242000 -84.131000 -12.950000 0.500000
162066 17.419000 -84.365000 -13.143000 0.500000
40369 16.175000 -83.862000 -13.403000 0.500000
162065 17.102000 -83.583000 -13.227000 0.500000
162069 19.837000 -83.517000 -12.365000 0.500000
90678 15.900000 -83.078000 -13.292000 0.400000
90682 18.848000 -83.056000 -12.877000 0.500000
40370 18.002000 -83.306000 -13.029000 0.500000
162064 16.805000 -82.908000 -13.102000 0.500000
10044 15.603000 -82.263000 -13.085000 0.500000
90681 18.534000 -82.285000 -12.785000 0.600000
90680 17.690000 -82.582000 -12.954000 0.500000
114311 16.554000 -82.100000 -12.908000 0.500000
10043 14.168000 -79.166000 -11.790000 0.500000
90679 18.241000 -81.659000 -12.649000 0.600000
22545 14.873000 -80.541000 -12.640000 0.500000
114307 14.459000 -79.770000 -12.295000 0.500000
22547 17.434000 -81.916000 -12.748000 0.600000
114310 16.274000 -81.340000 -12.802000 0.600000
90672 15.272000 -81.349000 -12.904000 0.500000
10045 19.008000 -81.439000 -12.383000 0.600000
114313 17.988000 -81.010000 -12.416000 0.600000
114312 17.145000 -81.252000 -12.631000 0.600000
114308 15.542000 -79.645000 -12.469000 0.600000
53267 17.786000 -80.383000 -12.355000 0.600000
114306 15.129000 -78.950000 -12.131000 0.500000
90665 14.870000 -78.379000 -11.637000 0.500000
22546 16.975000 -80.465000 -12.547000 0.600000
114309 15.961000 -80.446000 -12.644000 0.600000
43986 13.522000 -77.151000 -5.326000 0.500000
43984 13.628000 -76.493000 -4.856000 0.500000
619 13.790000 -76.508000 -5.522000 0.500000
22543 15.636000 -77.703000 -11.483000 0.600000
53266 17.557000 -79.610000 -12.212000 0.600000
114305 15.903000 -78.165000 -11.903000 0.600000
53265 16.557000 -79.622000 -12.371000 0.600000
22544 16.166000 -78.878000 -12.202000 0.600000
53264 17.114000 -78.863000 -12.045000 0.600000
114275 17.798000 -67.866000 -8.003000 0.300000
93494 11.164000 -68.340000 -2.904000 0.300000
2900 30.765000 -93.346000 -13.248000 0.400000
116627 30.437000 -92.771000 -13.956000 0.500000
40260 23.903000 -96.020000 -13.483000 0.500000
161816 24.113000 -95.408000 -13.269000 0.500000
116628 30.533000 -92.139000 -13.998000 0.400000
40287 24.393000 -94.772000 -12.926000 0.400000
23654 29.805000 -90.580000 -13.945000 0.400000
53199 22.550000 -94.221000 -10.442000 0.400000
114189 23.606000 -94.185000 -11.428000 0.400000
114190 23.081000 -94.208000 -10.925000 0.400000
10017 23.196000 -94.740000 -11.984000 0.400000
90473 23.783000 -94.790000 -12.465000 0.400000
132532 30.325000 -88.299000 -13.601000 0.400000
132531 29.330000 -88.845000 -13.520000 0.400000
99763 28.437000 -89.408000 -13.321000 0.400000
161827 22.405000 -93.388000 -9.423000 0.400000
30234 30.056000 -89.046000 -13.710000 0.400000
66431 29.123000 -89.620000 -13.630000 0.400000
99765 28.056000 -88.443000 -12.726000 0.400000
14466 27.578000 -88.235000 -12.186000 0.500000
53268 18.381000 -79.492000 -12.001000 0.500000
162070 18.955000 -79.392000 -11.626000 0.500000
2496 18.064000 -78.844000 -11.804000 0.500000
127949 18.774000 -78.783000 -11.456000 0.500000
127950 19.131000 -78.144000 -10.918000 0.500000
53262 17.704000 -78.146000 -11.625000 0.500000
28504 19.136000 -77.483000 -10.841000 0.500000
137104 13.735000 -75.786000 -4.415000 0.400000
70042 13.825000 -75.140000 -4.014000 0.400000
127948 18.554000 -78.153000 -11.326000 0.500000
53263 16.815000 -78.131000 -11.826000 0.500000
116632 29.054000 -91.165000 -13.971000 0.500000
66430 29.823000 -89.850000 -13.797000 0.400000
14465 28.636000 -88.644000 -13.196000 0.400000
87295 20.148000 -99.022000 8.514000 0.400000
9430 19.836000 -99.219000 8.086000 0.400000
114108 19.256000 -99.893000 4.569000 0.400000
87296 20.922000 -98.673000 8.252000 0.400000
87297 20.638000 -98.943000 7.765000 0.400000
90340 19.905000 -99.731000 4.614000 0.400000
86084 20.431000 -99.212000 7.304000 0.400000
161657 21.207000 -99.406000 3.920000 0.400000
90339 20.519000 -99.563000 4.556000 0.400000
90338 19.748000 -99.556000 5.310000 0.400000
158005 21.941000 -98.071000 7.248000 0.500000
39015 21.310000 -98.548000 7.480000 0.500000
158006 21.655000 -98.310000 6.761000 0.400000
87298 21.029000 -98.867000 7.013000 0.400000
38531 20.346000 -99.429000 5.202000 0.400000
9592 22.535000 -97.575000 7.127000 0.500000
87904 22.598000 -97.320000 6.345000 0.500000
87906 22.210000 -97.765000 6.646000 0.500000
158007 21.312000 -98.604000 6.393000 0.400000
38530 20.736000 -99.087000 6.616000 0.400000
87905 22.199000 -97.479000 5.974000 0.400000
39016 21.854000 -98.004000 6.237000 0.400000
92244 22.240000 -97.948000 3.850000 0.400000
41007 21.876000 -98.367000 4.250000 0.400000
41008 21.446000 -98.828000 4.607000 0.400000
156551 20.852000 -99.140000 5.216000 0.400000
156552 20.550000 -99.274000 5.892000 0.400000
10288 21.627000 -98.959000 3.940000 0.400000
161656 21.039000 -99.260000 4.552000 0.400000
158737 22.305000 -97.332000 5.124000 0.500000
158738 21.937000 -97.826000 5.473000 0.400000
158008 21.566000 -98.336000 5.797000 0.400000
156550 21.029000 -98.928000 5.966000 0.400000
92242 22.501000 -97.308000 4.274000 0.500000
10286 22.108000 -97.732000 4.604000 0.400000
41006 21.719000 -98.251000 4.952000 0.400000
6 21.316000 -98.722000 5.300000 0.400000
23124 23.363000 -97.318000 2.675000 0.300000
115394 23.586000 -97.516000 2.186000 0.300000
115393 23.772000 -96.872000 2.434000 0.400000
53898 23.106000 -97.108000 3.318000 0.300000
115392 24.009000 -96.274000 2.802000 0.400000
53897 23.587000 -96.699000 3.064000 0.400000
129168 24.472000 -97.379000 1.025000 0.300000
63776 24.202000 -97.247000 1.492000 0.400000
63774 23.960000 -97.048000 1.943000 0.400000
23123 24.091000 -96.384000 2.230000 0.400000
28995 24.469000 -96.688000 1.270000 0.400000
63775 24.243000 -96.532000 1.734000 0.400000
129165 24.373000 -95.929000 2.030000 0.400000
44298 24.670000 -95.371000 2.456000 0.300000
92243 22.636000 -97.527000 3.565000 0.300000
115390 24.360000 -95.762000 3.247000 0.300000
23122 23.997000 -96.240000 3.498000 0.400000
129169 24.782000 -96.800000 0.824000 0.400000
115391 24.261000 -95.764000 2.592000 0.300000
129166 24.568000 -96.102000 1.515000 0.400000
98168 25.031000 -95.657000 1.356000 0.400000
13578 24.778000 -95.529000 1.858000 0.400000
2606 22.952000 -96.919000 4.009000 0.400000
53896 23.443000 -96.547000 3.773000 0.400000
63778 24.778000 -97.441000 0.546000 0.400000
686 24.734000 -95.332000 3.085000 0.300000
129171 25.760000 -96.355000 0.310000 0.400000
28996 25.178000 -96.906000 0.387000 0.400000
28994 26.391000 -95.920000 0.283000 0.400000
63773 25.853000 -95.835000 0.595000 0.400000
129167 24.835000 -96.257000 1.056000 0.400000
158736 22.707000 -96.893000 4.794000 0.400000
158733 23.259000 -96.534000 4.593000 0.400000
158731 24.286000 -95.951000 4.041000 0.300000
158732 23.784000 -96.293000 4.343000 0.400000
158730 24.718000 -95.496000 3.762000 0.300000
129172 26.317000 -96.445000 -0.034000 0.400000
129173 26.827000 -96.602000 -0.269000 0.400000
129164 26.969000 -95.996000 0.049000 0.400000
63772 26.459000 -95.393000 0.558000 0.400000
5844 25.383000 -95.760000 0.934000 0.400000
87903 23.060000 -96.898000 6.009000 0.400000
87900 24.173000 -96.123000 4.832000 0.300000
21620 23.610000 -96.843000 6.458000 0.400000
39260 22.576000 -97.003000 5.569000 0.400000
158734 23.647000 -96.556000 5.723000 0.400000
158735 23.136000 -96.665000 5.275000 0.400000
39259 23.686000 -96.376000 5.059000 0.400000
45187 27.101000 -88.093000 -11.612000 0.400000
129170 25.252000 -96.295000 0.681000 0.400000
