#!ascii label  , from subject fsaverage vox2ras=TkReg 
268
34  44.037  -67.727  6.992 0.0000000000
443  42.944  -73.786  0.657 0.0000000000
1990  47.369  -71.993  6.437 0.0000000000
1991  43.315  -71.231  3.675 0.0000000000
1992  46.704  -76.574  3.027 0.0000000000
4367  47.098  -74.775  4.556 0.0000000000
4368  47.560  -77.804  4.615 0.0000000000
5649  42.963  -72.991  2.136 0.0000000000
5650  41.389  -69.254  2.809 0.0000000000
8554  45.342  -69.971  6.921 0.0000000000
8556  45.534  -71.895  4.673 0.0000000000
8557  45.121  -74.077  3.209 0.0000000000
8558  44.879  -74.947  1.718 0.0000000000
8560  46.003  -77.736  1.284 0.0000000000
9621  42.146  -66.503  8.203 0.0000000000
9648  44.304  -69.091  8.616 0.0000000000
9649  46.399  -70.815  8.707 0.0000000000
10108  42.176  -67.655  4.013 0.0000000000
12047  47.959  -76.599  5.526 0.0000000000
13329  42.996  -73.325  1.334 0.0000000000
13330  41.906  -71.872  1.736 0.0000000000
18856  46.260  -71.007  6.691 0.0000000000
18858  46.518  -72.041  5.507 0.0000000000
18859  46.763  -75.964  3.776 0.0000000000
18860  46.097  -74.404  3.785 0.0000000000
18861  46.028  -75.294  3.073 0.0000000000
18862  45.061  -74.655  2.404 0.0000000000
18863  45.976  -75.647  2.484 0.0000000000
18870  44.945  -77.139  0.727 0.0000000000
21554  44.524  -69.441  9.451 0.0000000000
21555  45.326  -69.944  8.654 0.0000000000
21556  45.619  -70.186  9.633 0.0000000000
22704  43.611  -70.226  4.389 0.0000000000
22706  42.529  -69.496  3.871 0.0000000000
22707  40.841  -67.788  2.350 0.0000000000
22708  41.168  -67.111  2.874 0.0000000000
26290  48.217  -73.478  6.277 0.0000000000
26291  47.339  -73.451  5.392 0.0000000000
26292  47.762  -74.974  5.437 0.0000000000
26293  47.452  -76.270  4.602 0.0000000000
26294  47.269  -77.310  3.709 0.0000000000
28599  43.039  -72.225  2.932 0.0000000000
28600  42.162  -70.405  3.208 0.0000000000
28601  41.928  -71.232  2.543 0.0000000000
28602  41.135  -69.941  2.138 0.0000000000
32004  42.574  -74.600  -0.180 0.0000000000
35926  44.588  -68.937  6.863 0.0000000000
35929  44.574  -70.592  5.025 0.0000000000
35930  44.484  -71.631  4.134 0.0000000000
35931  46.455  -73.304  4.556 0.0000000000
35932  45.296  -73.020  3.894 0.0000000000
35933  44.190  -72.642  3.459 0.0000000000
35934  44.004  -73.544  2.658 0.0000000000
35935  43.957  -74.027  1.856 0.0000000000
35936  43.846  -74.405  1.204 0.0000000000
35942  46.540  -76.914  2.283 0.0000000000
35943  45.697  -76.148  1.538 0.0000000000
35944  44.523  -75.714  1.001 0.0000000000
35945  43.508  -75.221  0.458 0.0000000000
39098  42.543  -65.918  7.580 0.0000000000
39099  43.280  -67.200  7.724 0.0000000000
39179  43.180  -67.996  8.449 0.0000000000
39180  44.268  -68.497  7.765 0.0000000000
39181  45.041  -69.524  7.760 0.0000000000
39182  45.960  -70.480  7.752 0.0000000000
39183  47.000  -71.331  7.609 0.0000000000
39185  47.717  -71.718  8.708 0.0000000000
39186  48.267  -72.359  7.504 0.0000000000
40561  41.739  -68.465  3.342 0.0000000000
41146  43.755  -67.096  7.053 0.0000000000
41147  43.595  -66.682  6.721 0.0000000000
41148  43.827  -67.267  6.679 0.0000000000
44049  43.018  -73.541  0.971 0.0000000000
44050  42.460  -72.818  1.123 0.0000000000
49576  46.829  -71.528  6.524 0.0000000000
49577  46.463  -71.478  6.056 0.0000000000
49578  46.962  -72.031  5.949 0.0000000000
49579  46.746  -76.361  3.339 0.0000000000
49580  46.414  -75.618  3.409 0.0000000000
49581  46.413  -75.947  3.039 0.0000000000
49582  46.078  -75.547  2.789 0.0000000000
49583  46.402  -76.119  2.775 0.0000000000
49590  44.669  -78.199  0.180 0.0000000000
52275  45.042  -69.819  9.521 0.0000000000
53424  43.429  -70.742  4.047 0.0000000000
53425  42.995  -69.909  4.164 0.0000000000
53426  42.845  -70.384  3.793 0.0000000000
53428  40.842  -66.683  2.375 0.0000000000
59177  48.007  -74.235  5.845 0.0000000000
59178  48.155  -75.012  5.897 0.0000000000
59179  47.761  -77.235  5.071 0.0000000000
59180  47.702  -76.407  5.073 0.0000000000
59181  47.548  -77.060  4.639 0.0000000000
59182  47.328  -76.880  4.179 0.0000000000
59183  47.418  -77.604  4.202 0.0000000000
63024  42.947  -72.673  2.537 0.0000000000
63025  42.431  -71.754  2.743 0.0000000000
63026  42.365  -72.196  2.332 0.0000000000
63028  41.483  -70.957  1.965 0.0000000000
63029  41.094  -70.252  1.770 0.0000000000
63030  40.752  -69.196  1.928 0.0000000000
79606  44.998  -69.518  6.940 0.0000000000
79607  44.697  -69.267  6.484 0.0000000000
79608  45.023  -69.827  6.462 0.0000000000
79612  44.541  -71.121  4.572 0.0000000000
79613  45.014  -71.791  4.393 0.0000000000
79614  47.221  -74.218  4.964 0.0000000000
79615  46.904  -73.415  4.976 0.0000000000
79616  46.810  -74.024  4.551 0.0000000000
79617  45.628  -74.257  3.489 0.0000000000
79618  45.747  -73.716  3.823 0.0000000000
79619  45.190  -73.556  3.579 0.0000000000
79620  44.756  -72.847  3.687 0.0000000000
79621  44.601  -73.354  3.330 0.0000000000
79622  44.030  -73.126  3.077 0.0000000000
79623  44.544  -73.838  2.943 0.0000000000
79624  44.974  -74.741  2.073 0.0000000000
79625  44.493  -74.358  2.117 0.0000000000
79626  44.405  -74.493  1.776 0.0000000000
79627  43.929  -74.164  1.540 0.0000000000
79628  44.336  -74.620  1.453 0.0000000000
79639  45.633  -80.293  1.338 0.0000000000
79640  45.963  -78.544  1.193 0.0000000000
79641  46.238  -78.932  1.594 0.0000000000
79642  46.363  -78.042  1.693 0.0000000000
79644  46.329  -77.228  1.813 0.0000000000
79645  46.167  -76.493  1.904 0.0000000000
79646  45.869  -76.958  1.370 0.0000000000
79647  44.393  -76.861  0.529 0.0000000000
79648  44.762  -76.404  0.864 0.0000000000
79649  44.235  -76.134  0.604 0.0000000000
79650  44.002  -75.497  0.752 0.0000000000
79651  43.760  -75.831  0.358 0.0000000000
87498  42.110  -65.574  7.769 0.0000000000
87499  42.335  -66.230  7.878 0.0000000000
87500  42.893  -66.556  7.661 0.0000000000
87501  42.706  -66.887  7.970 0.0000000000
87700  43.784  -68.774  9.001 0.0000000000
87701  43.206  -68.263  8.874 0.0000000000
87702  43.754  -68.560  8.552 0.0000000000
87703  43.705  -68.224  8.122 0.0000000000
87704  44.240  -68.842  8.159 0.0000000000
87705  44.653  -69.002  7.764 0.0000000000
87706  44.725  -69.318  8.187 0.0000000000
87707  45.898  -70.397  8.682 0.0000000000
87708  45.733  -70.226  8.212 0.0000000000
87709  46.224  -70.701  8.205 0.0000000000
87710  46.451  -70.912  7.684 0.0000000000
87711  46.656  -71.088  8.153 0.0000000000
87715  48.610  -72.436  9.219 0.0000000000
87717  48.385  -72.228  8.645 0.0000000000
87718  48.006  -72.029  8.113 0.0000000000
91157  41.719  -69.892  3.037 0.0000000000
91158  41.906  -69.444  3.316 0.0000000000
91159  41.555  -68.857  3.078 0.0000000000
91161  41.381  -66.811  3.165 0.0000000000
97719  42.968  -73.152  1.737 0.0000000000
97720  42.388  -72.465  1.906 0.0000000000
107668  45.753  -70.471  6.836 0.0000000000
107669  45.401  -70.371  6.387 0.0000000000
107670  45.875  -70.933  6.235 0.0000000000
107672  46.019  -72.059  5.077 0.0000000000
107673  46.923  -75.345  4.156 0.0000000000
107674  46.650  -74.572  4.157 0.0000000000
107675  46.425  -75.164  3.792 0.0000000000
107676  45.995  -74.927  3.437 0.0000000000
107677  45.557  -74.696  3.115 0.0000000000
107678  45.086  -74.444  2.814 0.0000000000
107679  45.617  -74.988  2.765 0.0000000000
107680  45.555  -75.053  2.421 0.0000000000
107681  45.457  -75.242  2.104 0.0000000000
107692  45.499  -77.435  0.974 0.0000000000
107693  45.084  -77.845  0.603 0.0000000000
107694  44.514  -77.555  0.391 0.0000000000
112526  44.399  -69.288  9.037 0.0000000000
112527  44.810  -69.529  8.633 0.0000000000
112528  44.920  -69.693  9.066 0.0000000000
112529  45.481  -70.097  9.122 0.0000000000
112530  46.058  -70.513  9.178 0.0000000000
114597  42.741  -68.997  4.221 0.0000000000
114598  42.329  -68.572  3.947 0.0000000000
114599  41.097  -68.488  2.592 0.0000000000
114600  41.230  -68.161  2.849 0.0000000000
114601  40.974  -67.438  2.623 0.0000000000
114602  41.051  -66.356  2.601 0.0000000000
122782  47.878  -72.685  6.303 0.0000000000
122783  47.407  -72.709  5.863 0.0000000000
122784  47.764  -73.463  5.826 0.0000000000
122785  47.603  -74.217  5.397 0.0000000000
122786  47.447  -74.962  4.997 0.0000000000
122788  47.600  -75.664  5.047 0.0000000000
122789  47.303  -75.515  4.576 0.0000000000
122790  47.157  -76.133  4.149 0.0000000000
122791  47.058  -76.703  3.700 0.0000000000
128169  43.179  -71.738  3.301 0.0000000000
128170  42.705  -70.846  3.432 0.0000000000
128171  42.574  -71.315  3.069 0.0000000000
128172  42.050  -70.821  2.875 0.0000000000
128173  41.613  -70.267  2.700 0.0000000000
128174  41.894  -71.599  2.101 0.0000000000
128175  41.457  -70.633  2.329 0.0000000000
128176  41.241  -69.617  2.521 0.0000000000
128177  40.924  -68.884  2.279 0.0000000000
128178  40.658  -68.128  2.052 0.0000000000
137334  42.791  -74.235  0.291 0.0000000000
148762  44.295  -68.356  6.934 0.0000000000
148763  44.127  -68.088  6.610 0.0000000000
148764  44.401  -68.690  6.512 0.0000000000
148771  44.018  -70.911  4.270 0.0000000000
148772  43.891  -71.432  3.930 0.0000000000
148775  46.029  -72.593  4.583 0.0000000000
148776  46.324  -73.864  4.161 0.0000000000
148777  45.919  -73.169  4.193 0.0000000000
148778  45.486  -72.457  4.239 0.0000000000
148779  44.943  -72.335  3.981 0.0000000000
148780  44.348  -72.142  3.803 0.0000000000
148781  43.756  -71.945  3.566 0.0000000000
148782  43.605  -72.434  3.209 0.0000000000
148783  43.495  -72.902  2.797 0.0000000000
148784  43.483  -73.272  2.389 0.0000000000
148785  44.528  -74.167  2.526 0.0000000000
148786  44.000  -73.860  2.242 0.0000000000
148787  43.494  -73.536  1.976 0.0000000000
148788  43.447  -73.680  1.599 0.0000000000
148789  43.469  -73.874  1.253 0.0000000000
148790  43.399  -74.176  0.920 0.0000000000
148798  47.146  -77.626  3.347 0.0000000000
148803  46.027  -79.636  1.488 0.0000000000
148807  46.857  -77.401  2.657 0.0000000000
148808  46.632  -76.714  2.669 0.0000000000
148809  46.304  -76.252  2.353 0.0000000000
148810  45.871  -75.837  2.039 0.0000000000
148811  45.351  -75.486  1.669 0.0000000000
148812  45.317  -76.669  1.099 0.0000000000
148813  45.090  -75.919  1.265 0.0000000000
148814  44.764  -75.273  1.386 0.0000000000
148815  44.206  -75.045  1.118 0.0000000000
148816  43.703  -74.830  0.884 0.0000000000
148817  43.295  -74.575  0.592 0.0000000000
148818  43.057  -74.928  0.128 0.0000000000
158247  42.599  -64.966  7.164 0.0000000000
158249  42.334  -65.296  7.480 0.0000000000
158250  42.744  -65.572  7.261 0.0000000000
158251  43.004  -66.187  7.347 0.0000000000
158252  43.388  -66.836  7.407 0.0000000000
158253  43.741  -67.482  7.395 0.0000000000
158491  42.525  -67.826  9.132 0.0000000000
158493  42.616  -67.290  8.338 0.0000000000
158494  43.177  -67.612  8.079 0.0000000000
158495  43.765  -67.899  7.762 0.0000000000
158496  44.169  -68.154  7.368 0.0000000000
158497  44.503  -68.691  7.331 0.0000000000
158498  44.866  -69.242  7.338 0.0000000000
158499  45.261  -69.755  7.352 0.0000000000
158500  45.229  -69.768  8.203 0.0000000000
158501  45.524  -69.991  7.788 0.0000000000
158502  45.679  -70.224  7.336 0.0000000000
158503  46.097  -70.734  7.249 0.0000000000
158504  46.676  -71.171  7.120 0.0000000000
158505  47.220  -71.645  7.010 0.0000000000
158512  47.359  -71.540  8.150 0.0000000000
158513  47.614  -71.827  7.538 0.0000000000
158514  47.813  -72.197  6.930 0.0000000000
162637  42.293  -69.986  3.535 0.0000000000
162638  42.123  -69.034  3.610 0.0000000000
162639  41.944  -68.056  3.619 0.0000000000
162640  41.389  -67.786  3.106 0.0000000000
162641  41.616  -67.464  3.381 0.0000000000
