#!ascii label  , from subject  vox2ras=TkReg 
1932
49596  46.255  -52.827  -16.173 0.200000
49595  45.827  -52.582  -15.418 0.200000
49597  45.827  -53.191  -16.827 0.200000
49594  47.192  -52.861  -14.833 0.200000
148919  45.959  -50.252  -18.919 0.100000
107702  45.525  -52.427  -14.541 0.300000
18876  45.255  -52.827  -16.173 0.200000
18878  49.020  -49.740  -16.980 0.100000
49598  46.781  -53.255  -16.763 0.200000
107707  50.516  -49.498  -17.472 0.100000
107708  48.443  -49.259  -17.240 0.100000
8564  46.770  -49.725  -17.893 0.100000
79673  46.150  -49.564  -18.861 0.100000
148922  45.751  -49.958  -19.091 0.100000
148844  46.002  -49.223  -19.714 0.100000
148923  45.465  -49.779  -19.680 0.100000
148924  44.950  -49.951  -20.072 0.100000
87  45.003  -51.963  -22.815 0.200000
148925  45.012  -49.728  -20.626 0.100000
148839  50.673  -48.153  -14.718 0.100000
148840  50.052  -47.796  -14.787 0.100000
107706  44.800  -53.230  -16.731 0.200000
79671  51.891  -48.023  -17.052 0.100000
18877  51.455  -48.417  -16.395 0.100000
79669  51.497  -48.569  -17.367 0.100000
79672  51.918  -47.963  -18.339 0.100000
41724  47.002  -48.020  -18.242 0.100000
162709  45.480  -49.716  -22.402 0.200000
41726  44.747  -51.658  -22.557 0.200000
91218  44.189  -48.159  -19.939 0.100000
143950  44.993  -51.027  -23.019 0.200000
91219  41.167  -60.089  -22.923 0.200000
7990  43.982  -48.061  -22.486 0.100000
114635  44.008  -47.900  -23.102 0.100000
35953  50.125  -47.518  -15.578 0.100000
148841  49.802  -47.389  -15.090 0.100000
148843  48.543  -47.525  -17.883 0.100000
40585  40.452  -60.548  -22.560 0.200000
162712  40.500  -59.963  -22.963 0.200000
22728  41.204  -59.399  -24.452 0.200000
114636  41.429  -59.712  -23.571 0.200000
114637  44.051  -47.266  -23.130 0.100000
22727  37.500  -51.582  -12.418 0.200000
148842  50.247  -47.049  -15.934 0.100000
93534  49.621  -46.695  -15.546 0.100000
11004  50.481  -46.589  -16.574 0.100000
41725  44.248  -51.513  -21.861 0.200000
93538  44.204  -50.543  -21.729 0.200000
162710  39.582  -61.482  -21.500 0.300000
114638  36.644  -50.303  -11.713 0.300000
53448  37.500  -50.786  -12.167 0.200000
53447  38.500  -51.541  -12.412 0.200000
34303  39.500  -52.459  -12.559 0.200000
162711  39.548  -61.043  -22.103 0.300000
11006  45.480  -49.716  -22.402 0.200000
91220  36.183  -49.993  -11.196 0.300000
114639  38.049  -50.049  -11.702 0.300000
162719  38.049  -50.049  -11.702 0.300000
22729  38.481  -50.445  -12.165 0.300000
53449  39.573  -50.389  -12.729 0.200000
143959  39.516  -51.484  -12.516 0.200000
143967  40.545  -51.514  -12.879 0.200000
162723  38.529  -48.604  -11.665 0.400000
91222  40.325  -59.223  -24.452 0.300000
10117  38.326  -49.599  -11.657 0.300000
162713  39.542  -60.438  -22.599 0.200000
91221  40.489  -59.606  -23.630 0.200000
162718  39.850  -49.057  -14.065 0.300000
1780  40.415  -50.275  -13.598 0.200000
128202  40.299  -48.854  -15.044 0.200000
143968  40.813  -50.277  -14.092 0.200000
162722  39.050  -47.800  -13.013 0.300000
162720  39.166  -48.569  -12.889 0.300000
28614  39.787  -48.515  -14.632 0.200000
28613  42.522  -47.802  -15.808 0.200000
128203  41.250  -48.161  -15.973 0.200000
143970  46.275  -43.078  -24.874 0.100000
128201  40.508  -49.557  -14.397 0.200000
75640  42.610  -48.541  -15.795 0.200000
143969  41.767  -48.517  -15.737 0.200000
34306  41.395  -49.507  -15.376 0.200000
162721  39.255  -46.750  -14.742 0.300000
91227  39.633  -47.563  -15.315 0.300000
40588  39.213  -47.919  -13.434 0.300000
5658  42.173  -54.745  -26.908 0.200000
91225  40.008  -47.818  -15.995 0.300000
128205  43.418  -54.158  -27.205 0.200000
91226  39.500  -48.523  -13.761 0.300000
128204  43.965  -42.778  -22.917 0.100000
63048  44.965  -42.736  -23.896 0.100000
143971  47.111  -42.267  -25.048 0.100000
63047  45.630  -42.492  -24.392 0.100000
63049  45.068  -42.188  -24.119 0.100000
34307  46.933  -42.636  -25.119 0.100000
22731  39.791  -45.884  -15.216 0.300000
114641  41.235  -54.723  -26.878 0.200000
114640  42.557  -53.443  -27.523 0.200000
128209  43.234  -52.881  -27.864 0.200000
63053  41.000  -40.874  -15.946 0.100000
128208  42.096  -41.536  -16.573 0.100000
28616  40.946  -41.153  -17.463 0.100000
128207  42.370  -41.563  -20.647 0.100000
28615  43.409  -41.530  -22.344 0.100000
5657  45.656  -41.557  -24.667 0.100000
143974  46.583  -41.278  -25.434 0.100000
114642  41.542  -53.473  -27.366 0.200000
63052  41.076  -40.144  -17.972 0.100000
63050  41.908  -40.080  -19.020 0.100000
63051  41.649  -40.607  -19.363 0.100000
13338  44.104  -40.170  -20.896 0.100000
128206  42.658  -40.729  -21.401 0.100000
97735  44.118  -40.165  -22.133 0.100000
97733  45.189  -40.163  -23.790 0.100000
97734  44.588  -40.365  -23.339 0.100000
97737  40.932  -38.977  -18.075 0.100000
13337  45.134  -39.236  -22.891 0.100000
143975  45.440  -39.613  -23.523 0.100000
5659  40.646  -38.585  -17.312 0.100000
35954  46.150  -49.564  -18.861 0.100000
79670  50.673  -48.153  -14.718 0.100000
91217  44.189  -48.159  -19.939 0.100000
79607  41.072  -50.101  -15.858 0.500000
158498  38.104  -50.605  -3.242 0.500000
35926  40.773  -49.303  -15.733 0.500000
148764  40.401  -50.235  -16.034 0.500000
35927  39.902  -50.797  -15.813 0.500000
112526  45.630  -52.120  -6.225 0.200000
112527  45.668  -51.883  -6.930 0.200000
9648  40.473  -48.584  -13.527 0.300000
87706  45.668  -51.883  -6.930 0.300000
87705  38.104  -50.605  -3.242 0.500000
158497  40.500  -48.827  -15.173 0.500000
158496  40.500  -48.827  -15.173 0.500000
148762  39.827  -49.255  -15.745 0.500000
34  40.500  -48.827  -15.173 0.500000
148763  39.189  -49.786  -16.117 0.500000
91149  39.902  -50.797  -15.813 0.500000
91150  38.907  -51.087  -16.069 0.500000
8555  40.564  -51.392  -15.450 0.500000
148771  42.436  -52.827  -16.209 0.500000
87700  45.630  -52.120  -6.225 0.300000
87702  39.433  -48.543  -13.486 0.300000
39180  38.104  -50.605  -3.242 0.500000
41148  38.350  -49.731  -16.253 0.500000
162628  38.693  -50.524  -16.344 0.500000
91151  39.491  -51.480  -15.867 0.500000
114595  40.132  -52.100  -15.897 0.500000
79623  44.908  -54.092  -16.908 0.400000
79622  51.453  -53.219  1.525 0.500000
35933  51.284  -52.749  2.067 0.500000
148772  52.138  -51.492  2.890 0.500000
22704  52.692  -50.686  3.480 0.500000
148785  44.908  -54.092  -16.908 0.400000
112525  39.002  -49.002  -11.906 0.300000
87701  45.630  -52.120  -6.225 0.400000
39179  39.433  -48.543  -13.486 0.400000
158495  39.500  -48.827  -15.173 0.500000
39099  38.562  -48.779  -15.237 0.500000
158253  38.857  -49.248  -15.752 0.500000
41146  40.500  -48.827  -15.173 0.500000
158252  38.141  -49.159  -15.860 0.500000
10426  40.500  -48.827  -15.173 0.500000
41147  37.785  -49.418  -16.576 0.500000
10428  38.057  -50.196  -16.739 0.500000
40558  38.808  -51.493  -16.511 0.500000
114596  40.132  -52.100  -15.897 0.600000
148781  51.144  -52.222  2.130 0.500000
53424  51.551  -51.500  2.320 0.500000
53425  52.692  -50.686  3.480 0.500000
79624  47.813  -54.839  -18.993 0.400000
18862  52.500  -53.468  0.484 0.400000
35934  51.509  -53.396  0.500 0.500000
126554  46.101  -53.167  -5.949 0.100000
87692  45.092  -53.117  -5.981 0.100000
39175  44.186  -53.028  -5.997 0.100000
112519  45.477  -53.342  -6.541 0.100000
158482  44.484  -53.305  -6.500 0.100000
158483  43.367  -53.096  -6.540 0.100000
21551  44.828  -53.195  -7.202 0.100000
87694  43.892  -53.142  -7.173 0.100000
39176  42.172  -53.005  -7.094 0.100000
112524  38.513  -48.938  -11.827 0.200000
112522  44.972  -53.173  -9.158 0.100000
21553  38.514  -48.615  -12.511 0.300000
158494  39.433  -48.543  -13.486 0.500000
158491  45.630  -52.120  -6.225 0.400000
158492  38.402  -48.468  -13.500 0.400000
87501  38.562  -48.779  -15.237 0.400000
87500  37.735  -48.468  -15.618 0.500000
158251  38.141  -49.159  -15.860 0.500000
92494  37.560  -48.462  -16.822 0.500000
92496  40.500  -48.827  -15.173 0.500000
162631  39.602  -52.043  -16.020 0.500000
1991  50.977  -51.778  1.926 0.500000
148782  50.825  -52.893  1.070 0.500000
79625  44.908  -54.092  -16.908 0.400000
148811  53.683  -52.897  -0.409 0.500000
27903  47.598  -52.138  -3.804 0.100000
61867  47.718  -52.476  -4.593 0.100000
61868  47.091  -52.345  -5.672 0.100000
126553  46.392  -52.679  -5.862 0.100000
87690  45.476  -52.700  -5.883 0.100000
87691  44.625  -52.364  -5.836 0.100000
158480  43.814  -52.386  -5.875 0.100000
126552  46.903  -52.062  -6.096 0.100000
27905  45.047  -52.338  -5.998 0.100000
158481  43.238  -52.445  -6.278 0.100000
2355  35.551  -47.480  -12.500 0.200000
52202  34.868  -46.509  -12.548 0.200000
112521  45.100  -52.936  -8.184 0.100000
87693  44.412  -52.718  -8.469 0.100000
87695  43.518  -52.553  -8.541 0.100000
87696  42.578  -52.260  -8.494 0.100000
158487  35.656  -48.011  -12.100 0.200000
9647  37.457  -48.786  -11.461 0.200000
87697  43.406  -52.600  -9.412 0.100000
87698  43.406  -52.600  -9.412 0.200000
21486  36.477  -47.526  -13.521 0.200000
52204  35.638  -46.777  -13.544 0.200000
52203  35.534  -46.276  -14.427 0.200000
87699  37.468  -48.468  -12.484 0.200000
39178  45.630  -52.120  -6.225 0.200000
158490  38.402  -48.468  -13.500 0.300000
87497  37.212  -47.680  -15.169 0.300000
87498  37.212  -47.680  -15.169 0.400000
39098  37.735  -48.468  -15.618 0.500000
114597  52.283  -50.595  2.533 0.500000
158250  38.141  -49.159  -15.860 0.400000
91158  50.238  -50.904  1.035 0.500000
162638  51.155  -50.748  1.296 0.500000
114598  52.283  -50.595  2.533 0.500000
28600  50.610  -51.527  1.340 0.500000
162637  51.199  -51.264  1.856 0.500000
22706  51.694  -50.819  1.979 0.500000
92498  37.834  -50.314  -17.438 0.500000
92497  37.641  -49.266  -17.312 0.500000
28599  50.825  -52.893  1.070 0.500000
128171  50.487  -52.336  0.711 0.500000
128170  50.977  -51.778  1.926 0.500000
91152  52.283  -50.595  2.533 0.500000
148786  51.566  -53.468  -0.500 0.500000
148783  50.783  -53.035  0.502 0.500000
53426  51.551  -51.500  2.320 0.500000
22705  52.752  -50.109  2.963 0.600000
128169  50.869  -52.448  1.551 0.500000
8558  53.158  -53.128  -0.774 0.400000
126547  47.297  -51.924  -3.330 0.100000
61866  47.164  -51.867  -4.108 0.100000
126549  46.402  -51.550  -4.418 0.100000
52263  45.435  -51.218  -4.500 0.100000
21545  44.740  -51.020  -4.020 0.100000
27904  47.081  -51.897  -5.113 0.100000
126550  46.414  -51.562  -5.347 0.100000
126551  44.794  -51.490  -5.672 0.100000
21549  43.987  -51.543  -5.670 0.100000
112517  43.340  -51.599  -6.015 0.100000
9646  42.654  -51.669  -6.668 0.100000
87688  42.120  -51.136  -6.932 0.100000
158485  42.241  -51.771  -7.532 0.100000
158477  34.827  -47.447  -11.496 0.200000
126465  34.845  -47.049  -12.049 0.200000
158486  41.911  -51.853  -8.111 0.100000
158478  35.344  -47.856  -11.900 0.200000
112403  37.102  -47.690  -14.325 0.300000
112402  37.102  -47.690  -14.325 0.300000
112399  35.818  -45.907  -15.159 0.200000
21485  36.741  -47.083  -15.531 0.300000
112400  36.223  -46.430  -15.346 0.200000
158249  37.198  -47.391  -16.381 0.400000
87496  36.758  -46.535  -16.382 0.300000
158247  38.141  -49.159  -15.860 0.400000
39097  37.183  -46.502  -17.188 0.400000
162641  39.807  -51.721  -20.121 0.500000
162642  39.807  -51.721  -20.121 0.500000
10108  52.126  -50.137  1.468 0.500000
2746  37.611  -47.487  -17.457 0.500000
91163  51.140  -49.978  -0.371 0.500000
162644  51.957  -49.713  0.251 0.500000
40560  52.802  -49.382  1.461 0.500000
91156  39.807  -51.721  -20.121 0.500000
91154  52.910  -49.772  2.325 0.600000
10427  37.774  -48.489  -17.663 0.500000
92495  37.560  -48.462  -16.822 0.500000
162636  52.772  -49.066  1.013 0.500000
162635  39.275  -48.200  -19.933 0.500000
91155  52.802  -49.382  1.461 0.600000
91153  38.763  -52.100  -17.611 0.500000
162630  37.873  -50.983  -17.850 0.500000
40559  38.404  -51.330  -18.433 0.500000
162632  38.779  -51.963  -16.998 0.500000
148812  55.020  -52.020  -2.260 0.400000
148813  53.980  -51.980  -2.740 0.400000
107681  53.542  -53.301  0.358 0.400000
158464  43.068  -50.077  -2.833 0.100000
112511  43.605  -50.448  -3.548 0.100000
87678  42.898  -50.126  -3.548 0.100000
2363  45.185  -50.997  -4.913 0.100000
52265  44.492  -50.823  -4.431 0.100000
21547  43.539  -50.527  -4.459 0.100000
112513  42.809  -50.209  -4.500 0.100000
52267  44.197  -50.924  -5.182 0.100000
112515  43.368  -50.787  -5.387 0.100000
112514  42.679  -50.298  -5.417 0.100000
87685  42.936  -50.901  -6.035 0.100000
87686  42.360  -50.556  -6.241 0.100000
39173  41.773  -50.446  -6.755 0.100000
61806  34.248  -46.471  -10.791 0.200000
61805  34.025  -46.135  -11.172 0.200000
126463  34.646  -45.516  -12.771 0.200000
21482  34.973  -46.116  -13.511 0.200000
112398  35.008  -45.900  -14.102 0.200000
130758  49.106  -44.931  -8.266 0.200000
87490  36.304  -45.570  -15.865 0.200000
29582  49.618  -50.214  -11.507 0.200000
65033  48.424  -44.494  -9.125 0.200000
6096  47.734  -44.489  -9.606 0.200000
98924  46.976  -44.985  -10.103 0.200000
9620  36.680  -45.523  -16.699 0.200000
65040  50.135  -43.221  -10.537 0.200000
29584  49.101  -43.472  -10.550 0.200000
130765  49.101  -43.472  -10.550 0.200000
29583  46.971  -43.937  -10.196 0.200000
130762  41.922  -42.167  -20.006 0.300000
65035  46.971  -43.937  -10.196 0.200000
23375  39.753  -43.452  -19.207 0.400000
98929  50.582  -50.577  -13.441 0.200000
65037  50.582  -50.577  -13.441 0.300000
14000  42.523  -43.418  -19.617 0.300000
98926  41.539  -43.459  -19.656 0.400000
65036  40.552  -43.500  -19.521 0.300000
65034  46.971  -43.937  -10.196 0.400000
115981  39.236  -44.183  -19.024 0.500000
23374  37.916  -45.416  -18.235 0.400000
54316  37.703  -46.442  -17.974 0.500000
162646  51.865  -48.899  -0.785 0.500000
44723  52.467  -48.783  -0.460 0.400000
44721  52.467  -48.783  -0.460 0.400000
44720  41.568  -44.865  -20.230 0.400000
13999  41.568  -44.865  -20.230 0.400000
115986  39.605  -45.565  -19.395 0.500000
115985  39.605  -45.565  -19.395 0.500000
115982  38.825  -45.656  -19.020 0.500000
54318  38.026  -47.148  -18.114 0.500000
828  53.268  -48.895  1.157 0.500000
115988  53.531  -49.214  1.839 0.500000
23378  39.449  -47.463  -19.556 0.500000
162634  38.512  -49.532  -19.247 0.500000
162633  37.984  -51.183  -18.050 0.500000
2748  37.834  -50.314  -17.438 0.500000
54319  37.868  -49.400  -18.040 0.500000
158463  42.824  -49.266  -1.570 0.100000
39169  43.048  -49.786  -2.167 0.100000
158465  42.533  -49.476  -2.525 0.100000
158467  42.002  -49.178  -2.871 0.100000
87680  42.327  -49.697  -3.548 0.100000
87681  41.803  -49.207  -3.601 0.100000
87682  42.255  -49.745  -4.500 0.100000
39171  41.768  -49.214  -4.577 0.100000
39172  42.166  -49.793  -5.417 0.100000
158471  41.737  -49.221  -5.529 0.100000
158474  41.943  -49.889  -6.117 0.100000
5241  34.248  -46.471  -10.791 0.200000
61802  34.290  -45.526  -10.269 0.200000
61804  34.248  -46.471  -10.791 0.200000
112396  35.193  -45.229  -14.008 0.200000
21483  35.880  -45.317  -15.287 0.200000
130757  49.399  -49.735  -11.564 0.100000
29581  48.386  -45.115  -8.572 0.200000
65031  48.041  -44.931  -9.244 0.200000
65029  47.402  -45.145  -9.518 0.200000
87492  36.719  -44.516  -16.458 0.200000
75579  49.816  -49.164  -12.033 0.100000
130754  48.775  -49.164  -12.115 0.100000
130756  47.745  -49.173  -12.173 0.100000
130755  46.745  -49.173  -12.173 0.100000
13997  45.727  -49.214  -12.248 0.100000
13998  44.645  -49.524  -12.499 0.100000
130761  45.883  -44.812  -10.715 0.200000
87495  36.995  -45.529  -17.279 0.300000
87494  36.946  -44.850  -17.020 0.200000
44717  44.180  -49.178  -12.930 0.100000
44718  43.534  -49.196  -13.183 0.100000
115979  39.167  -43.467  -18.790 0.300000
158245  38.178  -44.178  -18.050 0.200000
23377  39.081  -47.222  -18.995 0.500000
115984  38.888  -46.781  -18.882 0.500000
23376  38.373  -46.354  -18.595 0.500000
115983  38.025  -47.778  -17.919 0.500000
54322  38.856  -47.852  -19.039 0.500000
54321  38.328  -48.650  -18.649 0.500000
54320  38.118  -48.219  -18.112 0.500000
54323  39.449  -47.463  -19.556 0.500000
112499  42.822  -48.913  -1.122 0.100000
87657  42.429  -48.573  -1.706 0.100000
87658  41.784  -48.144  -2.034 0.100000
87659  42.084  -48.913  -2.363 0.100000
39162  41.464  -48.470  -2.726 0.100000
158441  40.780  -48.100  -3.016 0.100000
158468  41.249  -48.672  -3.834 0.100000
43641  41.400  -48.449  -4.812 0.100000
573  41.133  -48.105  -4.123 0.100000
12921  41.444  -48.483  -5.782 0.100000
96986  34.220  -45.422  -9.123 0.200000
61803  34.290  -45.526  -10.269 0.200000
126461  34.753  -44.559  -12.380 0.200000
126462  35.275  -44.615  -13.405 0.200000
126459  35.233  -44.069  -12.746 0.200000
5240  35.661  -44.756  -14.291 0.200000
112397  35.866  -44.880  -14.947 0.200000
158239  36.302  -44.485  -15.573 0.200000
87491  36.304  -45.570  -15.865 0.200000
29579  49.278  -48.423  -12.261 0.100000
130753  48.235  -48.418  -12.432 0.100000
65028  47.189  -48.459  -12.491 0.100000
98921  46.240  -48.516  -12.535 0.100000
98922  45.304  -48.540  -12.808 0.100000
158242  41.093  -47.970  -12.874 0.100000
87493  37.208  -44.183  -16.996 0.200000
39095  37.291  -43.500  -16.727 0.200000
98920  45.135  -48.213  -13.140 0.100000
13996  44.513  -48.459  -13.186 0.100000
44716  43.452  -48.441  -13.427 0.100000
826  39.102  -42.627  -18.523 0.200000
158244  38.637  -42.778  -18.100 0.200000
39096  37.570  -44.601  -17.614 0.200000
158438  42.544  -47.884  -1.868 0.100000
39161  42.002  -48.002  -1.873 0.100000
101307  42.465  -47.227  -2.629 0.100000
158440  41.601  -47.798  -2.520 0.100000
69004  42.020  -46.931  -3.304 0.100000
69005  41.460  -47.265  -3.603 0.100000
43637  41.239  -47.509  -4.609 0.100000
135792  40.975  -47.787  -3.815 0.100000
43639  41.417  -47.715  -5.395 0.100000
96983  41.327  -47.536  -6.246 0.100000
96984  41.001  -47.833  -6.791 0.100000
5239  41.160  -47.167  -6.994 0.100000
61801  40.734  -47.564  -7.470 0.100000
27865  34.915  -43.846  -11.744 0.200000
87487  35.990  -44.080  -13.850 0.200000
87489  36.165  -44.183  -14.735 0.200000
87488  36.944  -42.692  -15.268 0.200000
39094  36.944  -42.848  -15.868 0.200000
158238  40.368  -47.228  -11.357 0.100000
158240  36.833  -43.530  -16.125 0.200000
42317  49.361  -47.536  -12.037 0.100000
346  48.633  -47.588  -12.364 0.100000
130750  47.509  -47.504  -12.678 0.100000
65026  46.477  -47.857  -12.803 0.100000
158241  38.167  -42.229  -17.000 0.200000
158227  47.042  -46.992  -12.986 0.100000
158228  46.454  -47.239  -13.074 0.100000
6094  45.365  -47.682  -13.119 0.100000
158233  44.134  -47.596  -13.344 0.100000
158234  43.092  -47.582  -13.418 0.100000
39093  41.093  -47.970  -12.874 0.200000
15320  42.268  -46.450  -3.266 0.100000
135788  41.827  -46.509  -3.761 0.100000
135789  41.578  -46.527  -4.536 0.100000
96981  41.481  -46.682  -5.605 0.100000
61795  41.387  -46.494  -6.704 0.100000
61799  41.143  -46.507  -7.722 0.100000
61800  36.050  -43.099  -12.652 0.200000
126455  41.188  -46.246  -8.841 0.100000
126457  40.735  -46.859  -8.557 0.100000
126456  37.185  -42.553  -13.573 0.200000
27864  36.653  -42.953  -13.624 0.200000
52201  41.393  -46.152  -10.383 0.100000
158236  37.495  -42.276  -14.619 0.200000
158224  47.449  -46.286  -11.605 0.100000
87478  46.482  -46.214  -11.804 0.100000
87477  45.500  -46.173  -11.827 0.100000
9618  44.500  -46.173  -11.827 0.100000
112393  43.500  -46.173  -11.827 0.100000
112394  42.557  -46.199  -11.782 0.100000
21481  41.624  -46.331  -11.432 0.100000
42316  48.872  -46.978  -11.992 0.100000
158199  48.141  -46.874  -12.175 0.100000
39090  47.246  -46.713  -12.452 0.100000
87479  46.425  -46.523  -12.484 0.100000
87481  45.500  -46.500  -12.500 0.100000
158230  44.500  -46.500  -12.500 0.100000
87483  43.500  -46.500  -12.500 0.100000
87482  42.484  -46.541  -12.443 0.100000
9619  41.454  -46.865  -12.408 0.100000
87480  46.395  -46.784  -12.987 0.100000
39091  45.486  -46.882  -13.008 0.100000
158231  44.445  -46.922  -13.049 0.100000
39092  43.418  -46.908  -13.092 0.100000
87486  42.450  -46.971  -13.085 0.100000
31432  42.037  -46.037  -3.683 0.100000
135786  41.915  -45.843  -4.268 0.100000
61794  41.786  -45.567  -5.401 0.100000
126450  41.579  -45.778  -6.329 0.100000
27862  41.529  -45.618  -7.240 0.100000
126454  41.505  -45.562  -8.270 0.100000
87473  45.154  -44.988  -9.820 0.100000
87474  44.826  -45.091  -10.068 0.100000
112387  43.122  -45.010  -9.720 0.100000
21477  42.598  -45.176  -9.752 0.100000
52195  41.737  -45.598  -9.540 0.100000
112377  46.630  -45.442  -10.543 0.100000
158219  45.651  -45.220  -10.358 0.100000
158221  44.692  -45.356  -10.577 0.100000
112388  43.603  -45.239  -10.322 0.100000
52198  42.584  -45.553  -10.486 0.100000
52199  41.888  -45.859  -10.717 0.100000
9615  47.190  -45.857  -10.976 0.100000
158223  46.487  -45.775  -11.126 0.100000
158222  45.535  -45.763  -11.180 0.100000
21478  44.535  -45.763  -11.180 0.100000
112390  43.514  -45.784  -11.159 0.100000
21479  42.598  -45.884  -11.227 0.100000
52200  42.037  -45.993  -11.295 0.100000
126449  41.907  -45.020  -6.648 0.100000
87467  42.495  -44.563  -7.543 0.100000
112383  41.845  -44.928  -7.787 0.100000
158212  43.177  -44.502  -8.429 0.100000
112384  42.310  -44.677  -8.476 0.100000
21475  41.811  -45.009  -8.639 0.100000
158218  45.681  -44.703  -9.534 0.100000
87472  44.640  -44.734  -9.517 0.100000
87470  43.655  -44.745  -9.414 0.100000
21476  42.777  -44.812  -9.195 0.100000
52196  42.144  -44.961  -9.139 0.100000
21471  46.292  -45.024  -10.135 0.100000
9617  43.981  -44.874  -9.933 0.100000
87704  40.092  -48.582  -14.418 0.400000
162629  38.250  -50.815  -16.954 0.500000
87703  39.092  -48.582  -14.418 0.400000
158493  38.169  -48.448  -14.475 0.400000
5263  46.101  -53.167  -5.949 0.100000
158484  43.367  -53.096  -6.540 0.100000
112523  38.513  -48.938  -11.827 0.200000
9621  37.521  -48.100  -14.508 0.400000
87499  38.562  -48.779  -15.237 0.400000
126548  47.598  -52.138  -3.804 0.100000
158479  44.625  -52.364  -5.836 0.100000
52206  35.722  -47.144  -13.100 0.300000
126464  34.868  -46.509  -12.548 0.200000
39177  42.578  -52.260  -8.494 0.200000
158488  36.374  -48.159  -12.456 0.200000
158489  37.348  -48.181  -13.500 0.200000
52205  36.282  -47.024  -13.980 0.300000
112404  37.200  -47.883  -13.947 0.300000
21484  36.196  -46.803  -14.555 0.200000
158248  36.875  -47.094  -16.169 0.300000
162639  51.155  -50.748  1.296 0.500000
21543  46.402  -51.550  -4.418 0.100000
52264  45.435  -51.218  -4.500 0.100000
52266  44.740  -51.020  -4.020 0.100000
52269  44.794  -51.490  -5.672 0.100000
112516  43.987  -51.543  -5.670 0.100000
52268  43.987  -51.543  -5.670 0.100000
87687  42.654  -51.669  -6.668 0.100000
87689  42.654  -51.669  -6.668 0.100000
39174  42.120  -51.136  -6.932 0.100000
158476  42.120  -51.136  -6.932 0.100000
27867  34.445  -46.559  -11.590 0.200000
112401  37.102  -47.690  -14.325 0.300000
158246  37.408  -45.690  -17.732 0.400000
40562  51.413  -50.156  0.358 0.500000
162643  52.028  -49.976  0.701 0.500000
91162  50.929  -49.713  -0.777 0.500000
162645  52.219  -49.235  0.069 0.500000
21546  43.068  -50.077  -2.833 0.100000
87679  43.068  -50.077  -2.833 0.100000
112512  43.605  -50.448  -3.548 0.100000
9645  42.898  -50.126  -3.548 0.100000
21548  43.368  -50.787  -5.387 0.100000
158473  42.679  -50.298  -5.417 0.100000
87684  42.679  -50.298  -5.417 0.100000
158475  41.773  -50.446  -6.755 0.100000
27866  34.338  -45.534  -11.455 0.200000
65032  48.937  -43.978  -9.104 0.200000
130759  49.641  -43.915  -8.912 0.200000
130767  49.475  -43.592  -9.646 0.200000
130766  48.484  -43.859  -9.701 0.200000
130763  47.144  -44.270  -9.939 0.200000
98923  45.548  -50.125  -11.962 0.100000
65039  49.986  -43.061  -11.199 0.200000
65038  49.363  -43.212  -11.600 0.200000
130764  49.101  -43.472  -10.550 0.300000
115980  38.566  -44.597  -18.594 0.400000
14001  53.468  -48.645  0.459 0.500000
98928  50.582  -50.577  -13.441 0.400000
6097  40.939  -47.913  -12.174 0.200000
98927  40.885  -44.500  -19.815 0.400000
98925  41.539  -43.459  -19.656 0.500000
2747  39.879  -44.500  -19.414 0.500000
54317  38.341  -45.498  -18.679 0.500000
115978  37.988  -44.688  -18.110 0.300000
14003  51.865  -48.899  -0.785 0.500000
44722  52.467  -48.783  -0.460 0.500000
44719  41.083  -45.730  -19.900 0.500000
115987  40.163  -46.446  -19.691 0.500000
9642  42.824  -49.266  -1.570 0.100000
158466  42.824  -49.266  -1.570 0.100000
39170  42.533  -49.476  -2.525 0.100000
87683  42.255  -49.745  -4.500 0.100000
158469  41.768  -49.214  -4.577 0.100000
158470  41.768  -49.214  -4.577 0.100000
158472  42.166  -49.793  -5.417 0.100000
96987  41.737  -49.221  -5.529 0.200000
12920  34.538  -44.553  -10.499 0.200000
65030  48.198  -49.736  -11.867 0.100000
29580  48.775  -49.164  -12.115 0.100000
87655  42.822  -48.913  -1.122 0.100000
87656  42.429  -48.573  -1.706 0.100000
158442  41.464  -48.470  -2.726 0.100000
31434  40.780  -48.100  -3.016 0.100000
43640  41.400  -48.449  -4.812 0.100000
96985  34.541  -44.559  -9.446 0.200000
126460  34.587  -44.401  -11.382 0.200000
126458  36.178  -43.375  -13.242 0.200000
143895  49.278  -48.423  -12.261 0.100000
130751  49.278  -48.423  -12.261 0.100000
130752  49.278  -48.423  -12.261 0.100000
65027  48.235  -48.418  -12.432 0.100000
158243  38.328  -42.615  -17.542 0.200000
158232  45.135  -48.213  -13.140 0.100000
158235  43.452  -48.441  -13.427 0.100000
158439  42.544  -47.884  -1.868 0.100000
39160  42.544  -47.884  -1.868 0.100000
158436  42.544  -47.884  -1.868 0.100000
101306  42.465  -47.227  -2.629 0.100000
69002  42.465  -47.227  -2.629 0.100000
6888  42.465  -47.227  -2.629 0.100000
69006  41.601  -47.798  -2.520 0.100000
69003  42.020  -46.931  -3.304 0.100000
31433  42.020  -46.931  -3.304 0.100000
135791  41.460  -47.265  -3.603 0.100000
135790  41.460  -47.265  -3.603 0.100000
43638  41.239  -47.509  -4.609 0.100000
12917  41.239  -47.509  -4.609 0.100000
12919  41.417  -47.715  -5.395 0.100000
96982  41.327  -47.536  -6.246 0.100000
61797  41.160  -47.167  -6.994 0.100000
158237  37.357  -42.302  -15.635 0.200000
112395  40.368  -47.228  -11.357 0.100000
42318  49.361  -47.536  -12.037 0.100000
158226  48.633  -47.588  -12.364 0.100000
29578  47.509  -47.504  -12.678 0.100000
158229  46.477  -47.857  -12.803 0.100000
87485  44.134  -47.596  -13.344 0.100000
135787  42.268  -46.450  -3.266 0.100000
5237  41.578  -46.527  -4.536 0.100000
96979  41.578  -46.527  -4.536 0.100000
96980  41.481  -46.682  -5.605 0.100000
12918  41.481  -46.682  -5.605 0.100000
61796  41.387  -46.494  -6.704 0.100000
61798  41.143  -46.507  -7.722 0.100000
27863  41.143  -46.507  -7.722 0.100000
2354  41.188  -46.246  -8.841 0.100000
39089  47.449  -46.286  -11.605 0.100000
87456  47.449  -46.286  -11.605 0.100000
39081  47.449  -46.286  -11.605 0.100000
158225  47.449  -46.286  -11.605 0.100000
87475  45.500  -46.173  -11.827 0.100000
87476  45.500  -46.173  -11.827 0.100000
112391  44.500  -46.173  -11.827 0.100000
112392  44.500  -46.173  -11.827 0.100000
21480  43.500  -46.173  -11.827 0.100000
87484  43.500  -46.500  -12.500 0.100000
135785  42.037  -46.037  -3.683 0.100000
61792  41.915  -45.843  -4.268 0.100000
61793  41.786  -45.567  -5.401 0.100000
27861  41.786  -45.567  -5.401 0.100000
126451  41.579  -45.778  -6.329 0.100000
126452  41.529  -45.618  -7.240 0.100000
126453  41.529  -45.618  -7.240 0.100000
39088  45.154  -44.988  -9.820 0.100000
39087  45.154  -44.988  -9.820 0.100000
112386  43.122  -45.010  -9.720 0.100000
112389  43.122  -45.010  -9.720 0.100000
87468  43.122  -45.010  -9.720 0.100000
52197  42.598  -45.176  -9.752 0.100000
158220  46.630  -45.442  -10.543 0.100000
87465  41.907  -45.020  -6.648 0.100000
5238  41.907  -45.020  -6.648 0.100000
112385  41.845  -44.928  -7.787 0.100000
87469  43.177  -44.502  -8.429 0.100000
158213  43.177  -44.502  -8.429 0.100000
158217  45.681  -44.703  -9.534 0.100000
52191  45.681  -44.703  -9.534 0.100000
87471  44.640  -44.734  -9.517 0.100000
158511  48.428  -52.733  -5.691 0.100000
158512  49.495  -53.342  -6.523 0.100000
87711  48.414  -53.094  -6.780 0.100000
87709  48.013  -53.121  -7.376 0.100000
87708  46.155  -53.144  -7.942 0.100000
112530  47.401  -52.444  -5.534 0.100000
112529  46.643  -52.105  -4.928 0.100000
39185  48.428  -52.733  -5.691 0.200000
112528  45.679  -52.148  -5.534 0.100000
158513  43.418  -51.827  -2.173 0.200000
39183  49.110  -52.250  -6.949 0.100000
158514  43.418  -51.827  -2.173 0.200000
87710  48.500  -51.827  -6.990 0.100000
158500  46.599  -51.897  -7.124 0.100000
158515  44.418  -51.827  -2.173 0.200000
158505  43.092  -52.255  -2.745 0.200000
39182  40.594  -52.080  -2.868 0.200000
158504  42.092  -52.255  -2.745 0.200000
158503  41.145  -52.193  -2.793 0.200000
158501  42.092  -48.582  -14.418 0.300000
39181  41.092  -48.582  -14.418 0.300000
158502  42.436  -48.908  -15.128 0.300000
158499  41.477  -48.867  -15.168 0.300000
49576  43.092  -52.255  -2.745 0.200000
18856  41.484  -52.704  -3.264 0.200000
122784  44.500  -52.740  -3.278 0.200000
107668  40.362  -52.461  -3.274 0.200000
122783  43.500  -52.745  -3.255 0.200000
59179  52.954  -50.886  -16.114 0.100000
26290  45.092  -52.250  -2.768 0.200000
1990  43.418  -51.827  -2.173 0.200000
122782  44.092  -52.255  -2.745 0.200000
8554  42.436  -48.908  -15.128 0.300000
79606  41.572  -49.504  -15.626 0.400000
122787  52.485  -50.240  -12.532 0.100000
59177  51.486  -50.473  -12.173 0.100000
49577  43.092  -52.255  -2.745 0.200000
107670  41.484  -52.704  -3.264 0.200000
12047  52.898  -50.242  -13.060 0.100000
79608  41.072  -50.101  -15.858 0.400000
26292  45.406  -53.035  -3.912 0.200000
49578  42.500  -52.745  -3.255 0.200000
122785  44.840  -53.163  -3.880 0.200000
59181  52.222  -49.902  -15.938 0.100000
59182  46.778  -53.062  -6.222 0.200000
59180  52.007  -49.142  -16.795 0.100000
26293  51.411  -49.084  -16.971 0.100000
26291  43.853  -53.257  -3.800 0.200000
18858  41.827  -53.255  -3.745 0.200000
107671  40.834  -53.209  -3.795 0.200000
18857  41.484  -52.704  -3.264 0.400000
122788  51.799  -48.545  -14.633 0.100000
79609  40.834  -53.209  -3.795 0.400000
35928  41.547  -50.272  -15.416 0.400000
79614  44.840  -53.163  -3.880 0.300000
79615  43.282  -53.747  -4.310 0.300000
122786  48.335  -54.913  -6.043 0.200000
4367  52.375  -51.726  5.973 0.400000
79610  41.484  -52.704  -3.264 0.400000
148766  41.187  -51.196  -14.983 0.400000
148774  42.255  -53.745  -4.255 0.300000
148776  53.016  -51.789  5.373 0.400000
79616  44.840  -53.163  -3.880 0.300000
17515  50.201  -45.166  -7.243 0.100000
105252  49.262  -45.149  -7.615 0.100000
148768  42.176  -51.241  -14.884 0.400000
8556  51.415  -50.370  4.556 0.400000
35929  41.484  -52.704  -3.264 0.500000
148777  52.535  -51.337  5.387 0.400000
35931  43.282  -53.747  -4.310 0.300000
148775  52.116  -50.952  5.178 0.400000
148778  52.686  -51.559  4.448 0.400000
105254  49.923  -44.936  -7.696 0.100000
105255  50.809  -44.234  -8.209 0.100000
17514  49.802  -44.539  -8.221 0.100000
148769  41.531  -51.641  -15.264 0.400000
148770  42.436  -52.827  -16.209 0.500000
79612  52.470  -50.492  4.533 0.500000
114594  40.564  -51.392  -15.450 0.500000
48234  50.573  -43.862  -8.797 0.100000
130760  50.427  -43.509  -9.557 0.100000
120903  51.475  -42.523  -9.557 0.100000
827  52.152  -42.832  -10.037 0.100000
29585  50.592  -42.770  -10.391 0.100000
158510  48.660  -52.351  -4.657 0.100000
9649  47.621  -52.776  -6.149 0.100000
21555  46.465  -52.312  -5.923 0.100000
87707  47.319  -52.758  -6.411 0.100000
158508  47.900  -52.371  -5.113 0.100000
21556  46.805  -51.930  -4.478 0.100000
21554  45.586  -52.005  -4.999 0.100000
148765  40.704  -50.612  -15.614 0.400000
130768  49.618  -50.214  -11.507 0.100000
87717  49.424  -52.635  -5.036 0.100000
107669  42.534  -49.546  -15.404 0.300000
148773  42.827  -53.255  -3.745 0.200000
148767  42.618  -50.560  -15.271 0.400000
107672  41.309  -53.733  -4.303 0.300000
79611  43.475  -51.418  -15.502 0.400000
48235  49.923  -44.936  -7.696 0.100000
130769  50.427  -43.509  -9.557 0.100000
158506  46.805  -51.930  -4.478 0.100000
39205  33.557  -66.241  -12.274 0.100000
158571  32.792  -67.431  -12.540 0.100000
116611  35.506  -66.805  -14.935 0.100000
158573  32.880  -66.509  -12.400 0.100000
116610  35.217  -65.760  -13.174 0.100000
158572  32.586  -65.696  -12.160 0.100000
87768  32.273  -66.373  -12.620 0.100000
9657  31.177  -66.089  -12.738 0.100000
39206  31.566  -66.666  -13.499 0.100000
21585  39.132  -65.426  -5.070 0.100000
158645  31.902  -64.819  -8.638 0.100000
87830  31.129  -65.146  -9.794 0.100000
158569  35.536  -65.013  -11.378 0.100000
87832  30.218  -65.379  -10.580 0.100000
158570  34.511  -66.151  -12.378 0.100000
158651  31.523  -64.891  -11.133 0.100000
116608  35.521  -65.293  -12.653 0.100000
158652  30.642  -65.682  -12.048 0.100000
23645  35.656  -65.559  -15.660 0.100000
135914  39.850  -64.477  -4.740 0.100000
52306  38.231  -64.418  -4.941 0.100000
21587  37.487  -64.523  -4.773 0.100000
135910  42.045  -63.906  -5.210 0.100000
135911  41.000  -64.205  -4.885 0.100000
112581  39.285  -64.538  -5.055 0.100000
112583  38.789  -64.690  -5.181 0.100000
39220  36.102  -64.020  -5.210 0.100000
2369  33.131  -64.020  -6.305 0.100000
158642  32.329  -64.128  -7.449 0.100000
87765  34.699  -64.484  -11.365 0.100000
87766  33.855  -64.886  -11.790 0.100000
21575  32.665  -65.177  -11.823 0.100000
158568  34.988  -64.063  -12.937 0.100000
132471  36.099  -64.116  -15.813 0.100000
66385  35.873  -64.837  -15.960 0.100000
112584  38.221  -63.878  -4.903 0.100000
112585  37.152  -63.889  -4.903 0.100000
31478  41.802  -63.498  -5.434 0.100000
87795  40.716  -63.668  -5.183 0.100000
6908  39.728  -63.638  -5.257 0.100000
21586  38.606  -63.680  -5.216 0.100000
9661  37.630  -63.280  -5.176 0.100000
158616  36.661  -63.443  -5.173 0.100000
87807  35.805  -63.443  -5.370 0.100000
112589  34.838  -63.500  -5.620 0.100000
52309  34.090  -63.833  -5.840 0.100000
21590  34.190  -63.233  -5.974 0.100000
52310  33.601  -63.500  -6.180 0.100000
52313  32.935  -63.443  -6.567 0.100000
21594  32.375  -63.443  -7.115 0.100000
112598  32.245  -63.637  -7.826 0.100000
158646  32.249  -64.118  -8.553 0.100000
52296  32.250  -63.670  -10.776 0.100000
39204  35.008  -63.454  -11.871 0.100000
9656  34.159  -63.520  -11.509 0.100000
112563  33.270  -63.561  -11.457 0.100000
52295  32.455  -63.997  -11.258 0.100000
21576  31.865  -64.287  -11.072 0.100000
976  35.307  -63.294  -14.649 0.100000
116609  35.708  -63.720  -15.265 0.100000
158620  37.312  -62.104  -4.896 0.100000
135908  43.050  -62.489  -5.271 0.100000
87796  41.473  -62.841  -5.784 0.100000
87797  40.451  -62.841  -5.748 0.100000
158608  39.451  -62.818  -5.743 0.100000
87800  38.489  -62.565  -5.631 0.100000
87802  37.450  -62.359  -5.188 0.100000
39221  36.461  -62.446  -5.192 0.100000
9662  35.518  -62.500  -5.507 0.100000
112592  34.471  -62.484  -5.864 0.100000
112594  33.956  -61.998  -6.003 0.100000
158605  42.859  -62.080  -5.894 0.100000
158606  42.071  -62.235  -6.071 0.100000
39217  41.092  -62.255  -6.092 0.100000
158609  40.092  -62.255  -6.092 0.100000
39218  39.218  -62.232  -6.083 0.100000
52311  33.956  -62.913  -6.132 0.100000
21592  33.514  -62.526  -6.365 0.100000
112597  32.753  -62.588  -6.997 0.100000
87822  32.259  -62.576  -7.825 0.100000
9664  31.816  -63.062  -8.028 0.100000
87823  32.241  -62.181  -8.826 0.100000
87824  32.211  -63.166  -8.625 0.100000
158640  32.334  -62.263  -9.689 0.100000
39228  32.264  -63.138  -9.263 0.100000
52293  33.232  -62.196  -10.786 0.100000
2367  32.520  -62.520  -10.480 0.100000
158648  32.097  -64.194  -9.900 0.100000
87762  35.196  -62.276  -11.788 0.100000
112562  33.643  -62.724  -11.276 0.100000
21574  32.827  -62.908  -11.092 0.100000
158567  35.230  -62.569  -12.654 0.100000
158559  35.381  -62.362  -14.367 0.100000
14448  36.320  -62.942  -15.877 0.100000
45168  35.796  -62.573  -15.419 0.100000
99733  36.546  -62.359  -16.201 0.100000
45167  35.919  -61.913  -16.025 0.100000
158621  38.200  -61.137  -5.057 0.100000
87809  36.901  -61.555  -4.953 0.100000
43674  43.272  -61.484  -5.376 0.100000
97045  42.792  -61.202  -5.706 0.100000
97046  41.874  -61.173  -5.759 0.100000
5274  40.890  -61.173  -5.791 0.100000
158611  39.867  -61.226  -5.798 0.100000
87801  38.578  -61.588  -5.557 0.100000
39219  37.812  -61.833  -5.208 0.100000
87810  36.244  -61.583  -5.286 0.100000
112591  35.464  -61.567  -5.698 0.100000
87813  34.557  -61.695  -5.885 0.100000
12954  42.966  -61.654  -5.934 0.100000
158607  41.500  -61.745  -6.092 0.100000
9663  34.525  -61.236  -6.225 0.100000
112595  33.753  -61.509  -6.494 0.100000
21593  33.107  -61.889  -6.857 0.100000
158635  33.342  -61.303  -7.246 0.100000
87821  32.818  -61.786  -7.510 0.100000
158636  33.200  -61.159  -7.896 0.100000
39227  32.767  -61.486  -8.395 0.100000
126590  33.259  -61.210  -9.893 0.100000
27921  32.776  -61.388  -9.328 0.100000
39203  37.007  -61.126  -11.167 0.100000
158564  36.416  -61.203  -10.988 0.100000
87761  35.561  -61.212  -10.923 0.100000
21573  34.606  -61.220  -10.758 0.100000
21572  33.665  -61.373  -10.457 0.100000
52292  32.890  -61.806  -10.152 0.100000
158565  37.928  -61.088  -12.078 0.100000
112561  34.008  -61.931  -11.051 0.100000
158566  37.364  -61.137  -12.572 0.100000
87756  37.002  -60.998  -13.101 0.100000
39201  35.732  -61.579  -13.501 0.100000
45166  35.622  -61.586  -14.780 0.100000
14447  36.336  -61.435  -16.335 0.100000
97042  45.028  -60.033  -3.811 0.100000
12952  44.470  -60.435  -3.630 0.100000
43672  43.800  -60.859  -4.454 0.100000
61901  42.174  -59.932  -4.909 0.100000
61902  41.846  -60.180  -5.012 0.100000
39222  37.546  -60.946  -4.982 0.100000
97044  44.182  -60.095  -4.996 0.100000
61900  42.483  -60.428  -5.258 0.100000
61904  40.507  -60.516  -5.477 0.100000
126602  39.541  -60.553  -5.443 0.100000
158622  38.398  -60.532  -5.307 0.100000
87811  37.500  -60.536  -5.489 0.100000
39223  36.548  -60.793  -5.674 0.100000
87814  35.833  -60.827  -5.994 0.100000
158624  38.029  -60.130  -5.818 0.100000
39224  36.532  -60.257  -6.149 0.100000
87817  35.466  -60.431  -6.436 0.100000
87819  34.516  -60.750  -6.752 0.100000
39226  33.907  -60.895  -7.092 0.100000
87818  35.079  -60.117  -7.052 0.100000
158634  34.477  -60.299  -7.446 0.100000
5271  34.177  -60.184  -8.025 0.100000
61896  33.525  -60.539  -8.507 0.100000
126589  34.104  -60.067  -9.617 0.100000
61895  33.480  -60.570  -9.409 0.100000
158563  35.514  -60.511  -10.822 0.100000
112558  34.425  -60.391  -10.176 0.100000
158562  36.378  -60.200  -11.460 0.100000
39202  35.893  -59.946  -11.082 0.100000
9655  36.791  -60.201  -12.376 0.100000
87755  36.007  -60.578  -13.727 0.100000
158558  35.815  -60.568  -14.400 0.100000
14446  35.818  -60.886  -15.415 0.100000
99732  36.099  -60.876  -16.062 0.100000
52301  40.147  -58.954  -4.076 0.100000
21582  39.689  -58.890  -4.009 0.100000
5272  45.093  -59.384  -4.132 0.100000
97043  44.243  -59.576  -4.663 0.100000
126597  43.186  -59.337  -4.696 0.100000
126598  42.282  -59.368  -4.641 0.100000
61903  41.349  -59.659  -4.796 0.100000
52300  40.293  -59.411  -4.638 0.100000
52303  39.359  -59.132  -4.597 0.100000
112579  38.683  -59.042  -4.923 0.100000
12953  43.435  -59.905  -5.094 0.100000
126601  40.408  -59.918  -5.167 0.100000
2368  39.451  -59.815  -5.137 0.100000
112580  38.297  -59.506  -5.460 0.100000
87794  37.252  -59.157  -5.809 0.100000
158630  36.718  -58.963  -5.936 0.100000
158625  37.935  -59.913  -6.064 0.100000
158628  37.373  -59.761  -6.085 0.100000
158632  35.613  -59.452  -6.898 0.100000
97041  35.062  -59.435  -7.698 0.100000
61892  35.010  -59.087  -8.339 0.100000
61894  34.459  -59.603  -8.602 0.100000
126585  35.174  -59.172  -9.980 0.100000
27920  34.610  -59.500  -9.541 0.100000
87758  35.983  -59.320  -10.962 0.100000
87759  35.513  -59.566  -10.582 0.100000
5270  34.916  -59.673  -10.102 0.100000
158561  36.203  -59.406  -11.359 0.100000
112557  36.469  -59.423  -12.202 0.100000
87754  36.430  -59.506  -13.241 0.100000
87782  42.075  -57.940  -2.910 0.100000
61898  44.284  -58.174  -3.809 0.100000
87780  42.679  -58.162  -3.378 0.100000
112573  41.672  -58.275  -3.510 0.100000
112574  40.775  -58.423  -3.723 0.100000
112576  39.925  -58.364  -3.772 0.100000
142566  45.579  -58.534  -4.007 0.100000
61897  44.627  -58.457  -4.103 0.100000
27924  43.514  -58.743  -4.200 0.100000
126596  42.471  -58.768  -4.139 0.100000
112572  41.566  -58.879  -4.184 0.100000
21580  40.819  -59.032  -4.250 0.100000
112578  39.357  -58.468  -4.125 0.100000
21583  38.731  -58.472  -4.563 0.100000
87792  38.096  -58.167  -4.819 0.100000
87790  38.275  -58.767  -5.033 0.100000
158604  36.934  -58.402  -5.705 0.100000
158631  36.445  -58.443  -6.169 0.100000
43671  35.955  -58.557  -6.680 0.100000
97040  35.586  -58.598  -7.308 0.100000
12950  35.364  -58.551  -8.215 0.100000
61893  34.964  -58.872  -8.746 0.100000
27919  35.327  -58.540  -9.353 0.100000
158560  36.113  -58.551  -10.826 0.100000
87757  35.589  -58.722  -10.194 0.100000
112556  36.417  -58.500  -11.775 0.100000
21570  36.482  -58.500  -12.750 0.100000
27923  43.258  -57.254  -2.841 0.100000
158590  41.412  -57.525  -2.925 0.100000
87783  40.681  -57.107  -2.921 0.100000
126595  43.540  -57.731  -3.184 0.100000
21581  41.053  -57.925  -3.326 0.100000
158599  39.250  -57.532  -3.767 0.100000
158600  38.629  -57.087  -3.880 0.100000
39215  38.420  -57.500  -4.341 0.100000
158602  37.693  -57.452  -4.896 0.100000
135906  37.184  -57.548  -5.456 0.100000
577  36.702  -57.548  -5.990 0.100000
12949  36.227  -57.531  -6.811 0.100000
43670  35.816  -58.037  -6.996 0.100000
5269  36.187  -57.217  -7.861 0.100000
97039  35.790  -57.884  -7.553 0.100000
61890  36.338  -57.226  -8.793 0.100000
61891  35.786  -57.792  -8.532 0.100000
126581  37.111  -57.069  -9.774 0.100000
126584  36.030  -57.669  -9.481 0.100000
2366  37.003  -57.028  -9.974 0.100000
126582  36.507  -57.383  -10.335 0.100000
27918  35.883  -58.100  -10.076 0.100000
52290  36.473  -57.484  -11.307 0.100000
112554  36.500  -57.500  -12.255 0.100000
87750  36.500  -57.500  -13.255 0.100000
87781  43.046  -56.512  -2.660 0.100000
39211  41.866  -56.621  -2.591 0.100000
87785  40.824  -56.540  -2.630 0.100000
87789  39.870  -56.255  -2.707 0.100000
39214  39.155  -56.111  -2.905 0.100000
158587  43.795  -56.383  -2.690 0.100000
9659  40.215  -56.822  -2.967 0.100000
158601  38.044  -56.194  -3.798 0.100000
135905  37.376  -56.500  -5.218 0.100000
43667  37.001  -56.833  -5.791 0.100000
43668  37.174  -56.167  -5.889 0.100000
97036  36.789  -56.526  -6.451 0.100000
126580  37.118  -56.231  -8.858 0.100000
61889  36.616  -56.622  -8.343 0.100000
27917  36.798  -56.771  -9.070 0.100000
52289  37.008  -56.541  -10.355 0.100000
21569  36.700  -56.582  -10.941 0.100000
112553  36.602  -56.582  -11.765 0.100000
87748  36.582  -56.582  -12.745 0.100000
158523  36.624  -56.588  -13.691 0.100000
112571  42.699  -55.254  -0.436 0.100000
158588  43.354  -55.640  -1.548 0.100000
158592  42.326  -55.355  -1.413 0.100000
87786  41.135  -55.223  -1.709 0.100000
158596  40.217  -55.098  -1.852 0.100000
158597  39.678  -54.938  -1.986 0.100000
39212  41.520  -55.842  -2.191 0.100000
87787  40.479  -55.745  -2.241 0.100000
6906  38.673  -55.452  -2.969 0.100000
69096  38.137  -55.494  -3.490 0.100000
69095  37.790  -55.660  -3.962 0.100000
97035  37.399  -55.452  -5.457 0.100000
61886  37.268  -55.490  -6.383 0.100000
61887  36.944  -55.859  -7.030 0.100000
158541  42.037  -55.056  -7.912 0.100000
39195  41.500  -55.085  -7.953 0.100000
87742  40.516  -55.092  -7.940 0.100000
87738  39.520  -55.112  -7.888 0.100000
112548  38.592  -55.169  -7.783 0.100000
126579  37.618  -55.344  -7.447 0.100000
61888  37.000  -55.796  -7.683 0.100000
158542  41.482  -55.387  -8.584 0.100000
87743  40.441  -55.418  -8.599 0.100000
9653  39.418  -55.418  -8.582 0.100000
21565  37.515  -55.684  -8.498 0.100000
52281  41.868  -55.059  -9.250 0.100000
21561  41.267  -55.387  -9.548 0.100000
158543  40.115  -55.427  -9.493 0.100000
158545  39.092  -55.468  -9.516 0.100000
112551  38.156  -55.597  -9.460 0.100000
52287  37.538  -55.894  -9.396 0.100000
52280  42.060  -55.160  -10.038 0.100000
112538  41.258  -55.063  -10.142 0.100000
158544  38.418  -55.468  -10.516 0.100000
112552  36.980  -56.082  -10.718 0.100000
158547  37.582  -55.582  -11.418 0.100000
87745  36.945  -55.956  -11.247 0.100000
39188  37.561  -55.529  -12.455 0.100000
158548  36.908  -55.908  -12.173 0.100000
158522  36.915  -55.915  -13.143 0.100000
87777  43.042  -54.208  1.229 0.100000
9658  42.698  -54.357  0.653 0.100000
87779  42.372  -54.530  -0.168 0.100000
39210  41.775  -54.312  -0.657 0.100000
158594  41.137  -54.159  -0.815 0.100000
158593  41.526  -54.713  -1.196 0.100000
158595  40.617  -54.457  -1.314 0.100000
15351  39.837  -54.308  -1.739 0.100000
101361  39.281  -54.425  -2.275 0.100000
69092  38.759  -54.500  -2.831 0.100000
69094  38.235  -54.575  -3.353 0.100000
135904  37.799  -54.747  -3.935 0.100000
97033  37.630  -54.594  -4.862 0.100000
126576  37.586  -54.628  -5.804 0.100000
5268  38.218  -54.259  -6.847 0.100000
27916  37.685  -54.689  -6.636 0.100000
87741  40.692  -54.455  -7.786 0.100000
87739  39.584  -54.551  -7.505 0.100000
21566  38.721  -54.639  -7.384 0.100000
112545  38.060  -54.780  -7.212 0.100000
158540  40.934  -53.990  -8.125 0.100000
112535  41.125  -54.117  -9.800 0.100000
112537  41.543  -54.696  -10.080 0.100000
39209  42.306  -53.440  2.489 0.100000
158585  42.062  -53.084  2.063 0.100000
87778  42.461  -53.685  1.444 0.100000
1276  41.267  -53.091  0.420 0.100000
46069  40.690  -52.953  -0.078 0.100000
158586  41.479  -53.779  -0.262 0.100000
46071  40.476  -53.454  -0.664 0.100000
46070  39.902  -53.100  -0.988 0.100000
101360  39.772  -53.359  -1.469 0.100000
15350  39.316  -53.512  -2.221 0.100000
69093  38.861  -53.548  -2.831 0.100000
135903  38.382  -53.544  -3.651 0.100000
61884  38.332  -53.271  -4.729 0.100000
5267  37.900  -53.896  -4.335 0.100000
87735  39.254  -53.071  -5.819 0.100000
126574  38.788  -53.222  -5.629 0.100000
27915  37.995  -53.828  -5.405 0.100000
158539  41.190  -53.072  -6.921 0.100000
158538  40.734  -53.102  -6.838 0.100000
87737  39.633  -53.188  -6.380 0.100000
126577  37.904  -54.098  -6.233 0.100000
126570  43.101  -53.058  -7.734 0.100000
39192  41.587  -53.086  -7.434 0.100000
112546  38.841  -54.104  -7.111 0.100000
52277  43.019  -52.991  -7.894 0.100000
2365  41.474  -53.509  -8.422 0.100000
24186  42.141  -52.510  2.485 0.100000
117876  41.812  -52.510  1.954 0.100000
46067  41.523  -52.429  1.177 0.100000
15349  40.833  -52.429  0.112 0.100000
101359  40.325  -52.469  -0.682 0.100000
101358  40.048  -52.145  -1.321 0.100000
135901  39.490  -52.562  -2.173 0.100000
31474  39.229  -52.167  -2.889 0.100000
135900  38.848  -52.542  -3.421 0.100000
126573  39.144  -52.100  -4.678 0.100000
61883  38.768  -52.559  -4.418 0.100000
87736  40.056  -52.100  -5.633 0.100000
27914  39.429  -52.538  -5.448 0.100000
39193  40.282  -52.477  -6.150 0.100000
158532  42.300  -52.468  -7.303 0.100000
52278  43.042  -52.426  -8.006 0.100000
87715  41.760  -52.495  -8.791 0.100000
117875  41.980  -52.037  2.260 0.100000
101355  42.216  -51.198  1.279 0.100000
46068  41.863  -51.843  1.655 0.100000
15348  42.074  -50.963  0.704 0.100000
101356  41.481  -51.448  0.527 0.100000
6905  41.139  -51.087  -0.254 0.100000
101357  40.817  -51.569  -0.470 0.100000
69091  40.287  -51.515  -1.610 0.100000
69090  40.215  -51.188  -2.215 0.100000
135899  39.365  -51.573  -3.427 0.100000
27913  39.006  -51.942  -3.990 0.100000
158533  40.201  -51.201  -4.840 0.100000
158535  41.201  -51.201  -5.840 0.100000
158534  40.592  -51.441  -5.482 0.100000
158531  42.721  -51.538  -6.672 0.100000
87734  41.643  -51.532  -6.401 0.100000
21558  43.063  -51.557  -8.117 0.100000
87716  42.468  -51.557  -8.480 0.100000
69086  42.573  -50.486  0.717 0.100000
69085  41.920  -50.541  0.339 0.100000
69087  41.450  -50.542  -0.268 0.100000
69088  41.309  -50.255  -1.114 0.100000
69089  40.810  -50.786  -1.435 0.100000
31473  41.125  -50.111  -1.848 0.100000
135898  40.519  -50.525  -2.524 0.100000
126571  40.254  -50.453  -3.646 0.100000
126572  39.933  -50.784  -4.101 0.100000
112531  44.930  -49.975  -5.977 0.100000
126569  44.071  -50.169  -5.863 0.100000
9652  41.414  -50.721  -5.605 0.100000
112532  45.059  -50.007  -6.435 0.100000
31472  43.110  -49.867  0.168 0.100000
31470  43.495  -49.564  -0.582 0.100000
135895  42.543  -49.605  -0.582 0.100000
21562  43.850  -49.358  -1.370 0.100000
135887  42.847  -49.315  -1.476 0.100000
135896  41.808  -49.541  -1.491 0.100000
112542  44.215  -49.126  -1.915 0.100000
1275  41.294  -49.533  -2.361 0.100000
52284  41.330  -49.305  -3.216 0.100000
126568  46.500  -49.179  -4.804 0.100000
61880  45.500  -49.191  -4.827 0.100000
27912  44.500  -49.232  -4.786 0.100000
87733  43.500  -49.255  -4.745 0.100000
87732  42.557  -49.298  -4.702 0.100000
112544  41.601  -49.512  -4.330 0.100000
87714  47.500  -49.347  -5.500 0.100000
158530  43.418  -49.745  -5.255 0.100000
112541  44.644  -48.965  -1.912 0.100000
52282  42.190  -49.019  -2.020 0.100000
135888  41.728  -49.123  -2.041 0.100000
21563  44.362  -48.786  -2.521 0.100000
52283  42.418  -48.770  -2.736 0.100000
158529  44.892  -48.613  -3.418 0.100000
87731  43.851  -48.654  -3.459 0.100000
112543  41.990  -48.872  -3.550 0.100000
39191  43.582  -48.827  -4.173 0.100000
87730  42.652  -48.879  -4.204 0.100000
87826  31.833  -65.300  -7.321 0.100000
158643  32.271  -64.541  -8.465 0.100000
158647  32.325  -64.229  -9.390 0.100000
39230  32.094  -64.634  -9.394 0.100000
87831  31.962  -65.043  -10.124 0.100000
54766  34.728  -66.723  -12.918 0.100000
39231  31.823  -64.836  -10.308 0.100000
23644  35.206  -66.091  -13.091 0.100000
112565  31.999  -64.538  -11.300 0.100000
158650  31.843  -64.256  -10.793 0.100000
87767  31.969  -65.528  -12.029 0.100000
87769  32.273  -66.373  -12.620 0.100000
112566  31.177  -66.089  -12.738 0.100000
135915  39.132  -65.426  -5.070 0.100000
87829  31.902  -64.819  -8.638 0.100000
39229  31.902  -64.819  -8.638 0.100000
87833  30.218  -65.379  -10.580 0.100000
112582  39.285  -64.538  -5.055 0.100000
158618  36.102  -64.020  -5.210 0.100000
52312  33.131  -64.020  -6.305 0.100000
52314  33.131  -64.020  -6.305 0.100000
87764  34.699  -64.484  -11.365 0.100000
112564  32.665  -65.177  -11.823 0.100000
87798  38.221  -63.878  -4.903 0.100000
87799  38.606  -63.680  -5.216 0.100000
158619  37.630  -63.280  -5.176 0.100000
87806  35.805  -63.443  -5.370 0.100000
21589  35.805  -63.443  -5.370 0.100000
87808  35.805  -63.443  -5.370 0.100000
112590  34.838  -63.500  -5.620 0.100000
112596  32.935  -63.443  -6.567 0.100000
87820  32.245  -63.637  -7.826 0.100000
52294  32.250  -63.670  -10.776 0.100000
158649  32.250  -63.670  -10.776 0.100000
87763  35.008  -63.454  -11.871 0.100000
87760  34.159  -63.520  -11.509 0.100000
87812  35.518  -62.500  -5.507 0.100000
21591  34.471  -62.484  -5.864 0.100000
112593  34.471  -62.484  -5.864 0.100000
158610  40.092  -62.255  -6.092 0.100000
158639  32.241  -62.181  -8.826 0.100000
158638  32.241  -62.181  -8.826 0.100000
126591  32.334  -62.263  -9.689 0.100000
112560  33.232  -62.196  -10.786 0.100000
158613  38.200  -61.137  -5.057 0.100000
43673  43.272  -61.484  -5.376 0.100000
27926  39.867  -61.226  -5.798 0.100000
158612  39.867  -61.226  -5.798 0.100000
158626  35.464  -61.567  -5.698 0.100000
87815  34.557  -61.695  -5.885 0.100000
158637  33.200  -61.159  -7.896 0.100000
112559  34.606  -61.220  -10.758 0.100000
27925  42.174  -59.932  -4.909 0.100000
158623  37.546  -60.946  -4.982 0.100000
52304  38.398  -60.532  -5.307 0.100000
158627  36.548  -60.793  -5.674 0.100000
21584  38.029  -60.130  -5.818 0.100000
158629  36.532  -60.257  -6.149 0.100000
87816  36.532  -60.257  -6.149 0.100000
39225  35.466  -60.431  -6.436 0.100000
158633  33.907  -60.895  -7.092 0.100000
126588  34.104  -60.067  -9.617 0.100000
87752  36.791  -60.201  -12.376 0.100000
39200  36.007  -60.578  -13.727 0.100000
158557  36.007  -60.578  -13.727 0.100000
112575  40.147  -58.954  -4.076 0.100000
52302  40.147  -58.954  -4.076 0.100000
61899  45.093  -59.384  -4.132 0.100000
126599  42.282  -59.368  -4.641 0.100000
126600  41.349  -59.659  -4.796 0.100000
9660  38.297  -59.506  -5.460 0.100000
87793  37.252  -59.157  -5.809 0.100000
39216  37.252  -59.157  -5.809 0.100000
12951  35.613  -59.452  -6.898 0.100000
126587  35.174  -59.172  -9.980 0.100000
21571  36.203  -59.406  -11.359 0.100000
87753  36.430  -59.506  -13.241 0.100000
5273  42.075  -57.940  -2.910 0.100000
112577  39.925  -58.364  -3.772 0.100000
87791  38.731  -58.472  -4.563 0.100000
158603  36.934  -58.402  -5.705 0.100000
43669  35.955  -58.557  -6.680 0.100000
126586  35.364  -58.551  -8.215 0.100000
97038  35.364  -58.551  -8.215 0.100000
52291  36.113  -58.551  -10.826 0.100000
112555  36.417  -58.500  -11.775 0.100000
158554  36.482  -58.500  -12.750 0.100000
87784  41.412  -57.525  -2.925 0.100000
158591  41.412  -57.525  -2.925 0.100000
158598  38.629  -57.087  -3.880 0.100000
31476  37.693  -57.452  -4.896 0.100000
97037  36.227  -57.531  -6.811 0.100000
61885  36.187  -57.217  -7.861 0.100000
126583  36.338  -57.226  -8.793 0.100000
52285  37.111  -57.069  -9.774 0.100000
9654  36.500  -57.500  -12.255 0.100000
87751  36.500  -57.500  -12.255 0.100000
87749  36.500  -57.500  -13.255 0.100000
39198  36.500  -57.500  -13.255 0.100000
158589  41.866  -56.621  -2.591 0.100000
87788  39.870  -56.255  -2.707 0.100000
12947  37.376  -56.500  -5.218 0.100000
12948  36.789  -56.526  -6.451 0.100000
52288  37.008  -56.541  -10.355 0.100000
158549  36.582  -56.582  -12.745 0.100000
87747  36.582  -56.582  -12.745 0.100000
39197  36.582  -56.582  -12.745 0.100000
39189  36.624  -56.588  -13.691 0.100000
39213  41.135  -55.223  -1.709 0.100000
31475  37.790  -55.660  -3.962 0.100000
97034  37.399  -55.452  -5.457 0.100000
87740  40.516  -55.092  -7.940 0.100000
87744  40.516  -55.092  -7.940 0.100000
112549  39.520  -55.112  -7.888 0.100000
21567  38.592  -55.169  -7.783 0.100000
52286  38.592  -55.169  -7.783 0.100000
112547  38.592  -55.169  -7.783 0.100000
126578  37.618  -55.344  -7.447 0.100000
39196  40.441  -55.418  -8.599 0.100000
112550  39.418  -55.418  -8.582 0.100000
52279  41.868  -55.059  -9.250 0.100000
112539  41.267  -55.387  -9.548 0.100000
21568  39.092  -55.468  -9.516 0.100000
87746  39.092  -55.468  -9.516 0.100000
158546  39.092  -55.468  -9.516 0.100000
21559  42.060  -55.160  -10.038 0.100000
9651  38.418  -55.468  -10.516 0.100000
87726  37.582  -55.582  -11.418 0.100000
158521  37.561  -55.529  -12.455 0.100000
87725  37.561  -55.529  -12.455 0.100000
126575  38.218  -54.259  -6.847 0.100000
39194  40.692  -54.455  -7.786 0.100000
158537  39.584  -54.551  -7.505 0.100000
158536  39.584  -54.551  -7.505 0.100000
112534  41.125  -54.117  -9.800 0.100000
135902  38.861  -53.548  -2.831 0.100000
61882  38.332  -53.271  -4.729 0.100000
21557  43.019  -52.991  -7.894 0.100000
112533  43.042  -52.426  -8.006 0.100000
21564  40.201  -51.201  -4.840 0.100000
135897  41.125  -50.111  -1.848 0.100000
79613  51.415  -50.370  4.556 0.400000
18860  52.096  -53.137  4.107 0.300000
79618  52.021  -52.742  3.898 0.300000
35932  52.267  -52.221  3.777 0.300000
148779  52.090  -52.119  3.142 0.400000
35930  42.436  -52.827  -16.209 0.400000
79619  51.746  -53.211  2.605 0.300000
148780  51.284  -52.749  2.067 0.400000
26299  49.930  -55.898  -13.054 0.100000
122803  49.089  -56.075  -12.962 0.100000
49589  48.210  -56.257  -12.826 0.200000
18870  54.577  -51.528  -3.450 0.300000
63025  50.192  -52.493  -0.107 0.400000
107674  52.831  -52.086  5.831 0.300000
148814  53.522  -52.312  -2.535 0.400000
79626  52.518  -53.392  -0.557 0.400000
107693  55.582  -51.450  -3.402 0.200000
79648  55.020  -52.020  -2.260 0.300000
79628  52.849  -52.819  -2.202 0.400000
35935  51.844  -53.423  -1.500 0.400000
63024  50.510  -53.161  -0.544 0.400000
59191  51.945  -55.043  -13.741 0.100000
49590  55.840  -51.224  -4.201 0.300000
79627  52.204  -53.162  -2.402 0.400000
148787  50.897  -53.416  -1.500 0.400000
5649  50.510  -53.161  -0.544 0.400000
59192  50.607  -55.537  -14.466 0.100000
128172  41.367  -58.958  -15.923 0.500000
49591  48.210  -56.257  -12.826 0.200000
107694  54.903  -51.179  -4.196 0.300000
35944  53.583  -51.804  -3.418 0.300000
148788  51.468  -53.358  -2.402 0.400000
91157  49.693  -51.307  0.466 0.400000
40561  50.408  -50.545  0.410 0.400000
148815  53.083  -52.117  -3.300 0.400000
35936  52.379  -52.500  -3.374 0.400000
97719  50.897  -53.416  -1.500 0.400000
97720  50.056  -53.177  -1.518 0.400000
63026  40.683  -59.995  -14.963 0.500000
122806  44.160  -54.100  -11.840 0.200000
122805  49.930  -55.898  -13.054 0.200000
122804  42.915  -54.303  -11.425 0.200000
18871  42.415  -53.533  -10.823 0.200000
1993  49.089  -56.075  -12.962 0.200000
79649  53.818  -51.272  -4.342 0.300000
79650  53.583  -51.804  -3.418 0.300000
26301  49.892  -53.505  -14.282 0.100000
148789  51.946  -53.162  -2.963 0.400000
79647  54.577  -51.528  -3.450 0.300000
148816  52.627  -51.751  -4.261 0.400000
13329  51.427  -53.054  -3.087 0.400000
28601  50.192  -52.493  -0.107 0.500000
128173  40.549  -58.603  -15.686 0.500000
91159  49.490  -50.834  0.342 0.400000
148790  52.299  -52.176  -4.055 0.400000
97721  50.524  -53.110  -2.410 0.400000
128174  40.195  -59.782  -14.735 0.500000
128175  50.192  -52.493  -0.107 0.500000
5650  48.932  -50.958  -0.047 0.400000
26300  43.528  -53.712  -11.275 0.200000
49593  43.152  -53.263  -10.907 0.200000
49592  48.210  -56.257  -12.826 0.200000
107695  48.225  -52.145  -8.837 0.400000
107697  42.441  -52.867  -10.985 0.200000
8561  53.883  -50.847  -5.062 0.300000
107696  47.666  -52.080  -8.912 0.400000
79651  53.818  -51.272  -4.342 0.300000
13330  39.507  -60.184  -14.243 0.500000
128176  39.513  -58.214  -15.323 0.500000
114600  49.573  -50.533  -0.508 0.400000
162640  39.807  -51.721  -20.121 0.400000
79653  47.239  -51.145  -7.873 0.400000
148817  52.241  -51.228  -5.207 0.400000
44049  51.212  -51.897  -4.057 0.400000
63028  39.465  -58.839  -14.858 0.500000
148827  43.896  -53.159  -11.104 0.200000
79659  44.285  -53.661  -11.715 0.200000
18873  43.341  -52.794  -11.027 0.200000
22708  49.414  -50.202  -1.553 0.400000
107698  42.500  -52.582  -11.582 0.200000
35945  53.128  -51.085  -5.070 0.300000
443  51.673  -51.616  -4.618 0.400000
44050  51.427  -53.054  -3.087 0.400000
122807  44.202  -54.158  -12.252 0.200000
148828  43.459  -52.585  -11.598 0.200000
18872  55.437  -50.261  -6.221 0.300000
148821  47.205  -51.874  -8.915 0.400000
91161  50.453  -50.152  -0.613 0.400000
79652  53.818  -51.272  -4.342 0.300000
97722  38.500  -60.641  -13.823 0.500000
28602  50.192  -52.493  -0.107 0.500000
40563  51.623  -49.397  -0.488 0.400000
4372  44.989  -53.154  -12.051 0.200000
79660  44.348  -52.788  -11.665 0.200000
137334  52.083  -50.800  -5.800 0.400000
44051  50.822  -51.580  -4.592 0.400000
128177  38.980  -57.963  -15.270 0.500000
114601  49.573  -50.533  -0.508 0.400000
98931  50.582  -50.577  -13.441 0.400000
107700  46.423  -52.542  -12.856 0.200000
35949  43.678  -52.299  -12.556 0.200000
107699  43.341  -52.794  -11.027 0.200000
79654  42.516  -52.468  -12.500 0.200000
148819  46.592  -50.715  -7.532 0.400000
97723  38.167  -60.021  -13.875 0.500000
63029  39.465  -58.839  -14.858 0.500000
122811  46.854  -53.063  -13.034 0.200000
35946  46.687  -51.043  -7.957 0.400000
148818  52.816  -50.711  -5.711 0.300000
13331  51.427  -53.054  -3.087 0.500000
63027  38.542  -59.348  -14.286 0.500000
114599  39.978  -57.903  -15.748 0.500000
18874  46.955  -52.788  -13.200 0.200000
162647  51.781  -48.719  -1.336 0.400000
98932  51.865  -48.899  -0.785 0.200000
91164  51.080  -49.235  -1.154 0.400000
91160  49.973  -49.931  -1.299 0.400000
79661  44.817  -52.315  -12.280 0.200000
79655  45.980  -52.037  -9.270 0.400000
22707  48.524  -50.411  -2.428 0.400000
114602  49.224  -49.856  -2.047 0.400000
107701  45.117  -52.183  -13.786 0.200000
148829  43.459  -52.585  -11.598 0.200000
8562  42.498  -52.433  -13.500 0.200000
148830  44.172  -52.195  -13.798 0.200000
91166  50.810  -48.775  -1.709 0.400000
114603  49.443  -49.500  -1.778 0.400000
22709  48.942  -49.144  -2.091 0.400000
137335  51.393  -51.201  -5.451 0.300000
5651  37.833  -58.979  -14.181 0.500000
63030  38.537  -58.417  -14.741 0.500000
53428  49.047  -50.056  -2.202 0.400000
148822  47.205  -51.874  -8.915 0.400000
32004  46.108  -50.205  -6.827 0.400000
137336  52.083  -50.800  -5.800 0.300000
162655  50.917  -51.022  -6.022 0.400000
148820  45.830  -50.898  -8.135 0.400000
162657  37.479  -59.667  -13.807 0.500000
148831  43.429  -52.247  -13.573 0.200000
114604  49.905  -48.879  -1.893 0.400000
128178  38.500  -57.500  -15.278 0.500000
28603  38.020  -57.955  -14.757 0.500000
32005  51.661  -50.504  -6.254 0.400000
162656  37.458  -60.530  -13.702 0.500000
63031  37.510  -58.433  -14.372 0.500000
40567  36.745  -60.264  -13.628 0.500000
91173  36.447  -61.043  -13.866 0.500000
79620  51.658  -52.402  2.697 0.400000
148784  51.509  -53.396  0.500 0.400000
91165  51.865  -48.899  -0.785 0.400000
10109  50.367  -49.494  -1.307 0.400000
162660  37.222  -59.056  -13.938 0.500000
49581  53.060  -54.071  2.842 0.300000
18861  53.060  -54.071  2.842 0.300000
107677  52.502  -53.812  2.593 0.200000
8557  44.908  -54.092  -16.908 0.200000
148799  55.984  -54.055  3.840 0.200000
49583  53.060  -54.071  2.842 0.300000
18863  53.542  -53.301  0.358 0.300000
107680  47.813  -54.839  -18.993 0.300000
35942  55.168  -54.275  1.110 0.200000
79645  55.496  -53.284  0.673 0.200000
148810  54.111  -52.907  0.120 0.200000
18869  56.973  -51.794  -2.659 0.200000
122813  47.207  -54.096  -14.836 0.100000
148907  48.083  -53.950  -15.843 0.100000
24414  42.743  -54.033  -17.912 0.100000
122790  45.474  -53.348  -5.478 0.100000
107675  52.096  -53.137  4.107 0.200000
107676  52.206  -53.706  3.630 0.200000
49579  53.104  -54.938  3.798 0.200000
49580  52.904  -54.249  3.020 0.200000
59183  48.029  -53.720  -7.374 0.100000
148798  45.984  -53.654  -7.984 0.100000
122792  53.459  -55.159  4.441 0.200000
148797  48.148  -53.879  -8.475 0.100000
79635  48.139  -54.037  -9.004 0.100000
122810  45.379  -53.363  -12.691 0.100000
122812  47.117  -53.175  -13.475 0.100000
79664  43.309  -53.116  -15.884 0.100000
79665  42.860  -53.138  -15.862 0.100000
148834  41.939  -53.167  -15.833 0.100000
148826  41.199  -53.105  -15.889 0.100000
8563  43.649  -53.229  -16.371 0.100000
35951  42.596  -53.452  -16.509 0.100000
148835  41.653  -53.406  -16.571 0.100000
46449  40.916  -53.162  -16.548 0.100000
148836  42.477  -53.769  -17.397 0.100000
118405  41.549  -53.461  -17.468 0.100000
15731  40.815  -53.107  -17.452 0.100000
137345  41.452  -53.149  -18.367 0.100000
137346  40.755  -52.854  -18.093 0.100000
122791  52.895  -55.068  4.541 0.200000
26294  47.032  -52.775  -7.313 0.100000
35947  41.500  -52.500  -13.500 0.100000
70225  45.202  -50.111  -6.866 0.300000
18875  44.473  -52.461  -14.596 0.100000
79663  43.456  -52.507  -14.514 0.100000
148832  42.482  -52.546  -14.418 0.100000
79657  41.518  -52.577  -14.459 0.100000
102039  56.271  -49.492  -7.580 0.200000
70226  44.665  -50.006  -6.987 0.300000
137338  43.841  -49.224  -5.805 0.300000
7135  35.405  -61.456  -14.604 0.300000
1994  47.544  -52.823  -15.622 0.100000
107703  44.800  -52.624  -15.433 0.100000
35948  41.630  -52.815  -15.221 0.100000
15729  40.739  -52.775  -15.506 0.100000
102040  55.397  -48.860  -7.898 0.200000
137340  43.155  -49.081  -5.910 0.300000
107704  44.279  -52.862  -16.138 0.100000
46450  40.273  -52.821  -16.500 0.100000
70227  39.500  -52.477  -16.500 0.200000
32007  42.687  -49.022  -6.501 0.300000
102043  40.170  -52.705  -17.417 0.100000
7136  42.584  -49.553  -8.123 0.200000
70230  42.156  -48.712  -6.258 0.400000
70233  40.992  -52.481  -18.639 0.100000
137347  40.182  -52.278  -18.193 0.100000
137350  41.496  -49.518  -8.207 0.300000
87719  44.500  -51.663  -1.500 0.100000
158516  45.418  -51.827  -2.173 0.100000
162661  38.020  -57.955  -14.757 0.400000
162659  36.563  -59.587  -13.803 0.400000
91172  51.477  -49.827  -6.791 0.300000
91174  35.754  -60.945  -13.991 0.400000
162658  35.487  -60.490  -14.175 0.400000
114608  34.735  -60.995  -14.907 0.400000
114610  34.331  -60.289  -15.222 0.400000
137342  41.776  -48.457  -5.558 0.400000
137343  40.752  -48.001  -5.062 0.500000
70231  41.429  -48.594  -7.347 0.300000
32008  40.665  -48.251  -6.517 0.500000
70234  35.950  -62.327  -20.001 0.200000
32009  40.445  -51.759  -18.849 0.100000
137351  40.122  -48.088  -6.874 0.400000
118408  42.159  -51.834  -20.050 0.100000
3325  41.520  -51.751  -19.662 0.100000
137348  35.206  -61.384  -19.616 0.200000
137349  34.895  -61.741  -19.137 0.200000
118409  43.169  -51.904  -20.873 0.100000
118410  42.555  -51.419  -20.591 0.100000
102045  35.814  -61.601  -20.087 0.200000
11005  43.639  -51.350  -21.366 0.100000
56053  43.091  -51.193  -21.075 0.100000
128179  37.980  -57.020  -15.260 0.400000
53427  48.282  -49.545  -3.231 0.300000
162662  37.020  -57.037  -14.797 0.400000
91176  35.354  -59.530  -14.443 0.400000
40568  36.685  -58.305  -14.377 0.400000
22713  34.695  -59.506  -14.927 0.400000
91177  35.257  -58.167  -14.951 0.400000
22712  33.868  -60.498  -15.843 0.400000
53432  33.702  -59.557  -16.452 0.400000
53433  33.845  -59.458  -15.770 0.400000
137344  40.293  -47.742  -5.585 0.500000
137352  40.123  -47.930  -6.349 0.400000
70236  40.468  -49.262  -8.170 0.300000
32010  40.557  -48.786  -8.058 0.400000
70238  39.678  -47.541  -6.619 0.400000
56055  37.557  -61.214  -21.282 0.200000
118412  36.921  -60.841  -21.177 0.200000
15733  35.327  -60.438  -19.839 0.200000
56054  43.533  -50.479  -21.252 0.100000
24417  42.555  -51.419  -20.591 0.200000
143949  45.580  -50.592  -23.472 0.100000
162663  37.388  -55.502  -15.524 0.400000
2518  38.131  -55.544  -15.801 0.400000
91179  35.889  -56.889  -15.062 0.400000
114612  34.557  -57.488  -15.621 0.400000
10111  35.257  -58.167  -14.951 0.400000
22714  33.715  -58.548  -16.294 0.400000
1405  34.209  -58.313  -17.937 0.400000
53434  33.826  -58.503  -17.216 0.400000
137353  34.449  -58.451  -18.588 0.300000
70239  39.203  -47.082  -7.087 0.400000
32011  39.143  -46.805  -6.477 0.400000
102047  39.575  -49.274  -8.246 0.300000
70235  39.610  -48.474  -8.343 0.300000
70237  39.898  -48.167  -7.539 0.400000
56056  38.167  -60.952  -21.827 0.200000
24418  37.778  -60.104  -22.264 0.200000
15732  36.357  -60.356  -20.886 0.200000
102046  35.921  -60.711  -20.405 0.200000
3326  38.571  -61.359  -21.500 0.200000
75624  47.500  -49.495  -23.523 0.100000
34299  46.542  -49.768  -23.361 0.100000
143951  45.833  -49.892  -22.996 0.100000
114605  48.990  -48.776  -2.548 0.300000
162672  37.906  -54.942  -15.839 0.400000
53431  48.258  -48.249  -4.020 0.300000
162670  36.445  -55.445  -15.502 0.400000
162668  35.135  -55.167  -16.129 0.400000
162669  35.518  -55.500  -15.714 0.400000
162665  33.929  -56.310  -16.767 0.400000
162666  34.789  -56.463  -15.807 0.400000
128181  34.031  -57.782  -17.857 0.400000
162664  33.770  -57.337  -17.611 0.400000
137354  38.397  -46.194  -6.590 0.400000
128180  34.303  -57.479  -18.577 0.300000
46455  39.064  -47.777  -9.727 0.300000
102050  38.292  -46.774  -9.435 0.300000
102049  38.306  -46.737  -8.533 0.300000
70241  37.890  -46.199  -8.418 0.300000
70240  37.896  -46.076  -7.476 0.300000
91223  39.526  -59.652  -23.563 0.200000
162716  38.222  -59.917  -22.778 0.200000
1406  38.616  -48.736  -9.460 0.300000
46454  36.864  -58.910  -22.202 0.200000
102048  38.726  -47.198  -8.630 0.300000
7137  39.211  -47.493  -7.779 0.300000
162715  38.500  -60.421  -22.449 0.200000
46452  36.357  -60.356  -20.886 0.200000
162714  38.833  -60.932  -22.140 0.200000
22710  50.133  -48.077  -2.965 0.300000
91167  50.211  -47.403  -3.614 0.300000
114606  49.173  -47.802  -3.783 0.300000
22711  48.258  -48.249  -4.020 0.400000
53430  48.942  -49.144  -2.091 0.300000
91185  36.123  -52.841  -16.823 0.300000
91187  36.831  -52.759  -16.696 0.400000
162667  35.052  -52.822  -17.909 0.400000
91184  35.711  -52.530  -17.499 0.400000
40571  35.616  -54.500  -16.016 0.400000
91182  34.864  -53.096  -18.013 0.400000
40570  33.994  -55.629  -16.944 0.400000
128183  34.957  -53.348  -20.125 0.300000
28605  34.262  -55.536  -18.736 0.400000
91181  33.892  -55.583  -18.084 0.400000
70242  37.607  -44.543  -10.814 0.300000
70243  35.873  -54.100  -22.980 0.200000
137358  36.157  -53.165  -22.837 0.200000
63032  35.838  -52.824  -21.522 0.200000
28604  34.632  -55.581  -20.390 0.300000
128182  34.509  -55.486  -19.536 0.300000
15736  37.851  -46.125  -11.358 0.300000
15735  38.292  -46.774  -9.435 0.300000
137357  35.646  -55.711  -22.130 0.200000
32012  35.215  -55.419  -21.571 0.200000
137355  34.792  -55.701  -21.042 0.200000
91224  39.955  -58.873  -24.709 0.200000
162725  38.402  -48.443  -10.498 0.300000
162726  38.616  -48.736  -9.460 0.300000
46456  38.955  -48.204  -9.883 0.300000
162650  50.752  -47.792  -3.012 0.300000
40564  51.781  -48.719  -1.336 0.300000
162649  50.571  -48.290  -2.431 0.300000
5653  36.814  -49.435  -19.671 0.300000
97724  37.548  -49.606  -23.505 0.200000
97725  37.235  -49.551  -22.759 0.200000
28606  36.783  -49.489  -21.363 0.200000
128184  36.545  -50.361  -20.369 0.200000
70245  37.810  -50.380  -24.593 0.200000
137359  36.305  -52.584  -22.524 0.200000
5652  36.897  -50.331  -22.406 0.200000
63034  36.643  -50.627  -21.567 0.200000
98933  51.865  -48.899  -0.785 0.200000
93537  44.248  -51.513  -21.861 0.100000
56052  44.204  -50.543  -21.729 0.100000
162724  38.120  -49.147  -11.101 0.300000
40586  39.222  -60.125  -22.986 0.200000
79621  44.908  -54.092  -16.908 0.300000
107678  52.484  -53.548  1.516 0.300000
107679  52.500  -53.468  0.484 0.300000
35943  54.269  -52.668  -0.549 0.200000
39186  43.418  -51.827  -2.173 0.100000
107673  52.354  -52.759  5.507 0.200000
79617  51.833  -53.029  3.391 0.200000
79656  42.516  -52.468  -12.500 0.100000
70224  45.516  -50.464  -7.512 0.300000
162648  51.573  -48.251  -2.221 0.300000
79658  42.498  -52.433  -13.500 0.100000
53429  48.662  -48.587  -3.381 0.300000
148823  45.565  -51.576  -8.772 0.300000
137337  52.436  -49.786  -6.750 0.200000
7134  55.118  -49.282  -7.296 0.200000
35950  43.429  -52.247  -13.573 0.100000
1992  54.388  -53.950  3.528 0.200000
49582  53.516  -53.579  1.500 0.300000
148808  45.889  -54.003  -8.070 0.100000
148809  54.521  -53.854  1.484 0.200000
118404  42.743  -54.033  -17.912 0.100000
18859  52.522  -54.409  4.554 0.200000
79662  43.309  -53.116  -15.884 0.100000
79666  43.309  -53.116  -15.884 0.100000
148833  42.860  -53.138  -15.862 0.100000
148825  41.199  -53.105  -15.889 0.100000
1404  41.199  -53.105  -15.889 0.100000
46451  40.916  -53.162  -16.548 0.100000
102042  40.815  -53.107  -17.452 0.100000
148824  56.953  -49.860  -7.796 0.200000
32006  44.478  -49.696  -6.445 0.300000
102041  56.587  -49.117  -8.101 0.200000
137339  44.113  -49.812  -7.344 0.300000
137341  42.644  -48.671  -5.557 0.400000
114609  34.934  -60.425  -14.662 0.400000
15730  43.696  -49.934  -8.062 0.300000
70228  43.336  -49.542  -7.610 0.300000
70229  42.733  -49.201  -7.398 0.300000
91178  36.540  -57.578  -14.655 0.400000
114611  34.233  -59.285  -15.344 0.400000
118411  36.729  -61.475  -20.667 0.200000
102044  41.520  -51.751  -19.662 0.200000
40569  36.548  -56.262  -15.220 0.400000
91175  34.656  -58.479  -15.228 0.400000
118413  37.542  -60.584  -21.725 0.200000
162671  37.388  -55.502  -15.524 0.400000
15734  39.061  -48.849  -8.775 0.300000
46453  36.460  -59.480  -21.432 0.200000
118414  37.499  -59.458  -22.495 0.200000
40572  37.322  -54.459  -15.839 0.400000
162673  38.253  -54.423  -16.371 0.400000
91186  36.292  -54.574  -15.710 0.400000
102051  37.907  -46.291  -10.266 0.300000
40587  38.836  -58.862  -24.087 0.200000
162717  37.818  -58.958  -23.182 0.200000
162674  38.185  -53.328  -16.643 0.400000
91180  35.071  -54.062  -19.080 0.400000
63033  34.872  -54.415  -20.334 0.200000
7138  37.977  -52.028  -24.694 0.200000
70244  37.395  -52.462  -24.329 0.200000
32013  37.087  -52.075  -23.660 0.200000
137356  35.550  -53.611  -21.505 0.200000
91188  36.831  -52.759  -16.696 0.300000
114607  49.434  -47.198  -4.241 0.200000
40573  37.785  -52.486  -16.675 0.300000
91168  50.133  -48.077  -2.965 0.200000
91169  50.361  -46.532  -4.106 0.200000
79644  55.836  -54.015  0.833 0.100000
79642  55.670  -54.184  -0.345 0.100000
8560  56.033  -53.517  -0.749 0.100000
122789  52.071  -52.241  6.031 0.100000
79646  55.161  -52.586  -0.580 0.100000
107690  56.898  -52.135  -2.129 0.100000
107692  55.415  -52.285  -1.565 0.100000
107691  56.877  -51.769  -2.123 0.100000
14002  52.883  -48.505  -1.443 0.100000
65044  52.525  -48.259  -2.205 0.100000
29587  53.125  -47.958  -2.792 0.100000
65046  52.376  -47.798  -2.757 0.100000
162651  51.466  -47.757  -2.798 0.100000
65048  52.170  -47.196  -3.226 0.100000
40565  51.254  -47.221  -3.294 0.100000
162652  51.726  -46.507  -3.575 0.100000
91170  50.929  -46.557  -3.688 0.100000
10110  49.719  -46.486  -4.550 0.100000
162675  38.185  -53.328  -16.643 0.200000
91171  50.391  -45.836  -4.565 0.100000
162679  39.722  -51.880  -17.124 0.200000
10112  37.211  -51.453  -17.159 0.200000
40574  39.555  -51.456  -16.831 0.200000
162677  38.552  -51.500  -16.686 0.200000
162676  38.315  -50.566  -16.906 0.200000
91189  37.771  -51.510  -16.837 0.200000
91192  40.223  -50.521  -16.769 0.200000
91191  39.234  -50.588  -16.686 0.200000
114618  37.718  -50.980  -17.002 0.200000
91183  36.963  -50.343  -17.751 0.200000
22716  36.582  -50.513  -18.318 0.200000
114614  37.106  -49.093  -18.933 0.200000
128187  48.627  -44.557  -14.018 0.100000
91193  40.279  -51.087  -16.929 0.200000
114617  37.597  -49.499  -17.668 0.200000
114616  37.783  -48.516  -17.908 0.200000
114615  48.144  -43.144  -12.700 0.100000
22715  49.557  -43.262  -13.814 0.100000
114613  48.577  -43.596  -13.437 0.100000
6098  51.865  -48.899  -0.785 0.100000
130773  52.883  -48.505  -1.443 0.100000
65045  52.883  -48.505  -1.443 0.100000
130774  53.125  -47.958  -2.792 0.100000
65047  53.125  -47.958  -2.792 0.100000
29588  52.170  -47.196  -3.226 0.100000
162678  39.387  -52.080  -17.011 0.200000
22718  39.046  -49.907  -16.907 0.200000
91231  38.402  -48.443  -10.498 0.200000
162727  38.244  -46.798  -11.096 0.200000
40590  38.252  -46.643  -12.161 0.200000
40589  38.707  -47.671  -12.531 0.200000
91230  38.592  -46.590  -13.286 0.200000
162728  37.895  -45.890  -12.069 0.200000
91232  38.528  -45.510  -13.484 0.200000
91233  38.194  -45.766  -12.716 0.200000
91229  38.919  -46.935  -14.049 0.200000
102052  37.665  -45.347  -11.470 0.200000
91234  38.358  -54.395  -25.855 0.100000
10118  38.850  -45.330  -14.079 0.200000
40591  38.357  -44.677  -12.685 0.200000
162729  38.215  -44.195  -11.997 0.200000
114644  40.148  -53.248  -26.842 0.100000
114645  39.626  -52.481  -26.696 0.100000
162730  38.815  -52.640  -26.053 0.100000
53451  41.603  -52.467  -27.701 0.100000
22730  42.285  -52.171  -28.105 0.100000
162680  40.443  -51.484  -17.409 0.100000
162732  38.439  -51.585  -25.524 0.100000
22733  39.426  -51.628  -26.832 0.100000
162731  38.941  -51.391  -26.299 0.100000
22732  41.229  -51.490  -27.867 0.100000
114646  39.843  -51.499  -27.154 0.100000
53450  42.553  -51.475  -28.427 0.100000
53452  41.742  -51.434  -28.172 0.100000
28617  43.678  -51.100  -29.056 0.100000
91194  40.960  -50.266  -16.941 0.100000
162682  42.166  -50.057  -18.002 0.100000
40575  41.479  -50.452  -17.582 0.100000
137360  37.542  -50.480  -23.831 0.100000
70246  38.114  -50.928  -25.010 0.100000
91236  39.417  -50.698  -26.780 0.100000
40592  38.944  -50.403  -26.264 0.100000
53453  41.217  -50.837  -28.040 0.100000
128211  43.350  -50.925  -28.950 0.100000
2521  42.785  -50.637  -28.767 0.100000
91195  42.016  -49.907  -17.802 0.100000
91190  39.579  -49.278  -17.210 0.100000
162734  40.076  -49.029  -25.138 0.100000
137361  39.358  -49.103  -24.957 0.100000
91239  41.025  -49.025  -26.170 0.100000
91238  40.391  -49.172  -25.740 0.100000
162733  39.500  -49.495  -25.523 0.100000
32014  38.630  -49.751  -25.295 0.100000
10119  41.245  -49.190  -26.824 0.100000
91237  40.475  -49.491  -26.541 0.100000
162755  42.229  -49.229  -27.844 0.100000
114648  41.739  -49.294  -27.603 0.100000
114647  40.737  -49.799  -27.428 0.100000
91235  39.937  -49.988  -26.935 0.100000
40599  43.148  -49.148  -28.629 0.100000
162754  42.484  -49.586  -28.426 0.100000
22734  41.426  -49.769  -28.058 0.100000
162753  42.981  -49.917  -29.069 0.100000
91196  41.436  -48.546  -17.418 0.100000
10113  40.410  -48.720  -17.421 0.100000
13332  39.161  -48.478  -24.506 0.100000
40600  43.506  -48.312  -27.679 0.100000
162756  42.504  -48.791  -27.542 0.100000
91256  43.040  -48.887  -28.184 0.100000
97726  38.834  -48.090  -24.085 0.100000
91228  40.294  -54.372  -26.762 0.100000
114643  40.294  -54.372  -26.762 0.100000
53454  41.742  -51.434  -28.172 0.100000
162744  43.350  -50.925  -28.950 0.100000
137362  40.076  -49.029  -25.138 0.100000
143962  37.980  -54.043  -10.877 0.100000
143964  41.049  -53.792  -12.994 0.100000
34304  40.674  -54.000  -13.118 0.100000
143961  38.044  -54.121  -12.447 0.100000
25495  38.296  -54.254  -13.656 0.100000
120926  34.998  -54.064  -13.935 0.100000
57849  37.429  -54.259  -14.498 0.100000
7991  37.557  -53.615  -11.548 0.100000
143965  40.417  -53.381  -12.739 0.100000
75633  38.745  -53.987  -13.135 0.100000
143960  35.497  -53.489  -13.647 0.100000
34305  41.113  -52.533  -12.898 0.100000
143966  40.427  -52.476  -12.614 0.100000
75630  37.445  -52.445  -12.477 0.100000
75629  35.510  -52.319  -12.656 0.100000
105283  35.523  -52.886  -13.150 0.100000
143963  41.463  -52.264  -14.330 0.100000
143958  36.557  -51.598  -12.401 0.100000
143957  35.614  -51.557  -12.143 0.100000
75636  41.437  -51.419  -14.825 0.100000
75638  41.179  -50.428  -14.545 0.100000
75639  42.059  -49.020  -15.779 0.100000
75635  42.376  -49.577  -16.334 0.100000
75637  41.754  -49.980  -15.959 0.100000
7992  42.971  -48.974  -16.095 0.100000
75631  39.500  -52.459  -12.559 0.100000
3924  37.429  -54.259  -14.498 0.100000
