#!ascii label  , from subject fsaverage vox2ras=TkReg coords=white
187
304  38.359  -81.798  26.544 -3.6927151680
784  35.541  -77.152  27.846 -4.8606100082
785  36.092  -79.196  22.956 -4.2137231827
2702  34.216  -72.858  31.188 -4.3125209808
2703  34.589  -75.849  30.785 -4.5017690659
2704  34.711  -73.994  28.142 -4.6318187714
2705  35.370  -75.016  25.482 -4.4600448608
6019  35.465  -78.667  30.343 -4.1513805389
6020  36.610  -80.212  27.489 -4.4875316620
6021  36.981  -81.131  25.039 -4.4963603020
6022  36.212  -78.024  25.238 -4.7540760040
10382  34.080  -72.048  29.945 -4.2012028694
10383  34.362  -73.421  29.661 -4.5105295181
10384  34.368  -72.516  28.343 -4.3149061203
10385  34.623  -73.018  27.039 -4.3088583946
11476  38.372  -81.943  25.123 -3.8003952503
13870  35.019  -76.512  29.330 -4.7271842957
13871  34.943  -77.369  30.619 -4.3927402496
13872  35.478  -77.973  29.189 -4.6147336960
13873  36.037  -79.356  28.936 -4.3602371216
13874  36.019  -78.729  27.621 -4.7440605164
13875  36.440  -79.184  26.468 -4.7665863037
13876  35.914  -77.619  26.390 -4.8705697060
17152  36.553  -80.256  23.965 -4.5144925117
17153  36.838  -81.567  23.813 -4.3508157730
17154  36.261  -80.828  22.910 -4.2306985855
23296  34.300  -73.707  32.506 -4.2122421265
23297  34.409  -75.212  32.272 -4.2219643593
23298  34.329  -74.357  30.939 -4.4750566483
23299  34.643  -74.935  29.487 -4.6913118362
23300  35.138  -75.564  27.988 -4.8207473755
23301  35.518  -76.071  26.643 -4.8215718269
23302  35.106  -74.501  26.930 -4.6249127388
23303  34.971  -73.554  25.706 -4.1406040192
29403  34.583  -76.605  32.111 -4.1119632721
29404  34.961  -78.049  31.929 -3.8829879761
29406  36.293  -79.644  29.885 -3.7854981422
29407  36.922  -80.554  28.574 -3.9852972031
29408  37.397  -81.411  27.229 -4.1251101494
29409  37.579  -81.767  25.892 -4.2027668953
29410  36.935  -80.666  26.403 -4.5333662033
29411  36.642  -79.610  25.278 -4.6893963814
29412  36.313  -78.519  24.075 -4.5298342705
29413  35.708  -76.536  25.247 -4.6752972603
29414  35.882  -76.979  24.059 -4.4009413719
33823  37.584  -82.003  24.556 -4.1933388710
41103  34.229  -72.259  29.129 -4.2690010071
42190  38.204  -81.538  27.276 -3.6150386333
42196  38.384  -81.924  25.874 -3.7562768459
44590  35.274  -76.849  28.578 -4.8078241348
44591  35.263  -77.279  29.225 -4.6894035339
44592  35.524  -77.579  28.518 -4.7691707611
44593  35.764  -78.367  28.447 -4.6925420761
44594  35.771  -77.920  27.733 -4.8214659691
44595  35.968  -78.178  26.986 -4.8440208435
44596  35.749  -77.388  27.119 -4.8820257187
47872  36.347  -79.746  23.455 -4.4047489166
47873  36.446  -80.561  23.404 -4.3866033554
47874  36.168  -80.037  22.949 -4.2440333366
54187  34.257  -73.281  31.802 -4.2892332077
54188  34.289  -74.043  31.691 -4.3473095894
54189  34.264  -73.597  31.056 -4.4101758003
54190  34.516  -73.678  28.912 -4.5841917992
54191  34.491  -74.158  29.568 -4.6184821129
54192  34.689  -74.426  28.807 -4.6945295334
54193  34.882  -75.235  28.739 -4.7697000504
54194  34.927  -74.752  28.062 -4.7438025475
54195  35.131  -75.015  27.467 -4.7604689598
54196  34.904  -74.260  27.541 -4.6470594406
54198  34.800  -73.301  26.392 -4.2459440231
64650  34.475  -75.519  31.520 -4.3666753769
64651  34.458  -75.902  32.242 -4.1818456650
64652  34.579  -76.239  31.439 -4.3278889656
64653  35.156  -78.031  30.502 -4.2883801460
64654  34.926  -77.759  31.273 -4.1555733681
64655  35.169  -78.331  31.122 -4.0224132538
64656  35.231  -78.504  31.718 -3.7237577438
64657  35.504  -78.829  30.878 -3.8584723473
64659  35.846  -79.184  30.131 -3.9829673767
64660  36.351  -79.826  28.177 -4.4344806671
64661  36.462  -79.985  28.733 -4.1858286858
64662  36.715  -80.462  28.071 -4.2604961395
64663  37.169  -80.992  27.899 -4.0626296997
64664  36.959  -80.838  27.400 -4.3172607422
64665  37.131  -81.121  26.878 -4.3567123413
64666  36.798  -80.521  26.970 -4.5202727318
64667  36.327  -78.605  25.873 -4.8010387421
64668  36.585  -79.421  25.976 -4.7398772240
64669  36.457  -78.804  25.347 -4.7389793396
64670  36.504  -79.072  24.677 -4.6520786285
64671  36.324  -78.228  24.692 -4.6541819572
64672  35.463  -75.539  26.066 -4.6807999611
64673  35.599  -76.302  25.918 -4.7664422989
64674  35.483  -75.835  25.329 -4.5831198692
64678  35.864  -77.179  23.458 -4.2276220322
74497  37.256  -81.480  25.486 -4.3802676201
74498  37.613  -81.913  25.141 -4.2117705345
74499  37.238  -81.645  24.854 -4.3574619293
74500  36.696  -81.767  23.224 -4.2281341553
74501  37.076  -82.009  23.613 -4.2164797783
92416  34.120  -72.467  30.565 -4.2822909355
92417  34.264  -73.154  30.423 -4.4177174568
92418  34.211  -72.717  29.775 -4.3700037003
92419  34.368  -72.959  28.995 -4.4411153793
92420  34.537  -73.227  28.222 -4.4876847267
92421  34.680  -73.514  27.591 -4.5025119781
92422  34.469  -72.740  27.663 -4.3304438591
98694  34.768  -76.191  30.076 -4.6234803200
98695  34.759  -76.615  30.677 -4.4639897346
98696  34.977  -76.948  29.974 -4.5860795975
98697  35.191  -77.674  29.937 -4.5134057999
98698  35.440  -78.337  29.811 -4.4060955048
98699  35.767  -78.991  29.635 -4.2652096748
98700  35.716  -78.679  29.088 -4.5042982101
98701  36.016  -79.114  28.329 -4.5798783302
98702  36.295  -79.508  27.526 -4.6313953400
98703  36.516  -79.756  26.996 -4.6590538025
98704  36.249  -78.939  26.989 -4.7684779167
98705  36.169  -78.393  26.409 -4.8367228508
98706  36.072  -77.832  25.817 -4.8271450996
98707  35.233  -74.483  24.903 -4.1670999527
98708  35.350  -75.301  24.747 -4.3205785751
104602  36.716  -80.722  24.495 -4.5434255600
104603  36.924  -81.334  24.410 -4.4393768311
104604  36.655  -80.977  23.905 -4.4508953094
104605  36.548  -81.234  23.351 -4.3273873329
104606  36.385  -81.459  22.830 -4.1728844643
115798  34.347  -74.115  33.244 -4.0854401588
115799  34.382  -74.883  33.062 -4.0710415840
115800  34.362  -74.486  32.357 -4.2320661545
115801  34.386  -74.803  31.588 -4.3732700348
115802  34.459  -75.107  30.856 -4.5056266785
115803  34.366  -73.889  30.309 -4.5217304230
115804  34.467  -74.644  30.211 -4.5913043022
115805  34.592  -75.425  30.165 -4.6252951622
115806  34.821  -75.722  29.419 -4.7277626991
115807  35.073  -76.043  28.666 -4.8078589439
115808  35.324  -76.379  27.924 -4.8602581024
115809  35.552  -76.626  27.229 -4.8804154396
115810  35.356  -75.831  27.368 -4.8392696381
115811  35.368  -75.270  26.802 -4.7402014732
115812  35.288  -74.757  26.208 -4.5625352859
115813  34.863  -73.774  26.973 -4.4798078537
115814  35.075  -74.027  26.336 -4.4161076546
115815  35.184  -74.261  25.613 -4.3109760284
115816  35.053  -73.767  25.005 -3.9951438904
130275  34.448  -75.557  32.967 -4.0295090675
130276  34.537  -76.250  32.878 -3.9604525566
130277  34.659  -76.954  32.753 -3.8634688854
130278  34.731  -77.030  31.373 -4.2574262619
130279  34.759  -77.373  32.029 -4.0123906136
130280  34.858  -77.621  32.649 -3.7380313873
130281  35.079  -78.179  32.477 -3.5838408470
130286  36.789  -80.013  29.595 -3.5628144741
130287  36.157  -79.596  29.450 -4.0929970741
130288  36.613  -80.047  29.192 -3.8927807808
130289  37.106  -80.424  28.993 -3.6691935062
130290  37.410  -80.934  28.359 -3.7636508942
130291  37.632  -81.428  27.645 -3.8458468914
130292  37.870  -81.726  26.919 -3.9155445099
130293  37.950  -81.957  26.294 -3.9711945057
130294  37.524  -81.623  26.597 -4.1724562645
130295  37.209  -81.312  26.203 -4.3785281181
130296  36.999  -80.834  25.708 -4.5262403488
130297  36.694  -80.013  26.526 -4.6640286446
130298  36.788  -80.133  25.858 -4.6471314430
130299  36.803  -80.372  25.160 -4.6077175140
130300  36.641  -79.909  24.591 -4.6147933006
130301  36.509  -79.431  23.999 -4.5407834053
130302  36.251  -78.904  23.484 -4.3825802803
130303  35.709  -76.851  26.505 -4.8656797409
130304  35.826  -77.054  25.840 -4.8157620430
130305  35.965  -77.248  25.225 -4.7328996658
130306  35.567  -76.073  24.634 -4.4504904747
130307  35.810  -76.776  24.611 -4.5518479347
130308  36.071  -77.478  24.635 -4.6205348969
130309  36.099  -77.693  24.060 -4.4825534821
130310  36.070  -77.957  23.467 -4.3223748207
142573  37.975  -82.001  25.530 -4.0090913773
142574  37.990  -82.052  24.850 -4.0233087540
142576  37.177  -81.822  24.247 -4.3044509888
142577  37.518  -82.156  23.968 -4.1412997246
147529  34.359  -73.473  33.316 -4.0735120773
147530  34.269  -73.050  32.587 -4.1636080742
147531  34.177  -72.638  31.898 -4.2012133598
147534  34.089  -72.245  31.250 -4.1858296394
147535  33.998  -71.862  30.612 -4.1205887794
