#!ascii label  , from subject fsaverage vox2ras=TkReg coords=white
416
335  23.249  -12.170  -27.968 -8.9785852432
336  26.170  -14.510  -31.673 -8.3853130341
337  25.817  -5.363  -34.244 -7.3632011414
816  22.682  -7.753  -30.751 -6.4154405594
1755  22.638  -16.026  -25.826 -9.3268337250
1756  22.917  -16.898  -28.267 -9.8622255325
1757  20.859  -10.957  -28.889 -9.1756315231
1758  24.960  -9.490  -33.272 -9.4043092728
3885  22.713  -13.877  -26.882 -9.6216125488
3886  21.218  -13.118  -27.467 -9.8035402298
3887  21.196  -10.664  -27.864 -8.9278039932
3888  23.898  -6.623  -32.881 -6.6416416168
3889  22.912  -8.074  -32.183 -8.0446510315
3890  25.266  -7.320  -33.897 -8.6771440506
3891  28.093  -8.363  -32.994 -8.2393703461
5543  23.997  -15.521  -30.231 -9.2309617996
6075  25.043  -11.603  -29.033 -7.3543486595
6076  22.315  -9.405  -28.968 -7.4405579567
7070  28.851  -13.244  -31.683 -7.0418291092
7937  21.872  -16.033  -26.811 -10.0607337952
7938  21.514  -13.807  -28.700 -9.8967933655
7939  22.465  -12.425  -30.547 -9.3735399246
7940  21.466  -8.902  -29.880 -7.9737420082
7941  22.208  -9.930  -31.270 -9.0639085770
7942  25.225  -11.877  -32.499 -9.1069240570
7943  28.297  -10.854  -32.434 -7.9751005173
11564  24.510  -14.981  -26.847 -9.4305896759
11565  22.874  -12.951  -27.421 -9.4310874939
11566  21.690  -12.062  -27.425 -9.4430713654
11567  22.020  -11.221  -27.834 -8.9487562180
11568  24.764  -6.046  -33.706 -7.0657868385
11569  24.423  -6.887  -33.536 -7.7253518105
11570  25.531  -6.331  -34.053 -8.0309009552
11571  26.710  -6.732  -33.884 -8.4833993912
11572  26.822  -5.610  -34.087 -7.8257756233
13223  25.006  -15.087  -31.147 -8.8294658661
13224  25.985  -16.614  -30.656 -8.3799371719
13225  27.035  -15.945  -31.106 -7.8698372841
17411  23.991  -16.590  -25.520 -8.8779516220
17413  23.759  -17.428  -24.839 -8.3604965210
17415  22.624  -17.021  -25.376 -8.9551153183
17416  22.206  -17.078  -25.897 -9.5261774063
17417  22.015  -15.888  -26.245 -9.7318859100
17418  20.772  -11.925  -28.122 -9.5017175674
17419  21.116  -13.303  -28.021 -9.8807449341
17420  20.994  -12.315  -28.744 -9.5901355743
17421  21.724  -12.968  -29.478 -9.5975799561
17422  21.345  -11.539  -29.636 -9.3553104401
17423  22.308  -8.398  -29.730 -6.7831106186
17424  21.683  -8.960  -29.320 -7.6054897308
17425  21.956  -8.190  -30.283 -7.2026405334
17426  23.716  -8.711  -32.921 -8.9528989792
17427  22.469  -8.897  -31.784 -8.6543397903
17428  23.482  -9.727  -32.479 -9.2661724091
17429  23.421  -10.883  -32.038 -9.3328857422
17430  24.929  -10.636  -32.897 -9.3513040543
17431  26.759  -11.445  -32.695 -8.7535610199
17432  26.583  -10.237  -33.091 -9.0640525818
22388  22.699  -17.801  -27.267 -9.8775539398
25424  24.189  -15.762  -26.161 -9.2598037720
25425  22.672  -14.904  -26.338 -9.5728273392
25426  21.893  -14.566  -26.761 -9.8132276535
25427  21.746  -13.280  -27.058 -9.7271203995
25428  21.036  -11.804  -27.651 -9.4463748932
25429  20.832  -10.642  -28.311 -9.0002193451
25430  23.238  -7.175  -31.845 -6.3800864220
25431  22.525  -7.700  -31.390 -7.1162519455
25432  23.411  -7.311  -32.626 -7.3307247162
25433  24.025  -7.752  -33.347 -8.4000263214
25434  25.154  -8.400  -33.628 -9.1740589142
25435  26.592  -9.089  -33.389 -9.1561222076
25436  26.573  -7.887  -33.655 -8.9576158524
25437  28.060  -7.127  -33.283 -7.9857106209
28409  23.346  -16.091  -29.249 -9.5996313095
28410  24.368  -17.814  -28.981 -9.1007003784
28411  25.113  -17.167  -29.885 -8.7917919159
29535  23.952  -11.674  -28.518 -8.2674226761
29536  22.538  -10.575  -28.341 -8.2525835037
29537  23.415  -10.379  -28.938 -7.4001007080
29538  23.194  -9.210  -29.544 -6.5771517754
29544  24.346  -5.925  -33.101 -6.0642762184
29545  25.004  -5.198  -33.817 -6.5040941238
31856  27.609  -13.933  -31.799 -7.8215603828
31857  28.224  -15.241  -31.259 -7.2285141945
34158  22.219  -17.330  -26.536 -9.9239625931
34159  22.143  -16.303  -27.535 -10.1679735184
34160  21.492  -14.550  -27.288 -10.0087041855
34161  21.607  -14.832  -27.805 -10.1263694763
34162  22.187  -15.320  -28.447 -10.0343084335
34163  22.453  -14.521  -29.439 -9.7178764343
34164  23.059  -13.950  -30.399 -9.3806428909
34165  24.199  -13.542  -31.407 -9.0831384659
34166  21.721  -9.907  -28.393 -8.2481746674
34167  21.174  -9.636  -28.702 -8.3642187119
34168  21.043  -9.846  -29.319 -8.6427698135
34169  21.979  -8.374  -30.987 -7.8659086227
34170  21.608  -9.279  -30.583 -8.5186672211
34171  21.385  -10.350  -29.981 -9.0099840164
34172  22.159  -11.105  -30.810 -9.2793426514
34173  23.663  -12.156  -31.655 -9.2450771332
34174  25.528  -13.147  -32.088 -8.7763080597
34175  27.067  -12.664  -32.280 -8.3226661682
34176  28.632  -12.034  -32.030 -7.5651082993
34178  28.205  -9.594  -32.731 -8.2216091156
39917  26.012  -4.368  -34.360 -6.7506918907
39926  27.121  -4.581  -34.212 -7.0934100151
42281  24.335  -12.939  -28.072 -8.9626998901
42283  24.024  -13.253  -27.799 -9.2170715332
42284  23.765  -13.641  -27.432 -9.3962030411
42285  23.095  -12.583  -27.709 -9.2382783890
42286  22.391  -12.061  -27.644 -9.2360372543
42287  22.557  -11.632  -27.865 -8.9692468643
42288  25.338  -5.695  -34.062 -7.2557940483
42289  25.088  -6.161  -33.898 -7.5777988434
42290  25.753  -5.863  -34.174 -7.6935057640
42291  26.234  -6.030  -34.158 -8.0207815170
42292  26.263  -5.480  -34.229 -7.6740536690
43943  25.418  -14.747  -31.342 -8.6163158417
43944  26.018  -15.555  -31.193 -8.4038305283
43945  26.545  -15.263  -31.369 -8.1490697861
48131  23.207  -16.233  -25.643 -9.1081705093
48132  23.903  -17.050  -25.141 -8.6305189133
48133  23.189  -16.781  -25.294 -8.8934783936
48134  23.095  -17.221  -25.038 -8.6573419571
48135  22.614  -16.547  -25.549 -9.1512451172
48136  22.302  -16.516  -25.806 -9.4026622772
48137  22.279  -15.916  -26.018 -9.5349388123
48138  20.775  -11.443  -28.502 -9.3273334503
48139  20.818  -12.102  -28.406 -9.5471630096
48140  20.895  -11.607  -28.825 -9.3959722519
48141  21.132  -11.892  -29.196 -9.4562349319
48142  21.044  -11.214  -29.242 -9.2747850418
48143  22.436  -8.055  -30.201 -6.5585250854
48144  22.092  -8.253  -29.981 -6.9617524147
48145  22.283  -7.927  -30.456 -6.8049163818
48146  24.317  -9.114  -33.168 -9.2638282776
48147  23.540  -9.178  -32.681 -9.1430797577
48148  24.272  -9.637  -32.917 -9.3618707657
48149  24.201  -10.226  -32.811 -9.3909492493
48150  24.967  -10.068  -33.079 -9.4091749191
48151  25.744  -10.501  -33.110 -9.2642307281
48152  25.718  -9.864  -33.270 -9.3398361206
53108  22.785  -17.331  -27.768 -9.9108018875
53110  23.331  -17.715  -28.143 -9.6149158478
57731  23.534  -14.394  -26.847 -9.5394783020
57732  24.344  -15.360  -26.476 -9.3755311966
57733  23.426  -14.843  -26.534 -9.5125312805
57734  23.348  -15.291  -26.219 -9.4269952774
57735  22.702  -14.412  -26.603 -9.6250839233
57736  22.218  -14.140  -26.705 -9.7167634964
57737  22.162  -13.505  -26.965 -9.6817884445
57738  21.432  -11.387  -27.652 -9.2091960907
57739  21.315  -11.885  -27.517 -9.4408483505
57740  21.097  -11.232  -27.754 -9.2077388763
57741  20.843  -11.194  -27.923 -9.2260265350
57742  20.978  -10.611  -28.076 -8.9493417740
57743  23.553  -6.926  -32.398 -6.4792757034
57744  23.274  -7.196  -32.230 -6.8254232407
57745  23.672  -7.006  -32.746 -6.9761919975
57746  24.793  -7.070  -33.803 -8.2492713928
57747  24.245  -7.304  -33.474 -8.0685815811
57748  24.673  -7.549  -33.669 -8.5705528259
57749  24.578  -8.080  -33.553 -8.8581256866
57750  25.207  -7.864  -33.772 -8.9530105591
57751  25.876  -8.177  -33.703 -9.1445779800
57752  25.876  -7.601  -33.835 -8.9340171814
57753  27.359  -6.340  -33.750 -8.0889768600
57754  27.395  -6.950  -33.621 -8.3628978729
62708  23.705  -15.808  -29.744 -9.4220314026
62709  24.238  -16.671  -29.632 -9.2406225204
62710  24.624  -16.376  -30.099 -9.0549440384
62711  27.069  -17.088  -30.647 -7.8109626770
64935  24.452  -11.639  -28.813 -7.8299837112
64936  23.656  -11.029  -28.728 -7.8438563347
64937  24.188  -10.966  -28.959 -7.3868427277
64939  23.814  -9.743  -29.486 -6.5224852562
64956  24.729  -5.552  -33.511 -6.2840814590
69908  28.290  -13.647  -31.747 -7.4633274078
69909  28.565  -14.256  -31.487 -7.1679687500
69910  29.207  -13.924  -31.434 -6.7431254387
75288  22.006  -16.561  -26.364 -9.8562068939
75289  22.148  -17.174  -26.202 -9.7626810074
75290  22.036  -16.675  -26.672 -10.0203809738
75291  22.139  -16.819  -27.032 -10.1030235291
75292  21.939  -16.135  -27.193 -10.1553297043
75293  21.559  -13.804  -27.160 -9.8615074158
75294  21.669  -14.527  -27.011 -9.9161748886
75295  21.398  -13.819  -27.411 -9.9247121811
75296  21.258  -13.548  -28.351 -9.9041557312
75297  21.390  -14.084  -28.004 -10.0230026245
75298  21.527  -14.269  -28.288 -10.0335683823
75299  21.814  -15.043  -28.079 -10.1166315079
75300  21.835  -14.552  -28.608 -9.9941511154
75301  22.278  -14.875  -28.961 -9.8868265152
75302  21.861  -14.102  -29.045 -9.8401889801
75303  21.976  -12.624  -29.950 -9.4718847275
75304  22.304  -13.417  -29.966 -9.5250396729
75305  22.767  -13.210  -30.413 -9.3897953033
75306  23.649  -13.790  -30.936 -9.2275028229
75307  23.243  -12.961  -30.981 -9.2740325928
75308  22.413  -9.976  -28.645 -7.8399629593
75309  22.070  -10.188  -28.357 -8.2412014008
75310  21.969  -9.624  -28.702 -7.8566064835
75311  21.514  -8.883  -29.541 -7.7626552582
75312  21.424  -9.265  -29.013 -7.9975662231
75313  21.280  -9.259  -29.252 -8.1379051208
75314  21.075  -9.706  -28.996 -8.4846696854
75315  21.178  -9.350  -29.568 -8.3247175217
75316  22.700  -7.865  -31.799 -7.5617032051
75317  22.238  -8.022  -31.180 -7.4964890480
75318  22.350  -8.186  -31.520 -7.9233560562
75319  22.314  -9.398  -31.511 -8.8863496780
75320  21.995  -9.049  -31.126 -8.5569829941
75321  21.820  -9.564  -30.892 -8.8077602386
75322  21.444  -9.808  -30.302 -8.7852077484
75323  21.755  -10.128  -30.683 -9.0107679367
75324  21.710  -10.697  -30.368 -9.1708068848
75325  22.181  -10.516  -31.046 -9.1917428970
75326  24.243  -11.368  -32.305 -9.2893362045
75327  23.475  -11.480  -31.847 -9.3015747070
75328  24.394  -12.035  -32.189 -9.1883926392
75329  24.642  -12.711  -32.010 -9.0697402954
75330  25.384  -12.528  -32.334 -8.9483432770
75331  26.386  -12.961  -32.286 -8.5784578323
75332  26.083  -12.307  -32.547 -8.7831392288
75333  27.514  -11.156  -32.582 -8.4264049530
75334  27.706  -11.745  -32.352 -8.2210111618
75335  28.472  -11.441  -32.193 -7.7866687775
75336  29.432  -11.710  -31.819 -7.0472164154
75337  29.181  -11.066  -32.070 -7.2429585457
75338  27.404  -8.766  -33.207 -8.7908515930
75339  27.344  -9.350  -33.076 -8.7893266678
75340  28.083  -8.940  -32.854 -8.2627248764
89573  27.823  -4.679  -33.966 -7.0267872810
94543  24.640  -14.630  -27.185 -9.4176712036
94544  23.606  -13.971  -27.171 -9.5023145676
94545  22.718  -13.327  -27.184 -9.5580453873
94546  22.170  -12.946  -27.199 -9.5914697647
94547  22.244  -12.475  -27.413 -9.4433584213
94548  21.834  -11.636  -27.603 -9.2223176956
94549  21.566  -10.880  -27.831 -8.9307813644
94550  24.366  -6.368  -33.326 -6.8471097946
94551  24.124  -6.741  -33.225 -7.1729393005
94552  24.606  -6.465  -33.654 -7.3868980408
94553  24.964  -6.624  -33.841 -7.9129877090
94554  25.420  -6.824  -33.930 -8.3638839722
94555  25.967  -7.063  -33.916 -8.6659822464
94556  26.085  -6.527  -34.032 -8.3561544418
94557  26.743  -6.166  -34.008 -8.1703939438
94558  27.434  -5.761  -33.873 -7.7661333084
97529  24.482  -15.291  -30.697 -9.0330410004
97530  24.958  -16.091  -30.509 -8.8529367447
97531  25.461  -15.821  -30.905 -8.6365709305
97532  26.505  -16.319  -30.971 -8.1386127472
97533  27.536  -16.683  -30.772 -7.5379219055
98866  24.717  -10.932  -29.288 -6.9097700119
101849  29.587  -12.926  -31.593 -6.5555367470
101850  29.917  -13.585  -31.365 -6.2656321526
105077  22.368  -17.051  -25.624 -9.2489700317
105078  22.084  -16.490  -26.094 -9.6422548294
105079  21.911  -15.943  -26.515 -9.9119005203
105080  20.911  -12.495  -27.732 -9.6716079712
105081  21.126  -13.174  -27.730 -9.8434181213
105082  20.883  -12.621  -28.047 -9.7061614990
105083  21.026  -12.793  -28.382 -9.7399349213
105084  21.225  -13.048  -28.707 -9.7585935593
105085  21.511  -13.361  -29.076 -9.7440795898
105086  21.268  -12.604  -29.048 -9.6133174896
105087  21.513  -12.225  -29.569 -9.4881801605
105088  21.830  -11.944  -30.044 -9.3950166702
105089  22.295  -8.946  -29.374 -7.0815958977
105090  21.954  -9.122  -29.139 -7.5007662773
105091  21.964  -8.689  -29.524 -7.1970386505
105092  21.773  -8.549  -29.802 -7.3670701981
105093  21.698  -8.546  -30.118 -7.5963168144
105094  23.203  -8.338  -32.543 -8.5262413025
105095  22.688  -8.470  -32.002 -8.3704605103
105096  23.051  -8.800  -32.349 -8.7947416306
105097  22.896  -9.269  -32.134 -9.0061111450
105098  22.708  -9.741  -31.860 -9.1564159393
105099  22.724  -10.366  -31.680 -9.2499113083
105100  23.360  -10.232  -32.234 -9.3258075714
105101  24.133  -10.741  -32.521 -9.3618097305
105102  24.964  -11.239  -32.699 -9.2453927994
105103  25.869  -11.660  -32.668 -8.9719343185
105104  25.786  -11.054  -32.836 -9.1366138458
105105  26.655  -10.860  -32.907 -8.9296026230
105106  27.463  -10.582  -32.792 -8.5968322754
105107  28.819  -7.926  -32.809 -7.5118894577
105108  28.975  -8.596  -32.623 -7.5707840919
120763  24.142  -16.181  -25.823 -9.0910758972
120764  23.384  -15.850  -25.878 -9.2894487381
120765  22.657  -15.469  -26.088 -9.4707107544
120766  22.201  -15.271  -26.311 -9.6369905472
120767  22.244  -14.722  -26.470 -9.7000398636
120768  21.853  -13.914  -26.930 -9.7934904099
120769  21.402  -13.116  -27.242 -9.7655162811
120770  21.647  -12.588  -27.288 -9.6109838486
120771  21.306  -12.453  -27.357 -9.6258668900
120772  21.046  -12.425  -27.509 -9.6445217133
120773  20.825  -11.812  -27.861 -9.4662771225
120774  20.773  -11.291  -28.196 -9.2670888901
120775  20.756  -10.738  -28.597 -9.0787229538
120776  22.940  -7.454  -31.305 -6.3565769196
120777  22.579  -7.685  -31.066 -6.7311019897
120778  22.930  -7.455  -31.698 -6.7398209572
120779  22.981  -7.531  -32.070 -7.1905431747
120780  23.118  -7.695  -32.415 -7.6923079491
120781  23.885  -7.134  -33.140 -7.5182967186
120782  23.655  -7.494  -33.014 -7.8703184128
120783  23.418  -7.929  -32.783 -8.2124433517
120784  23.850  -8.229  -33.089 -8.7008094788
120785  24.364  -8.556  -33.317 -9.0938463211
120786  25.037  -8.942  -33.484 -9.3266782761
120787  25.755  -9.294  -33.418 -9.3497390747
120788  25.805  -8.735  -33.580 -9.2852153778
120789  26.657  -8.500  -33.493 -9.0945835114
120790  27.279  -8.123  -33.350 -8.7201232910
120791  26.704  -7.334  -33.730 -8.7503557205
120792  27.415  -7.563  -33.458 -8.5761508942
120793  28.117  -7.757  -33.146 -8.1472988129
120794  28.860  -7.317  -32.945 -7.3895020485
127727  23.126  -16.488  -28.755 -9.7519245148
127728  23.564  -17.324  -28.629 -9.5331249237
127729  23.827  -16.957  -29.139 -9.4035596848
127730  24.761  -17.471  -29.456 -8.9613819122
127732  25.595  -16.926  -30.327 -8.5973138809
130634  24.702  -12.754  -28.326 -8.6339941025
130635  23.613  -11.953  -28.282 -8.6533355713
130636  22.850  -11.329  -28.168 -8.6447172165
130637  23.175  -11.083  -28.421 -8.2669410706
130638  22.937  -10.421  -28.639 -7.8412680626
130639  22.796  -9.863  -28.925 -7.4122123718
130640  23.976  -10.361  -29.262 -6.9413809776
130641  23.270  -9.764  -29.277 -6.9690380096
130642  22.713  -9.286  -29.317 -7.0102906227
130643  22.633  -8.693  -29.627 -6.6589794159
130656  23.521  -6.917  -32.056 -6.0468463898
130657  23.851  -6.619  -32.474 -6.1614561081
130660  24.211  -6.318  -32.972 -6.3359508514
130661  24.520  -5.979  -33.453 -6.5492687225
130662  24.978  -5.624  -33.830 -6.7701063156
130663  25.379  -5.270  -34.071 -6.9547214508
136934  26.917  -14.248  -31.784 -8.1248044968
136935  27.194  -14.905  -31.513 -7.8641877174
136936  27.840  -14.594  -31.534 -7.5399346352
136937  28.782  -14.915  -31.228 -6.8457159996
143543  22.388  -17.540  -26.885 -9.9718599319
143544  22.415  -17.043  -27.405 -10.0730152130
143545  22.476  -16.581  -27.894 -10.0745077133
143546  21.920  -15.205  -26.529 -9.7907915115
143547  21.757  -15.246  -26.756 -9.9321851730
143548  21.696  -15.310  -27.042 -10.0549240112
143549  21.350  -13.935  -27.697 -9.9815111160
143550  21.514  -14.675  -27.532 -10.0836839676
143551  21.745  -15.420  -27.353 -10.1446218491
143552  21.895  -15.610  -27.621 -10.1797761917
143553  22.156  -15.791  -28.003 -10.1368093491
143554  22.561  -16.079  -28.381 -9.9970474243
143555  22.713  -15.675  -28.864 -9.8643121719
143556  22.915  -15.315  -29.368 -9.6985073090
143557  23.173  -14.991  -29.858 -9.5175333023
143558  22.016  -13.750  -29.481 -9.6782388687
143559  22.654  -14.200  -29.877 -9.5454368591
143560  23.544  -14.732  -30.357 -9.3335065842
143561  23.978  -14.529  -30.778 -9.1522064209
143562  24.481  -14.259  -31.272 -8.9731378555
143563  25.168  -14.059  -31.604 -8.7898683548
143564  22.236  -10.825  -28.082 -8.6241235733
143565  21.789  -10.461  -28.051 -8.6069288254
143566  21.441  -10.228  -28.097 -8.6070365906
143567  21.574  -9.365  -28.831 -7.9055676460
143568  21.384  -9.696  -28.484 -8.2862758636
143569  21.182  -10.107  -28.260 -8.6356115341
143570  20.982  -10.072  -28.517 -8.6993484497
143571  20.871  -10.146  -28.789 -8.7985143661
143572  20.918  -10.337  -29.052 -8.9258279800
143573  22.209  -7.933  -30.811 -7.1187329292
143574  21.904  -8.227  -30.662 -7.5068349838
143575  21.679  -8.606  -30.413 -7.8818368912
143576  22.145  -8.581  -31.332 -8.2595233917
143577  21.758  -8.745  -30.742 -8.2103061676
143578  21.490  -9.054  -30.246 -8.2315149307
143579  21.272  -9.558  -29.947 -8.5471801758
143580  21.140  -10.037  -29.660 -8.8250236511
143581  21.078  -10.590  -29.384 -9.0660772324
143582  21.350  -10.901  -29.792 -9.1977691650
143583  21.745  -11.269  -30.222 -9.2961645126
143584  22.270  -11.701  -30.619 -9.3373727798
143585  22.729  -10.939  -31.417 -9.2970666885
143586  22.882  -11.652  -31.300 -9.3105497360
143587  23.073  -12.304  -31.129 -9.3010740280
143588  23.956  -12.869  -31.566 -9.1717643738
143589  24.856  -13.338  -31.811 -8.9378929138
143590  25.743  -13.783  -31.915 -8.5907516479
143591  26.596  -13.581  -32.005 -8.3602046967
143592  27.328  -13.312  -32.046 -8.0807561874
143593  28.028  -12.989  -31.982 -7.7363128662
143594  26.861  -12.025  -32.499 -8.5483236313
143595  27.731  -12.320  -32.237 -7.9892711639
143596  28.750  -12.673  -31.891 -7.3158679008
143597  29.491  -12.283  -31.734 -6.8168067932
143600  26.572  -9.659  -33.241 -9.1434888840
143601  27.400  -9.981  -32.945 -8.7215061188
143602  28.255  -10.210  -32.559 -8.1229343414
143603  29.001  -9.195  -32.499 -7.5685772896
143604  29.094  -9.821  -32.327 -7.5095376968
143605  29.164  -10.468  -32.196 -7.3990330696
160708  25.500  -4.767  -34.186 -6.6785783768
160709  25.939  -4.853  -34.293 -7.0475664139
160735  26.555  -4.466  -34.348 -6.9878921509
160736  26.426  -4.968  -34.268 -7.3271412849
160737  26.990  -5.094  -34.141 -7.4630069733
160738  27.614  -5.212  -33.925 -7.4076671600
161503  24.079  -18.184  -28.497 -9.2010040283
161521  27.617  -15.631  -31.259 -7.5683336258
