#!ascii label  , from subject fsaverage vox2ras=TkReg coords=white
328
69  43.239  -53.648  42.481 -3.5485241413
413  49.554  -55.457  43.415 -4.5129294395
929  47.471  -54.784  44.796 -4.9185705185
930  48.196  -58.074  44.186 -4.2893657684
931  45.831  -56.976  44.809 -5.1655340195
2849  45.371  -54.318  43.779 -4.3400225639
2850  46.701  -55.944  44.774 -5.3793358803
2851  44.927  -55.309  43.217 -4.7105002403
2863  45.671  -53.340  43.383 -3.3176524639
4270  49.537  -53.717  44.139 -3.7662570477
6281  48.902  -55.257  44.674 -4.9977483749
6282  48.662  -56.716  43.893 -4.7866792679
6283  48.162  -56.452  45.218 -5.3952150345
6284  47.327  -57.586  45.417 -5.0944066048
6285  45.772  -59.130  45.420 -4.4544100761
6307  47.852  -53.567  44.182 -3.7290909290
7326  42.970  -54.366  41.702 -3.8167321682
8392  44.075  -56.453  43.003 -4.5280170441
8393  44.022  -58.255  45.034 -4.6798191071
10529  44.234  -54.018  43.207 -3.9492371082
10530  45.102  -54.735  43.497 -4.6174626350
10531  44.162  -54.342  42.822 -4.1837472916
10543  44.366  -53.552  43.055 -3.5505840778
11909  49.689  -55.354  42.602 -3.9810612202
11911  49.024  -56.002  42.797 -4.2538089752
11950  49.834  -54.559  44.101 -4.3180694580
11951  50.156  -53.807  43.747 -3.5895385742
11952  50.187  -54.747  43.334 -3.9892530441
14309  48.314  -55.083  44.916 -5.0256390572
14310  48.505  -55.948  44.962 -5.3029088974
14311  47.902  -55.651  45.044 -5.3573422432
14312  46.342  -56.426  44.757 -5.3325099945
14313  47.129  -56.750  45.282 -5.4223408699
14314  46.573  -57.254  45.381 -5.2383384705
14315  46.607  -58.324  45.415 -4.7932353020
14316  45.834  -57.913  45.322 -4.9761128426
14350  46.571  -54.020  44.204 -4.1754798889
14351  46.760  -53.463  43.801 -3.5577664375
14352  47.689  -54.228  44.567 -4.3861565590
14353  48.610  -54.388  44.635 -4.4878067970
18457  48.419  -57.376  44.105 -4.6109528542
18458  48.444  -57.400  43.095 -4.0890426636
18459  48.302  -58.174  43.243 -3.7381477356
18473  43.736  -55.531  42.155 -4.2194561958
18474  43.055  -56.148  42.040 -4.1298246384
18476  43.138  -57.870  44.082 -4.4979171753
18477  43.007  -58.757  44.809 -4.4532165527
18478  43.817  -59.274  45.548 -4.4036564827
23561  46.478  -54.553  44.345 -4.6795268059
23562  47.118  -55.380  44.767 -5.2531256676
23563  46.186  -55.110  44.207 -4.9931635857
23564  45.874  -55.698  44.012 -5.1069221497
23565  45.482  -56.151  43.938 -5.0585799217
23586  44.573  -53.076  42.802 -3.0477342606
23587  45.517  -53.792  43.715 -3.8828287125
26050  47.841  -58.856  44.229 -3.8715217113
26051  48.132  -58.957  43.324 -3.2800266743
26118  48.914  -52.979  43.773 -3.0847792625
26120  49.737  -52.973  43.704 -2.9937741756
30017  49.342  -55.358  44.172 -4.8359279633
30018  49.051  -56.039  43.672 -4.7698173523
30019  48.877  -56.023  44.422 -5.1076793671
30020  48.513  -56.616  44.700 -5.1567234993
30021  48.192  -57.267  44.944 -5.0257925987
30022  47.562  -56.167  45.179 -5.4783177376
30023  47.843  -56.985  45.373 -5.3107051849
30024  47.855  -57.920  44.989 -4.7590546608
30025  47.302  -58.593  45.048 -4.4024696350
30026  46.460  -59.413  44.993 -4.0074415207
30027  45.547  -60.240  45.114 -3.6270813942
30075  45.883  -52.704  42.795 -2.7652251720
30076  46.908  -52.872  43.213 -2.9481813908
30077  47.930  -52.909  43.554 -3.0635638237
30078  48.850  -53.644  44.248 -3.8045008183
30079  49.251  -54.534  44.455 -4.4707002640
32502  43.074  -53.907  42.080 -3.7444641590
35440  48.675  -56.670  42.954 -4.2767395973
35458  43.990  -54.791  42.402 -4.2580590248
35459  44.576  -55.861  43.057 -4.6606163979
35460  44.940  -56.699  43.979 -4.9043684006
35461  43.200  -57.054  43.070 -4.3702945709
35462  44.151  -57.304  44.068 -4.7012414932
35463  45.018  -57.613  44.813 -4.9315347672
35464  44.861  -58.643  45.498 -4.6827383041
35465  44.707  -59.846  45.676 -4.1253452301
41249  43.748  -53.837  42.834 -3.7482297421
41250  44.160  -54.169  43.067 -4.0881280899
41251  43.675  -53.981  42.679 -3.8749351501
41262  43.265  -53.481  42.486 -3.3971555233
41263  43.770  -53.642  42.827 -3.5821928978
42629  49.661  -55.493  43.017 -4.2750744820
42630  49.311  -55.694  42.680 -4.1503248215
42631  49.303  -55.781  43.111 -4.4391903877
42670  49.723  -55.046  43.785 -4.4703350067
42671  49.987  -54.656  43.717 -4.1787376404
42672  49.849  -55.125  43.385 -4.2840032578
42673  50.002  -55.166  42.980 -4.0429000854
45029  47.907  -54.929  44.926 -4.9893312454
45030  48.106  -55.353  45.016 -5.2187566757
45031  47.710  -55.189  44.938 -5.1845831871
45032  46.109  -56.695  44.811 -5.2606229782
45033  46.508  -56.801  45.152 -5.3278865814
45034  46.221  -57.114  45.188 -5.2285432816
45035  46.219  -57.571  45.378 -5.1140241623
45036  45.867  -57.411  45.078 -5.1108703613
45070  47.073  -54.412  44.568 -4.5748496056
45071  47.138  -54.138  44.441 -4.2933015823
45072  47.547  -54.533  44.769 -4.6740088463
45073  48.053  -54.629  44.838 -4.7427248955
49177  48.313  -57.734  44.159 -4.4655094147
49178  48.377  -57.749  43.707 -4.2084584236
49179  48.258  -58.126  43.754 -4.0214986801
54629  45.931  -54.424  44.056 -4.5193548203
54630  46.332  -54.821  44.286 -4.8622484207
54631  45.836  -54.698  43.978 -4.6929297447
54632  45.025  -55.050  43.348 -4.6851816177
54633  45.529  -55.247  43.734 -4.8905858994
54634  45.420  -55.527  43.630 -4.9201083183
54635  45.668  -55.899  43.948 -5.0996685028
54636  45.209  -55.691  43.555 -4.9109349251
54669  44.015  -52.901  42.485 -2.9125308990
54670  44.825  -53.924  43.442 -3.9526116848
54671  44.930  -53.682  43.374 -3.7190496922
54672  45.395  -54.040  43.757 -4.1310381889
54673  45.979  -54.150  44.063 -4.2982182503
58890  49.241  -53.335  44.020 -3.4260809422
58891  49.326  -52.970  43.789 -3.0543491840
58892  49.626  -53.342  43.929 -3.3797757626
65969  49.125  -55.327  44.414 -4.9344129562
65970  49.092  -55.714  44.262 -5.0019750595
65971  48.911  -55.659  44.563 -5.1072306633
65972  48.348  -56.217  45.103 -5.3737945557
65973  48.527  -56.296  44.845 -5.2825665474
65974  48.355  -56.542  44.990 -5.2933073044
65975  48.340  -56.937  44.850 -5.1110053062
65976  48.159  -56.843  45.131 -5.2596578598
65977  46.931  -55.651  44.773 -5.3407778740
65978  47.366  -55.777  44.978 -5.4137301445
65979  47.135  -56.047  45.034 -5.4521007538
65980  47.229  -57.155  45.386 -5.3051195145
65981  47.486  -56.880  45.341 -5.3907971382
65982  47.548  -57.310  45.396 -5.2161035538
65983  47.823  -57.455  45.221 -5.0810861588
65984  47.599  -57.781  45.241 -4.9473958015
65985  47.655  -58.285  45.020 -4.5889291763
65986  47.358  -58.098  45.263 -4.7918300629
65987  46.143  -58.762  45.399 -4.6255359650
65988  46.529  -58.861  45.218 -4.4392304420
65989  46.113  -59.308  45.237 -4.2547693253
65990  46.020  -59.874  45.049 -3.8122532368
65991  45.651  -59.715  45.322 -4.0730986595
66090  45.218  -52.943  42.903 -2.9127359390
66091  45.383  -52.626  42.573 -2.6600525379
66092  45.770  -53.041  43.138 -3.0319089890
66093  47.314  -53.532  44.014 -3.6541175842
66094  46.845  -53.174  43.556 -3.2441892624
66095  47.369  -53.234  43.722 -3.3273563385
66096  47.412  -52.928  43.398 -3.0162940025
66097  47.927  -53.265  43.889 -3.3898439407
66098  48.421  -53.272  43.948 -3.4286649227
66099  48.382  -53.601  44.222 -3.7799296379
66100  48.790  -54.839  44.720 -4.7861747742
66101  48.957  -54.483  44.579 -4.4946475029
66102  49.066  -54.909  44.569 -4.7607522011
66103  49.332  -54.948  44.387 -4.7023711205
78412  48.854  -56.348  43.800 -4.8053364754
78413  48.867  -56.328  43.358 -4.5719413757
78414  48.708  -56.701  43.452 -4.5507564545
78457  43.037  -54.102  41.899 -3.7933096886
78458  43.543  -54.307  42.229 -4.0124769211
78459  43.498  -54.570  42.070 -4.0321011543
78460  43.901  -56.001  42.556 -4.3875617981
78461  44.141  -55.672  42.625 -4.4401664734
78462  44.330  -56.140  43.050 -4.6007847786
78463  44.787  -56.288  43.514 -4.8057546616
78464  44.470  -56.566  43.501 -4.7249360085
78466  42.742  -56.849  42.536 -4.1981425285
78467  42.755  -57.284  43.029 -4.2951059341
78468  43.573  -58.052  44.585 -4.6061153412
78469  43.632  -57.604  44.124 -4.5971050262
78470  44.106  -57.750  44.607 -4.7188982964
78471  44.582  -57.435  44.547 -4.8349561691
78472  44.525  -57.908  44.991 -4.8049960136
78473  44.952  -58.103  45.214 -4.8448257446
78474  44.440  -58.417  45.364 -4.7081928253
78476  44.243  -59.553  45.650 -4.2942881584
92681  44.840  -54.193  43.512 -4.1480441093
92682  45.290  -54.563  43.716 -4.5029301643
92683  44.708  -54.365  43.370 -4.2992138863
92684  44.609  -54.561  43.166 -4.4043016434
92685  44.557  -54.827  42.976 -4.4652862549
92705  43.879  -53.156  42.644 -3.1538701057
92706  43.824  -53.414  42.773 -3.3811998367
92707  44.295  -53.790  43.151 -3.7682623863
95167  49.304  -55.565  42.274 -3.8088893890
95168  48.985  -55.918  42.368 -3.9205861092
95169  48.757  -56.256  42.453 -3.9709837437
95238  49.722  -54.118  44.164 -4.0742120743
95239  49.866  -53.729  43.980 -3.6972239017
95240  49.987  -54.169  43.957 -3.9743793011
95241  50.228  -54.261  43.632 -3.8302102089
99485  48.638  -55.179  44.821 -5.0281596184
99486  48.714  -55.599  44.840 -5.1784491539
99487  48.429  -55.501  44.949 -5.2160601616
99488  48.226  -55.799  45.054 -5.3488602638
99489  48.044  -56.068  45.127 -5.4283714294
99490  46.563  -56.190  44.728 -5.3743653297
99491  46.949  -56.317  45.052 -5.4463286400
99492  46.763  -56.566  45.079 -5.4026756287
99493  46.889  -56.970  45.321 -5.3431205750
99494  46.972  -57.413  45.415 -5.1930408478
99495  47.027  -57.916  45.425 -4.9515104294
99496  46.625  -57.744  45.466 -5.0604934692
99497  46.195  -58.128  45.405 -4.9133439064
99498  45.791  -58.531  45.422 -4.7573604584
99558  46.123  -53.676  43.791 -3.7470715046
99559  46.221  -53.430  43.639 -3.4439909458
99560  46.663  -53.743  44.007 -3.8736681938
99561  47.238  -53.850  44.211 -3.9814214706
99562  47.785  -53.905  44.374 -4.0664157867
99563  48.317  -53.935  44.454 -4.1259274483
99564  48.249  -54.281  44.646 -4.4514341354
99565  48.467  -54.744  44.796 -4.7801117897
106951  48.513  -57.026  44.007 -4.7199077606
106952  48.552  -57.048  43.510 -4.4791302681
106953  48.429  -57.372  43.577 -4.3630595207
106954  48.365  -57.777  43.154 -3.9308032990
106978  42.829  -54.664  41.471 -3.8220891953
106979  43.367  -54.909  41.888 -4.0281648636
106980  43.159  -55.268  41.721 -4.0086135864
106981  43.435  -55.857  42.048 -4.1773777008
106982  43.571  -56.312  42.529 -4.3257360458
106984  42.735  -57.684  43.546 -4.3671517372
106986  43.066  -58.313  44.456 -4.5011548996
106987  43.500  -58.541  44.952 -4.5611577034
106988  43.942  -58.788  45.388 -4.5765762329
106989  43.410  -59.023  45.278 -4.4548096657
116417  47.022  -54.683  44.600 -4.8143024445
116418  47.288  -55.082  44.773 -5.1126070023
116419  46.822  -54.944  44.571 -5.0040006638
116420  46.676  -55.233  44.545 -5.1408891678
116421  46.494  -55.569  44.469 -5.2257590294
116422  45.664  -54.959  43.858 -4.8162665367
116423  45.989  -55.414  44.101 -5.0734076500
116424  46.307  -55.843  44.387 -5.2624626160
116425  46.125  -56.077  44.333 -5.2568225861
116426  45.917  -56.328  44.307 -5.2155852318
116427  45.726  -56.576  44.407 -5.1458568573
116474  45.100  -53.233  43.099 -3.1839625835
116475  44.436  -53.311  42.937 -3.3059351444
116476  45.007  -53.462  43.245 -3.4580979347
116477  45.576  -53.585  43.536 -3.6067752838
116478  46.044  -53.911  43.954 -4.0368814468
116479  46.523  -54.275  44.322 -4.4480981827
122224  48.091  -58.424  44.217 -4.0890083313
122225  48.184  -58.509  43.798 -3.8090155125
122226  48.010  -58.893  43.799 -3.5787949562
122387  50.019  -53.380  43.769 -3.2995357513
131945  49.477  -55.415  43.829 -4.6977090836
131946  49.279  -55.753  43.540 -4.6740307808
131947  49.226  -55.744  43.912 -4.8594307899
131948  49.004  -56.032  44.077 -4.9582304955
131949  48.789  -56.365  44.204 -4.9991154671
131950  48.712  -55.996  44.707 -5.2221121788
131951  48.688  -56.370  44.546 -5.1574821472
131952  48.608  -56.688  44.331 -4.9878797531
131953  48.465  -56.995  44.471 -4.9304094315
131954  48.346  -57.350  44.567 -4.8324770927
131955  48.215  -57.671  44.574 -4.6995439529
131956  47.535  -55.532  44.929 -5.3257350922
131957  47.725  -55.911  45.105 -5.4426503181
131958  47.870  -56.290  45.234 -5.4583382607
131959  47.369  -56.463  45.215 -5.4694890976
131960  47.721  -56.577  45.285 -5.4438681602
131961  47.993  -56.694  45.309 -5.3723158836
131962  48.034  -57.132  45.193 -5.1870412827
131963  48.051  -57.579  44.973 -4.9066381454
131964  48.081  -57.997  44.594 -4.5372509956
131965  47.891  -58.377  44.627 -4.3516654968
131966  47.604  -58.780  44.661 -4.1494073868
131967  47.211  -59.130  44.670 -3.9376382828
131968  46.982  -58.410  45.283 -4.6203508377
131969  46.887  -58.965  45.024 -4.2063970566
131970  46.758  -59.542  44.674 -3.7237377167
131971  46.331  -59.949  44.707 -3.5149912834
131972  45.905  -60.318  44.720 -3.3178925514
132102  46.294  -53.097  43.342 -3.1441004276
132103  46.392  -52.770  43.019 -2.8629684448
132108  48.422  -52.936  43.653 -3.0871713161
132109  48.880  -53.314  44.005 -3.4414904118
132110  49.248  -53.705  44.254 -3.8008291721
132111  48.736  -54.022  44.455 -4.1583251953
132112  49.144  -54.096  44.441 -4.1620883942
132113  49.448  -54.108  44.330 -4.1352105141
132114  49.540  -54.539  44.296 -4.4133567810
132115  49.586  -54.957  44.183 -4.6075115204
138750  43.138  -53.773  42.281 -3.6641006470
147322  49.031  -56.029  43.281 -4.5366644859
147323  48.824  -56.321  42.886 -4.2943964005
147324  48.630  -56.644  42.493 -3.9628975391
147325  48.516  -57.060  43.046 -4.2063598633
147326  48.483  -57.043  42.553 -3.9005947113
147331  48.239  -58.569  43.311 -3.5184450150
147376  43.622  -54.130  42.439 -3.9619698524
147377  44.081  -54.554  42.587 -4.2386827469
147378  44.465  -55.079  42.797 -4.4869289398
147379  43.901  -55.108  42.266 -4.2490038872
147380  44.331  -55.345  42.691 -4.4759750366
147381  44.779  -55.574  43.109 -4.6998229027
147382  45.055  -56.019  43.493 -4.8702788353
147383  45.255  -56.434  43.951 -4.9910507202
147384  45.415  -56.831  44.414 -5.0546994209
147385  42.687  -56.385  42.027 -4.0821118355
147386  43.154  -56.599  42.543 -4.2610692978
147387  43.660  -56.758  43.046 -4.4493188858
147388  43.168  -57.458  43.633 -4.4516367912
147389  43.683  -57.176  43.585 -4.5421648026
147390  44.113  -56.869  43.519 -4.6349749565
147391  44.549  -56.986  43.982 -4.8055901527
147392  45.020  -57.120  44.462 -4.9489336014
147393  45.463  -57.268  44.756 -5.0537447929
147394  45.441  -57.776  45.085 -4.9809994698
147395  45.389  -58.333  45.379 -4.8303985596
147396  45.313  -58.897  45.507 -4.5983662605
147397  44.336  -58.988  45.543 -4.5387349129
147398  44.779  -59.239  45.604 -4.4422097206
147399  45.235  -59.533  45.581 -4.2857904434
147400  45.142  -60.064  45.441 -3.9002563953
