#!ascii label  , from subject fsaverage vox2ras=TkReg coords=white
614
325  46.430  14.256  -23.611 -5.4513955116
805  48.009  11.732  -25.000 -3.8874824047
806  44.206  14.981  -29.528 -4.0109195709
1737  45.062  6.735  -23.859 -5.7984619141
1738  42.186  7.173  -26.206 -4.8833012581
1739  42.249  15.276  -27.754 -5.8040709496
1964  44.757  -2.472  -19.985 -3.5818917751
1965  47.371  6.185  -21.126 -5.9598088264
1966  49.677  11.911  -19.848 -4.7135701180
2726  45.848  9.783  -28.308 -3.5092239380
3855  45.417  11.418  -23.864 -6.3267250061
3856  43.772  11.943  -25.635 -6.2851657867
3857  44.391  15.484  -25.606 -5.7600350380
4313  46.513  1.527  -20.988 -4.6958103180
4314  47.367  0.825  -19.546 -4.4887890816
4316  49.587  9.513  -18.260 -5.0656471252
5453  40.709  10.711  -28.663 -5.0455398560
5454  40.547  6.717  -26.944 -4.2605652809
5455  39.119  9.409  -30.069 -4.2266941071
6057  47.744  13.964  -24.222 -4.5576167107
6058  45.701  15.801  -26.501 -4.7819566727
6059  46.270  13.340  -27.494 -4.0800614357
7893  44.411  2.094  -22.944 -4.4846644402
7894  43.112  2.811  -23.931 -4.2012791634
7895  43.718  7.200  -25.199 -5.4139070511
7896  42.123  11.526  -27.271 -5.8279814720
7897  40.651  14.529  -29.691 -5.2868885994
7898  43.336  16.510  -28.644 -4.7999391556
8486  43.741  -1.900  -20.787 -3.5404441357
8487  45.531  1.868  -22.123 -4.6588153839
8488  46.222  6.526  -22.591 -5.9930453300
8489  46.877  10.933  -22.151 -6.2243328094
8490  48.392  5.347  -19.376 -5.4711313248
8491  48.333  10.528  -20.268 -5.9990868568
8492  48.131  13.105  -21.699 -5.2093844414
8493  49.290  12.448  -22.318 -4.2331757545
9873  41.627  3.048  -24.454 -3.8133828640
11535  45.841  13.162  -23.579 -5.9751496315
11536  44.874  13.867  -24.593 -6.1030507088
11537  45.447  15.023  -24.569 -5.6056213379
11993  46.557  -1.293  -19.285 -3.9524030685
11994  46.942  -1.599  -18.583 -3.7718486786
13133  39.861  12.121  -30.149 -4.8615345955
13134  39.901  10.160  -29.422 -4.6214604378
13135  38.991  11.338  -30.931 -4.4415845871
13935  48.054  13.125  -24.534 -4.2043523788
13936  47.170  14.044  -25.774 -4.3260812759
13937  47.035  12.635  -26.287 -3.9915096760
13939  44.856  10.346  -29.362 -3.5489909649
17325  44.825  4.358  -23.503 -5.1384639740
17326  44.193  4.645  -24.084 -4.9797387123
17327  44.386  7.106  -24.552 -5.6270980835
17328  42.936  13.964  -26.580 -6.1683874130
17329  42.921  11.812  -26.473 -6.1119103432
17330  42.036  13.603  -27.514 -5.9977469444
17331  41.338  13.162  -28.362 -5.6904029846
17332  41.436  14.903  -28.712 -5.6063928604
17333  45.101  15.699  -28.079 -4.4337921143
17334  44.477  16.405  -27.555 -4.8344879150
17335  43.912  16.125  -29.088 -4.3526616096
18697  44.257  -2.197  -20.440 -3.5719244480
18698  44.788  -0.191  -21.563 -4.0460853577
18699  45.280  -0.446  -21.077 -4.0772309303
18700  47.009  3.735  -21.161 -5.3755564690
18701  46.490  4.005  -21.871 -5.3947820663
18702  46.791  6.407  -21.884 -6.0100855827
18703  46.489  8.869  -22.477 -6.3327994347
18704  47.207  8.764  -21.634 -6.3080644608
18706  48.302  2.659  -18.709 -4.6556301117
18707  48.777  4.871  -18.422 -4.9050436020
18708  49.683  11.101  -18.883 -4.9816846848
18709  48.995  10.136  -19.254 -5.6543092728
18710  48.965  11.628  -19.755 -5.4168744087
18711  48.204  12.116  -20.812 -5.6567616463
18712  48.938  12.545  -20.682 -5.0283246040
18713  48.787  13.044  -21.903 -4.6775531769
18714  49.590  12.362  -20.998 -4.4417238235
22118  42.816  5.066  -25.123 -4.5821213722
22119  42.380  2.943  -24.260 -4.0182294846
22120  42.047  5.079  -25.475 -4.3449091911
23337  47.750  10.006  -25.457 -3.6438798904
23338  46.860  10.812  -26.660 -3.6932590008
23339  46.682  9.056  -27.127 -3.4847497940
25371  45.252  9.139  -23.977 -6.2686095238
25372  44.534  9.447  -24.778 -6.1568136215
25373  44.606  11.799  -24.734 -6.3461461067
25374  43.907  14.088  -25.579 -6.1905398369
25375  43.262  15.505  -26.726 -5.8478450775
25377  43.143  15.422  -30.656 -3.7855072021
26195  45.768  -0.697  -20.528 -4.0807671547
26196  46.202  -0.986  -19.932 -4.0458831787
26197  46.970  1.257  -20.327 -4.6348910332
26198  47.483  3.443  -20.438 -5.2756223679
26200  49.403  7.075  -17.918 -4.7804317474
26201  50.072  8.742  -17.407 -4.2907657623
26202  50.343  10.363  -17.996 -4.3634295464
26203  50.475  11.186  -18.973 -4.2491569519
26204  50.420  11.528  -20.165 -4.0988302231
28247  41.436  9.087  -27.340 -5.0502433777
28248  41.362  7.067  -26.647 -4.5766687393
28249  40.680  8.724  -27.862 -4.6726188660
28250  39.934  8.195  -28.499 -4.3010053635
29493  47.142  14.386  -23.799 -4.9618358612
29494  46.163  15.419  -24.902 -5.0977468491
29495  46.884  15.017  -25.287 -4.6802659035
29496  46.211  14.888  -27.046 -4.4136700630
29497  45.227  14.128  -28.636 -4.1030282974
29498  45.958  11.495  -27.942 -3.7648916245
29499  45.014  12.259  -28.930 -3.8051424026
34041  43.631  0.142  -22.230 -3.9074633121
34042  43.053  0.641  -22.644 -3.7939856052
34043  43.781  2.450  -23.512 -4.3567595482
34044  43.534  4.806  -24.586 -4.7941017151
34045  42.938  7.369  -25.767 -5.1646313667
34046  43.789  9.581  -25.593 -5.9728488922
34047  42.988  9.514  -26.229 -5.7185544968
34048  42.238  9.376  -26.828 -5.4057078362
34049  41.445  11.120  -27.954 -5.4603667259
34050  40.706  12.739  -29.250 -5.2934751511
34051  39.907  14.064  -30.606 -4.9054617882
34052  45.025  16.030  -25.972 -5.2354817390
34053  43.842  16.337  -27.099 -5.3321585655
34054  42.727  16.206  -28.115 -5.3323850632
34055  42.840  16.393  -30.213 -4.1582221985
34056  42.312  16.539  -29.645 -4.6566781998
34057  41.825  16.073  -29.179 -5.2033653259
34058  40.919  15.763  -30.223 -4.9591259956
34059  39.939  15.544  -31.103 -4.6511230469
35733  44.232  0.006  -21.937 -3.9902036190
35734  45.005  2.012  -22.604 -4.5858397484
35735  45.394  4.279  -23.005 -5.2660331726
35736  46.024  1.684  -21.568 -4.6985106468
35737  45.954  4.135  -22.452 -5.3545346260
35738  45.638  6.674  -23.234 -5.9216675758
35739  45.861  9.013  -23.209 -6.3209352493
35740  46.131  11.198  -23.005 -6.2757134438
35741  46.619  12.715  -22.716 -5.8631367683
35742  47.736  0.490  -18.727 -4.2188258171
35743  47.921  3.055  -19.591 -5.0537514687
35744  47.915  5.835  -20.286 -5.8029046059
35745  48.911  7.724  -18.888 -5.5031566620
35746  48.426  8.177  -19.838 -5.9741888046
35747  47.783  8.498  -20.736 -6.2137236595
35748  47.599  10.803  -21.185 -6.1561346054
35749  47.422  12.447  -21.796 -5.7746806145
35750  47.326  13.612  -22.667 -5.3274135590
35751  47.983  13.668  -22.906 -4.8334994316
35752  48.566  13.272  -23.214 -4.4159049988
35753  48.783  12.292  -23.677 -4.0636248589
35754  50.111  11.632  -21.404 -3.9855780602
35755  49.517  11.386  -22.733 -3.8973522186
35756  48.748  10.812  -24.064 -3.7897639275
39855  42.315  0.868  -22.874 -3.6483356953
39856  41.643  1.232  -23.104 -3.4751980305
39858  41.251  4.815  -25.673 -4.0907120705
42255  46.095  13.767  -23.546 -5.7183732986
42256  45.626  14.191  -24.023 -5.7917351723
42257  45.921  14.613  -24.082 -5.5254316330
43853  39.375  12.720  -30.814 -4.7075614929
43854  39.403  11.693  -30.547 -4.6474871635
44655  48.044  12.506  -24.775 -4.0398764610
44656  47.590  12.915  -25.413 -4.1000213623
44657  47.517  12.152  -25.631 -3.9391760826
48045  44.949  5.633  -23.742 -5.4770140648
48046  44.623  5.713  -24.012 -5.3959431648
48047  44.727  7.002  -24.237 -5.7184453011
48048  42.576  14.691  -27.136 -6.0171051025
48049  42.478  13.843  -27.085 -6.1020517349
48050  42.113  14.518  -27.636 -5.9463577271
48051  41.705  14.315  -28.093 -5.8367958069
48052  41.844  15.102  -28.274 -5.7235612869
48053  44.693  15.389  -28.821 -4.2320003510
48054  44.485  15.974  -28.571 -4.4073734283
48055  44.158  15.661  -29.306 -4.1704611778
49417  44.531  -2.313  -20.255 -3.5796518326
49418  44.857  -1.255  -20.840 -3.8107562065
49419  45.051  -1.544  -20.506 -3.8169641495
49420  47.175  4.902  -21.183 -5.6939349174
49421  46.931  5.087  -21.553 -5.7197589874
49422  47.092  6.254  -21.498 -5.9950275421
49423  46.992  7.563  -21.790 -6.2121715546
49424  47.290  7.445  -21.384 -6.1879305840
49426  48.733  3.478  -18.130 -4.4949421883
49427  49.012  4.585  -17.917 -4.5369901657
49428  49.706  11.623  -19.374 -4.8571596146
49429  49.290  11.360  -19.321 -5.2254514694
49430  49.325  11.855  -19.734 -5.0648469925
49431  48.951  12.128  -20.154 -5.2265396118
49432  49.331  12.198  -20.221 -4.8905005455
49433  49.292  12.468  -20.814 -4.7225956917
49434  49.641  12.141  -20.374 -4.5710835457
52838  42.553  6.124  -25.677 -4.7462658882
52839  42.437  5.057  -25.312 -4.4663815498
52840  42.111  6.093  -25.861 -4.6137161255
54256  47.171  9.527  -26.272 -3.5632057190
57645  45.323  10.155  -23.885 -6.3566560745
57646  44.930  10.499  -24.352 -6.3400158882
57647  45.032  11.653  -24.273 -6.3434514999
57648  44.643  14.800  -25.043 -5.9423332214
57649  44.399  14.016  -25.048 -6.1564283371
57650  44.108  14.882  -25.581 -6.0029931068
57651  43.563  14.909  -26.113 -6.0410242081
57652  43.825  15.536  -26.172 -5.8169193268
59020  46.988  -0.232  -19.450 -4.2107009888
59021  46.799  -0.024  -19.819 -4.2802124023
59022  47.179  1.094  -19.971 -4.5747413635
59023  47.241  2.310  -20.403 -4.9563031197
59024  47.456  2.120  -20.004 -4.8815698624
59026  49.919  7.604  -17.177 -4.1418266296
59031  50.419  10.849  -18.445 -4.3191995621
62438  41.047  9.916  -27.938 -5.0706005096
62439  41.028  8.944  -27.617 -4.8626484871
62440  40.693  9.722  -28.315 -4.8678326607
62441  39.512  9.795  -29.776 -4.4179630280
62442  39.912  9.122  -28.953 -4.4659667015
62443  39.566  8.825  -29.274 -4.2761015892
64845  47.462  14.211  -24.017 -4.7506155968
64846  47.023  14.810  -24.512 -4.8142328262
64847  47.304  14.454  -24.765 -4.6207399368
64848  46.786  13.799  -26.647 -4.2069787979
64849  46.749  14.441  -26.428 -4.3759760857
64850  46.323  14.159  -27.322 -4.2451291084
64851  45.770  14.581  -27.862 -4.2656016350
64852  45.764  13.706  -28.064 -4.1032500267
64853  46.324  10.283  -27.548 -3.5974104404
64854  46.460  11.178  -27.338 -3.7286746502
64855  45.881  10.613  -28.123 -3.6261169910
64856  44.338  10.708  -29.864 -3.5501654148
64857  44.911  11.274  -29.154 -3.6695933342
64858  44.350  11.692  -29.604 -3.6634507179
64859  44.484  12.692  -29.512 -3.7900738716
75015  44.070  1.071  -22.623 -4.1859283447
75016  43.760  1.239  -22.872 -4.1307559013
75017  44.077  2.301  -23.251 -4.4240846634
75018  43.984  5.929  -24.631 -5.2086801529
75019  43.893  4.799  -24.405 -4.8901848793
75020  43.644  5.980  -24.914 -5.1037116051
75021  43.294  6.034  -25.171 -4.9915976524
75022  43.377  7.189  -25.463 -5.2935147285
75023  44.194  10.690  -25.222 -6.2512874603
75024  44.146  9.530  -25.192 -6.0740590096
75025  43.765  10.837  -25.645 -6.1732873917
75026  42.526  11.713  -26.909 -5.9824938774
75027  42.956  10.679  -26.394 -5.9468922615
75028  42.581  10.523  -26.734 -5.8014082909
75029  42.590  9.437  -26.514 -5.5685148239
75030  42.167  10.581  -27.106 -5.6378192902
75031  41.818  10.289  -27.354 -5.4592533112
75032  41.755  11.375  -27.625 -5.6524267197
75033  40.981  13.987  -28.999 -5.5211310387
75034  41.020  13.000  -28.794 -5.4996209145
75035  40.690  13.711  -29.431 -5.3294997215
75036  40.348  13.458  -29.920 -5.1255083084
75037  40.329  14.348  -30.147 -5.1001038551
75038  45.955  15.674  -25.704 -4.9393944740
75039  45.589  15.765  -25.493 -5.1684007645
75040  45.374  16.050  -26.208 -4.9960680008
75041  43.865  16.488  -28.125 -4.8301391602
75042  44.117  16.412  -27.400 -5.0726017952
75043  43.582  16.468  -27.844 -5.0804929733
75044  43.290  16.305  -27.548 -5.3473157883
75045  43.052  16.458  -28.326 -5.0613245964
75046  42.628  15.664  -31.201 -3.6295440197
75047  43.042  15.962  -30.432 -3.9556398392
75048  42.516  16.116  -31.032 -3.8091154099
75050  42.059  16.513  -30.512 -4.2734723091
75051  41.765  16.489  -30.256 -4.5473604202
75052  42.026  16.367  -29.421 -4.9339227676
75053  41.625  16.250  -29.990 -4.8288817406
75054  41.381  15.940  -29.677 -5.0929255486
75055  41.116  16.174  -30.522 -4.7028698921
75057  40.082  16.049  -31.336 -4.4170551300
75058  39.394  15.975  -31.850 -4.2713613510
75059  39.356  15.369  -31.583 -4.4909796715
79133  43.700  -0.909  -21.493 -3.7280237675
79134  44.019  -0.932  -21.377 -3.7578723431
79135  45.196  0.778  -21.865 -4.3385052681
79136  44.932  0.909  -22.101 -4.3102831841
79137  45.272  1.902  -22.370 -4.6260886192
79138  45.213  3.157  -22.852 -4.9190044403
79139  45.494  3.078  -22.575 -4.9648909569
79140  46.163  0.352  -20.771 -4.3747873306
79141  45.966  0.441  -21.083 -4.3791756630
79142  46.274  1.603  -21.293 -4.7032451630
79143  46.364  5.254  -22.256 -5.7182197571
79144  46.219  4.089  -22.142 -5.3812799454
79145  46.085  5.360  -22.507 -5.6950440407
79146  45.814  5.395  -22.847 -5.6584444046
79147  45.928  6.609  -22.889 -5.9639143944
79148  45.746  7.852  -23.264 -6.1695723534
79149  46.050  7.761  -22.895 -6.1981549263
79150  46.671  9.914  -22.341 -6.3336868286
79151  46.302  10.008  -22.751 -6.3467364311
79152  46.510  11.012  -22.593 -6.2497582436
79153  46.360  12.036  -22.849 -6.1005249023
79154  46.722  11.914  -22.408 -6.0628342628
79158  48.347  3.927  -19.051 -5.0851397514
79159  48.099  2.850  -19.138 -4.8796772957
79160  48.151  4.202  -19.499 -5.2961378098
79161  47.933  4.413  -19.952 -5.4546184540
79162  48.160  5.592  -19.835 -5.6636195183
79163  49.511  8.399  -18.068 -4.9751048088
79164  49.168  7.439  -18.399 -5.1695928574
79165  49.242  8.767  -18.588 -5.3361644745
79166  48.665  10.294  -19.725 -5.8557038307
79167  48.676  9.215  -19.543 -5.8735332489
79168  48.404  9.481  -20.005 -6.0461492538
79169  48.096  8.368  -20.283 -6.1179766655
79170  48.068  9.469  -20.423 -6.1643576622
79171  47.688  9.736  -20.944 -6.2404437065
79172  47.975  10.569  -20.667 -6.0949220657
79173  48.179  12.627  -21.214 -5.4314308167
79174  47.813  12.273  -21.329 -5.7247953415
79175  47.788  12.878  -21.690 -5.4943480492
79176  47.347  13.076  -22.188 -5.5461602211
79177  47.717  13.385  -22.207 -5.2712240219
79178  47.643  13.748  -22.778 -5.0707650185
79179  48.068  13.519  -22.265 -5.0077462196
79180  49.063  12.826  -22.117 -4.4429330826
79181  48.684  13.211  -22.568 -4.5368309021
79182  48.908  12.855  -22.773 -4.3314390182
79183  48.711  12.824  -23.406 -4.2316079140
79184  49.065  12.409  -23.016 -4.1467056274
79186  50.278  11.620  -20.781 -4.0368041992
79191  49.161  11.128  -23.434 -3.8482394218
89393  43.124  1.700  -23.298 -3.9981355667
89394  42.682  0.773  -22.789 -3.7250909805
89395  42.753  1.786  -23.445 -3.9205329418
89396  42.018  3.052  -24.395 -3.9178249836
89397  42.043  2.134  -23.779 -3.7446429729
89398  41.675  2.104  -23.763 -3.6488060951
89399  41.323  1.329  -23.157 -3.3822417259
89400  41.317  2.198  -23.859 -3.5502781868
89401  40.946  6.860  -26.796 -4.4183330536
89402  41.326  5.903  -26.203 -4.3340826035
89403  40.868  5.781  -26.289 -4.1912865639
94491  45.627  12.337  -23.705 -6.1898856163
94492  45.162  12.674  -24.193 -6.2353968620
94493  45.396  13.513  -24.086 -6.0398297310
94494  45.141  14.539  -24.511 -5.8688287735
94495  44.904  15.291  -25.096 -5.6865043640
95317  46.743  -1.446  -18.923 -3.8749620914
95318  47.212  -0.403  -19.083 -4.1152348518
97367  40.324  11.395  -29.334 -4.9752335548
97368  40.306  10.458  -29.091 -4.8322639465
97369  39.890  11.112  -29.824 -4.7578172684
97370  39.473  10.768  -30.192 -4.5458154678
97371  39.040  10.383  -30.573 -4.3441157341
98811  47.954  13.595  -24.346 -4.3768949509
98812  47.512  14.083  -24.991 -4.4407463074
98813  47.583  13.557  -25.189 -4.2679910660
98814  47.188  13.382  -26.037 -4.1569504738
98815  46.733  12.991  -26.914 -4.0404529572
98817  45.405  10.149  -28.782 -3.5315358639
104913  44.649  3.152  -23.243 -4.8037242889
104914  44.346  3.419  -23.559 -4.7356762886
104915  44.495  4.517  -23.787 -5.0626392365
104916  44.311  5.873  -24.365 -5.3062505722
104917  44.081  7.142  -24.902 -5.5253014565
104918  43.330  13.052  -26.093 -6.2576522827
104919  43.317  12.003  -26.095 -6.2132539749
104920  42.863  12.993  -26.587 -6.1904335022
104921  42.476  12.820  -26.958 -6.0886945724
104922  42.092  12.593  -27.423 -5.9545855522
104923  41.714  12.384  -27.794 -5.7923069000
104924  41.678  13.361  -27.909 -5.8587007523
104925  41.337  14.085  -28.532 -5.6927871704
104926  41.067  14.669  -29.171 -5.4583201408
104927  45.397  15.815  -27.335 -4.6158790588
104928  45.115  16.193  -27.036 -4.8167891502
104929  44.810  16.160  -27.845 -4.6223635674
104930  44.207  16.346  -28.317 -4.6054286957
104931  43.669  16.437  -28.808 -4.5620622635
107383  43.981  -2.084  -20.618 -3.5589392185
107384  44.298  -1.056  -21.214 -3.7812883854
107385  44.559  -1.282  -21.001 -3.7988283634
107386  45.058  -0.277  -21.358 -4.0647535324
107387  45.447  0.690  -21.626 -4.3598370552
107388  46.808  2.619  -21.117 -5.0348076820
107389  46.576  2.778  -21.472 -5.0466737747
107390  46.768  3.952  -21.521 -5.3935375214
107391  46.667  5.248  -21.889 -5.7269840240
107392  46.510  6.474  -22.229 -6.0087356567
107393  46.334  7.744  -22.545 -6.2149443626
107394  46.654  7.638  -22.186 -6.2200498581
107395  46.864  8.805  -22.062 -6.3259992599
107396  47.048  9.886  -21.891 -6.3154582977
107398  48.238  1.408  -18.324 -4.2160630226
107399  48.500  2.401  -18.256 -4.3802137375
107400  48.525  3.767  -18.616 -4.8174710274
107401  48.586  5.151  -18.902 -5.2187094688
107402  49.642  10.391  -18.529 -5.0605406761
107403  49.286  9.869  -18.753 -5.3899879456
107404  49.276  10.710  -18.990 -5.3442358971
107405  48.970  11.036  -19.477 -5.5705928802
107406  48.640  11.186  -19.920 -5.7394838333
107407  48.263  11.391  -20.529 -5.8576760292
107408  48.587  11.873  -20.251 -5.5579552650
107409  48.571  12.371  -20.703 -5.3459014893
107410  48.534  12.798  -21.212 -5.1318187714
107411  48.452  13.169  -21.761 -4.9343972206
107412  48.881  12.813  -21.269 -4.8419942856
107413  49.213  12.672  -21.444 -4.5723814964
107414  49.473  12.435  -21.639 -4.3296608925
113540  43.014  3.925  -24.532 -4.3980789185
113541  42.778  2.874  -24.124 -4.1130452156
113542  42.672  4.017  -24.757 -4.2971692085
113543  42.274  3.964  -24.860 -4.1901578903
113544  41.918  4.019  -25.030 -4.0781316757
113545  40.152  6.509  -27.205 -4.1071996689
113546  40.497  5.670  -26.441 -4.0506958961
115893  47.906  10.898  -25.236 -3.7535238266
115894  47.432  11.325  -25.875 -3.7915294170
115895  47.307  10.422  -26.009 -3.6642765999
115896  46.750  9.930  -26.865 -3.5750703812
115897  46.300  9.453  -27.749 -3.4915785789
120639  45.165  7.954  -23.944 -6.0734162331
120640  44.820  8.102  -24.333 -6.0041384697
120641  44.888  9.289  -24.384 -6.2212581635
120642  44.576  10.619  -24.782 -6.3061113358
120643  44.204  11.847  -25.203 -6.3284173012
120644  44.679  12.971  -24.665 -6.2728285789
120645  44.266  12.997  -25.136 -6.2939376831
120646  43.799  13.007  -25.627 -6.2909536362
120647  43.403  14.020  -26.084 -6.1967272758
120648  43.070  14.861  -26.633 -6.0477724075
120649  42.755  15.408  -27.261 -5.8451533318
120651  43.699  15.155  -30.101 -3.9142532349
122560  45.003  -2.645  -19.737 -3.5778539181
122561  45.300  -1.592  -20.287 -3.8168125153
122562  45.487  -1.831  -19.968 -3.8090691566
122563  45.979  -0.852  -20.209 -4.0691666603
122564  46.392  0.291  -20.481 -4.3586812019
122565  46.402  -1.024  -19.629 -4.0081110001
122566  46.595  0.114  -20.143 -4.3282279968
122567  46.732  1.325  -20.648 -4.6739854813
122568  47.031  2.464  -20.759 -5.0058264732
122569  47.244  3.585  -20.810 -5.3377227783
122570  47.446  4.858  -20.837 -5.6454248428
122572  49.302  5.708  -17.738 -4.4905705452
122573  49.579  6.625  -17.453 -4.3539390564
122574  49.719  7.975  -17.602 -4.5697154999
122575  49.859  9.081  -17.781 -4.6929774284
122577  50.229  9.683  -17.643 -4.3605804443
122578  49.979  10.026  -18.031 -4.7275514603
122579  50.041  10.714  -18.362 -4.6904563904
122580  50.079  11.145  -18.834 -4.6058287621
122581  50.108  11.481  -19.388 -4.4979281425
122582  50.108  11.737  -19.994 -4.3863348961
122583  50.513  11.382  -19.557 -4.1715641022
127349  41.785  8.262  -26.784 -4.9865055084
127350  41.742  7.131  -26.426 -4.7324519157
127351  41.398  8.089  -27.022 -4.8167958260
127352  40.994  7.950  -27.252 -4.6431255341
127353  40.594  7.773  -27.436 -4.4685564041
127354  40.287  9.509  -28.665 -4.6647853851
127355  40.279  8.516  -28.201 -4.4839391708
127356  40.227  7.504  -27.696 -4.2968473434
127357  39.837  7.243  -27.949 -4.1323161125
130521  46.785  14.447  -23.672 -5.1957907677
130522  46.287  14.968  -24.187 -5.2663273811
130523  46.675  14.953  -24.372 -5.0281600952
130524  46.559  15.320  -25.126 -4.8776192665
130525  46.348  15.508  -25.901 -4.7349967957
130526  47.069  14.552  -25.563 -4.4989161491
130527  46.582  15.018  -26.195 -4.5498032570
130528  46.062  15.471  -26.681 -4.5901904106
130529  45.669  15.263  -27.576 -4.4345526695
130530  45.231  14.987  -28.362 -4.2627563477
130531  44.719  14.606  -29.074 -4.0735006332
130532  46.982  11.703  -26.492 -3.8344783783
130533  46.558  12.100  -27.129 -3.8789148331
130534  46.163  12.480  -27.669 -3.9185080528
130535  45.371  10.910  -28.654 -3.6535396576
130536  45.519  11.897  -28.416 -3.7936220169
130537  45.665  12.793  -28.232 -3.9452462196
130538  45.119  13.237  -28.790 -3.9506001472
130539  44.626  13.679  -29.281 -3.9269838333
143205  43.144  -0.663  -21.778 -3.6460952759
143206  42.871  -0.410  -21.967 -3.5927970409
143207  43.324  0.353  -22.434 -3.8547670841
143208  43.459  1.448  -23.093 -4.0682330132
143209  43.455  2.611  -23.741 -4.2825450897
143210  44.020  3.527  -23.833 -4.6610889435
143211  43.704  3.642  -24.072 -4.5800404549
143212  43.350  3.788  -24.309 -4.4924130440
143213  43.175  4.962  -24.869 -4.6914234161
143214  42.904  6.187  -25.443 -4.8723950386
143215  42.583  7.265  -25.994 -5.0277142525
143216  44.472  8.298  -24.713 -5.9203085899
143217  44.109  8.288  -25.090 -5.8222560883
143218  43.757  8.400  -25.416 -5.7107357979
143219  43.361  10.770  -26.050 -6.0714979172
143220  43.368  9.620  -25.964 -5.8538966179
143221  43.400  8.438  -25.770 -5.5866923332
143222  43.009  8.348  -25.991 -5.4511790276
143223  42.600  8.353  -26.271 -5.3052148819
143224  42.218  8.271  -26.541 -5.1498804092
143225  41.813  9.239  -27.073 -5.2321753502
143226  41.463  10.098  -27.666 -5.2689938545
143227  41.079  10.936  -28.286 -5.2564949989
143228  41.382  12.221  -28.179 -5.6073093414
143229  41.044  11.930  -28.585 -5.4055151939
143230  40.714  11.726  -29.003 -5.1929187775
143231  40.350  12.482  -29.674 -5.0787038803
143232  39.896  13.126  -30.390 -4.9161944389
143233  39.364  13.688  -31.064 -4.7093696594
143234  45.746  15.265  -24.711 -5.3426351547
143235  45.250  15.623  -25.231 -5.4210262299
143236  44.704  15.826  -25.754 -5.4953308105
143237  44.766  16.340  -26.814 -5.0424861908
143238  44.418  16.205  -26.583 -5.2924933434
143239  44.107  16.037  -26.306 -5.5574445724
143240  43.520  16.019  -26.818 -5.5988278389
143241  43.001  15.919  -27.410 -5.6115117073
143242  42.474  15.830  -27.962 -5.5898270607
143243  43.555  15.803  -29.875 -4.0776662827
143244  43.389  16.235  -29.650 -4.2690453529
143245  43.072  16.466  -29.461 -4.4910736084
143246  42.332  16.364  -30.776 -4.0244636536
143247  42.585  16.504  -29.981 -4.3936548233
143248  42.813  16.522  -29.187 -4.7419252396
143249  42.490  16.388  -28.818 -5.0124268532
143250  42.239  16.139  -28.677 -5.2843303680
143251  42.012  15.793  -28.454 -5.5312047005
143252  41.628  15.613  -28.940 -5.4367904663
143253  41.184  15.356  -29.400 -5.3110094070
143254  40.761  15.189  -29.925 -5.1607003212
143255  40.531  16.138  -31.037 -4.5630946159
143256  40.435  15.646  -30.670 -4.8093185425
143257  40.342  15.061  -30.395 -4.9936976433
143258  39.903  14.892  -30.892 -4.8176651001
143259  39.345  14.569  -31.277 -4.6391282082
148191  43.424  -0.829  -21.632 -3.6909878254
148192  43.944  0.011  -22.067 -3.9524235725
148193  44.352  1.019  -22.442 -4.2340779305
148194  44.525  0.006  -21.801 -4.0212821960
148195  44.641  1.050  -22.315 -4.2754812241
148196  44.684  2.123  -22.808 -4.5386118889
148197  44.950  3.162  -23.053 -4.8650245667
148198  45.103  4.391  -23.298 -5.2065987587
148199  45.229  5.491  -23.419 -5.5484733582
148200  45.525  -0.565  -20.806 -4.0829138756
148201  45.694  0.530  -21.328 -4.3737254143
148202  45.771  1.768  -21.846 -4.6832785606
148203  46.293  2.872  -21.762 -5.0440020561
148204  46.022  2.903  -22.019 -5.0285410881
148205  45.752  3.017  -22.313 -5.0017876625
148206  45.660  4.230  -22.735 -5.3157277107
148207  45.510  5.483  -23.140 -5.6092848778
148208  45.351  6.718  -23.537 -5.8663797379
148209  45.456  7.903  -23.601 -6.1283087730
148210  45.533  8.946  -23.567 -6.3009586334
148211  45.646  10.213  -23.530 -6.3605527878
148212  46.163  8.946  -22.841 -6.3310441971
148213  45.990  10.164  -23.136 -6.3560833931
148214  45.805  11.267  -23.400 -6.3023729324
148215  45.982  12.240  -23.274 -6.1433501244
148216  46.215  12.997  -23.141 -5.9152617455
148217  46.528  13.525  -23.137 -5.6531291008
148219  47.346  -0.640  -18.658 -3.9893891811
148220  47.539  0.634  -19.134 -4.3718700409
148221  48.017  1.565  -18.771 -4.4474582672
148222  47.863  1.738  -19.174 -4.6330494881
148223  47.667  1.901  -19.578 -4.7759127617
148224  47.713  3.179  -19.994 -5.1833486557
148225  47.703  4.673  -20.397 -5.5682291985
148226  47.658  6.155  -20.718 -5.8984370232
148227  49.064  5.960  -18.190 -4.8956184387
148228  48.840  6.315  -18.675 -5.2521061897
148229  48.641  6.545  -19.152 -5.5473079681
148230  48.967  9.001  -19.070 -5.6377158165
148231  48.665  7.915  -19.347 -5.7715177536
148232  48.416  6.769  -19.621 -5.7775483131
148233  48.129  7.087  -20.098 -5.9469914436
148234  47.865  7.176  -20.549 -6.0646910667
148235  47.574  7.567  -20.946 -6.1415581703
148236  47.489  8.636  -21.166 -6.2734575272
148237  47.380  9.791  -21.420 -6.2871265411
148238  47.249  10.900  -21.678 -6.1956744194
148239  47.881  11.497  -20.989 -5.9364790916
148240  47.503  11.695  -21.466 -5.9890170097
148241  47.103  11.831  -21.930 -6.0277938843
148242  47.004  12.580  -22.270 -5.8179049492
148243  46.936  13.270  -22.668 -5.5967826843
148244  46.885  13.938  -23.137 -5.3858242035
148245  47.248  14.002  -23.211 -5.1315441132
148246  47.591  13.994  -23.380 -4.8980956078
148247  47.886  13.819  -23.562 -4.6855783463
148248  48.392  13.393  -22.389 -4.7623081207
148249  48.307  13.533  -23.014 -4.6159377098
148250  48.179  13.596  -23.661 -4.4901390076
148251  48.352  13.237  -23.849 -4.3076190948
148252  48.460  12.735  -24.038 -4.1363353729
148253  48.417  12.029  -24.338 -3.9782159328
148254  50.026  11.944  -20.594 -4.2833848000
148255  49.888  12.034  -21.174 -4.1943330765
148256  49.701  12.042  -21.805 -4.1182885170
148258  49.834  11.564  -22.045 -3.9411265850
148259  49.451  11.961  -22.519 -4.0505118370
148260  49.131  11.801  -23.225 -3.9846711159
148261  48.771  11.562  -23.905 -3.9149618149
148262  48.364  11.251  -24.565 -3.8379919529
148263  48.260  10.420  -24.755 -3.7209341526
160524  42.394  1.891  -23.591 -3.8357102871
160525  41.983  1.085  -23.040 -3.5645668507
160530  41.713  6.095  -26.050 -4.4757447243
160531  41.664  5.028  -25.643 -4.2189755440
160532  41.492  3.977  -25.146 -3.9628515244
160533  40.816  4.787  -25.793 -3.9629697800
160534  41.087  3.912  -25.184 -3.8468322754
160535  41.246  3.086  -24.592 -3.7072081566
160549  38.571  10.837  -31.253 -4.2483220100
160550  38.681  9.915  -30.802 -4.1574091911
