#!ascii label  , from subject fsaverage vox2ras=TkReg coords=white
452
29  8.465  -53.147  20.368 -5.2150197029
767  5.129  -57.468  22.070 -2.9821946621
771  6.702  -53.993  16.658 -4.6652116776
1914  9.598  -52.670  24.091 -3.3602910042
2271  5.516  -49.624  25.704 -4.2872524261
2280  4.609  -48.527  20.983 -4.1076021194
2281  6.765  -47.981  18.465 -3.2707335949
2687  7.294  -55.682  21.130 -4.2439126968
2688  4.546  -58.733  19.539 -2.9554026127
2689  5.671  -56.379  18.815 -4.4461989403
2690  4.914  -57.042  16.594 -4.3049936295
2691  7.701  -53.796  18.382 -5.2102856636
4205  9.175  -55.130  24.670 -2.7901434898
4206  10.207  -52.585  25.855 -2.1035783291
5038  6.719  -49.345  27.658 -3.2923445702
5039  4.919  -47.819  28.566 -2.9816796780
5063  5.363  -47.988  19.558 -3.4253115654
5997  6.114  -53.896  14.900 -4.3447179794
8351  8.347  -55.294  22.919 -3.6615047455
8352  9.015  -52.777  22.306 -4.4717373848
9373  8.956  -50.618  26.406 -2.7808871269
9374  7.949  -50.660  24.743 -4.0629959106
9375  7.137  -50.738  23.036 -5.1300463676
9400  4.514  -47.320  25.890 -3.0368227959
9401  4.680  -49.335  23.287 -4.6646752357
9402  6.671  -50.505  20.735 -5.5148525238
9403  6.458  -50.324  19.015 -4.9317493439
9404  6.339  -50.166  17.330 -4.2267942429
9405  6.349  -49.921  15.889 -4.0179452896
10367  8.138  -54.593  20.610 -4.7803831100
10368  6.421  -56.050  19.992 -4.3993153572
10369  7.419  -54.941  19.494 -4.9403343201
10370  6.787  -55.230  18.540 -4.9338207245
10371  8.141  -53.499  19.355 -5.3178086281
11885  10.263  -53.771  26.049 -1.8666583300
12718  5.362  -47.831  29.575 -2.7079288960
13825  4.688  -59.316  18.345 -2.9808304310
13832  5.689  -55.549  16.557 -4.5863323212
13833  4.925  -57.274  15.473 -4.2226939201
13834  5.456  -55.621  15.592 -4.4116797447
13836  6.329  -54.005  15.800 -4.4442744255
18377  9.660  -53.950  24.281 -3.0435745716
18378  8.812  -55.200  23.803 -3.2605805397
18379  9.361  -53.952  23.419 -3.5836389065
18380  8.972  -54.116  22.513 -4.0657701492
18381  9.321  -52.672  23.226 -3.9436173439
20873  9.473  -50.519  27.161 -2.1194343567
20874  8.464  -49.828  27.767 -2.4542236328
20875  6.118  -49.508  26.718 -3.8329830170
20876  7.239  -49.979  26.124 -3.7236783504
20877  6.719  -50.109  25.253 -4.3000068665
20878  7.472  -50.707  23.844 -4.6408996582
20879  6.145  -50.200  24.309 -4.7964582443
20943  4.658  -47.577  22.231 -3.3336656094
20944  4.426  -48.013  23.354 -3.6700520515
20945  4.562  -48.973  22.115 -4.4742941856
20946  5.488  -49.929  22.047 -5.2404704094
20947  5.306  -49.693  20.968 -5.0581064224
20948  6.598  -50.420  19.836 -5.3100209236
20949  5.164  -49.436  20.016 -4.6789493561
20950  6.005  -47.921  18.964 -3.2779343128
20951  5.438  -48.942  18.411 -3.9295022488
20952  5.700  -48.783  17.703 -3.7454295158
20953  6.397  -50.107  16.556 -4.0650768280
20954  6.100  -48.680  17.118 -3.6971771717
23269  6.130  -56.603  21.629 -3.6284642220
23270  4.762  -58.040  20.857 -2.9651465416
23271  5.446  -56.970  20.470 -3.7205753326
23272  4.880  -57.480  19.243 -3.7654526234
23273  4.625  -58.115  17.869 -3.7796952724
23275  5.112  -56.767  17.696 -4.3994593620
23276  6.190  -55.445  17.614 -4.7901968956
23277  7.167  -53.968  17.513 -4.9553670883
26002  9.502  -54.980  25.545 -2.2627298832
26003  9.926  -53.935  25.098 -2.4597954750
26004  9.846  -52.632  24.913 -2.7382807732
27500  7.298  -49.305  28.376 -2.7026245594
27501  6.207  -48.688  29.106 -2.8010127544
27502  5.628  -48.755  28.245 -3.2735881805
27503  5.071  -48.856  27.238 -3.6492712498
27545  4.881  -48.186  20.245 -3.7182171345
35340  5.698  -57.276  22.996 -2.9748370647
35342  7.448  -56.284  23.452 -3.2702443600
35343  6.875  -56.438  22.573 -3.4812219143
35344  7.840  -55.478  22.015 -3.9919788837
35345  8.613  -54.345  21.564 -4.4750981331
35346  8.751  -52.937  21.346 -4.9138402939
38359  10.161  -51.444  26.815 -1.7809896469
38360  9.730  -51.491  26.053 -2.4226551056
38361  9.301  -51.448  25.231 -3.0808458328
38362  7.842  -49.937  26.947 -3.1009798050
38363  8.400  -50.617  25.611 -3.4371330738
38364  9.006  -51.489  24.394 -3.7180845737
38365  8.637  -51.501  23.469 -4.3161392212
38366  8.306  -51.486  22.608 -4.8519716263
38367  8.127  -51.526  21.695 -5.2733716965
38441  4.634  -47.643  27.218 -3.1011252403
38442  4.661  -48.780  25.910 -3.8715329170
38444  4.427  -48.439  24.639 -3.8805942535
38445  4.937  -49.587  24.560 -4.5920743942
38446  5.746  -50.178  23.161 -5.1412901878
38447  6.849  -50.642  21.908 -5.4500727654
38448  7.982  -51.589  20.510 -5.5022606850
38449  7.863  -51.776  19.473 -5.4823746681
38450  7.611  -51.972  18.556 -5.2392492294
38451  7.397  -52.083  17.689 -4.8842768669
38452  5.260  -49.207  19.207 -4.2595953941
38453  6.355  -50.253  18.130 -4.5309371948
38454  7.173  -52.116  16.793 -4.5521092415
38455  6.840  -52.029  16.104 -4.3338713646
38456  6.637  -51.967  15.323 -4.2462978363
38463  7.475  -48.023  17.962 -3.3606073856
41087  8.392  -53.927  20.422 -5.0120353699
41088  7.779  -54.759  20.056 -4.8807902336
41089  8.085  -54.116  19.850 -5.1055717468
41090  7.840  -54.259  19.395 -5.1512432098
41091  8.280  -53.313  19.884 -5.2936124802
44545  4.895  -59.513  17.736 -3.0132992268
44552  6.203  -54.810  16.602 -4.6491937637
44553  5.581  -55.592  16.079 -4.4904103279
44554  6.036  -54.815  16.146 -4.5361585617
44555  5.872  -54.810  15.693 -4.4451594353
44556  6.521  -53.992  16.213 -4.5412497520
49097  9.713  -53.321  24.132 -3.1947565079
49098  9.537  -53.926  23.871 -3.3202126026
49099  9.633  -53.263  23.699 -3.4834532738
49100  9.435  -53.311  23.288 -3.7599322796
49101  9.489  -52.636  23.673 -3.6577749252
51593  8.762  -49.733  28.106 -2.1325609684
51594  8.238  -49.442  28.473 -2.2787740231
51595  5.810  -49.580  26.209 -4.0740265846
51596  6.402  -49.802  25.958 -4.0814876556
51597  6.087  -49.879  25.490 -4.3352351189
51598  6.412  -50.177  24.808 -4.5616493225
51599  5.745  -49.960  25.029 -4.5621013641
51663  4.580  -48.055  21.589 -3.7355270386
51664  4.499  -48.272  22.122 -3.9225127697
51665  4.584  -48.761  21.535 -4.3035879135
51666  4.858  -49.367  21.526 -4.8030686378
51667  4.749  -49.196  20.961 -4.6302118301
51668  5.251  -49.552  20.467 -4.8837442398
51669  4.814  -49.002  20.500 -4.4283103943
51670  6.399  -47.965  18.705 -3.2587292194
51671  5.815  -48.346  18.321 -3.5281043053
51672  6.043  -48.262  18.066 -3.4967846870
51673  5.965  -48.740  17.423 -3.7071151733
51674  6.389  -48.293  17.804 -3.4958283901
54142  6.701  -56.162  21.384 -3.9440002441
54143  5.768  -56.735  21.078 -3.6810324192
54144  6.292  -56.313  20.827 -4.0190978050
54145  6.021  -56.206  19.433 -4.4361877441
54146  5.515  -56.716  19.680 -4.1104946136
54147  5.169  -56.915  19.035 -4.1276106834
54148  4.688  -57.821  18.546 -3.7749104500
54149  4.974  -57.218  18.346 -4.1284604073
54150  4.788  -57.432  17.783 -4.1169495583
54151  5.400  -56.591  18.252 -4.4322357178
54152  7.286  -54.568  18.427 -5.0995006561
54153  6.490  -55.340  18.063 -4.8751406670
54154  7.009  -54.659  17.977 -5.0132317543
54155  6.757  -54.741  17.558 -4.9005360603
54156  7.429  -53.916  17.925 -5.0947556496
58697  10.298  -53.173  25.914 -1.9736317396
58698  10.080  -53.835  25.585 -2.1611402035
58699  10.109  -53.227  25.455 -2.2797722816
58700  9.955  -53.259  24.928 -2.5892357826
58701  10.011  -52.616  25.391 -2.4199633598
61193  6.525  -48.641  29.512 -2.5428106785
61194  6.079  -48.254  29.786 -2.5566513538
61195  5.123  -47.837  29.116 -2.8613507748
61196  5.477  -48.337  28.959 -2.9853072166
61197  5.205  -48.381  28.471 -3.1644678116
61198  5.363  -48.804  27.737 -3.4767353535
61199  5.003  -48.349  27.902 -3.3117322922
64515  4.620  -58.360  20.209 -2.9574933052
64537  4.765  -57.775  16.676 -4.0773091316
64539  4.773  -57.936  16.151 -4.0604462624
64551  5.979  -53.843  14.506 -4.3368444443
78171  5.995  -57.201  23.464 -2.9510755539
78175  8.585  -55.231  23.363 -3.4697835445
78176  8.190  -55.731  23.610 -3.2990005016
78177  7.935  -55.829  23.171 -3.4635288715
78178  7.169  -56.360  23.010 -3.3845005035
78179  7.678  -55.892  22.734 -3.6098141670
78180  7.379  -55.975  22.282 -3.7386515141
78181  8.113  -55.384  22.472 -3.8357410431
78182  9.096  -53.448  22.387 -4.2695426941
78183  8.789  -54.202  22.059 -4.2810292244
78184  8.920  -53.546  21.919 -4.4973416328
78185  8.790  -53.685  21.395 -4.7012505531
78186  8.867  -52.848  21.842 -4.7064766884
85659  10.096  -50.905  27.324 -1.6364371777
85660  9.200  -50.595  26.792 -2.4483244419
85661  9.614  -51.003  26.595 -2.2697544098
85662  9.364  -51.020  26.215 -2.6010663509
85663  9.495  -51.481  25.653 -2.7526447773
85664  9.116  -51.023  25.835 -2.9332780838
85665  6.982  -49.339  28.007 -3.0016245842
85666  7.561  -49.617  27.667 -2.9086055756
85667  7.245  -49.685  27.260 -3.2181882858
85668  7.584  -50.312  25.403 -3.9047126770
85669  7.836  -50.276  25.849 -3.5954194069
85670  8.184  -50.617  25.201 -3.7547767162
85671  8.689  -51.007  24.977 -3.5836658478
85672  8.497  -51.030  24.565 -3.8969941139
85673  8.816  -51.501  23.924 -4.0229821205
85674  8.320  -51.025  24.108 -4.2000956535
85675  7.285  -50.705  23.458 -4.9007816315
85676  7.909  -51.017  23.251 -4.7632174492
85677  7.772  -50.997  22.835 -5.0116925240
85678  8.210  -51.504  22.161 -5.0815935135
85679  7.629  -51.062  22.357 -5.2261314392
85865  4.531  -47.508  26.558 -3.0922164917
85866  4.625  -48.244  26.580 -3.4838023186
85867  4.503  -48.096  25.927 -3.4964327812
85871  4.459  -48.732  23.335 -4.2172207832
85872  4.400  -48.231  23.989 -3.7991504669
85873  4.519  -48.928  23.955 -4.2900748253
85874  4.570  -49.144  24.596 -4.2998828888
85875  4.810  -49.488  23.919 -4.6617002487
85876  5.275  -49.908  23.866 -4.8937792778
85877  5.157  -49.816  23.247 -4.9746809006
85878  6.071  -50.192  21.390 -5.4178318977
85879  6.168  -50.287  21.981 -5.4085760117
85880  6.777  -50.572  21.323 -5.5178670883
85881  7.420  -51.008  21.250 -5.5076203346
85882  7.366  -50.973  20.627 -5.5549159050
85883  7.905  -51.727  19.960 -5.5242004395
85884  7.360  -51.008  20.124 -5.5339341164
85885  6.508  -50.371  19.435 -5.1333022118
85886  7.241  -51.040  19.230 -5.3095932007
85887  7.142  -51.074  18.793 -5.1334443092
85888  7.593  -52.006  18.097 -5.0669465065
85889  7.103  -51.080  18.347 -4.9389734268
85890  5.052  -48.056  19.859 -3.5550713539
85891  4.923  -48.734  19.693 -4.0184278488
85892  5.119  -48.580  19.323 -3.8427302837
85893  5.743  -49.452  17.871 -4.1054968834
85894  5.761  -49.572  18.265 -4.2517313957
85895  6.345  -50.179  17.714 -4.3620638847
85896  6.925  -51.121  17.475 -4.5664777756
85897  6.829  -51.050  17.109 -4.4157619476
85898  6.946  -52.076  16.462 -4.4258317947
85899  6.755  -51.023  16.734 -4.2991695404
85900  6.341  -50.025  16.208 -4.0314164162
85901  6.656  -50.962  15.969 -4.1699833870
85902  6.593  -50.880  15.614 -4.1466059685
85903  6.579  -51.830  14.983 -4.2357072830
85904  6.529  -50.759  15.283 -4.1370482445
85921  7.027  -48.301  17.324 -3.5521705151
92389  7.731  -55.184  20.827 -4.5236239433
92390  6.835  -55.854  20.540 -4.3348455429
92391  7.346  -55.340  20.282 -4.6230707169
92392  6.962  -55.507  19.730 -4.6889271736
92393  6.575  -55.678  19.170 -4.7194709778
92394  6.234  -55.827  18.671 -4.7156853676
92395  7.174  -55.127  19.028 -4.9574370384
92396  7.592  -54.456  18.896 -5.1481204033
92397  7.916  -53.661  18.859 -5.2881336212
95123  10.476  -53.160  26.366 -1.6784811020
95124  10.341  -52.582  26.262 -1.7962098122
96620  5.695  -47.740  29.949 -2.5274212360
96621  5.366  -47.158  30.055 -2.4511275291
96622  5.037  -47.225  29.687 -2.5788466930
96623  4.832  -47.250  29.171 -2.6721222401
98613  4.569  -59.069  18.921 -2.9622342587
98626  5.232  -56.272  16.577 -4.4732856750
98627  4.839  -57.190  15.993 -4.2587046623
98628  5.160  -56.387  16.014 -4.4000587463
98629  5.129  -56.436  15.512 -4.3398618698
98634  6.206  -53.931  15.369 -4.3787832260
106807  9.500  -54.583  24.470 -2.9085376263
106808  8.989  -55.160  24.227 -3.0338053703
106809  9.317  -54.573  24.042 -3.1700735092
106810  9.130  -54.590  23.603 -3.4168689251
106811  8.939  -54.633  23.133 -3.6479268074
106812  8.707  -54.730  22.694 -3.8626239300
106813  9.242  -54.032  22.965 -3.8326077461
106814  9.270  -53.367  22.841 -4.0226712227
106815  9.150  -52.693  22.780 -4.2159137726
111299  9.754  -50.443  27.523 -1.8011814356
111300  9.288  -50.055  27.790 -1.9699419737
111301  8.980  -50.170  27.426 -2.2925539017
111302  8.723  -50.224  27.042 -2.6217586994
111303  6.414  -49.401  27.211 -3.5707881451
111304  6.958  -49.684  26.870 -3.5189549923
111305  6.670  -49.743  26.410 -3.8078169823
111306  6.993  -50.043  25.669 -4.0190563202
111307  7.358  -50.360  24.945 -4.2027788162
111308  7.728  -50.696  24.284 -4.3595833778
111309  7.084  -50.416  24.528 -4.4864778519
111310  6.813  -50.431  24.085 -4.7505035400
111311  6.623  -50.460  23.650 -4.9864263535
111427  4.487  -47.781  22.726 -3.5087227821
111428  4.466  -48.487  22.718 -4.0895533562
111429  4.635  -49.133  22.693 -4.5997362137
111430  5.007  -49.664  22.664 -4.9862899780
111431  4.898  -49.538  22.095 -4.9267649651
111432  5.375  -49.834  21.494 -5.1820168495
111433  5.969  -50.108  20.860 -5.3550333977
111434  6.667  -50.467  20.269 -5.4424796104
111435  5.912  -50.021  20.414 -5.2280907631
111436  5.827  -49.904  19.974 -5.0523505211
111437  5.803  -49.830  19.556 -4.8475713730
111438  5.666  -47.930  19.279 -3.3327450752
111439  5.262  -48.418  18.949 -3.7001147270
111440  5.506  -48.368  18.635 -3.5950136185
111441  5.528  -48.852  18.046 -3.8184978962
111442  5.887  -49.417  17.501 -3.9965846539
111443  6.340  -50.132  16.944 -4.1283035278
111444  5.944  -49.360  17.123 -3.9247448444
111445  6.067  -49.277  16.793 -3.8856456280
111446  6.202  -49.258  16.514 -3.8715901375
115735  5.633  -57.020  21.869 -3.3045549393
115736  4.948  -57.771  21.482 -2.9746818542
115737  5.332  -57.229  21.291 -3.3290252686
115738  5.070  -57.475  20.680 -3.3464131355
115739  4.824  -57.765  20.048 -3.3591339588
115740  5.893  -56.508  20.236 -4.0746402740
115741  5.113  -57.197  19.865 -3.7481679916
115742  4.676  -58.077  19.405 -3.3698055744
115743  4.566  -58.435  18.764 -3.3812139034
115744  4.588  -58.741  18.097 -3.3962178230
115745  4.673  -58.987  17.472 -3.4174551964
115747  4.638  -58.301  17.337 -3.7833559513
115748  4.742  -57.613  17.218 -4.0980324745
115749  4.980  -56.928  17.118 -4.3545007706
115750  5.897  -55.982  18.142 -4.6815314293
115751  5.604  -56.106  17.652 -4.6237549782
115752  5.419  -56.208  17.123 -4.5510816574
115753  5.953  -55.500  17.109 -4.6900181770
115754  6.485  -54.779  17.084 -4.7747068405
115755  6.940  -54.037  17.044 -4.8073244095
122112  9.340  -55.072  25.112 -2.5317156315
122113  9.942  -54.401  25.786 -2.0646986961
122114  9.768  -54.474  25.332 -2.3510866165
122115  9.616  -54.540  24.895 -2.6342885494
122116  9.777  -53.936  24.695 -2.7556486130
122117  9.820  -53.298  24.548 -2.8957302570
122118  9.751  -52.675  24.492 -3.0529892445
125606  7.647  -49.225  28.794 -2.3998842239
125607  7.074  -48.965  29.152 -2.4893984795
125608  6.722  -49.011  28.764 -2.7734544277
125609  6.421  -49.038  28.383 -3.0498592854
125610  5.755  -48.307  29.390 -2.7806959152
125611  5.895  -48.726  28.700 -3.0464422703
125612  6.148  -49.059  27.979 -3.3137302399
125613  5.846  -49.142  27.524 -3.5603475571
125614  5.588  -49.223  27.015 -3.7843832970
125615  5.303  -49.266  26.460 -3.9792330265
125709  4.843  -47.416  21.782 -3.1625204086
125710  4.790  -47.873  21.161 -3.5479094982
125711  4.695  -48.367  20.588 -3.9066634178
125712  4.953  -47.673  20.816 -3.3756055832
125713  5.279  -47.609  20.504 -3.2299702168
125714  5.627  -47.591  20.202 -3.1177773476
125717  5.966  -47.561  19.943 -3.0421493053
125718  6.404  -47.605  19.709 -3.0032961369
125719  6.792  -47.653  19.436 -2.9994230270
125720  7.166  -47.685  19.165 -3.0268549919
130135  4.962  -57.963  15.653 -4.0527639389
147030  5.458  -57.388  22.517 -2.9836711884
147034  8.393  -55.694  24.022 -3.1151628494
147035  7.716  -56.191  23.868 -3.1363170147
147036  6.867  -56.718  23.687 -3.0839738846
147037  6.600  -56.789  23.260 -3.1633746624
147038  6.276  -56.830  22.804 -3.2244842052
147039  5.983  -56.928  22.339 -3.2705614567
147040  6.531  -56.514  22.107 -3.5621247292
147041  7.030  -56.067  21.817 -3.8502283096
147042  7.564  -55.581  21.581 -4.1287736893
147043  8.491  -54.839  22.232 -4.0600147247
147044  8.257  -54.944  21.783 -4.2380976677
147045  8.003  -55.049  21.320 -4.3939056396
147046  8.356  -54.455  21.090 -4.6433467865
147047  8.581  -53.792  20.924 -4.8751144409
147048  8.624  -53.053  20.839 -5.0861077309
156039  10.184  -52.003  26.306 -1.9366059303
156040  9.841  -50.959  26.970 -1.9456847906
156041  10.010  -51.445  26.447 -2.0963900089
156042  10.009  -52.020  25.922 -2.2546131611
156043  9.821  -52.033  25.478 -2.5791771412
156044  9.628  -52.020  25.054 -2.9038751125
156045  9.483  -52.027  24.644 -3.2240293026
156046  7.905  -49.537  28.089 -2.5938920975
156047  8.174  -49.871  27.376 -2.7787871361
156048  8.421  -50.249  26.657 -2.9513978958
156049  7.522  -49.958  26.551 -3.4168701172
156050  8.101  -50.246  26.244 -3.2769601345
156051  8.663  -50.621  26.023 -3.1117370129
156052  8.902  -51.005  25.388 -3.2617814541
156053  9.126  -51.476  24.800 -3.4034526348
156054  9.353  -52.037  24.226 -3.5365839005
156055  9.206  -52.044  23.777 -3.8394899368
156056  9.056  -52.041  23.315 -4.1309747696
156057  8.887  -52.054  22.871 -4.4085454941
156058  8.107  -51.058  23.649 -4.4903421402
156059  8.462  -51.472  23.024 -4.5942373276
156060  8.732  -52.085  22.427 -4.6682071686
156061  8.670  -52.079  21.952 -4.9039306641
156062  8.531  -52.188  21.485 -5.1077313423
156063  8.435  -52.234  21.017 -5.2703185081
156282  4.683  -47.179  28.502 -2.7265598774
156285  4.732  -47.751  27.909 -3.0632042885
156286  4.771  -48.320  27.252 -3.4204430580
156287  4.876  -48.831  26.549 -3.7836506367
156288  5.001  -49.295  25.831 -4.1365451813
156294  4.409  -47.905  25.303 -3.4562687874
156295  4.497  -48.627  25.297 -3.9052879810
156296  4.771  -49.205  25.213 -4.2466077805
156297  5.199  -49.637  25.112 -4.4635791779
156298  5.485  -49.938  24.435 -4.7522745132
156299  5.901  -50.229  23.720 -4.9938693047
156300  6.425  -50.476  23.087 -5.1831407547
156301  5.580  -50.051  22.638 -5.2263498306
156302  6.266  -50.382  22.536 -5.3278141022
156303  6.954  -50.705  22.450 -5.3172903061
156304  7.493  -51.015  21.829 -5.3951787949
156305  7.994  -51.558  21.141 -5.4167079926
156306  8.338  -52.318  20.437 -5.3825335503
156307  8.218  -52.512  19.876 -5.4375133514
156308  8.196  -52.659  19.306 -5.4325466156
156309  8.003  -52.806  18.851 -5.3705706596
156310  7.309  -51.034  19.660 -5.4485330582
156311  7.799  -51.879  18.989 -5.3832216263
156312  7.799  -52.913  18.396 -5.2603464127
156313  7.663  -53.075  17.888 -5.1154456139
156314  7.395  -53.068  17.529 -4.9520478249
156315  7.256  -53.098  17.108 -4.7866549492
156316  4.835  -48.858  20.081 -4.2182378769
156317  5.239  -49.318  19.623 -4.4646539688
156318  5.742  -49.756  19.146 -4.6343669891
156319  5.275  -49.096  18.786 -4.0780773163
156320  5.731  -49.647  18.722 -4.4310688972
156321  6.414  -50.295  18.571 -4.7252078056
156322  7.044  -51.122  17.910 -4.7447233200
156323  7.257  -52.122  17.255 -4.7080740929
156324  7.060  -53.088  16.678 -4.6340584755
156325  6.853  -53.083  16.278 -4.5055861473
156326  6.726  -53.105  15.909 -4.4083461761
156327  6.562  -53.030  15.476 -4.3446531296
156328  6.708  -51.026  16.328 -4.2183175087
156329  6.749  -52.035  15.685 -4.2757968903
156330  6.459  -53.007  15.063 -4.3117842674
156331  6.352  -52.929  14.707 -4.3021898270
156342  7.567  -47.733  18.889 -3.0802459717
156350  7.932  -47.768  18.623 -3.1524610519
156351  7.115  -47.995  18.217 -3.3075091839
156352  6.698  -48.287  17.564 -3.5175068378
156353  6.413  -48.686  16.891 -3.7066040039
156354  6.273  -49.159  16.250 -3.8721666336
156357  6.395  -49.813  15.632 -4.0127997398
