#!ascii label  , from subject fsaverage vox2ras=TkReg coords=white
521
22  48.439  25.941  5.158 -1.9413325787
382  51.448  30.489  5.731 -3.7237968445
738  51.297  28.518  1.345 -4.2305684090
739  47.387  30.278  -0.546 -2.5801615715
740  44.302  27.447  4.030 -2.8715293407
1852  53.064  27.415  4.461 -5.1887440681
1853  52.699  24.376  7.529 -2.2010903358
1854  53.654  27.328  8.435 -2.8202531338
1872  51.982  31.695  2.505 -4.2120842934
2658  50.094  27.030  3.323 -3.6718463898
2659  47.833  28.145  2.680 -3.4756748676
2660  46.387  26.841  4.425 -2.2913143635
4072  53.060  29.168  4.935 -5.1098594666
4073  53.694  27.423  6.204 -4.0943851471
4074  52.641  28.945  6.954 -3.6724765301
4113  49.338  32.380  5.156 -2.7402203083
4114  49.886  33.606  4.092 -2.8917794228
4115  51.867  30.934  4.090 -4.5287613869
4116  52.950  29.461  3.241 -5.6022439003
4770  54.291  23.929  9.285 -2.0588145256
5936  51.914  30.285  -0.313 -3.3519580364
5937  50.793  30.808  -1.701 -2.4139564037
5938  49.062  29.080  0.431 -3.2581160069
5939  45.452  28.822  1.876 -3.1629197598
6187  48.694  31.420  6.699 -2.2674314976
6188  50.148  30.165  7.795 -2.7516224384
8182  51.161  26.360  4.391 -3.7448976040
8183  50.537  25.391  6.371 -2.0582783222
8184  52.866  26.072  5.795 -3.4705111980
8185  54.203  25.804  7.806 -2.7796087265
8186  54.260  25.638  10.142 -2.1077182293
8187  51.448  28.429  9.081 -2.5945103168
8236  52.109  32.130  0.534 -3.1787102222
8237  52.570  29.860  1.446 -4.6731429100
8238  52.334  27.819  2.890 -5.1879029274
10338  49.184  26.488  4.168 -2.8112437725
10339  48.234  27.022  3.811 -2.9074487686
10340  47.387  26.336  4.731 -2.0525231361
11752  52.444  29.886  5.335 -4.5189714432
11753  52.923  29.058  5.981 -4.4208416939
11754  52.067  29.785  6.353 -3.8482010365
11793  50.437  31.297  5.323 -3.3200421333
11794  50.693  31.691  4.601 -3.6400318146
11795  51.702  30.726  4.867 -4.2326164246
11796  52.558  30.055  4.384 -5.0327391624
13733  51.769  29.323  0.494 -3.8824064732
13734  50.848  29.455  -0.158 -3.3167140484
13735  50.237  28.734  0.780 -3.7068884373
13736  46.022  27.808  3.355 -3.1425442696
13737  46.575  28.406  2.366 -3.3292684555
13738  44.891  28.028  2.978 -3.1766707897
14153  48.072  31.311  7.810 -2.1626634598
14196  47.447  32.353  6.386 -1.8824259043
16726  49.236  30.292  -1.162 -2.4910192490
17977  52.321  26.767  4.278 -4.6159491539
17978  52.045  26.247  5.045 -3.6699662209
17979  52.984  26.692  4.964 -4.3600029945
17980  53.830  27.466  7.316 -3.4146146774
17981  54.018  26.702  7.046 -3.3838865757
17982  54.219  26.592  8.130 -2.8526048660
17983  54.431  25.715  8.882 -2.4123065472
17984  54.030  26.480  9.240 -2.4097697735
17985  49.453  29.875  8.838 -2.5043833256
17986  50.854  29.387  8.343 -2.7503936291
18101  51.127  32.712  3.293 -3.6190111637
18102  50.041  33.847  2.984 -2.7286622524
18103  51.285  32.922  2.277 -3.3008224964
18104  51.366  33.076  1.176 -2.8887474537
18105  52.078  31.949  1.511 -3.7253885269
18106  52.394  30.987  0.906 -3.9507291317
18107  52.511  30.723  1.850 -4.5747838020
18108  53.029  28.356  3.699 -5.6657590866
18109  52.797  28.504  2.950 -5.5895147324
18110  52.670  27.555  3.642 -5.3515529633
18111  51.869  26.902  3.649 -4.6518368721
20070  51.677  24.846  6.911 -2.1597702503
23216  50.820  27.814  2.357 -4.1982584000
23217  49.688  28.281  1.878 -3.8532528877
23218  49.102  27.695  2.934 -3.5885803699
23219  47.227  27.543  3.632 -3.0394616127
23220  45.429  27.271  4.201 -2.5953707695
25762  53.249  28.415  4.627 -5.3553848267
25763  53.480  27.436  5.271 -4.7331314087
25764  53.413  28.285  5.599 -4.7450494766
25765  53.403  28.245  6.580 -3.9961566925
25766  53.173  28.168  7.634 -3.2817687988
25835  48.160  33.731  5.363 -2.1193475723
25836  48.428  34.365  4.753 -2.1680419445
25837  49.654  33.034  4.712 -2.8975188732
25838  50.885  32.226  3.998 -3.7506375313
25839  51.942  31.297  3.416 -4.5145816803
25840  52.569  30.482  2.793 -5.0489568710
25841  52.589  30.183  3.618 -5.2261266708
25842  52.969  29.297  4.025 -5.5462980270
27018  53.684  24.019  8.277 -2.1612007618
29210  52.106  31.403  -0.896 -2.7772314548
29212  51.348  30.392  -1.070 -2.8305757046
29213  49.913  29.766  -0.769 -2.8605175018
29214  48.076  29.605  -0.105 -2.8888394833
29215  48.454  28.649  1.573 -3.5119256973
29216  47.258  28.983  1.152 -3.2018082142
29217  46.318  29.597  0.703 -2.9305486679
29797  50.173  30.928  6.217 -2.9170770645
29798  50.879  30.310  6.793 -3.1787905693
29799  49.494  30.790  7.346 -2.5791449547
29800  48.815  30.634  8.348 -2.3930985928
29858  47.764  32.999  5.739 -1.9975802898
29859  49.036  31.823  5.882 -2.4911015034
34852  49.824  26.150  4.713 -2.7849247456
34853  49.465  25.700  5.736 -1.9599227905
34854  50.823  25.964  5.319 -2.8038277626
34855  51.767  25.681  5.936 -2.8035180569
34856  52.742  25.309  6.699 -2.7274453640
34857  53.533  26.708  5.917 -3.9207894802
34858  53.604  25.960  6.786 -3.1557228565
34859  53.663  24.996  7.486 -2.5636107922
34860  54.339  24.917  8.503 -2.3431634903
34861  54.511  24.813  9.647 -2.1142396927
34863  51.487  29.588  7.358 -3.2157058716
34864  52.100  28.861  7.953 -3.0363476276
34865  52.667  27.900  8.687 -2.7220253944
35003  48.599  34.682  3.687 -2.1116957664
35007  51.401  33.370  0.167 -2.4686062336
35008  52.011  32.430  -0.428 -2.6679606438
35009  52.297  31.158  -0.034 -3.3223388195
35010  52.339  30.066  0.599 -3.9856247902
35011  52.196  29.110  1.244 -4.5338678360
35012  52.802  29.556  2.361 -5.2716169357
35013  52.590  28.884  2.161 -5.1619939804
35014  51.899  28.169  2.130 -4.7672481537
35015  51.422  27.336  3.011 -4.4902901649
35016  50.650  26.591  3.814 -3.7306070328
41058  48.792  26.233  4.647 -2.3592162132
41059  48.254  26.448  4.412 -2.4067733288
41060  47.890  26.124  4.896 -1.9794174433
42472  51.970  30.197  5.535 -4.1353712082
42473  52.263  29.812  5.836 -4.1905059814
42474  51.759  30.157  6.053 -3.8246827126
42513  50.957  30.881  5.495 -3.5517001152
42514  51.076  31.048  5.039 -3.7776746750
42515  51.564  30.619  5.255 -3.9945189953
42516  52.122  30.262  5.063 -4.4217014313
44453  51.567  28.853  0.865 -4.0910038948
44454  51.097  28.934  0.537 -3.7998945713
44455  50.796  28.591  1.026 -3.9615263939
44456  45.182  27.618  3.637 -2.9990916252
44457  45.426  27.859  3.183 -3.1686410904
44458  44.611  27.705  3.520 -3.0674543381
47446  48.315  30.204  -0.853 -2.5332088470
47447  48.844  30.640  -1.403 -2.3285944462
48697  52.752  27.063  4.346 -4.9491958618
48698  52.657  26.748  4.649 -4.5145745277
48699  53.046  27.057  4.698 -4.7998762131
48700  53.783  27.414  7.881 -3.1007380486
48701  54.031  27.062  7.723 -3.1226260662
48702  53.995  26.962  8.298 -2.8469567299
48703  54.168  26.520  8.688 -2.6166646481
48704  53.888  26.887  8.810 -2.6034388542
48821  51.560  32.195  2.886 -3.9396903515
48822  51.188  32.836  2.799 -3.4776780605
48823  51.649  32.358  2.417 -3.7548506260
48824  51.737  32.422  1.869 -3.5362460613
48825  52.038  31.840  2.014 -3.9837892056
48826  52.296  31.356  1.675 -4.1571035385
48827  52.310  31.217  2.142 -4.4258441925
48828  53.062  27.868  4.081 -5.4879975319
48829  52.886  27.945  3.659 -5.5624094009
48830  52.853  27.473  4.045 -5.3111157417
48831  52.523  27.117  3.989 -5.0310845375
50790  52.172  24.545  7.189 -2.1903758049
50791  51.508  24.338  7.387 -1.9275261164
50792  52.040  24.050  7.581 -1.9803307056
54053  50.544  27.429  2.843 -3.9939279556
54054  49.989  27.742  2.620 -3.8909113407
54055  49.630  27.376  3.099 -3.6332559586
54056  47.333  26.987  4.136 -2.5787205696
54057  47.770  27.306  3.697 -2.9729406834
54058  46.832  27.208  3.998 -2.6896784306
54059  46.302  27.405  3.904 -2.8036003113
54060  45.939  27.070  4.320 -2.4409997463
58297  53.202  28.785  4.763 -5.2815599442
58298  53.365  28.336  5.091 -5.0787134171
58299  53.233  28.739  5.263 -4.9763145447
58300  52.806  28.987  6.498 -4.0417990685
58301  53.168  28.628  6.334 -4.2402367592
58302  53.068  28.597  6.801 -3.8578715324
58303  53.327  28.216  7.125 -3.6252391338
58304  52.937  28.562  7.313 -3.4953453541
58418  48.753  33.068  5.265 -2.4266259670
58419  48.985  33.386  5.072 -2.4897933006
58420  49.518  32.753  4.968 -2.8365859985
58421  51.331  31.333  4.363 -4.0977416039
58422  50.788  31.944  4.282 -3.7260913849
58423  51.384  31.518  4.028 -4.1617808342
58424  51.422  31.762  3.693 -4.1537618637
58425  51.915  31.070  3.762 -4.5617408752
58426  52.327  30.696  3.518 -4.9067945480
58427  52.293  30.547  3.830 -4.9110050201
58428  52.833  29.664  4.662 -5.1298508644
58429  52.801  29.703  4.200 -5.3337049484
58430  53.017  29.260  4.480 -5.3700265884
58431  53.119  28.892  4.318 -5.5149989128
60390  54.052  23.971  8.755 -2.1156320572
60391  53.554  23.485  8.645 -2.0186195374
60392  53.936  23.488  9.089 -1.9950298071
64238  52.011  30.835  -0.611 -3.0642554760
64239  51.757  30.891  -1.039 -2.8086290359
64240  51.632  30.329  -0.691 -3.0766665936
64241  50.017  29.208  0.081 -3.2883629799
64242  50.364  29.569  -0.488 -3.0757901669
64243  49.454  29.386  -0.187 -3.0700941086
64244  49.037  29.672  -0.468 -2.8738932610
64245  48.485  29.297  0.133 -3.0645198822
64246  48.867  28.274  2.248 -3.6610155106
64247  49.099  28.513  1.691 -3.6797866821
64248  48.133  28.408  2.121 -3.5398278236
64249  45.978  28.569  2.145 -3.2471654415
64250  46.904  28.686  1.814 -3.2969119549
64251  46.330  28.936  1.555 -3.1793889999
64252  46.740  29.301  0.915 -3.0612540245
64253  45.864  29.224  1.301 -3.0669522285
65497  49.458  31.133  6.483 -2.5651726723
65498  49.844  30.862  6.768 -2.7325053215
65499  49.110  31.103  7.026 -2.4370181561
65501  48.466  31.014  8.148 -2.2903213501
65628  48.079  31.827  6.455 -2.0793364048
65629  48.228  32.101  6.107 -2.1545343399
65630  48.876  31.580  6.272 -2.3689160347
65631  49.624  31.309  6.040 -2.7190277576
76972  50.506  26.266  4.531 -3.2613980770
76973  50.350  26.071  5.031 -2.7923209667
76974  50.980  26.162  4.847 -3.2599623203
76975  52.476  26.167  5.380 -3.5864772797
76976  51.945  26.000  5.461 -3.2140114307
76977  52.372  25.848  5.850 -3.1569499969
76978  52.291  25.473  6.336 -2.7769222260
76979  52.802  25.728  6.287 -3.0733208656
76980  53.618  27.444  5.744 -4.4279685020
76981  53.514  27.047  5.540 -4.3339056969
76982  53.697  27.100  6.013 -4.0430016518
76983  54.148  26.250  7.434 -3.0622987747
76984  53.859  26.321  6.899 -3.2957737446
76985  53.934  25.874  7.283 -2.9709115028
76986  53.613  25.486  7.130 -2.8349468708
76987  53.956  25.404  7.632 -2.6909894943
76988  54.058  24.943  7.990 -2.4574830532
76989  54.271  25.359  8.160 -2.5401241779
76990  54.384  25.675  9.469 -2.2500965595
76991  54.509  25.291  9.264 -2.2465741634
76992  54.448  25.242  9.892 -2.1154246330
76995  50.524  30.216  7.343 -2.9441978931
76996  51.176  29.973  7.073 -3.2266998291
76997  50.848  29.899  7.536 -2.9766199589
76998  51.167  28.945  8.698 -2.6883857250
76999  51.489  29.130  8.145 -2.8933129311
77000  51.795  28.699  8.504 -2.7900509834
77001  52.373  28.392  8.312 -2.8892166615
77002  52.067  28.169  8.877 -2.6595444679
77341  49.196  34.024  4.503 -2.5206332207
77342  48.514  34.644  4.263 -2.1527550220
77343  49.262  34.224  3.951 -2.4845988750
77344  50.078  33.907  2.386 -2.6048641205
77345  49.374  34.251  2.734 -2.3278250694
77351  51.857  32.605  0.866 -3.0525329113
77352  51.413  33.212  0.733 -2.6753330231
77353  51.799  32.762  0.393 -2.8109600544
77354  51.786  32.936  -0.110 -2.5811619759
77355  52.054  32.274  0.060 -2.9147515297
77356  52.215  31.742  -0.271 -2.9886703491
77357  52.259  31.646  0.231 -3.2675507069
77358  52.490  30.410  1.151 -4.3276877403
77359  52.401  30.525  0.683 -3.9893946648
77360  52.455  29.980  0.990 -4.3297901154
77361  52.294  29.572  0.921 -4.2848963737
77362  52.445  29.504  1.345 -4.6294512749
77363  52.809  29.912  2.957 -5.3754663467
77364  52.776  29.972  2.525 -5.2019925117
77365  52.859  29.447  2.798 -5.4803099632
77366  52.655  28.141  2.918 -5.4339475632
77367  52.719  28.702  2.579 -5.4122672081
77368  52.475  28.336  2.516 -5.2450184822
77369  52.319  28.512  2.110 -4.9945683479
77370  52.135  28.004  2.506 -5.0016698837
77371  51.680  27.756  2.584 -4.6985573769
77372  51.933  27.540  2.919 -4.8663830757
77373  51.528  26.593  3.971 -4.2235493660
77374  51.307  26.705  3.702 -4.2048788071
77375  50.910  26.448  4.083 -3.7457978725
77376  50.209  26.362  4.245 -3.2585835457
83250  49.967  25.555  6.039 -2.0037097931
83251  49.238  25.362  6.339 -1.6406323910
83252  49.740  25.167  6.674 -1.7062128782
92336  49.608  26.737  3.718 -3.2632491589
92337  49.176  27.028  3.532 -3.2746477127
92338  48.685  26.719  3.957 -2.8514668941
92339  47.782  26.693  4.255 -2.4815742970
92340  46.903  26.588  4.591 -2.1585524082
94882  52.799  29.561  5.134 -4.8505415916
94883  52.985  29.178  5.476 -4.7854251862
94884  52.673  29.493  5.637 -4.5178246498
94885  52.558  29.405  6.127 -4.1573243141
94886  52.357  29.378  6.654 -3.7948534489
94955  49.899  31.785  5.215 -3.0438625813
94956  50.021  32.095  4.895 -3.1796848774
94957  50.550  31.459  4.897 -3.4999649525
94958  51.217  31.192  4.709 -3.9657711983
94959  51.824  30.861  4.489 -4.4161887169
94960  52.258  30.469  4.205 -4.8266625404
94961  52.228  30.359  4.636 -4.6590099335
94962  52.541  29.960  4.862 -4.8077058792
98447  51.847  29.785  0.063 -3.6295347214
98448  51.458  29.803  -0.274 -3.3394763470
98449  51.353  29.366  0.146 -3.5856995583
98450  50.582  29.072  0.312 -3.5314130783
98451  49.652  28.937  0.645 -3.4719340801
98452  46.905  27.988  3.063 -3.3018665314
98453  47.184  28.276  2.534 -3.4062213898
98454  46.288  28.094  2.884 -3.2818577290
98455  45.686  28.211  2.677 -3.2484745979
98456  45.081  28.424  2.433 -3.2044360638
99203  48.407  31.396  7.240 -2.1967811584
103834  50.049  30.476  -1.472 -2.4517698288
103835  50.468  31.021  -1.965 -2.2348718643
103836  49.710  30.769  -1.715 -2.2801117897
106087  51.771  26.512  4.285 -4.2062816620
106088  51.584  26.258  4.701 -3.7215952873
106089  52.163  26.491  4.653 -4.1484942436
106090  52.538  26.434  4.971 -4.0481977463
106091  52.925  26.373  5.335 -3.9065995216
106092  53.767  27.414  6.724 -3.7507784367
106093  53.841  27.047  6.593 -3.7338125706
106094  53.969  27.080  7.172 -3.4221866131
106095  54.149  26.660  7.579 -3.1114504337
106096  54.308  26.201  7.971 -2.8319430351
106097  54.422  25.763  8.343 -2.5907673836
106098  54.343  26.144  8.510 -2.6143367290
106099  54.279  26.101  9.054 -2.4168832302
106100  54.139  26.079  9.693 -2.2441070080
106101  49.787  30.084  8.268 -2.6054408550
106102  50.489  29.801  8.039 -2.7729120255
106103  50.156  29.637  8.574 -2.6177482605
106309  50.526  33.161  3.674 -3.2640442848
106310  49.990  33.783  3.602 -2.8270390034
106311  50.661  33.330  3.193 -3.1635429859
106312  50.712  33.407  2.649 -3.0276093483
106313  50.747  33.459  2.045 -2.8665049076
106315  51.347  32.979  1.683 -3.1006364822
106316  51.814  32.503  1.346 -3.2978792191
106317  52.132  32.030  1.008 -3.4525158405
106318  52.312  31.543  0.695 -3.5625936985
106319  52.305  31.469  1.191 -3.8637442589
106320  52.457  30.878  1.407 -4.2715072632
106321  52.620  30.249  1.598 -4.6566791534
106322  52.996  28.879  3.420 -5.7040429115
106323  52.890  28.922  3.054 -5.6463103294
106324  52.903  28.394  3.305 -5.6769480705
106325  52.756  28.016  3.281 -5.5433936119
106326  52.582  27.628  3.268 -5.3086214066
106327  52.142  27.338  3.275 -4.9849243164
106328  52.353  27.182  3.626 -5.0422968864
106329  52.075  26.828  3.935 -4.6613540649
109854  51.112  25.151  6.639 -2.1133804321
109855  50.314  24.921  6.978 -1.7824420929
109856  50.922  24.638  7.197 -1.8592402935
115610  51.050  28.177  1.851 -4.2739744186
115611  50.501  28.322  1.583 -4.0459203720
115612  50.233  28.051  2.095 -4.0281167030
115613  49.417  28.014  2.422 -3.7789206505
115614  48.541  27.980  2.816 -3.5364191532
115615  48.719  27.322  3.381 -3.2893714905
115616  48.177  27.608  3.264 -3.3023414612
115617  47.543  27.858  3.191 -3.3079831600
115618  46.634  27.711  3.511 -3.0982847214
115619  45.747  27.547  3.785 -2.9096336365
115620  44.896  27.401  4.077 -2.7421510220
121552  53.220  27.879  4.551 -5.3251385689
121553  53.265  27.460  4.838 -4.9919524193
121554  53.366  27.942  4.955 -5.0850992203
121555  53.505  27.861  5.428 -4.7840151787
121556  53.576  27.816  5.917 -4.4411497116
121557  53.218  28.707  5.810 -4.6211018562
121558  53.424  28.243  6.099 -4.3766093254
121559  53.604  27.817  6.392 -4.0772876740
121560  53.623  27.860  6.931 -3.7128098011
121561  53.565  27.829  7.457 -3.3659121990
121562  53.401  27.754  8.013 -3.0508973598
121721  47.543  34.321  5.377 -1.8316940069
121722  47.646  34.664  5.020 -1.8486649990
121723  48.373  34.036  5.153 -2.1562018394
121724  49.093  33.709  4.822 -2.5224761963
121725  49.770  33.340  4.449 -2.9163913727
121726  50.141  32.348  4.578 -3.2767202854
121727  50.281  32.630  4.327 -3.3247613907
121728  50.416  32.934  4.057 -3.3199279308
121729  50.980  32.476  3.675 -3.7131705284
121730  51.447  31.982  3.312 -4.0768084526
121731  51.916  31.519  2.971 -4.3940715790
121732  52.285  31.087  2.648 -4.6517367363
121733  52.306  30.903  3.114 -4.8170480728
121734  52.599  30.312  3.199 -5.1818003654
121735  52.814  29.844  3.398 -5.4599447250
121736  52.564  30.117  3.973 -5.1757512093
121737  52.803  29.744  3.765 -5.4463119507
121738  52.953  29.359  3.609 -5.6254258156
121739  53.048  28.841  3.842 -5.6593675613
121740  53.133  28.363  4.147 -5.5559306145
124482  53.233  24.186  7.873 -2.1908383369
124483  52.622  23.823  7.896 -2.0135121346
124484  53.114  23.614  8.237 -2.0258502960
129752  51.948  32.167  -1.084 -2.4995903969
129754  51.819  31.560  -1.318 -2.5442731380
129755  51.543  31.004  -1.434 -2.5802931786
129756  51.084  30.542  -1.395 -2.6110141277
129757  51.087  29.886  -0.623 -3.0790944099
129758  50.734  29.986  -0.968 -2.8468515873
129759  50.367  30.175  -1.268 -2.6392171383
129760  49.558  30.032  -0.980 -2.6670129299
129761  48.668  29.951  -0.675 -2.6961286068
129762  47.704  29.877  -0.296 -2.7282862663
129763  49.941  28.513  1.342 -3.8221359253
129764  49.346  28.718  1.172 -3.6094107628
129765  48.751  28.856  1.042 -3.4112038612
129766  47.510  28.534  1.987 -3.4177036285
129767  47.838  28.776  1.406 -3.3521547318
129768  48.158  29.025  0.782 -3.2285852432
129769  47.606  29.280  0.514 -3.0609900951
129770  47.127  29.592  0.317 -2.9071273804
129771  46.825  29.944  0.080 -2.7653219700
131347  50.850  30.745  5.955 -3.3097441196
131348  51.176  30.420  6.264 -3.4444606304
131349  50.535  30.651  6.486 -3.0735275745
131350  50.193  30.542  7.074 -2.8613615036
131351  49.835  30.475  7.600 -2.6860184669
131352  48.777  31.089  7.575 -2.3439779282
131353  49.114  30.766  7.830 -2.4651625156
131354  49.454  30.422  8.053 -2.5538692474
131355  49.143  30.287  8.567 -2.4656805992
131511  47.963  33.380  5.547 -2.0633738041
131512  48.571  32.695  5.456 -2.3414421082
131513  47.584  32.666  6.017 -1.9333802462
131514  48.363  32.377  5.709 -2.2462260723
131515  49.183  32.086  5.487 -2.6200816631
131516  49.782  31.561  5.616 -2.8843853474
131517  50.315  31.090  5.744 -3.1190006733
145582  49.124  26.063  4.909 -2.3396208286
145583  48.959  25.808  5.435 -1.9365186691
145584  49.631  25.946  5.198 -2.3446571827
145585  50.148  25.839  5.515 -2.3676321507
145586  50.649  25.729  5.806 -2.3994569778
145587  51.446  26.081  5.149 -3.2466263771
145588  51.303  25.845  5.625 -2.8103775978
145589  51.174  25.539  6.121 -2.4302334785
145590  51.718  25.291  6.424 -2.4508700371
145591  52.245  25.015  6.798 -2.4544916153
145592  52.700  24.857  7.103 -2.4372391701
145593  53.291  27.043  5.104 -4.5909295082
145594  53.295  26.662  5.381 -4.1588335037
145595  53.264  26.354  5.843 -3.7284719944
145596  53.765  26.720  6.474 -3.6580674648
145597  53.553  26.356  6.374 -3.5215275288
145598  53.237  26.004  6.282 -3.3249261379
145599  53.204  25.616  6.684 -2.9645435810
145600  53.163  25.189  7.027 -2.6553211212
145601  53.208  24.689  7.479 -2.3985486031
145602  53.755  24.524  7.874 -2.3406131268
145603  54.081  24.453  8.365 -2.2675540447
145604  54.308  24.400  8.889 -2.1846387386
145605  54.470  25.342  8.711 -2.3897869587
145606  54.470  24.865  9.061 -2.2268314362
145607  54.460  24.352  9.440 -2.0973553658
145611  51.492  30.069  6.571 -3.5145983696
145612  51.785  29.707  6.864 -3.5166909695
145613  52.092  29.261  7.165 -3.4532067776
145614  51.169  29.508  7.812 -2.9582538605
145615  51.806  29.187  7.650 -3.1493346691
145616  52.386  28.897  7.466 -3.3327980042
145617  52.659  28.535  7.769 -3.1690959930
145618  52.910  28.074  8.135 -2.9784038067
145619  53.211  27.638  8.562 -2.7770774364
145625  51.730  27.931  9.454 -2.4784371853
145626  52.369  27.681  9.251 -2.5138173103
145627  52.979  27.403  9.080 -2.5484738350
145628  53.467  27.196  8.957 -2.5794143677
145629  53.656  26.781  9.376 -2.3962190151
145630  53.806  26.402  9.849 -2.2344663143
145631  53.923  25.982  10.319 -2.0975606441
146027  47.744  34.868  4.512 -1.8459572792
146028  47.837  34.956  3.959 -1.8227770329
146029  47.928  34.934  3.377 -1.7811110020
146030  49.319  34.327  3.351 -2.4182999134
146031  48.663  34.628  3.081 -2.0488934517
146042  51.383  33.578  -0.354 -2.2745227814
146043  51.725  33.092  -0.611 -2.3684062958
146044  51.902  32.636  -0.863 -2.4422862530
146045  52.093  31.930  -0.688 -2.7318904400
146046  52.176  31.278  -0.467 -3.0367617607
146047  52.165  30.711  -0.182 -3.3484070301
146048  52.383  31.058  0.436 -3.6298999786
146049  52.337  30.600  0.273 -3.6589906216
146050  52.147  30.160  0.152 -3.6564221382
146051  52.106  29.678  0.528 -3.9471070766
146052  51.977  29.210  0.869 -4.2019948959
146053  51.806  28.760  1.260 -4.3970446587
146054  52.569  30.583  2.309 -4.8406352997
146055  52.689  30.112  2.074 -4.9555053711
146056  52.701  29.699  1.912 -4.9949240685
146057  52.812  29.060  2.673 -5.4924392700
146058  52.736  29.211  2.243 -5.2570862770
146059  52.596  29.371  1.801 -4.9613094330
146060  52.410  29.020  1.720 -4.8611898422
146061  52.087  28.607  1.655 -4.7045316696
146062  51.609  28.341  1.725 -4.5041027069
146063  51.383  27.966  2.242 -4.4960265160
146064  51.156  27.587  2.694 -4.3555326462
146065  50.806  27.161  3.151 -4.0839629173
146066  51.657  27.074  3.327 -4.5922603607
146067  51.089  26.886  3.440 -4.1562619209
146068  50.378  26.803  3.570 -3.7047491074
146069  49.922  26.528  3.975 -3.2579693794
146070  49.493  26.298  4.431 -2.7895274162
153147  48.717  25.503  6.036 -1.5954246521
