#!ascii label  , from subject fsaverage vox2ras=TkReg coords=white
1296
91  58.245  -41.446  -4.968 -3.3765666485
211  50.848  -43.438  0.576 -4.4419703484
347  55.353  -57.783  1.518 -3.3473136425
625  60.750  -50.292  3.229 -2.9926550388
626  62.084  -47.011  -4.808 -2.6737263203
690  45.016  -41.372  2.361 -3.3239574432
691  48.057  -43.738  4.198 -3.7647635937
987  50.537  -39.645  -4.726 -2.6478838921
1397  57.309  -50.585  5.280 -1.9572428465
1398  58.632  -55.504  5.584 -2.3537247181
1400  58.287  -52.175  -1.871 -3.3355002403
1530  47.244  -41.285  -1.841 -3.3277504444
1531  54.269  -43.142  -2.618 -3.1988036633
2509  53.095  -46.632  3.936 -3.0484998226
2510  56.697  -46.075  1.912 -3.3756120205
2511  60.047  -45.332  -0.605 -2.6430160999
2512  60.037  -55.354  2.282 -3.7100565434
2513  62.531  -49.008  -0.711 -3.2126636505
2514  63.915  -43.490  -3.124 -2.7824225426
2610  45.643  -42.472  5.137 -2.6362977028
2611  46.863  -43.820  5.846 -2.6599855423
2907  54.439  -40.429  -5.005 -3.0874330997
2908  52.629  -38.248  -5.519 -2.5660021305
2909  56.411  -39.188  -5.697 -3.1785070896
2911  60.021  -40.163  -5.467 -3.2767286301
3507  47.502  -42.755  1.173 -4.5133118629
3508  45.850  -41.527  0.146 -3.8480949402
3509  48.976  -42.641  -0.841 -4.1975679398
3510  50.563  -42.207  -2.467 -3.3041145802
3511  52.470  -43.359  -1.126 -3.9109203815
5629  59.011  -50.669  4.409 -2.6032366753
5630  57.078  -48.607  3.311 -2.8697228432
5631  59.072  -48.306  2.187 -2.9150450230
5632  58.417  -45.796  0.768 -2.9217202663
5633  60.807  -47.730  1.304 -2.7792558670
5634  55.987  -59.521  2.806 -3.0108637810
5635  58.500  -58.306  3.531 -3.2704901695
5636  58.355  -57.291  1.862 -3.6677730083
5637  59.788  -49.345  -3.427 -2.8178679943
5638  60.572  -50.930  -1.551 -3.4230904579
5639  62.589  -48.063  -3.018 -3.0277898312
5640  63.667  -46.169  -1.860 -2.8354279995
5641  64.031  -45.221  -3.776 -2.7336611748
5642  64.731  -42.583  -4.677 -2.4001240730
5849  44.660  -41.026  4.480 -2.2026865482
5850  46.458  -42.726  3.190 -3.8208720684
5851  49.377  -43.521  2.502 -4.3695755005
7123  58.680  -52.774  5.824 -1.9804351330
7124  59.869  -52.829  4.598 -2.8298616409
7125  54.509  -55.797  -0.167 -3.4227197170
7126  57.013  -54.974  0.216 -3.7701609135
7127  56.004  -53.192  -1.919 -3.2509427071
7128  57.353  -50.719  -3.462 -2.5260586739
7405  44.233  -37.353  -0.490 -2.0079834461
7407  44.785  -39.669  -0.391 -2.7655889988
7408  45.833  -39.340  -2.321 -2.5765244961
7409  48.742  -40.605  -3.470 -2.7637236118
7410  52.408  -41.452  -3.922 -2.8715035915
7411  56.220  -42.351  -4.044 -3.0015420914
7985  52.605  -58.015  1.608 -2.7858414650
10081  49.183  -45.206  5.517 -2.9960210323
10082  50.713  -44.982  4.174 -3.6664190292
10083  52.364  -44.460  2.856 -4.0155177116
10084  55.345  -48.627  4.351 -2.3923339844
10085  54.888  -46.198  2.837 -3.4678103924
10086  53.953  -44.163  1.335 -3.9857070446
10087  55.648  -44.482  -0.327 -3.4641315937
10088  57.224  -44.210  -1.788 -2.9350492954
10089  59.237  -43.520  -3.085 -2.8988981247
10090  57.515  -58.079  4.854 -2.7311105728
10091  59.590  -55.591  4.128 -3.1911635399
10092  60.909  -52.751  3.007 -3.4081993103
10093  59.448  -54.053  0.114 -3.8189923763
10094  61.022  -52.210  0.852 -3.6136786938
10095  62.135  -49.822  1.602 -3.1518080235
10096  62.538  -46.979  -0.117 -2.7704043388
10097  62.113  -44.545  -1.846 -2.7195570469
10098  61.374  -42.650  -3.954 -3.1433959007
10099  63.181  -41.202  -4.650 -2.7705640793
10290  45.794  -43.079  6.322 -2.1048960686
10291  46.344  -43.836  6.681 -2.0562865734
10587  56.321  -40.935  -5.068 -3.2858023643
10588  55.447  -39.865  -5.445 -3.2278630733
10589  57.320  -40.311  -5.404 -3.4311137199
10590  58.169  -39.675  -5.658 -3.3262035847
10591  59.184  -40.911  -5.256 -3.4676330090
11187  49.124  -43.124  0.838 -4.5809698105
11188  48.248  -42.779  0.130 -4.4936556816
11189  49.880  -43.084  -0.151 -4.4236712456
11190  50.677  -42.983  -1.064 -4.0753555298
11191  51.633  -43.391  -0.300 -4.2449793816
13309  59.855  -50.567  3.819 -2.8352665901
13310  59.077  -49.639  3.273 -2.8160295486
13311  60.031  -49.357  2.696 -2.8856313229
13312  59.973  -48.051  1.739 -2.8448531628
13313  60.929  -49.034  2.196 -2.9090940952
13314  55.725  -58.736  2.134 -3.1742539406
13315  57.382  -58.613  2.306 -3.3518147469
13316  56.905  -57.641  1.672 -3.5356259346
13317  60.832  -48.108  -4.109 -2.7143900394
13318  61.203  -48.760  -3.252 -2.9714300632
13319  62.375  -47.533  -3.993 -2.8519387245
13320  63.479  -46.707  -3.468 -2.8704752922
13321  63.297  -46.251  -4.354 -2.7463388443
13322  63.999  -44.804  -4.653 -2.6030738354
13323  62.988  -45.815  -5.041 -2.6057486534
13585  44.523  -39.857  5.193 -1.4807041883
13586  44.641  -40.762  5.528 -1.6453154087
13587  46.726  -43.247  4.558 -3.3478436470
13588  46.019  -42.629  4.152 -3.2597098351
13589  47.236  -43.233  3.670 -3.8743381500
13590  47.810  -43.181  2.755 -4.2734012604
13591  48.700  -43.652  3.379 -4.1335501671
14477  48.771  -39.178  -4.316 -2.5003728867
14479  49.715  -38.538  -4.887 -2.4225451946
15711  58.867  -54.208  5.813 -2.1420261860
15712  59.325  -52.836  5.284 -2.4181580544
15713  59.372  -54.237  5.118 -2.6027135849
15714  54.168  -54.951  -1.130 -3.2252109051
15715  55.268  -54.402  -0.975 -3.4703876972
15716  54.985  -53.834  -1.936 -3.1358733177
15718  56.266  -51.413  -3.465 -2.4499053955
16276  44.141  -37.418  0.566 -1.9111529589
16277  44.372  -40.326  3.127 -2.4818511009
16279  44.495  -40.529  2.032 -2.9341881275
16280  46.531  -41.446  -0.905 -3.6733891964
16281  45.254  -40.694  -0.185 -3.2947337627
16282  45.767  -40.541  -1.195 -3.1429126263
16283  45.282  -39.576  -1.429 -2.6875007153
16284  46.457  -40.402  -2.142 -2.9093713760
16285  47.181  -40.065  -2.991 -2.7084331512
16286  47.981  -40.969  -2.699 -2.9909734726
16287  52.342  -42.600  -2.601 -3.2565267086
16288  51.400  -41.831  -3.180 -2.9974575043
16289  53.288  -42.330  -3.343 -3.0116367340
16290  54.268  -41.920  -4.017 -2.9504749775
16291  55.164  -42.808  -3.397 -3.0107276440
17522  52.276  -57.061  0.703 -2.7466487885
22637  48.405  -45.278  6.220 -2.5338702202
22638  49.622  -46.062  5.956 -2.4086561203
22639  52.242  -46.812  4.488 -2.7539427280
22640  51.180  -45.981  4.589 -3.1027307510
22641  51.997  -45.802  4.091 -3.3776838779
22642  51.531  -44.761  3.521 -3.8771498203
22643  52.855  -45.494  3.455 -3.6016647816
22644  56.604  -50.666  5.832 -1.5951719284
22645  55.585  -49.636  5.357 -1.7805075645
22646  56.407  -49.680  4.863 -2.1259143353
22647  56.942  -47.296  2.514 -3.1873691082
22648  55.980  -47.324  3.005 -3.1577427387
22649  55.752  -46.210  2.413 -3.4964051247
22650  54.593  -45.077  2.349 -3.7990536690
22651  55.453  -45.085  1.716 -3.6947975159
22652  54.801  -44.357  0.501 -3.7691354752
22653  56.303  -45.060  0.967 -3.4627788067
22654  59.216  -45.616  0.087 -2.7370085716
22655  57.807  -44.994  -0.425 -2.9221422672
22656  58.640  -44.704  -1.150 -2.7595736980
22657  58.135  -43.888  -2.483 -2.8454635143
22658  59.650  -44.415  -1.806 -2.7192645073
22662  59.506  -56.933  3.015 -3.5379850864
22663  59.300  -57.216  3.872 -3.2804422379
22664  59.949  -55.588  3.284 -3.4963741302
22665  60.285  -54.224  3.508 -3.3626127243
22666  60.519  -54.130  2.632 -3.5956466198
22667  57.698  -53.539  -0.870 -3.6303613186
22668  58.319  -54.599  0.124 -3.8198018074
22669  58.833  -53.189  -0.858 -3.6511847973
22670  61.615  -49.940  -1.130 -3.3721959591
22671  60.835  -51.586  -0.422 -3.5809664726
22672  61.751  -50.506  0.031 -3.4270370007
22673  61.712  -51.018  1.257 -3.4011993408
22674  62.411  -49.440  0.505 -3.1984121799
22675  62.439  -48.352  0.697 -2.9488167763
22676  62.899  -48.007  -0.314 -2.9852879047
22677  63.855  -44.719  -2.433 -2.7652225494
22678  63.170  -45.219  -1.629 -2.7368786335
22679  63.134  -44.062  -2.479 -2.7900722027
22680  61.857  -43.613  -2.912 -2.8961334229
22681  62.887  -43.042  -3.385 -2.9354612827
22682  62.274  -42.076  -4.304 -3.0693547726
22683  63.617  -42.405  -3.905 -2.8177094460
23128  44.918  -41.524  5.798 -1.8379911184
23129  45.266  -42.350  6.030 -2.0145041943
23130  46.304  -43.173  5.433 -2.7320435047
23131  47.466  -43.860  4.970 -3.2613294125
23663  52.431  -40.027  -4.902 -2.8532624245
23664  51.513  -38.970  -5.166 -2.6453118324
23665  53.552  -39.332  -5.303 -2.9352593422
23666  54.561  -38.741  -5.591 -2.8917939663
23669  57.273  -38.475  -5.890 -2.8896603584
23670  59.020  -38.957  -5.823 -2.9502975941
23671  60.805  -39.341  -5.649 -2.8241989613
24743  46.182  -42.203  1.637 -4.0820064545
24744  45.395  -41.505  1.232 -3.7204174995
24745  46.717  -42.214  0.561 -4.2898235321
24746  47.357  -42.184  -0.450 -4.1710519791
24747  48.091  -42.013  -1.376 -3.7936315536
24748  48.853  -41.771  -2.265 -3.3484773636
24749  49.778  -42.424  -1.694 -3.7440268993
24750  51.497  -42.812  -1.852 -3.6424570084
24751  53.322  -43.295  -1.892 -3.5262224674
28562  53.320  -47.718  4.544 -2.3930628300
28563  58.187  -50.566  4.902 -2.3035614491
28564  57.223  -49.747  4.380 -2.4353272915
28565  58.120  -49.735  3.859 -2.6700482368
28566  58.056  -48.503  2.779 -2.9399557114
28567  57.912  -47.176  2.008 -3.0912253857
28568  57.594  -45.907  1.364 -3.1571590900
28569  58.784  -46.993  1.500 -2.9312305450
28570  59.590  -46.789  1.005 -2.7754232883
28571  60.531  -46.529  0.428 -2.6722486019
28572  55.976  -59.948  3.504 -2.8900172710
28573  57.099  -59.302  3.882 -3.0001399517
28574  57.355  -59.087  3.115 -3.1700737476
28575  58.615  -58.089  2.709 -3.4827651978
28576  59.292  -56.390  1.975 -3.7323951721
28577  58.907  -50.725  -2.751 -3.0318448544
28578  59.421  -51.599  -1.806 -3.3904666901
28579  60.210  -50.133  -2.549 -3.1476240158
28580  61.453  -49.421  -2.238 -3.2115683556
28581  62.584  -48.534  -1.953 -3.1590094566
28582  63.284  -47.627  -1.409 -2.9996693134
28583  63.488  -47.151  -2.384 -2.9616022110
28584  63.920  -45.647  -2.778 -2.8123924732
28585  64.316  -44.257  -3.311 -2.7219171524
28586  64.459  -43.020  -3.848 -2.6509532928
28587  64.536  -43.903  -4.203 -2.5911176205
29004  44.379  -40.099  4.192 -1.9757544994
29005  44.815  -41.204  3.401 -2.7837007046
29006  45.089  -41.812  4.780 -2.4362599850
29007  45.359  -41.987  3.779 -3.0542588234
29008  45.706  -42.109  2.726 -3.6308569908
29009  47.006  -42.754  2.167 -4.2630424500
29010  48.467  -43.168  1.791 -4.5206303596
29011  50.109  -43.470  1.508 -4.4773364067
30256  50.723  -37.853  -5.393 -2.2915160656
31979  58.138  -51.581  5.611 -1.9101617336
31980  58.861  -51.515  5.186 -2.3038194180
31981  59.636  -51.597  4.749 -2.6692297459
31982  60.406  -51.562  4.045 -2.9718518257
31983  54.901  -56.778  0.753 -3.4544782639
31984  56.339  -56.430  0.923 -3.6608679295
31985  55.705  -55.389  0.047 -3.6518757343
31986  56.455  -53.929  -0.843 -3.5856385231
31987  57.169  -52.642  -1.962 -3.2956111431
31988  55.739  -52.697  -2.794 -2.8261275291
31989  56.764  -51.985  -2.867 -2.8789486885
31990  57.793  -51.288  -2.818 -2.9353523254
31991  58.587  -50.093  -3.542 -2.6498017311
31992  59.392  -48.683  -4.169 -2.5060985088
32713  44.460  -37.212  -1.506 -2.0725815296
32717  44.758  -40.675  0.910 -3.2339322567
32718  44.378  -39.654  0.676 -2.7249884605
32719  44.222  -38.575  0.518 -2.2735815048
32720  44.475  -38.588  -0.510 -2.3335313797
32721  44.835  -38.443  -1.485 -2.3357009888
32722  45.292  -38.208  -2.402 -2.3151905537
32723  46.455  -39.057  -3.081 -2.4796664715
32724  47.925  -39.668  -3.721 -2.5787255764
32725  49.571  -40.143  -4.139 -2.6619474888
32726  49.695  -41.458  -3.047 -2.9967486858
32727  50.535  -41.045  -3.778 -2.8056788445
32728  51.460  -40.560  -4.418 -2.7746682167
32729  53.461  -40.994  -4.513 -2.9218823910
32730  55.340  -41.398  -4.640 -3.0677256584
32731  57.216  -41.890  -4.551 -3.1572542191
34278  54.831  -60.301  3.328 -2.7332804203
34279  54.603  -59.665  2.661 -2.8273701668
34280  54.247  -58.768  2.153 -2.9669899940
34288  52.932  -58.901  2.168 -2.7332324982
34289  53.959  -57.887  1.616 -3.0982344151
34290  53.625  -56.956  0.773 -3.1465899944
34291  53.235  -56.028  -0.235 -3.0607571602
40477  47.318  -44.517  6.432 -2.4100902081
40478  47.989  -44.491  5.669 -2.9781720638
40479  48.703  -44.375  4.945 -3.4677810669
40480  50.375  -46.007  5.278 -2.7789990902
40481  49.974  -45.094  4.857 -3.3760445118
40482  49.364  -44.242  4.211 -3.8372015953
40483  50.088  -44.129  3.477 -4.0882110596
40484  50.789  -43.915  2.659 -4.2392930984
40485  51.539  -43.732  1.724 -4.2946915627
40487  54.490  -48.693  4.903 -2.0572700500
40488  54.209  -47.635  3.919 -2.7124555111
40489  56.192  -48.604  3.801 -2.6803188324
40490  55.068  -47.472  3.412 -2.9864392281
40491  54.020  -46.421  3.351 -3.3013355732
40492  53.761  -45.242  2.858 -3.7561728954
40493  53.144  -44.152  2.131 -4.0640788078
40494  52.368  -43.697  0.865 -4.2317357063
40495  53.236  -43.780  0.096 -4.0289139748
40496  54.063  -43.927  -0.697 -3.7142460346
40497  54.972  -43.873  -1.543 -3.3711464405
40498  57.024  -45.030  0.250 -3.1772429943
40499  56.394  -44.402  -1.061 -3.1587197781
40500  55.805  -43.663  -2.240 -3.0953581333
40501  56.749  -43.349  -2.993 -2.9572856426
40502  57.778  -43.003  -3.649 -2.9855232239
40503  58.727  -42.619  -4.134 -3.1471543312
40506  58.227  -56.714  5.250 -2.5662009716
40507  58.114  -58.296  4.219 -3.0269775391
40508  58.836  -57.015  4.631 -2.9552950859
40509  59.212  -55.541  4.881 -2.8002834320
40510  59.808  -54.210  4.322 -3.0248808861
40511  60.506  -52.826  3.757 -3.1694493294
40512  61.132  -51.482  3.271 -3.1880378723
40513  57.755  -56.114  1.095 -3.7852635384
40514  58.971  -55.638  1.044 -3.8427631855
40515  59.880  -54.864  1.249 -3.8274552822
40516  59.935  -52.527  -0.765 -3.6466665268
40517  60.298  -53.154  0.297 -3.7553164959
40518  60.529  -53.785  1.531 -3.7285087109
40519  61.097  -52.547  1.971 -3.5515961647
40520  61.489  -51.298  2.372 -3.3233313560
40521  61.496  -50.107  2.404 -3.0889041424
40522  61.746  -48.689  1.552 -2.9220533371
40523  61.714  -47.321  0.660 -2.7519943714
40524  61.387  -46.159  -0.159 -2.6431491375
40525  63.139  -46.641  -0.971 -2.8115072250
40526  62.247  -45.719  -0.888 -2.6782255173
40527  61.098  -45.000  -1.234 -2.6476800442
40528  60.701  -44.036  -2.409 -2.7877821922
40529  60.280  -43.089  -3.557 -3.0404145718
40530  59.795  -42.124  -4.521 -3.3196628094
40531  60.759  -41.563  -4.784 -3.3234081268
40532  61.630  -40.771  -5.039 -3.0568380356
40533  62.407  -39.892  -5.278 -2.5739030838
40534  64.239  -41.835  -4.452 -2.5307810307
41307  57.289  -41.195  -5.029 -3.3483722210
41308  56.858  -40.658  -5.268 -3.3807644844
41309  57.788  -40.899  -5.197 -3.4367156029
41310  58.253  -40.609  -5.340 -3.4730825424
41311  58.718  -41.178  -5.115 -3.4509756565
41907  49.973  -43.274  0.687 -4.5263919830
41908  49.501  -43.100  0.333 -4.5298347473
41909  50.350  -43.269  0.209 -4.4568505287
41910  50.724  -43.273  -0.244 -4.3407735825
41911  51.213  -43.432  0.123 -4.3636736870
44029  60.303  -50.431  3.530 -2.9229543209
44030  59.942  -49.970  3.274 -2.8746700287
44031  60.407  -49.815  2.985 -2.9244430065
44032  60.496  -49.200  2.449 -2.9008615017
44033  60.845  -49.680  2.674 -2.9608738422
44034  55.553  -58.311  1.814 -3.2636773586
44035  56.352  -58.257  1.867 -3.3602883816
44036  56.135  -57.704  1.564 -3.4484944344
44037  61.436  -47.568  -4.496 -2.6912896633
44038  61.613  -47.864  -4.079 -2.7968885899
44039  62.221  -47.270  -4.422 -2.7611596584
44040  62.896  -46.931  -4.231 -2.8006432056
44041  62.757  -46.653  -4.608 -2.7245852947
44042  63.160  -46.003  -4.709 -2.6775820255
44043  62.582  -46.431  -4.945 -2.6492118835
44307  47.356  -43.520  4.359 -3.6009492874
44308  46.982  -43.255  4.125 -3.6253602505
44309  47.642  -43.480  3.926 -3.8419036865
44310  47.930  -43.446  3.500 -4.0492506027
44311  48.380  -43.698  3.788 -3.9663403034
45197  49.642  -39.430  -4.535 -2.5669581890
45198  49.249  -38.900  -4.616 -2.4650535583
45199  50.131  -39.109  -4.820 -2.5487897396
46431  58.755  -54.914  5.682 -2.2446174622
46432  59.146  -54.287  5.498 -2.3741178513
46433  59.070  -54.958  5.356 -2.4770131111
46434  54.075  -54.719  -1.591 -3.0711698532
46435  54.602  -54.419  -1.516 -3.2139916420
46436  54.487  -54.238  -2.004 -3.0309419632
46996  44.173  -37.345  1.093 -1.8467901945
46997  44.658  -40.903  2.693 -2.8970968723
46998  44.437  -40.468  2.582 -2.7202124596
46999  44.760  -40.998  2.104 -3.1363489628
47000  46.871  -41.368  -1.410 -3.5097079277
47001  46.138  -41.001  -1.083 -3.4035923481
47002  46.470  -40.928  -1.573 -3.2605261803
47003  46.099  -40.481  -1.681 -3.0275695324
47004  46.819  -40.865  -2.008 -3.1085007191
47005  47.185  -40.718  -2.429 -2.9648747444
47006  47.610  -41.134  -2.280 -3.1495780945
47007  53.258  -42.868  -2.622 -3.2311537266
47008  52.808  -42.475  -2.981 -3.1126875877
47009  53.763  -42.779  -2.978 -3.1022334099
47010  54.210  -42.580  -3.346 -3.0157105923
47011  54.716  -43.004  -2.999 -3.0838367939
53359  52.665  -46.723  4.212 -2.9045827389
53360  52.148  -46.332  4.271 -3.0785763264
53361  52.544  -46.198  4.021 -3.2153439522
53362  52.401  -45.655  3.792 -3.4966084957
53363  52.975  -46.076  3.724 -3.3415043354
53364  56.961  -50.622  5.535 -1.7759017944
53365  56.520  -50.146  5.362 -1.8516654968
53366  56.899  -50.158  5.103 -2.0271837711
53367  56.852  -46.703  2.168 -3.2962174416
53368  56.353  -46.725  2.426 -3.3389029503
53369  56.243  -46.198  2.151 -3.4527366161
53370  55.660  -45.651  2.109 -3.6118640900
53371  56.132  -45.595  1.828 -3.5356545448
53372  55.855  -45.071  1.342 -3.5909221172
53373  56.603  -45.525  1.525 -3.4300851822
53374  59.622  -45.470  -0.275 -2.6773521900
53375  58.943  -45.148  -0.472 -2.7400617599
53376  59.359  -44.993  -0.856 -2.6894049644
53377  59.129  -44.558  -1.480 -2.7238032818
53378  59.820  -44.842  -1.178 -2.6673941612
53382  59.807  -56.160  2.684 -3.6412606239
53383  59.782  -56.270  3.147 -3.5296852589
53384  60.055  -55.522  2.801 -3.6145069599
53385  60.223  -54.873  2.940 -3.5640053749
53386  60.286  -54.750  2.436 -3.6637403965
53387  57.997  -52.888  -1.401 -3.4929072857
53388  58.258  -53.360  -0.862 -3.6426632404
53389  58.577  -52.700  -1.361 -3.5087246895
53390  62.133  -49.462  -0.925 -3.3048903942
53391  61.699  -50.208  -0.561 -3.4120872021
53392  62.167  -49.709  -0.305 -3.3216311932
53393  62.157  -49.961  0.310 -3.3194541931
53394  62.486  -49.211  -0.079 -3.2117974758
53395  62.645  -48.723  0.110 -3.0905327797
53396  62.790  -48.506  -0.513 -3.1028325558
53397  63.921  -44.090  -2.757 -2.7659344673
53398  63.566  -44.358  -2.411 -2.7668099403
53399  63.550  -43.778  -2.791 -2.7999832630
53400  63.064  -43.496  -2.924 -2.8562681675
53401  63.464  -43.199  -3.202 -2.8483307362
53402  63.263  -42.722  -3.636 -2.8990297318
53403  63.844  -42.920  -3.514 -2.8039810658
53907  46.296  -43.456  6.056 -2.4031822681
53908  46.033  -43.113  5.874 -2.4134204388
53909  46.604  -43.506  5.636 -2.7191438675
53910  46.847  -43.540  5.192 -3.0320949554
53911  47.167  -43.836  5.422 -2.9682760239
54797  53.399  -40.224  -4.951 -2.9702203274
54798  52.974  -39.692  -5.121 -2.9023592472
54799  53.972  -39.883  -5.213 -3.0394797325
54800  55.924  -39.534  -5.585 -3.2340281010
54801  55.024  -39.325  -5.544 -3.0931770802
54802  55.491  -39.011  -5.660 -3.0465936661
54803  55.059  -38.423  -5.726 -2.8007314205
54804  55.958  -38.654  -5.765 -2.9446969032
54806  56.868  -38.848  -5.789 -3.0606734753
54807  59.110  -39.933  -5.587 -3.3267409801
54808  58.605  -39.313  -5.745 -3.1664288044
54809  59.519  -39.548  -5.681 -3.1449658871
54810  59.926  -39.153  -5.759 -2.9086725712
54811  60.446  -39.780  -5.577 -3.0757486820
56597  46.866  -42.509  1.348 -4.3475065231
56598  46.429  -42.211  1.072 -4.2239198685
56599  47.139  -42.505  0.835 -4.4312796593
56600  48.617  -42.733  -0.372 -4.3754239082
56601  47.779  -42.494  -0.152 -4.3610062599
56602  48.160  -42.435  -0.652 -4.2131943703
56603  47.725  -42.108  -0.919 -4.0037908554
56604  48.560  -42.352  -1.136 -4.0117855072
56605  48.933  -42.250  -1.573 -3.7813827991
56606  49.363  -42.516  -1.274 -3.9794766903
56607  51.558  -43.143  -1.103 -3.9960544109
56608  51.083  -42.905  -1.462 -3.8608772755
56609  51.984  -43.090  -1.503 -3.7919678688
56610  52.412  -43.037  -1.903 -3.5869894028
56611  52.887  -43.342  -1.512 -3.7179322243
62964  58.576  -50.644  4.659 -2.4607729912
62965  58.146  -50.228  4.411 -2.4950423241
62966  58.588  -50.239  4.151 -2.6189815998
62967  59.128  -48.969  2.696 -2.8790354729
62968  58.620  -49.077  2.971 -2.8601720333
62969  58.578  -48.427  2.480 -2.9365327358
62970  57.999  -47.843  2.369 -3.0291876793
62971  58.491  -47.739  2.075 -2.9860489368
62972  58.380  -47.059  1.755 -3.0146944523
62973  58.961  -47.617  1.807 -2.9298872948
62974  60.388  -47.892  1.527 -2.8088684082
62975  59.799  -47.414  1.365 -2.8094751835
62976  60.209  -47.252  1.117 -2.7581021786
62977  60.049  -46.658  0.700 -2.7152347565
62978  60.623  -47.099  0.853 -2.7189226151
62979  56.006  -59.848  3.148 -2.9452524185
62980  56.660  -59.535  3.314 -3.0216190815
62981  56.674  -59.355  2.926 -3.0954678059
62982  57.874  -57.998  2.157 -3.5203473568
62983  58.031  -58.385  2.552 -3.4248337746
62984  58.527  -57.745  2.282 -3.5801074505
62985  59.048  -57.297  2.366 -3.6222531796
62986  58.887  -56.900  1.879 -3.7098212242
62987  59.377  -50.025  -3.125 -2.9105594158
62988  59.553  -50.420  -2.669 -3.0909867287
62989  59.995  -49.695  -3.034 -2.9845263958
62990  61.894  -48.512  -3.189 -3.0156147480
62991  61.330  -49.093  -2.772 -3.0977571011
62992  61.969  -48.748  -2.643 -3.1162540913
62993  62.025  -48.972  -2.084 -3.2013933659
62994  62.606  -48.316  -2.493 -3.1017770767
62995  63.065  -47.862  -2.243 -3.0564026833
62996  63.127  -47.607  -2.766 -3.0077047348
62997  63.763  -45.985  -3.619 -2.8005478382
62998  63.784  -46.161  -3.118 -2.8455495834
62999  63.991  -45.429  -3.273 -2.7798857689
63000  64.104  -44.923  -3.028 -2.7610847950
63001  64.234  -44.708  -3.529 -2.7222254276
63002  64.449  -44.076  -3.761 -2.6674516201
63003  64.339  -44.495  -3.987 -2.6657104492
63792  44.511  -40.434  4.830 -1.8172940016
63793  44.424  -39.963  4.700 -1.7238624096
63794  44.491  -40.558  4.324 -2.0872416496
63795  44.500  -40.688  3.812 -2.3621683121
63796  44.721  -41.140  3.940 -2.4936239719
63797  45.219  -42.056  5.382 -2.2329568863
63798  44.992  -41.697  5.259 -2.1310656071
63799  45.352  -42.153  4.936 -2.5443925858
63800  46.232  -42.688  3.677 -3.5515055656
63801  45.682  -42.335  3.978 -3.1679375172
63802  45.864  -42.369  3.466 -3.4649159908
63803  45.491  -42.016  3.249 -3.3521318436
63804  46.073  -42.418  2.949 -3.7417471409
63805  46.311  -42.470  2.420 -3.9891233444
63806  46.705  -42.743  2.660 -4.0608043671
63807  48.581  -43.364  2.632 -4.3599228859
63808  48.154  -43.167  2.286 -4.4178566933
63809  48.931  -43.345  2.146 -4.4619035721
63810  49.276  -43.337  1.659 -4.5259046555
63811  49.766  -43.506  2.009 -4.4399352074
66475  52.080  -38.618  -5.355 -2.6196813583
66476  51.130  -38.400  -5.261 -2.4819312096
66477  51.654  -38.076  -5.481 -2.4181652069
70171  58.446  -52.156  5.759 -1.9318257570
70172  58.508  -51.541  5.409 -2.1084454060
70173  58.808  -52.152  5.513 -2.1411736012
70174  59.604  -52.821  4.952 -2.6301622391
70175  59.456  -52.172  5.002 -2.5507445335
70176  59.807  -52.182  4.716 -2.7411952019
70177  60.029  -51.599  4.429 -2.8303937912
70178  60.188  -52.184  4.329 -2.9148631096
70179  54.690  -56.291  0.302 -3.4590082169
70180  55.299  -56.151  0.385 -3.5821635723
70181  55.071  -55.587  -0.081 -3.5536079407
70182  55.636  -53.777  -1.446 -3.3899216652
70183  55.853  -54.161  -0.936 -3.5409357548
70184  56.189  -53.529  -1.403 -3.4339053631
70185  56.795  -53.302  -1.398 -3.4602470398
70186  56.570  -52.932  -1.894 -3.2773499489
70188  55.189  -53.050  -2.768 -2.7799685001
70189  55.495  -52.480  -3.122 -2.6022071838
70190  56.805  -51.070  -3.499 -2.4837880135
70191  56.529  -51.685  -3.184 -2.6621787548
70192  57.058  -51.371  -3.185 -2.6908588409
70193  57.295  -51.632  -2.848 -2.9032614231
70194  57.590  -50.987  -3.167 -2.7278337479
70195  58.139  -50.652  -3.173 -2.7770364285
70196  57.932  -50.334  -3.497 -2.5809369087
71866  44.329  -37.295  -0.988 -2.0438809395
71875  45.616  -41.540  0.697 -3.8238344193
71876  45.038  -41.095  1.021 -3.4866571426
71877  45.260  -41.132  0.505 -3.5679705143
71878  45.010  -40.200  -0.307 -3.0206680298
71879  44.763  -40.211  0.222 -3.0242383480
71880  44.559  -39.689  0.121 -2.7651624680
71881  44.278  -39.124  0.585 -2.4891088009
71882  44.423  -39.148  0.034 -2.5270171165
71883  44.334  -38.592  -0.020 -2.3137476444
71884  44.610  -39.130  -0.471 -2.5358130932
71885  45.559  -39.472  -1.900 -2.6318397522
71886  45.063  -39.029  -1.472 -2.4991502762
71887  45.292  -38.936  -1.920 -2.4694030285
71888  45.057  -38.356  -1.959 -2.3273763657
71889  45.550  -38.771  -2.367 -2.4385223389
71890  45.831  -38.607  -2.768 -2.4074790478
71891  46.127  -39.198  -2.715 -2.5256295204
71892  47.923  -40.342  -3.255 -2.7417082787
71893  47.551  -39.867  -3.375 -2.6348907948
71894  48.312  -40.145  -3.609 -2.6685464382
71895  48.718  -39.917  -3.938 -2.6187820435
71896  49.145  -40.388  -3.817 -2.6985020638
71897  49.713  -42.006  -2.401 -3.3288125992
71898  49.272  -41.622  -2.670 -3.1546838284
71899  50.145  -41.838  -2.750 -3.1419615746
71900  51.921  -41.642  -3.585 -2.9110810757
71901  50.994  -41.421  -3.510 -2.8926119804
71902  51.454  -41.233  -3.861 -2.8352329731
71903  50.987  -40.814  -4.120 -2.7721118927
71904  51.942  -41.010  -4.152 -2.8211395741
71905  52.456  -40.782  -4.426 -2.8454334736
71906  52.916  -41.237  -4.230 -2.8768076897
71907  55.213  -42.147  -4.061 -2.9824185371
71908  54.794  -41.684  -4.341 -2.9894404411
71909  55.753  -41.880  -4.370 -3.0340933800
71910  56.258  -41.629  -4.625 -3.1229329109
71911  56.732  -42.138  -4.308 -3.0625889301
75577  54.437  -59.194  2.396 -2.8939054012
75578  53.764  -59.272  2.418 -2.7922155857
75599  52.779  -58.463  1.919 -2.7683656216
75600  53.411  -58.415  1.883 -2.9087996483
75601  53.269  -57.949  1.600 -2.9493634701
75602  53.798  -57.432  1.218 -3.1369867325
75603  53.133  -57.477  1.202 -2.9670228958
75605  52.771  -56.526  0.230 -2.9129712582
90949  48.787  -45.256  5.840 -2.7736985683
90950  48.204  -44.866  5.941 -2.7721405029
90951  48.581  -44.838  5.581 -3.0229041576
90952  48.326  -44.418  5.302 -3.2366206646
90953  48.955  -44.763  5.271 -3.2509617805
90957  50.999  -45.492  4.442 -3.4007942677
90958  50.590  -45.538  4.747 -3.2544622421
90959  50.347  -45.049  4.509 -3.5320372581
90960  49.705  -44.650  4.564 -3.6265597343
90961  50.026  -44.581  4.202 -3.7736175060
90962  49.721  -44.197  3.851 -3.9763798714
90963  50.398  -44.520  3.856 -3.8957934380
90964  51.955  -44.617  3.192 -3.9557359219
90965  51.214  -44.294  3.153 -4.0746202469
90966  51.561  -44.142  2.782 -4.1337218285
90967  51.148  -43.819  2.201 -4.2798190117
90968  51.945  -44.016  2.347 -4.1711697578
90972  55.464  -49.147  4.859 -2.0814354420
90973  55.050  -49.167  5.123 -1.9093164206
90974  54.928  -48.656  4.610 -2.2271502018
90975  54.361  -48.205  4.374 -2.3866856098
90976  54.802  -48.124  4.125 -2.5484981537
90977  57.146  -49.197  3.843 -2.6636283398
90978  56.705  -49.203  4.094 -2.5464105606
90979  56.585  -48.567  3.556 -2.7897052765
90980  55.427  -46.735  2.900 -3.3137097359
90981  55.528  -47.382  3.204 -3.0883557796
90982  55.000  -46.819  3.102 -3.2450222969
90983  54.569  -46.925  3.330 -3.1449663639
90984  54.476  -46.284  3.066 -3.3989036083
90985  53.913  -45.807  3.102 -3.5473587513
90986  54.362  -45.700  2.822 -3.6157863140
90987  54.326  -44.526  1.946 -3.9098095894
90988  53.915  -44.523  2.295 -3.9364597797
90989  53.544  -44.088  1.776 -4.0427336693
90990  52.730  -43.825  1.534 -4.1655511856
90991  53.159  -43.864  1.110 -4.1136870384
90992  52.796  -43.717  0.476 -4.1476411819
90993  53.573  -43.939  0.696 -4.0261955261
90994  55.247  -44.478  0.072 -3.6224999428
90995  54.460  -44.187  -0.102 -3.7588679790
90996  54.885  -44.211  -0.533 -3.5961933136
90997  54.527  -43.962  -1.116 -3.5399560928
90998  55.314  -44.193  -0.942 -3.4296905994
90999  58.044  -45.830  1.082 -3.0367484093
91000  57.360  -45.426  0.879 -3.1716516018
91001  57.715  -45.418  0.537 -3.0402338505
91002  57.470  -44.605  -1.136 -2.9275486469
91003  57.092  -44.690  -0.763 -3.0392148495
91004  56.803  -44.323  -1.441 -3.0325398445
91005  56.124  -44.049  -1.674 -3.1321671009
91006  56.544  -43.922  -2.059 -3.0209710598
91007  56.273  -43.526  -2.634 -3.0062000751
91008  56.977  -43.768  -2.443 -2.9445545673
91009  58.715  -43.708  -2.804 -2.8559470177
91010  57.968  -43.446  -3.080 -2.9095017910
91011  58.482  -43.262  -3.396 -2.9491615295
91012  58.248  -42.809  -3.892 -3.0550298691
91013  58.959  -43.106  -3.669 -3.0182836056
91021  57.883  -57.428  5.040 -2.6573078632
91022  57.816  -58.835  3.702 -3.1304979324
91023  57.662  -58.834  4.027 -3.0256004333
91024  58.336  -58.321  3.884 -3.1540415287
91025  59.504  -56.350  4.035 -3.2475414276
91026  59.093  -57.077  4.286 -3.1266083717
91027  59.299  -56.328  4.431 -3.0762581825
91028  59.049  -56.248  4.770 -2.8861701488
91029  59.377  -55.611  4.539 -3.0051429272
91030  59.529  -54.887  4.606 -2.9181966782
91031  59.719  -54.909  4.234 -3.1151340008
91032  60.600  -53.477  3.239 -3.4029369354
91033  60.399  -53.507  3.641 -3.2704548836
91034  60.774  -52.791  3.382 -3.3017799854
91035  60.870  -52.134  3.523 -3.1953015327
91036  61.077  -52.091  3.138 -3.2989535332
91037  56.688  -55.708  0.586 -3.7472841740
91038  57.080  -56.278  1.017 -3.7318923473
91039  57.413  -55.523  0.693 -3.7978312969
91040  58.904  -54.364  0.088 -3.8260121346
91041  58.669  -55.189  0.573 -3.8510828018
91042  59.231  -54.882  0.589 -3.8548574448
91043  59.421  -55.290  1.101 -3.8451211452
91044  59.689  -54.495  0.656 -3.8416006565
91045  60.045  -51.317  -1.691 -3.4135129452
91046  59.700  -52.099  -1.273 -3.5355956554
91047  60.224  -51.751  -1.126 -3.5360331535
91048  60.940  -51.902  0.224 -3.6112313271
91049  60.561  -52.369  -0.079 -3.6758532524
91050  60.680  -52.669  0.556 -3.6944570541
91051  60.441  -53.491  0.921 -3.7567071915
91052  60.795  -52.957  1.160 -3.6840083599
91053  60.827  -53.174  1.721 -3.6485650539
91054  61.108  -52.420  1.384 -3.5927877426
91055  61.973  -50.459  1.520 -3.2780475616
91056  61.647  -51.194  1.843 -3.3682706356
91057  61.794  -50.601  2.022 -3.2449114323
91058  61.568  -50.716  2.439 -3.2033498287
91059  61.850  -49.973  1.994 -3.1228427887
91060  61.633  -49.407  1.990 -3.0100340843
91061  62.000  -49.228  1.586 -3.0302979946
91062  62.536  -47.660  0.255 -2.8527600765
91063  62.168  -47.800  0.712 -2.8392000198
91064  62.159  -47.149  0.280 -2.7562656403
91065  61.568  -46.743  0.222 -2.6861679554
91066  62.027  -46.591  -0.100 -2.6922831535
91067  63.538  -46.912  -1.603 -2.9078886509
91068  63.401  -47.116  -1.101 -2.9034073353
91069  63.429  -46.421  -1.408 -2.8279762268
91070  62.700  -44.838  -1.708 -2.7166209221
91071  62.737  -45.492  -1.240 -2.7079749107
91072  62.208  -45.084  -1.339 -2.6807317734
91073  61.694  -45.299  -1.008 -2.6489696503
91074  61.610  -44.771  -1.537 -2.6788356304
91075  60.921  -44.524  -1.793 -2.7010028362
91076  61.437  -44.305  -2.082 -2.7446639538
91077  61.590  -43.103  -3.454 -3.0179913044
91078  61.121  -43.369  -3.248 -2.9679255486
91079  60.827  -42.875  -3.762 -3.1063871384
91080  60.080  -42.652  -4.112 -3.1851027012
91081  60.634  -42.418  -4.283 -3.2417969704
91082  60.287  -41.862  -4.655 -3.3525738716
91083  61.109  -42.126  -4.395 -3.2525904179
91084  62.733  -41.639  -4.484 -2.9460220337
91085  61.967  -41.457  -4.713 -3.0886855125
91086  62.374  -41.058  -4.822 -2.9142048359
91087  62.025  -40.339  -5.158 -2.8345746994
91088  62.795  -40.628  -4.934 -2.6919288635
91089  64.634  -42.809  -4.249 -2.5383455753
91090  64.385  -42.432  -4.174 -2.6011269093
91091  64.599  -42.149  -4.529 -2.4503345490
92250  46.070  -43.461  6.492 -2.0996279716
92251  46.574  -43.818  6.249 -2.3504097462
92783  55.386  -40.665  -5.048 -3.1958293915
92784  54.948  -40.114  -5.253 -3.1721024513
92785  55.888  -40.391  -5.272 -3.2894732952
92786  56.379  -40.080  -5.448 -3.3464028835
92787  56.846  -39.731  -5.581 -3.3452658653
92788  57.290  -39.424  -5.695 -3.2749891281
92789  57.753  -39.999  -5.540 -3.4158892632
92790  58.701  -40.307  -5.481 -3.4384374619
92791  59.614  -40.564  -5.366 -3.4104702473
93863  48.323  -42.980  0.964 -4.5846838951
93864  47.860  -42.782  0.650 -4.5404729843
93865  48.678  -42.967  0.477 -4.5655126572
93866  49.047  -42.927  -0.015 -4.4813141823
93867  49.431  -42.873  -0.509 -4.3372702599
93868  49.836  -42.802  -0.968 -4.1458358765
93869  50.272  -43.053  -0.617 -4.2682752609
93870  51.128  -43.200  -0.692 -4.1837019920
93871  52.064  -43.348  -0.707 -4.0908746719
97683  59.475  -50.665  4.148 -2.7285602093
97684  59.090  -50.189  3.886 -2.7234992981
97685  59.503  -50.102  3.577 -2.8084425926
97686  59.541  -49.550  2.967 -2.8588073254
97687  59.587  -48.874  2.441 -2.8815443516
97688  59.544  -48.182  1.933 -2.8822386265
97689  60.024  -48.729  2.199 -2.8731400967
97690  60.455  -48.551  1.963 -2.8594136238
97691  60.901  -48.380  1.754 -2.8455479145
97692  55.897  -59.148  2.472 -3.0879797935
97693  56.646  -59.067  2.544 -3.1776227951
97694  56.568  -58.703  2.179 -3.2673554420
97695  57.130  -58.162  1.992 -3.4462597370
97696  57.657  -57.497  1.787 -3.6090223789
97697  60.291  -48.712  -3.743 -2.7539112568
97698  60.480  -49.059  -3.338 -2.9019339085
97699  61.066  -48.463  -3.692 -2.8411700726
97700  61.786  -48.154  -3.647 -2.9068069458
97701  62.502  -47.807  -3.524 -2.9425168037
97702  63.101  -47.393  -3.268 -2.9459547997
97703  63.013  -47.182  -3.761 -2.8755052090
97704  63.403  -46.522  -3.946 -2.8112242222
97705  63.720  -45.761  -4.084 -2.7457063198
97706  64.057  -44.970  -4.209 -2.6744382381
97707  63.662  -45.494  -4.473 -2.6824622154
97708  63.521  -45.301  -4.887 -2.6116337776
98181  44.556  -40.332  5.340 -1.5582703352
98182  44.637  -40.902  5.006 -1.9178675413
98183  46.151  -42.900  4.827 -3.0181348324
98184  45.824  -42.554  4.661 -2.9521825314
98185  46.371  -42.945  4.381 -3.3223114014
98186  46.594  -42.973  3.920 -3.6069030762
98187  46.832  -42.990  3.446 -3.8660473824
98188  47.112  -42.954  2.938 -4.0947442055
98189  47.507  -43.206  3.218 -4.0912480354
98190  48.222  -43.416  3.073 -4.2220554352
98191  49.024  -43.577  2.950 -4.2675495148
99790  53.177  -37.864  -5.674 -2.4808392525
99791  52.189  -37.730  -5.711 -2.3293774128
102007  58.857  -53.481  5.856 -2.0520944595
102008  59.029  -52.863  5.592 -2.1998717785
102009  59.157  -53.561  5.601 -2.2795019150
102010  59.402  -53.521  5.224 -2.5050907135
102011  59.629  -53.505  4.836 -2.7231180668
102012  54.323  -55.292  -0.676 -3.3440923691
102013  54.891  -55.031  -0.549 -3.4812831879
102014  54.722  -54.674  -1.025 -3.3665118217
102015  55.108  -54.081  -1.449 -3.3190891743
102016  55.504  -53.451  -1.925 -3.2069020271
102018  55.733  -51.828  -3.465 -2.4181914330
102019  55.944  -51.164  -3.733 -2.2477228642
102020  56.536  -50.755  -3.762 -2.2875289917
102021  57.084  -50.400  -3.757 -2.3356592655
102022  57.668  -50.071  -3.781 -2.3962044716
103024  44.169  -37.395  0.026 -1.9642885923
103025  44.280  -39.734  3.535 -2.1004569530
103027  44.257  -39.843  3.014 -2.3265106678
103028  44.285  -39.978  2.492 -2.5382132530
103029  44.320  -40.039  1.922 -2.7248394489
103030  46.190  -41.501  -0.385 -3.7936177254
103031  45.514  -41.133  0.002 -3.5760774612
103032  45.807  -41.067  -0.550 -3.5160393715
103033  45.482  -40.607  -0.678 -3.2382848263
103034  45.265  -40.156  -0.830 -2.9751961231
103035  45.027  -39.635  -0.912 -2.7357459068
103036  45.520  -40.074  -1.369 -2.9024255276
103037  45.808  -39.988  -1.821 -2.8174231052
103038  46.118  -39.884  -2.257 -2.7324748039
103039  46.443  -39.759  -2.673 -2.6554324627
103040  46.817  -40.249  -2.574 -2.8006649017
103041  47.552  -40.545  -2.842 -2.8408081532
103042  48.359  -40.803  -3.095 -2.8611147404
103043  51.437  -42.369  -2.529 -3.2798342705
103044  50.963  -42.028  -2.819 -3.1297221184
103045  51.887  -42.224  -2.909 -3.1204600334
103046  52.363  -42.057  -3.303 -3.0039246082
103047  52.857  -41.874  -3.669 -2.9339401722
103048  53.357  -41.678  -4.000 -2.9115355015
103049  53.774  -42.117  -3.688 -2.9571890831
103050  54.693  -42.365  -3.710 -2.9754281044
103051  55.688  -42.561  -3.749 -2.9831042290
105266  52.415  -57.521  1.179 -2.7797458172
114475  49.030  -45.662  6.090 -2.4986600876
114476  49.392  -45.669  5.758 -2.7117638588
114477  51.811  -46.875  4.772 -2.5987176895
114478  51.306  -46.442  4.814 -2.7792701721
114479  51.717  -46.400  4.531 -2.9328827858
114480  51.654  -45.920  4.336 -3.2462697029
114481  51.389  -45.396  4.145 -3.5306394100
114482  51.081  -44.877  3.849 -3.7809100151
114483  51.776  -45.265  3.842 -3.6448686123
114484  52.208  -45.136  3.521 -3.7437629700
114485  52.690  -45.016  3.184 -3.8262488842
114488  56.140  -50.113  5.596 -1.6748381853
114489  56.002  -49.652  5.110 -1.9546865225
114490  55.889  -49.156  4.592 -2.2494566441
114491  57.018  -47.985  2.965 -3.0454838276
114492  56.511  -47.997  3.189 -3.0068223476
114493  56.448  -47.313  2.803 -3.1907203197
114494  55.854  -46.723  2.698 -3.3456091881
114495  55.301  -46.202  2.639 -3.5015585423
114496  54.799  -45.643  2.562 -3.6523263454
114497  55.222  -45.619  2.319 -3.6516196728
114498  55.036  -45.085  2.055 -3.7657616138
114499  54.734  -44.591  1.552 -3.8459796906
114500  54.363  -44.247  0.929 -3.8930225372
114501  55.140  -44.632  1.147 -3.7472033501
114502  55.567  -44.696  0.715 -3.6200919151
114503  55.974  -44.739  0.310 -3.4745302200
114504  58.792  -45.731  0.433 -2.8198258877
114505  58.104  -45.417  0.204 -2.9199531078
114506  58.532  -45.292  -0.091 -2.8180646896
114507  58.202  -44.867  -0.776 -2.8265879154
114508  57.925  -44.463  -1.471 -2.8447847366
114509  57.666  -44.066  -2.133 -2.8717222214
114510  58.393  -44.307  -1.812 -2.7950918674
114511  58.912  -44.147  -2.158 -2.7798597813
114512  59.497  -43.997  -2.479 -2.7974500656
114517  57.045  -58.576  4.603 -2.7833430767
114518  59.108  -57.692  3.309 -3.4103105068
114519  58.979  -57.765  3.694 -3.2880475521
114520  59.462  -57.066  3.472 -3.4171714783
114521  59.666  -56.341  3.593 -3.3986368179
114522  59.786  -55.594  3.718 -3.3553130627
114523  59.922  -54.911  3.832 -3.2897727489
114524  60.113  -54.906  3.414 -3.4395699501
114525  60.438  -54.189  3.094 -3.4921467304
114526  60.725  -53.425  2.825 -3.5089800358
114527  57.358  -54.228  -0.306 -3.7282433510
114528  57.693  -54.775  0.196 -3.8015480042
114529  57.999  -54.051  -0.354 -3.7459301949
114530  58.574  -53.852  -0.388 -3.7551777363
114531  59.145  -53.589  -0.395 -3.7557666302
114532  61.079  -50.447  -1.359 -3.4111440182
114533  60.699  -51.282  -1.011 -3.5187315941
114534  61.168  -50.754  -0.797 -3.4782269001
114535  61.287  -51.058  -0.157 -3.5152575970
114536  61.341  -51.388  0.452 -3.5258419514
114537  61.372  -51.651  1.048 -3.5147716999
114538  61.731  -50.785  0.638 -3.4218049049
114539  62.077  -50.261  0.887 -3.3035435677
114540  62.309  -49.681  1.060 -3.1772956848
114541  62.314  -49.067  1.128 -3.0508677959
114542  62.516  -48.908  0.641 -3.0717663765
114543  62.672  -48.220  0.239 -2.9674012661
114544  62.827  -47.505  -0.180 -2.8710155487
114545  63.759  -45.421  -2.109 -2.7873921394
114546  63.499  -45.686  -1.673 -2.7782299519
114547  63.536  -44.970  -2.018 -2.7579600811
114548  63.156  -44.595  -2.066 -2.7480590343
114549  62.628  -44.318  -2.170 -2.7601048946
114550  62.001  -44.098  -2.354 -2.7932238579
114551  62.564  -43.809  -2.635 -2.8344993591
114552  62.390  -43.313  -3.154 -2.9312858582
114553  62.116  -42.883  -3.659 -3.0371603966
114554  61.877  -42.421  -4.127 -3.1345171928
114555  62.591  -42.604  -3.874 -3.0124056339
114556  62.999  -42.224  -4.116 -2.9367704391
114557  63.381  -41.869  -4.324 -2.8102898598
114558  64.725  -42.350  -5.094 -2.2432572842
114559  64.716  -41.939  -4.912 -2.2767982483
115404  45.080  -41.922  5.921 -1.9324439764
115405  45.457  -42.397  5.591 -2.3205311298
115406  45.512  -42.713  6.193 -2.0746972561
115407  45.713  -42.763  5.734 -2.3837385178
115408  45.926  -42.820  5.278 -2.7020153999
115409  46.502  -43.225  4.990 -3.0472998619
115410  47.082  -43.550  4.759 -3.3291008472
115411  47.750  -43.792  4.597 -3.5288698673
116651  51.483  -39.802  -4.875 -2.7440910339
116652  51.018  -39.332  -4.976 -2.6509835720
116653  51.983  -39.478  -5.070 -2.7703492641
116654  52.515  -39.163  -5.226 -2.7849161625
116655  53.087  -38.837  -5.375 -2.7738649845
116656  54.511  -39.591  -5.405 -3.0867700577
116657  54.055  -39.039  -5.451 -2.9355404377
116658  53.652  -38.457  -5.554 -2.7274007797
116659  54.152  -38.108  -5.697 -2.6418137550
116665  57.719  -38.127  -5.968 -2.6795916557
116666  57.710  -39.067  -5.785 -3.1372828484
116667  58.128  -38.705  -5.860 -2.9437398911
116668  58.564  -38.355  -5.920 -2.7104606628
116669  59.430  -38.554  -5.913 -2.6954867840
116670  60.290  -38.729  -5.810 -2.6364705563
116671  61.181  -38.919  -5.706 -2.5410914421
119171  45.558  -41.822  1.985 -3.7308897972
119172  45.192  -41.448  1.780 -3.5483553410
119173  45.767  -41.859  1.422 -3.9220998287
119174  46.005  -41.897  0.857 -4.0469560623
119175  46.280  -41.887  0.337 -4.0917530060
119176  47.449  -42.522  0.353 -4.4365553856
119177  47.021  -42.205  0.072 -4.2713522911
119178  46.598  -41.873  -0.181 -4.0519437790
119179  46.945  -41.844  -0.691 -3.9357597828
119180  47.281  -41.757  -1.171 -3.7631084919
119181  47.659  -41.664  -1.627 -3.5602047443
119182  48.053  -41.539  -2.078 -3.3526954651
119183  48.460  -41.903  -1.828 -3.5672690868
119184  49.316  -42.141  -2.004 -3.5468108654
119185  50.185  -42.356  -2.089 -3.5130116940
119186  50.240  -42.720  -1.398 -3.9251177311
119187  50.620  -42.646  -1.801 -3.6952545643
119188  51.017  -42.515  -2.164 -3.4750931263
119189  51.923  -42.705  -2.229 -3.4364733696
119190  52.817  -42.957  -2.265 -3.3959162235
119191  53.795  -43.217  -2.265 -3.3492774963
128082  52.335  -47.312  4.763 -2.4136192799
128083  52.778  -47.224  4.477 -2.5723919868
128084  53.206  -47.172  4.177 -2.7289891243
128085  57.709  -50.562  5.063 -2.1345477104
128086  57.290  -50.157  4.836 -2.1959531307
128087  57.727  -50.205  4.656 -2.3531677723
128088  57.667  -49.757  4.134 -2.5635609627
128089  57.636  -49.160  3.580 -2.7551016808
128090  58.606  -49.695  3.573 -2.7539124489
128091  58.115  -49.130  3.276 -2.8200278282
128092  57.567  -48.582  3.056 -2.9191472530
128093  57.493  -47.908  2.676 -3.0513734818
128094  57.428  -47.251  2.259 -3.1517565250
128095  57.313  -46.612  1.962 -3.2240905762
128096  57.154  -45.986  1.644 -3.2736153603
128097  57.791  -46.519  1.700 -3.1318604946
128098  58.224  -46.431  1.426 -3.0295209885
128099  58.637  -46.363  1.137 -2.9265882969
128100  59.388  -47.541  1.589 -2.8686869144
128101  59.183  -46.914  1.249 -2.8491990566
128102  59.046  -46.283  0.859 -2.8311636448
128103  59.473  -46.146  0.563 -2.7496531010
128104  59.902  -45.997  0.259 -2.6868071556
128105  60.337  -45.917  -0.035 -2.6454823017
128108  56.498  -59.637  3.655 -2.9534945488
128109  57.241  -59.240  3.498 -3.0849862099
128110  57.955  -58.758  3.325 -3.2299532890
128111  57.384  -58.903  2.718 -3.2587873936
128112  58.082  -58.580  2.938 -3.3275287151
128113  58.616  -58.275  3.110 -3.3794105053
128114  59.124  -57.547  2.842 -3.5216171741
128115  59.467  -56.745  2.511 -3.6434733868
128116  59.692  -55.899  2.163 -3.7329771519
128117  58.511  -51.410  -2.330 -3.1768302917
128118  58.811  -51.905  -1.858 -3.3622586727
128119  59.115  -51.133  -2.284 -3.2191560268
128120  59.783  -50.863  -2.187 -3.2621574402
128121  60.417  -50.540  -2.059 -3.2970304489
128122  60.683  -49.408  -2.890 -3.0506842136
128123  60.870  -49.794  -2.395 -3.1912455559
128124  60.983  -50.133  -1.891 -3.3140459061
128125  61.527  -49.684  -1.679 -3.3048779964
128126  62.065  -49.217  -1.523 -3.2651877403
128127  62.553  -48.752  -1.374 -3.1960213184
128128  62.907  -48.290  -1.126 -3.1035628319
128129  62.998  -48.070  -1.701 -3.0887055397
128130  63.423  -47.417  -1.863 -2.9880099297
128131  63.644  -46.662  -2.096 -2.9001758099
128132  63.507  -46.909  -2.927 -2.9215884209
128133  63.733  -46.389  -2.598 -2.8792357445
128134  63.824  -45.886  -2.329 -2.8307714462
128135  63.953  -45.167  -2.559 -2.7824659348
128136  64.111  -44.459  -2.871 -2.7541458607
128137  64.212  -43.846  -3.134 -2.7405440807
128138  64.217  -43.214  -3.481 -2.7330355644
128139  64.431  -43.632  -3.535 -2.6881330013
128140  64.555  -43.446  -3.993 -2.6086201668
128141  64.658  -43.259  -4.415 -2.5041389465
128142  64.372  -44.309  -4.441 -2.5923478603
128143  64.560  -43.732  -4.600 -2.4948759079
128144  64.688  -43.089  -4.835 -2.3787796497
129188  44.535  -39.360  5.074 -1.4125363827
129189  44.404  -39.486  4.584 -1.6375184059
129190  44.334  -39.625  4.060 -1.8686066866
129191  44.363  -40.219  3.665 -2.2307243347
129192  44.567  -40.779  3.289 -2.6350965500
129193  44.911  -41.284  2.882 -3.0642473698
129194  44.772  -41.146  5.693 -1.7399809361
129195  44.799  -41.302  5.174 -2.0238256454
129196  44.860  -41.434  4.633 -2.3202934265
129197  45.509  -42.250  4.467 -2.8586342335
129198  45.222  -41.915  4.289 -2.7463977337
129199  44.966  -41.546  4.099 -2.6228997707
129200  45.064  -41.612  3.577 -2.9246282578
129201  45.185  -41.670  3.047 -3.2172884941
129202  45.366  -41.774  2.527 -3.4904901981
129203  45.940  -42.171  2.185 -3.8789582253
129204  46.606  -42.516  1.880 -4.1955304146
129205  47.261  -42.754  1.672 -4.4175553322
129206  47.407  -42.956  2.443 -4.2877769470
129207  47.705  -42.971  1.952 -4.4388260841
129208  47.995  -42.973  1.442 -4.5404062271
129209  48.791  -43.154  1.313 -4.5767083168
129210  49.610  -43.292  1.176 -4.5486130714
129211  50.474  -43.447  1.029 -4.4791026115
132586  50.627  -38.759  -5.061 -2.5233519077
132587  50.214  -38.191  -5.135 -2.3662347794
132589  51.219  -37.525  -5.657 -2.1965699196
137257  57.062  -51.146  5.978 -1.5432033539
137258  57.397  -51.064  5.671 -1.7293647528
137267  57.740  -51.012  5.410 -1.9181741476
137268  58.106  -51.003  5.236 -2.1054935455
137269  58.492  -51.024  5.092 -2.2875418663
137270  58.909  -51.057  4.850 -2.4606678486
137271  59.132  -52.166  5.266 -2.3490128517
137272  59.184  -51.556  4.964 -2.4922003746
137273  59.344  -51.117  4.600 -2.6212880611
137274  59.766  -51.131  4.320 -2.7659573555
137275  60.151  -51.067  3.981 -2.8919289112
137276  60.616  -50.927  3.664 -2.9976100922
137277  55.139  -57.276  1.170 -3.4143872261
137278  55.889  -57.144  1.232 -3.5217926502
137279  55.599  -56.678  0.856 -3.5694603920
137280  56.005  -55.910  0.523 -3.6768808365
137281  56.331  -55.189  0.143 -3.7220735550
137282  55.480  -54.811  -0.500 -3.5827379227
137283  56.114  -54.607  -0.389 -3.6530566216
137284  56.719  -54.406  -0.296 -3.6991627216
137285  57.059  -53.729  -0.830 -3.6129407883
137286  57.401  -53.052  -1.402 -3.4777607918
137287  57.717  -52.402  -1.934 -3.3134846687
137288  54.844  -53.629  -2.410 -2.9295048714
137289  55.399  -53.243  -2.369 -3.0004739761
137290  55.889  -52.931  -2.399 -3.0453271866
137291  56.046  -52.070  -3.184 -2.6353240013
137292  56.235  -52.335  -2.863 -2.8560643196
137293  56.395  -52.611  -2.406 -3.0729310513
137294  56.961  -52.284  -2.445 -3.0929265022
137295  57.475  -51.972  -2.438 -3.1137282848
137296  57.983  -51.686  -2.361 -3.1410250664
137297  58.323  -51.010  -2.779 -2.9784274101
137298  58.730  -50.380  -3.171 -2.8390357494
137299  59.193  -49.719  -3.439 -2.7307362556
137300  58.342  -49.722  -3.832 -2.4711050987
137301  58.962  -49.379  -3.800 -2.5593082905
137302  59.599  -49.009  -3.797 -2.6562976837
137303  60.134  -48.362  -4.100 -2.6136803627
139367  44.876  -41.043  1.554 -3.3382341862
139368  44.582  -40.575  1.468 -3.1100494862
139369  44.404  -40.114  1.349 -2.8743672371
139370  45.010  -40.716  0.345 -3.2960441113
139371  44.536  -40.184  0.784 -2.9760925770
139372  44.269  -39.609  1.227 -2.6408884525
139373  44.176  -39.076  1.134 -2.4171981812
139374  44.149  -38.552  1.095 -2.2085101604
139375  44.152  -37.963  1.058 -2.0178518295
139376  44.188  -37.989  0.536 -2.0807588100
139377  44.248  -38.016  0.036 -2.1264042854
139378  44.329  -38.002  -0.468 -2.1581943035
139379  44.831  -39.096  -0.977 -2.5236275196
139380  44.644  -38.521  -1.008 -2.3390016556
139381  44.441  -37.906  -0.980 -2.1799356937
139382  44.635  -37.840  -1.504 -2.1944270134
139383  44.848  -37.757  -1.994 -2.2027528286
139388  46.808  -39.539  -3.056 -2.5896286964
139389  47.168  -39.346  -3.426 -2.5347995758
139391  48.331  -39.421  -4.023 -2.5358619690
139392  49.151  -39.671  -4.248 -2.5873546600
139393  50.074  -39.909  -4.453 -2.6479585171
139394  48.418  -41.355  -2.523 -3.1608426571
139395  48.844  -41.227  -2.924 -2.9980366230
139396  49.232  -41.054  -3.301 -2.8713176250
139397  50.559  -41.618  -3.139 -2.9951457977
139398  50.079  -41.253  -3.403 -2.8799698353
139399  49.595  -40.841  -3.655 -2.7829227448
139400  50.020  -40.601  -3.965 -2.7315955162
139401  50.519  -40.385  -4.284 -2.7131974697
139402  51.016  -40.137  -4.595 -2.7207098007
139403  51.932  -40.310  -4.671 -2.8055908680
139404  52.969  -40.527  -4.696 -2.8995654583
139405  53.952  -40.723  -4.760 -2.9971253872
139406  53.866  -41.466  -4.292 -2.9348564148
139407  54.399  -41.209  -4.567 -2.9982919693
139408  54.923  -40.936  -4.822 -3.0910294056
139409  55.828  -41.170  -4.862 -3.1729862690
139410  56.762  -41.405  -4.835 -3.2348699570
139411  57.740  -41.676  -4.782 -3.2696011066
143887  55.423  -60.165  3.411 -2.8148648739
143888  55.383  -59.995  3.022 -2.8609204292
143890  54.757  -60.021  2.960 -2.7730062008
143891  55.327  -59.608  2.747 -2.9204366207
143892  55.156  -59.171  2.422 -2.9928104877
143893  54.961  -58.719  2.125 -3.0739610195
143894  54.720  -58.298  1.877 -3.1565248966
143918  53.123  -59.293  2.398 -2.6880970001
143919  53.586  -58.839  2.162 -2.8533971310
143920  54.075  -58.323  1.873 -3.0383582115
143921  54.596  -57.814  1.526 -3.2308654785
143922  54.441  -57.338  1.155 -3.2864155769
143923  54.264  -56.869  0.745 -3.3135976791
143924  54.071  -56.381  0.297 -3.3052904606
143925  52.951  -56.996  0.744 -2.9559350014
143926  53.413  -56.482  0.309 -3.1218693256
143927  53.899  -55.867  -0.245 -3.2576868534
143928  53.731  -55.467  -0.750 -3.1705386639
143929  53.618  -55.185  -1.206 -3.0468037128
162386  46.797  -44.186  6.550 -2.2559099197
162387  47.065  -44.143  6.134 -2.5555303097
162388  47.851  -44.880  6.321 -2.5050330162
162389  47.637  -44.484  6.039 -2.6992628574
162390  47.393  -44.117  5.757 -2.8560087681
162391  47.735  -44.103  5.358 -3.1433520317
162392  48.079  -44.089  4.956 -3.4069602489
162393  48.420  -44.062  4.550 -3.6400761604
162395  49.982  -46.060  5.600 -2.5992462635
162396  49.755  -45.598  5.430 -2.9097187519
162397  50.759  -45.997  4.919 -2.9469373226
162398  50.153  -45.547  5.089 -3.0908393860
162399  49.585  -45.143  5.209 -3.1973700523
162400  49.350  -44.710  4.922 -3.4525859356
162401  49.078  -44.332  4.586 -3.6681611538
162402  48.730  -44.004  4.169 -3.8397865295
162403  49.046  -43.938  3.798 -4.0059924126
162404  49.377  -43.865  3.425 -4.1403970718
162405  49.700  -43.775  2.976 -4.2453966141
162406  50.811  -44.422  3.507 -3.9954724312
162407  50.453  -44.012  3.090 -4.1753168106
162408  50.053  -43.689  2.544 -4.3228826523
162409  50.416  -43.614  2.110 -4.3733572960
162410  50.806  -43.567  1.594 -4.3953523636
162411  51.234  -43.574  1.124 -4.3859882355
162418  53.907  -48.180  4.690 -2.2199771404
162419  53.742  -47.712  4.223 -2.5552744865
162420  53.653  -47.130  3.887 -2.8800585270
162421  56.799  -49.712  4.608 -2.2879962921
162422  56.295  -49.196  4.343 -2.4065990448
162423  55.777  -48.618  4.067 -2.5457806587
162424  56.026  -47.985  3.371 -2.9340555668
162425  55.650  -47.993  3.538 -2.8295412064
162426  55.233  -48.048  3.841 -2.6986205578
162427  54.669  -47.531  3.642 -2.8586001396
162428  54.121  -47.048  3.602 -3.0208411217
162429  53.551  -46.560  3.653 -3.1823728085
162430  53.437  -45.952  3.414 -3.4537787437
162431  53.353  -45.417  3.142 -3.6898117065
162432  53.124  -44.855  2.859 -3.8892736435
162433  54.149  -45.098  2.598 -3.7946407795
162434  53.488  -44.641  2.554 -3.9279792309
162435  52.752  -44.295  2.469 -4.0532798767
162436  52.348  -43.911  1.924 -4.1833133698
162437  51.949  -43.703  1.275 -4.2799992561
162438  51.637  -43.585  0.668 -4.3415451050
162439  51.988  -43.583  0.227 -4.2597174644
162440  52.447  -43.538  -0.127 -4.1411452293
162441  52.854  -43.566  -0.518 -3.9908933640
162442  53.990  -44.043  0.293 -3.9056086540
162443  53.636  -43.864  -0.291 -3.8812327385
162444  53.234  -43.635  -0.934 -3.8181924820
162445  53.662  -43.638  -1.304 -3.6353030205
162446  54.128  -43.610  -1.690 -3.4555497169
162447  54.610  -43.529  -2.088 -3.2917213440
162448  57.046  -45.470  1.222 -3.3050873280
162449  56.673  -45.039  0.601 -3.3211417198
162450  56.347  -44.745  -0.052 -3.3219058514
162451  57.437  -45.073  -0.075 -3.0413193703
162452  56.720  -44.734  -0.401 -3.1734554768
162453  56.022  -44.456  -0.696 -3.3057801723
162454  55.725  -44.144  -1.304 -3.2714059353
162455  55.390  -43.770  -1.912 -3.2195580006
162456  55.088  -43.373  -2.471 -3.1546058655
162457  55.538  -43.227  -2.843 -3.0527617931
162458  56.013  -43.051  -3.220 -2.9920799732
162459  56.508  -42.847  -3.592 -2.9756734371
162460  57.462  -43.626  -2.753 -2.9070084095
162461  57.265  -43.172  -3.332 -2.9508759975
162462  57.013  -42.671  -3.871 -3.0033268929
162463  57.512  -42.479  -4.137 -3.0702726841
162464  58.013  -42.280  -4.388 -3.1659088135
162465  58.530  -42.063  -4.631 -3.2726364136
162474  58.477  -56.079  5.448 -2.4630141258
162476  57.386  -58.734  4.288 -2.9110531807
162477  57.875  -58.210  4.524 -2.8864834309
162478  58.747  -57.757  4.086 -3.1529905796
162479  58.515  -57.695  4.447 -3.0032048225
162480  58.258  -57.652  4.755 -2.8377726078
162481  58.544  -56.913  4.945 -2.7676081657
162482  58.783  -56.155  5.105 -2.6802995205
162483  58.954  -55.522  5.239 -2.5813419819
162484  59.365  -54.956  5.007 -2.7035501003
162485  59.587  -54.212  4.707 -2.8217592239
162486  59.858  -53.515  4.437 -2.9271752834
162487  60.039  -54.239  3.955 -3.2063949108
162488  60.115  -53.525  4.044 -3.1111457348
162489  60.185  -52.851  4.159 -3.0112433434
162490  60.554  -52.179  3.918 -3.0671546459
162491  60.825  -51.510  3.627 -3.0911612511
162492  61.013  -50.867  3.316 -3.0831937790
162493  56.671  -57.036  1.331 -3.6106312275
162494  57.418  -56.925  1.422 -3.6827533245
162495  58.059  -56.703  1.457 -3.7390549183
162496  58.076  -55.368  0.649 -3.8319315910
162497  58.401  -55.936  1.055 -3.8223307133
162498  58.677  -56.440  1.464 -3.7789933681
162499  59.159  -56.027  1.499 -3.8008587360
162500  59.568  -55.610  1.637 -3.8024692535
162501  59.966  -55.148  1.754 -3.7820277214
162502  59.095  -52.400  -1.377 -3.5243499279
162503  59.399  -52.872  -0.870 -3.6539928913
162504  59.694  -53.265  -0.356 -3.7452421188
162505  60.399  -52.078  -0.628 -3.6238658428
162506  60.125  -52.854  -0.287 -3.7197868824
162507  59.897  -53.652  0.169 -3.7962896824
162508  60.072  -54.017  0.740 -3.8092808723
162509  60.209  -54.362  1.331 -3.7886135578
162510  60.295  -54.547  1.915 -3.7390236855
162511  60.527  -54.024  2.085 -3.6742911339
162512  60.798  -53.320  2.279 -3.5902707577
162513  61.032  -52.647  2.520 -3.4905967712
162514  61.391  -51.842  1.656 -3.4860956669
162515  61.330  -51.913  2.214 -3.4414660931
162516  61.220  -52.008  2.706 -3.3799967766
162517  61.351  -51.409  2.855 -3.2643542290
162518  61.338  -50.831  2.940 -3.1506707668
162519  61.131  -50.221  2.854 -3.0467901230
162520  61.255  -49.549  2.351 -2.9880688190
162521  61.351  -48.867  1.927 -2.9148609638
162522  61.353  -48.208  1.481 -2.8358254433
162523  62.115  -48.515  1.138 -2.9331882000
162524  61.782  -48.008  1.125 -2.8332960606
162525  61.251  -47.545  1.035 -2.7596282959
162526  61.103  -46.917  0.545 -2.6946446896
162527  61.038  -46.377  0.165 -2.6482765675
162528  60.743  -45.750  -0.373 -2.6265981197
162529  63.108  -47.807  -0.872 -2.9976453781
162530  63.106  -47.329  -0.631 -2.8896000385
162531  62.828  -46.802  -0.525 -2.7905454636
162532  63.151  -45.913  -1.288 -2.7586939335
162533  62.769  -46.144  -0.875 -2.7339236736
162534  62.382  -46.380  -0.463 -2.7098133564
162535  61.786  -45.938  -0.526 -2.6546022892
162536  61.196  -45.535  -0.695 -2.6289558411
162537  60.540  -45.181  -0.936 -2.6339890957
162538  60.379  -44.701  -1.497 -2.6727323532
162539  60.209  -44.255  -2.128 -2.7429022789
162540  59.982  -43.760  -2.762 -2.8420841694
162541  61.293  -43.855  -2.664 -2.8434083462
162542  60.516  -43.556  -3.014 -2.9036648273
162543  59.762  -43.312  -3.336 -2.9651296139
162544  59.512  -42.880  -3.910 -3.1032340527
162545  59.259  -42.399  -4.381 -3.2432031631
162546  59.029  -41.815  -4.796 -3.3666512966
162547  59.501  -41.542  -4.930 -3.4217112064
162548  60.005  -41.235  -5.054 -3.4155020714
162549  60.425  -40.872  -5.180 -3.3357019424
162550  61.544  -41.803  -4.561 -3.2031254768
162551  61.216  -41.172  -4.929 -3.2237906456
162552  60.834  -40.472  -5.292 -3.1828048229
162553  61.230  -40.041  -5.398 -2.9677543640
162554  61.635  -39.591  -5.502 -2.7077596188
162555  62.023  -39.206  -5.558 -2.4216427803
162556  64.139  -42.679  -3.834 -2.7208933830
162557  63.954  -42.111  -4.209 -2.6928884983
162558  63.753  -41.500  -4.516 -2.6394512653
162559  64.486  -41.512  -4.726 -2.3410220146
162560  64.100  -41.124  -4.712 -2.4350693226
162561  63.571  -40.871  -4.765 -2.5547544956
