#!ascii label  , from subject fsaverage vox2ras=TkReg coords=white
753
122  6.268  33.475  -19.905 -1.4222819805
530  8.231  28.532  -22.229 -4.3929033279
540  6.300  18.333  -18.740 -1.9171063900
680  12.205  19.295  -14.003 -3.8429505825
1188  7.055  20.883  -15.441 -1.4965542555
1189  5.248  25.632  -20.798 -2.7244601250
1190  6.869  22.985  -22.842 -3.7996566296
1191  5.424  30.997  -23.874 -2.4983379841
2233  12.802  32.169  -17.871 -1.9346401691
2234  11.705  26.627  -16.755 -3.9653456211
2261  8.430  15.964  -18.864 -2.1160714626
2262  9.399  21.649  -18.810 -6.0946626663
2600  13.383  21.601  -14.085 -3.2593216896
3108  6.341  26.952  -18.696 -1.7308312654
3109  5.696  29.672  -20.797 -2.1075966358
3110  5.137  28.219  -22.962 -2.7634866238
3111  5.011  32.403  -22.435 -2.1330194473
4948  14.318  30.248  -17.833 -1.9329717159
5005  6.483  19.697  -17.012 -1.9095145464
5007  7.020  15.941  -15.421 -0.9793539643
5011  7.241  16.996  -19.486 -1.8875273466
5012  7.114  25.648  -23.338 -4.4268274307
5013  8.028  21.982  -21.675 -5.1043500900
5014  8.847  25.011  -20.661 -5.8616952896
5015  10.496  24.320  -17.510 -5.7029762268
5016  10.275  27.719  -18.852 -4.6850490570
5832  11.358  16.909  -14.589 -3.9214522839
6748  6.121  23.323  -18.274 -2.2351710796
6749  5.550  21.892  -20.131 -2.7305946350
6750  6.367  20.400  -21.458 -2.8981838226
6751  5.731  24.114  -22.727 -3.1730165482
6752  5.929  26.652  -23.846 -3.2645146847
6753  6.378  29.521  -24.219 -3.2249040604
9104  15.065  25.896  -16.751 -2.4221286774
9259  6.415  33.197  -24.197 -2.3260395527
9260  8.564  32.016  -21.919 -3.0351948738
9262  11.082  33.828  -18.939 -2.1155743599
9263  10.598  30.861  -19.017 -3.2625319958
9264  12.227  29.515  -17.319 -2.9732382298
9265  13.826  27.868  -16.598 -2.6849021912
9266  13.269  25.155  -15.451 -3.1985931396
9343  9.690  15.361  -17.121 -2.5410737991
9344  7.505  19.297  -21.071 -3.3652732372
9345  8.704  18.657  -19.560 -4.2176752090
9346  10.159  18.266  -16.808 -4.6136612892
9347  10.865  20.810  -15.876 -5.2851076126
9348  11.848  23.101  -15.303 -4.3760952950
10280  14.083  22.593  -14.456 -2.9360508919
10788  6.538  30.205  -19.495 -1.5708739758
10789  5.974  31.619  -20.437 -1.7445969582
10790  5.238  31.069  -21.702 -2.1728241444
10791  5.419  33.001  -21.191 -1.8410102129
12685  6.209  19.105  -17.978 -1.9476653337
12686  6.744  17.976  -16.232 -1.4691903591
12687  6.639  17.300  -16.942 -1.4291990995
12688  7.117  15.323  -16.126 -0.9173530340
12689  6.775  16.521  -17.828 -1.3679668903
12690  7.215  15.747  -18.262 -1.3267687559
12691  6.726  17.658  -19.329 -1.8802943230
12692  7.489  27.047  -23.173 -4.5284075737
12693  7.932  25.305  -22.286 -5.2236552238
12694  8.542  26.741  -21.500 -5.1759572029
12695  9.568  26.402  -19.713 -5.4771242142
12696  9.354  28.165  -20.405 -4.7224307060
13560  11.746  18.192  -14.215 -3.9917039871
15085  5.736  26.307  -19.710 -2.2964875698
15086  6.085  25.136  -18.625 -2.0548610687
15087  5.541  24.406  -19.577 -2.5298452377
15088  5.679  22.640  -19.179 -2.5625851154
15089  5.320  23.690  -20.636 -2.8335118294
15090  5.601  22.904  -21.762 -3.0034976006
15091  5.324  24.795  -21.846 -2.9858543873
15092  5.270  29.603  -23.498 -2.6426589489
15093  5.480  27.495  -23.595 -2.9710659981
15094  5.650  28.704  -23.976 -2.8727042675
15095  6.091  28.075  -24.139 -3.2467329502
15096  5.927  30.251  -24.190 -2.7796232700
20205  15.153  27.023  -17.711 -2.1873533726
20592  7.432  34.369  -23.220 -2.2740981579
20593  7.353  32.553  -23.395 -2.6737751961
20594  8.772  33.707  -21.642 -2.5292143822
20600  11.927  33.000  -18.281 -2.0059633255
20601  10.853  32.393  -18.960 -2.6391539574
20602  11.657  31.635  -18.161 -2.5348124504
20603  11.431  30.199  -18.046 -3.1348345280
20604  12.526  30.858  -17.577 -2.4394211769
20606  14.108  29.111  -17.191 -2.3295969963
20607  14.715  28.086  -17.342 -2.2698757648
20608  14.521  26.912  -16.578 -2.5512189865
20777  7.221  19.484  -13.810 -1.1742626429
20792  8.249  14.626  -18.158 -1.3887300491
20794  8.910  14.128  -17.550 -1.4959719181
20795  9.525  13.731  -16.755 -1.6379579306
20796  9.066  15.626  -18.147 -2.3222582340
20797  6.652  21.669  -22.323 -3.3668158054
20798  6.944  19.733  -21.373 -3.0701956749
20799  7.192  21.086  -22.047 -3.7321593761
20800  8.677  21.714  -20.466 -5.7748336792
20801  8.327  20.222  -20.712 -4.8529653549
20802  8.980  20.088  -19.424 -5.3423528671
20803  9.401  18.583  -18.246 -4.5497102737
20804  9.731  20.006  -17.778 -5.4907941818
20805  10.515  19.520  -16.297 -5.2120041847
20806  10.157  21.324  -17.213 -5.8911170959
20807  11.048  25.529  -17.045 -4.8544645309
20808  11.154  23.745  -16.282 -5.0676426888
20809  11.746  24.884  -16.060 -4.2877874374
20810  12.514  24.171  -15.256 -3.7526783943
20811  12.478  25.920  -15.994 -3.5586974621
23112  12.739  20.568  -13.957 -3.5789489746
24026  6.708  27.464  -17.544 -1.1738902330
24027  6.822  28.790  -18.472 -1.3676784039
24028  6.093  28.297  -19.731 -1.9465479851
24029  5.415  27.605  -20.895 -2.4582366943
24030  5.152  26.907  -21.986 -2.8018114567
24031  5.170  28.953  -21.960 -2.5108983517
24032  4.955  30.418  -22.818 -2.4505715370
24033  5.074  31.749  -23.362 -2.3177640438
27338  13.609  31.276  -17.738 -1.9193310738
27441  6.759  20.312  -16.213 -1.7576593161
27442  7.113  19.053  -14.628 -1.3421801329
27443  6.924  18.503  -15.394 -1.4463312626
27444  7.010  16.518  -14.682 -1.0276567936
27452  7.735  15.154  -18.337 -1.3309327364
27453  7.796  16.464  -19.324 -1.9650417566
27454  6.968  24.312  -23.193 -4.1662769318
27455  7.436  22.427  -22.461 -4.3808832169
27456  7.649  23.837  -22.553 -4.9194045067
27457  8.393  23.462  -21.355 -5.7101974487
27458  9.152  23.244  -19.744 -6.2268028259
27459  9.907  22.987  -18.129 -6.2053022385
27460  9.727  24.705  -18.976 -6.0396051407
27461  10.365  26.027  -18.289 -5.3217096329
27462  10.979  27.175  -17.694 -4.3770518303
31103  6.993  22.722  -16.050 -1.4603146315
31104  6.567  25.760  -17.683 -1.4967949390
31105  6.515  23.934  -17.433 -1.7646574974
31106  6.595  22.204  -16.951 -1.8725142479
31107  6.256  21.502  -17.761 -2.1889660358
31108  5.939  20.770  -18.515 -2.3570742607
31109  5.842  20.011  -19.506 -2.4063940048
31110  6.157  19.259  -20.253 -2.4116675854
31111  5.848  21.082  -21.041 -2.8104610443
31112  6.134  22.273  -22.301 -3.1464476585
31113  6.267  23.528  -23.013 -3.4114496708
31114  5.376  26.038  -22.898 -3.0236372948
31115  5.783  25.386  -23.354 -3.2515330315
31116  6.357  24.854  -23.413 -3.6073405743
31117  6.485  26.067  -23.768 -3.7404837608
31118  6.627  27.401  -23.929 -3.8160533905
31119  7.144  28.878  -23.644 -3.8141722679
37556  14.928  24.718  -15.888 -2.5903196335
38021  5.822  32.032  -24.269 -2.3861687183
38022  6.425  31.359  -24.242 -2.7219259739
38023  7.227  30.698  -23.576 -3.1842823029
38024  8.369  30.221  -22.123 -3.6590371132
38031  9.932  33.102  -20.130 -2.6649641991
38032  9.698  31.482  -20.297 -3.2550549507
38033  9.539  29.809  -20.402 -3.9511632919
38034  10.406  29.332  -19.041 -3.9619138241
38035  11.243  28.657  -17.862 -3.7687389851
38036  11.964  28.056  -17.034 -3.4990797043
38037  13.349  30.005  -17.238 -2.3772528172
38038  13.059  28.698  -16.820 -2.8226935863
38039  12.766  27.301  -16.393 -3.2290637493
38040  13.563  26.504  -16.016 -2.9833076000
38041  14.304  25.629  -15.833 -2.7664210796
38042  14.047  24.306  -15.158 -2.8981401920
38269  10.257  14.878  -16.063 -2.7104487419
38270  6.793  18.653  -20.510 -2.4477169514
38271  7.342  18.195  -20.405 -2.5642836094
38272  7.916  17.742  -20.054 -2.7788078785
38273  7.709  20.640  -21.572 -4.2532243729
38274  8.047  18.967  -20.525 -3.7733724117
38275  8.527  17.319  -19.429 -3.0734069347
38276  9.233  17.176  -18.350 -3.3868758678
38277  9.899  16.862  -17.076 -3.6173937321
38278  10.502  16.333  -15.867 -3.6672003269
38279  10.800  17.651  -15.575 -4.3689031601
38280  11.136  18.917  -15.134 -4.6418972015
38281  11.531  20.110  -14.834 -4.5388841629
38282  10.604  22.558  -16.748 -5.6880955696
38283  11.306  21.963  -15.525 -4.9434270859
38284  12.011  21.264  -14.596 -4.2044878006
38285  12.602  22.386  -14.560 -3.7594017982
38286  13.292  23.417  -14.715 -3.2976136208
41000  14.444  23.039  -14.775 -2.7952733040
41001  14.608  22.352  -14.552 -2.7898020744
41507  6.553  32.748  -19.543 -1.3339822292
41508  6.412  31.859  -19.802 -1.4916174412
41509  6.084  32.563  -20.193 -1.5762686729
41510  5.664  32.321  -20.813 -1.8046926260
41511  5.803  33.269  -20.546 -1.6434150934
43405  6.183  18.687  -18.331 -1.9370753765
43406  6.465  18.247  -17.413 -1.6948145628
43407  6.447  17.817  -17.811 -1.6708284616
43408  6.650  16.897  -17.385 -1.3983844519
43409  6.550  17.509  -18.258 -1.6427679062
43410  6.738  17.108  -18.591 -1.6171859503
43411  6.469  18.027  -19.108 -1.8958308697
43412  7.833  27.790  -22.739 -4.4959688187
43413  8.011  26.880  -22.380 -4.8787388802
43414  8.392  27.637  -21.893 -4.7851691246
43415  8.945  27.459  -20.950 -4.9982323647
43416  8.825  28.376  -21.318 -4.6015710831
44280  11.967  18.727  -14.085 -3.9369533062
44281  12.153  17.934  -13.837 -3.6847267151
44282  12.412  18.511  -13.728 -3.6265633106
45805  5.447  25.999  -20.233 -2.5331528187
45806  5.610  25.343  -19.668 -2.4336161613
45807  5.375  25.017  -20.179 -2.6410315037
45808  5.325  24.035  -20.069 -2.7033734322
45809  5.256  24.659  -20.691 -2.8027398586
45810  5.309  24.249  -21.279 -2.9246575832
45811  5.219  25.215  -21.299 -2.8720412254
45812  5.357  30.312  -23.691 -2.5694558620
45813  5.469  29.108  -23.788 -2.7453939915
45814  5.547  29.825  -23.938 -2.6804587841
45815  5.759  29.428  -24.116 -2.8227624893
45816  5.660  30.584  -24.074 -2.6210930347
50925  15.130  27.538  -18.185 -2.0488247871
51313  8.095  34.017  -22.449 -2.4089572430
51320  12.367  32.586  -18.008 -1.9629918337
51321  11.789  32.306  -18.192 -2.2594585419
51322  12.206  31.923  -17.933 -2.2142937183
51323  12.065  31.275  -17.832 -2.4830417633
51324  12.646  31.523  -17.688 -2.1809647083
51326  14.778  28.652  -17.755 -2.1083657742
51327  14.984  28.107  -17.938 -2.0828082561
51328  14.943  27.562  -17.504 -2.2313182354
51495  7.203  21.113  -14.993 -1.3425080776
51496  7.325  20.415  -14.169 -1.2000111341
51497  7.202  20.196  -14.608 -1.3249425888
51512  8.348  15.224  -18.545 -1.7248948812
51513  8.558  14.423  -17.915 -1.4368396997
51514  8.642  15.113  -18.280 -1.7954080105
51515  8.966  14.891  -17.886 -1.8772866726
51516  8.719  15.835  -18.595 -2.2143354416
51517  6.791  22.332  -22.595 -3.5893065929
51518  6.910  21.358  -22.202 -3.5290839672
51519  7.062  22.028  -22.472 -3.8035149574
51520  9.027  21.658  -19.668 -5.9956707954
51521  8.833  20.881  -19.939 -5.6163640022
51522  9.204  20.853  -19.111 -5.7874417305
51523  9.352  20.093  -18.578 -5.4701886177
51524  9.565  20.817  -18.290 -5.8414111137
51525  9.936  20.688  -17.518 -5.7700042725
51526  9.780  21.518  -17.992 -6.0572347641
51527  11.355  26.092  -16.886 -4.3991761208
51528  11.391  25.214  -16.534 -4.5729250908
51529  11.731  25.765  -16.431 -4.1508169174
51530  12.092  25.440  -16.012 -3.9076001644
51531  12.092  26.280  -16.344 -3.7576422691
53880  13.052  21.091  -13.992 -3.4231402874
53881  13.253  20.377  -13.752 -3.3182320595
53882  13.572  20.875  -13.841 -3.1892867088
55403  7.040  28.985  -17.860 -1.1039319038
55404  7.068  29.710  -18.342 -1.1970232725
55405  6.114  29.935  -20.146 -1.8485925198
55406  6.345  29.246  -19.629 -1.7569234371
55407  5.920  28.949  -20.270 -2.0367310047
55408  5.674  27.985  -20.338 -2.2203543186
55409  5.524  28.603  -20.901 -2.2887508869
55410  5.294  28.244  -21.465 -2.4994044304
55411  5.380  29.289  -21.414 -2.3308613300
55412  5.091  31.746  -22.046 -2.1645548344
55413  5.055  30.760  -22.256 -2.3291077614
55414  4.962  31.426  -22.619 -2.2898313999
55415  5.004  31.103  -23.098 -2.3892564774
55416  4.990  32.038  -23.002 -2.2331922054
61095  6.586  20.025  -16.606 -1.8489683867
61096  6.846  19.417  -15.803 -1.6218562126
61097  6.780  19.139  -16.189 -1.6752370596
61098  6.845  16.967  -15.819 -1.2231034040
61099  6.897  17.281  -15.445 -1.2399346828
61100  7.017  16.274  -15.115 -1.0068354607
61105  7.220  15.045  -16.415 -0.8893855214
61112  7.193  16.353  -18.905 -1.5937741995
61113  7.462  15.422  -18.344 -1.3223147392
61114  7.463  16.048  -18.903 -1.6025943756
61115  7.726  15.754  -18.868 -1.6273595095
61116  7.493  16.726  -19.413 -1.9167952538
61117  7.021  24.958  -23.287 -4.3126592636
61118  7.304  24.072  -22.947 -4.5240998268
61119  7.388  24.777  -23.003 -4.6993179321
61120  8.406  25.130  -21.510 -5.5840067863
61121  8.148  24.403  -21.857 -5.5074272156
61122  8.592  24.249  -21.045 -5.8522639275
61123  8.756  23.340  -20.595 -6.0243449211
61124  9.004  24.130  -20.197 -6.0986914635
61125  9.434  23.994  -19.345 -6.2128849030
61126  9.305  24.873  -19.808 -6.0197682381
61127  9.952  27.066  -19.236 -5.1160287857
61128  10.000  26.228  -18.967 -5.4518694878
61129  10.320  26.847  -18.588 -5.0238885880
61130  10.676  26.614  -17.965 -4.8567042351
61131  10.638  27.474  -18.262 -4.5539183617
68295  6.564  27.206  -18.133 -1.4412037134
68296  6.607  26.611  -17.668 -1.3361469507
68297  6.455  26.308  -18.175 -1.6145031452
68298  6.027  24.220  -18.514 -2.1694395542
68299  6.288  24.536  -18.037 -1.9139002562
68300  6.304  23.660  -17.871 -2.0122280121
68301  6.564  23.097  -17.279 -1.8444042206
68302  6.383  22.779  -17.623 -2.0594992638
68303  6.437  21.841  -17.352 -2.0480630398
68304  6.207  22.451  -18.051 -2.2429463863
68305  5.570  22.270  -19.619 -2.6633837223
68306  5.796  21.727  -18.831 -2.4892108440
68307  5.686  21.365  -19.285 -2.5554330349
68308  5.834  20.414  -18.996 -2.3923563957
68309  5.708  20.932  -19.787 -2.5941801071
68310  5.758  20.523  -20.272 -2.6164584160
68311  5.676  21.449  -20.599 -2.7754557133
68312  5.714  23.434  -22.368 -3.1007003784
68313  5.866  22.548  -22.109 -3.0712049007
68314  5.948  23.175  -22.598 -3.1855912209
68315  6.232  22.950  -22.761 -3.2877843380
68316  5.982  23.820  -22.943 -3.2786717415
68317  5.144  27.556  -22.516 -2.7958664894
68318  5.243  26.470  -22.457 -2.9205918312
68319  5.240  27.153  -22.995 -2.9035489559
68320  5.677  27.057  -23.767 -3.0998706818
68321  5.610  26.410  -23.520 -3.1213080883
68322  5.834  26.031  -23.667 -3.2641291618
68323  6.050  25.124  -23.441 -3.4073309898
68324  6.126  25.752  -23.636 -3.4476275444
68325  6.422  25.455  -23.568 -3.6812341213
68326  6.210  26.366  -23.817 -3.4758071899
68327  6.203  28.751  -24.192 -3.2357823849
68328  6.346  27.699  -24.085 -3.5070083141
68329  6.510  28.381  -24.094 -3.5123407841
68330  6.863  28.143  -23.854 -3.8280298710
68331  6.729  29.153  -24.043 -3.5077240467
83655  14.991  25.314  -16.268 -2.5150914192
84813  6.391  34.200  -24.169 -2.1636884212
84815  6.058  33.594  -24.292 -2.1878104210
84816  5.785  33.002  -24.279 -2.2214784622
84817  6.090  32.602  -24.310 -2.3505313396
84818  6.108  31.680  -24.294 -2.5360846519
84819  6.412  32.277  -24.253 -2.5109896660
84820  7.950  32.280  -22.700 -2.8621983528
84821  7.293  31.638  -23.484 -2.9138188362
84822  7.864  31.370  -22.804 -3.1316368580
84823  7.756  30.432  -22.933 -3.4320533276
84824  8.457  31.130  -22.023 -3.3320059776
84842  10.518  33.513  -19.454 -2.4014563560
84843  10.730  31.628  -18.990 -2.9394972324
84844  10.293  31.982  -19.548 -2.9630095959
84845  10.194  31.190  -19.606 -3.2829174995
84846  9.636  30.649  -20.348 -3.5907840729
84847  10.092  30.405  -19.643 -3.6264579296
84848  9.989  29.575  -19.694 -3.9900190830
84849  10.499  30.087  -19.049 -3.6050202847
84850  11.824  29.880  -17.656 -3.0540404320
84851  11.327  29.437  -17.976 -3.4504222870
84852  11.700  29.164  -17.574 -3.3469014168
84853  11.599  28.378  -17.428 -3.6371614933
84854  12.085  28.805  -17.188 -3.2397167683
84855  13.974  30.767  -17.757 -1.9251476526
84856  13.481  30.681  -17.485 -2.1478564739
84857  13.872  30.184  -17.474 -2.1413271427
84858  13.979  28.511  -16.885 -2.5133512020
84859  13.596  28.971  -16.938 -2.5580630302
84860  13.448  28.324  -16.664 -2.7528336048
84861  12.905  27.994  -16.577 -3.0325708389
84862  13.302  27.614  -16.422 -2.9354414940
84863  13.178  26.927  -16.160 -3.1027398109
84864  13.679  27.175  -16.286 -2.8424854279
84865  14.831  26.404  -16.675 -2.4855225086
84866  14.430  26.300  -16.215 -2.6681706905
84867  14.726  25.820  -16.235 -2.5880386829
84868  14.629  25.216  -15.824 -2.6716001034
85373  7.098  18.122  -14.284 -1.2049350739
85374  7.142  18.355  -13.870 -1.1632089615
85427  9.598  14.548  -16.994 -2.0593531132
85429  9.860  14.359  -16.548 -2.1490986347
85430  10.137  14.044  -16.072 -2.2300655842
85431  9.951  15.233  -16.598 -2.6360290051
85432  6.239  19.831  -20.893 -2.6564667225
85433  6.477  18.953  -20.425 -2.4220013618
85434  6.549  19.504  -20.992 -2.6937563419
85435  7.215  19.491  -21.245 -3.2016711235
85436  7.128  18.958  -20.905 -2.8370532990
85437  7.410  18.752  -20.765 -2.9499592781
85438  7.637  18.035  -20.282 -2.6595103741
85439  7.705  18.534  -20.582 -3.0908181667
85440  7.728  22.186  -22.114 -4.7332839966
85441  7.581  21.521  -22.053 -4.3643541336
85442  7.853  21.302  -21.668 -4.6949911118
85443  8.496  19.434  -20.133 -4.5729565620
85444  8.186  19.544  -20.638 -4.3142700195
85445  8.368  18.782  -20.088 -3.9988694191
85446  8.259  18.118  -19.990 -3.4397237301
85447  8.596  17.972  -19.564 -3.6304347515
85448  8.875  17.214  -18.942 -3.2334606647
85449  8.949  17.876  -18.989 -3.8139128685
85450  9.779  18.505  -17.518 -4.6216440201
85451  9.657  17.720  -17.668 -4.0886311531
85452  10.033  17.563  -16.993 -4.1469888687
85453  10.207  16.608  -16.399 -3.6686978340
85454  10.353  17.295  -16.325 -4.1394186020
85455  10.658  16.989  -15.749 -4.0663666725
85456  10.495  17.996  -16.163 -4.5258340836
85457  10.691  20.162  -16.056 -5.3111896515
85458  10.844  19.251  -15.669 -4.9495978355
85459  11.010  19.864  -15.494 -4.9822349548
85460  11.319  19.532  -14.974 -4.6284675598
85461  11.191  20.470  -15.345 -4.9146575928
85462  10.210  23.678  -17.806 -6.0173678398
85463  10.248  22.780  -17.428 -5.9937748909
85464  10.527  23.430  -17.152 -5.7488794327
85465  11.489  23.410  -15.748 -4.7179245949
85466  11.212  22.853  -15.918 -5.0472149849
85467  11.561  22.515  -15.384 -4.6765608788
85468  11.659  21.614  -15.035 -4.5638313293
85469  11.925  22.180  -14.932 -4.3203549385
85470  12.288  21.829  -14.562 -3.9895834923
85471  12.209  22.757  -14.882 -4.0543913841
85472  12.864  24.681  -15.324 -3.4616358280
85473  12.901  23.794  -14.959 -3.5139710903
85474  13.265  24.283  -15.082 -3.2643942833
85475  13.676  23.887  -14.907 -3.0862815380
85476  13.657  24.742  -15.242 -3.0400450230
92232  13.717  22.105  -14.240 -3.0942449570
92233  13.898  21.392  -13.993 -3.0541555882
92234  14.273  21.902  -14.221 -2.9184210300
93146  6.949  30.441  -18.848 -1.2956874371
93147  6.700  31.174  -19.347 -1.3958327770
93148  6.265  30.911  -19.990 -1.6646395922
93149  5.838  30.662  -20.646 -1.9236629009
93150  5.458  30.397  -21.274 -2.1539657116
93151  5.579  31.352  -21.056 -1.9764285088
93152  5.343  32.036  -21.439 -2.0034508705
93153  5.144  32.714  -21.821 -2.0046787262
96561  6.366  19.399  -17.450 -1.9408280849
96562  6.638  18.856  -16.632 -1.7029037476
96563  6.541  18.609  -17.054 -1.7077115774
96564  6.683  17.672  -16.572 -1.4547250271
96565  6.831  16.602  -16.184 -1.1968380213
96566  7.058  15.596  -15.751 -0.9483909011
96567  6.825  16.274  -16.575 -1.1655777693
96568  6.883  16.054  -17.010 -1.1338832378
96569  7.079  15.629  -17.298 -1.1058526039
96570  7.309  15.238  -17.522 -1.0847613811
96571  6.987  16.127  -18.093 -1.3428386450
96572  6.971  16.746  -18.821 -1.5995049477
96573  7.004  17.335  -19.503 -1.8761798143
96574  7.268  26.379  -23.340 -4.5017132759
96575  7.502  25.499  -22.925 -4.8245782852
96576  7.713  26.182  -22.721 -4.8883514404
96577  8.178  25.997  -21.992 -5.2496557236
96578  8.711  25.857  -21.070 -5.5439281464
96579  9.186  25.731  -20.202 -5.7335314751
96580  9.061  26.579  -20.580 -5.3835072517
96581  9.481  27.274  -20.029 -5.1109075546
96582  9.831  27.941  -19.600 -4.7475519180
98136  11.527  17.584  -14.408 -3.9922075272
98137  11.742  16.617  -14.168 -3.6698513031
98138  11.922  17.337  -13.997 -3.7041633129
100881  6.049  26.665  -19.222 -2.0231766701
100882  6.202  26.021  -18.674 -1.9040553570
100883  5.911  25.676  -19.154 -2.1836504936
100884  5.799  24.774  -19.112 -2.3112046719
100885  5.802  23.885  -18.962 -2.3934500217
100886  5.894  22.997  -18.731 -2.4204800129
100887  5.580  23.514  -19.413 -2.5751812458
100888  5.422  23.140  -19.891 -2.7124316692
100889  5.423  22.783  -20.437 -2.8105478287
100890  5.533  22.411  -21.006 -2.8802022934
100891  5.381  23.305  -21.231 -2.9291517735
100892  5.475  23.820  -21.849 -3.0189213753
100893  5.517  24.412  -22.358 -3.0806813240
100894  5.183  28.928  -23.259 -2.7099950314
100895  5.304  27.841  -23.307 -2.8643469810
100896  5.384  28.492  -23.549 -2.8091833591
100897  5.552  28.053  -23.795 -2.9242985249
100898  5.737  27.640  -23.958 -3.0697820187
100899  6.001  27.359  -24.015 -3.2572920322
100900  5.854  28.366  -24.111 -3.0368294716
100901  5.978  29.124  -24.188 -3.0059709549
100902  6.127  29.882  -24.240 -2.9803657532
110097  15.132  26.470  -17.271 -2.3123435974
110793  6.861  34.748  -23.759 -2.1404023170
110794  6.847  33.787  -23.850 -2.3048894405
110795  6.818  32.866  -23.928 -2.4903039932
110796  7.392  33.477  -23.307 -2.4619061947
110797  8.019  33.165  -22.593 -2.6224012375
110798  8.666  32.869  -21.786 -2.7683124542
110808  11.516  33.426  -18.555 -2.0596499443
110809  10.982  33.124  -18.938 -2.3639419079
110810  11.385  32.714  -18.543 -2.3122901917
110811  11.251  32.017  -18.524 -2.5899794102
110812  11.139  31.289  -18.517 -2.8898189068
110813  11.003  30.535  -18.520 -3.2082252502
110814  11.550  30.942  -18.104 -2.8280189037
110815  11.963  30.567  -17.739 -2.7644746304
110816  12.381  30.188  -17.411 -2.7049980164
110818  14.227  29.683  -17.503 -2.1352980137
110819  14.545  29.187  -17.593 -2.1253674030
110820  14.440  28.612  -17.242 -2.3024275303
110821  14.319  28.020  -16.899 -2.4669876099
110822  14.191  27.391  -16.541 -2.6178522110
110823  14.623  27.505  -16.945 -2.4178926945
110824  14.896  26.986  -17.070 -2.3659899235
111154  8.208  14.004  -17.665 -1.1021695137
111156  8.471  13.679  -17.499 -1.1336197853
111157  8.822  13.295  -17.204 -1.1747777462
111158  9.142  12.997  -16.873 -1.2243406773
111159  9.437  12.727  -16.505 -1.2806572914
111160  9.233  13.863  -17.129 -1.5639754534
111161  9.317  14.657  -17.392 -1.9668610096
111162  9.394  15.426  -17.695 -2.4336993694
111163  6.514  21.004  -21.940 -3.1355543137
111164  6.659  20.036  -21.474 -2.9702250957
111165  6.762  20.677  -21.868 -3.2497115135
111166  7.031  20.359  -21.747 -3.3984720707
111167  7.325  20.148  -21.572 -3.5837924480
111168  8.348  21.829  -21.113 -5.4642734528
111169  8.155  21.077  -21.221 -5.0346412659
111170  8.491  20.955  -20.657 -5.3536601067
111171  8.636  20.136  -20.164 -5.1268172264
111172  8.818  19.368  -19.544 -4.8028607368
111173  9.044  18.587  -18.960 -4.4087033272
111174  9.147  19.361  -18.866 -4.9770340919
111175  9.545  19.311  -18.047 -5.0716309547
111176  9.935  19.178  -17.279 -5.0720539093
111177  10.320  18.924  -16.562 -4.9772772789
111178  10.137  19.779  -17.011 -5.4005308151
111179  10.336  20.419  -16.745 -5.5845685005
111180  10.527  21.078  -16.494 -5.6220788956
111181  10.758  24.938  -17.260 -5.3015756607
111182  10.819  24.045  -16.874 -5.4054017067
111183  11.088  24.648  -16.645 -5.0013580322
111184  11.445  24.324  -16.137 -4.6824851036
111185  11.795  24.007  -15.668 -4.3651390076
111186  12.175  23.665  -15.256 -4.0622425079
111187  12.122  24.555  -15.651 -4.0118970871
111188  12.470  25.082  -15.662 -3.6765990257
111189  12.866  25.568  -15.686 -3.3718578815
115368  12.454  19.925  -13.969 -3.7209403515
115369  12.695  19.169  -13.683 -3.5413234234
115370  12.941  19.862  -13.707 -3.4368388653
117501  6.865  28.311  -17.419 -1.0186419487
117502  6.778  28.100  -18.000 -1.2681777477
117503  6.557  27.845  -18.630 -1.5483541489
117504  6.785  29.521  -18.962 -1.4699600935
117505  6.491  28.552  -19.125 -1.6549680233
117506  6.225  27.622  -19.214 -1.8428547382
117507  5.852  27.356  -19.768 -2.1301479340
117508  5.564  26.988  -20.287 -2.3893904686
117509  5.324  26.609  -20.868 -2.6066412926
117510  5.146  26.208  -21.462 -2.7783126831
117511  5.231  27.235  -21.447 -2.6513674259
117512  5.128  27.882  -22.035 -2.6659352779
117513  5.059  28.584  -22.495 -2.6511232853
117514  5.199  30.061  -21.848 -2.3441281319
117515  5.033  29.741  -22.394 -2.4933302402
117516  5.053  29.312  -22.876 -2.6103720665
117517  5.078  30.019  -23.203 -2.5497653484
117518  5.164  30.730  -23.432 -2.4772646427
117519  5.223  31.378  -23.649 -2.4013903141
125228  13.243  31.742  -17.770 -1.9210064411
125469  6.918  20.614  -15.819 -1.6380628347
125470  7.126  20.005  -15.020 -1.4419635534
125471  6.994  19.699  -15.400 -1.5429855585
125472  7.030  18.768  -15.001 -1.4041763544
125473  7.012  17.817  -14.648 -1.2321864367
125474  6.834  18.241  -15.817 -1.4675585032
125475  6.948  17.567  -15.018 -1.2436945438
125476  6.992  16.788  -14.264 -1.0392991304
125494  7.513  14.935  -17.695 -1.0728790760
125495  7.768  14.602  -17.734 -1.0715392828
125496  8.003  14.316  -17.777 -1.0812996626
125497  7.977  14.892  -18.314 -1.3531411886
125498  8.031  15.499  -18.745 -1.6683454514
125499  8.110  16.188  -19.130 -2.0319802761
125500  6.920  23.644  -23.043 -3.9935402870
125501  7.142  22.716  -22.700 -4.0664525032
125502  7.225  23.365  -22.844 -4.3097772598
125503  7.561  23.017  -22.555 -4.6713800430
125504  7.869  22.883  -22.105 -5.0616855621
125505  7.763  24.589  -22.470 -5.1087946892
125506  8.004  23.648  -22.022 -5.3270692825
125507  8.202  22.691  -21.585 -5.4524860382
125508  8.545  22.578  -20.906 -5.8051557541
125509  8.893  22.487  -20.139 -6.0760602951
125510  9.245  22.447  -19.331 -6.2269182205
125511  9.643  22.313  -18.462 -6.2360100746
125512  9.510  23.150  -18.928 -6.2889876366
125513  9.824  23.852  -18.557 -6.1819767952
125514  10.125  24.536  -18.224 -5.9258832932
125515  9.650  25.568  -19.395 -5.7959723473
125516  10.050  25.406  -18.632 -5.7303304672
125517  10.421  25.214  -17.927 -5.5554075241
125518  10.725  25.818  -17.612 -5.1127552986
125519  11.016  26.373  -17.395 -4.6405606270
125520  11.339  26.925  -17.205 -4.1754760742
134891  7.007  21.793  -15.765 -1.5021580458
134895  6.350  25.438  -18.139 -1.7766228914
134896  6.510  24.821  -17.570 -1.6442114115
134898  6.756  23.335  -16.781 -1.6116704941
134899  6.790  22.462  -16.527 -1.6719987392
134900  6.803  21.520  -16.212 -1.6819697618
134901  6.675  21.204  -16.592 -1.8433692455
134902  6.502  20.894  -16.991 -1.9763733149
134903  6.318  20.572  -17.353 -2.0753488541
134904  5.987  22.111  -18.499 -2.3866095543
134905  6.086  21.111  -18.092 -2.2913763523
134906  6.208  20.217  -17.770 -2.1396183968
134907  6.070  19.880  -18.247 -2.1729359627
134908  5.983  19.547  -18.768 -2.1822817326
134909  6.052  19.168  -19.199 -2.1764736176
134910  6.210  18.825  -19.584 -2.1647655964
134911  5.954  19.642  -19.939 -2.4094436169
134912  5.951  20.181  -20.668 -2.6337027550
134913  6.073  20.763  -21.371 -2.8478136063
134914  5.717  21.993  -21.445 -2.9346117973
134915  5.982  21.656  -21.723 -2.9872877598
134916  6.243  21.342  -21.921 -3.0507760048
134917  6.393  21.981  -22.354 -3.2416450977
134918  6.499  22.626  -22.701 -3.4193160534
134919  6.559  23.243  -22.960 -3.5825054646
134920  5.220  25.810  -21.900 -2.9109864235
134921  5.367  25.382  -22.379 -3.0180816650
134922  5.537  25.050  -22.791 -3.1162228584
134923  5.397  26.759  -23.338 -3.0062854290
134924  5.548  25.715  -23.187 -3.1284267902
134925  5.756  24.732  -23.043 -3.2223503590
134926  6.018  24.387  -23.216 -3.3518662453
134927  6.306  24.167  -23.222 -3.5177202225
134928  6.620  23.899  -23.157 -3.7296900749
134929  6.662  24.549  -23.326 -3.8593707085
134930  6.703  25.185  -23.472 -3.9699895382
134931  6.756  25.815  -23.624 -4.0597233772
134932  6.257  27.075  -24.024 -3.4949078560
134933  6.548  26.723  -23.906 -3.7857058048
134934  6.867  26.524  -23.672 -4.1258215904
134935  7.038  27.219  -23.609 -4.1635599136
134936  7.288  27.938  -23.431 -4.1652336121
134937  7.615  28.700  -23.090 -4.1198053360
153632  14.860  24.083  -15.492 -2.6485557556
155009  5.858  34.088  -20.455 -1.4951111078
155010  5.428  33.853  -21.119 -1.6886856556
155011  5.162  33.589  -21.761 -1.8528648615
155012  4.977  33.311  -22.443 -1.9834893942
155015  4.966  32.936  -22.955 -2.0848469734
155016  5.041  32.605  -23.381 -2.1674010754
155017  5.178  32.248  -23.692 -2.2445573807
155018  5.376  31.907  -23.944 -2.3299100399
155026  5.563  32.458  -24.167 -2.2688496113
155027  5.608  31.530  -24.147 -2.4358124733
155028  5.876  31.156  -24.229 -2.5722627640
155029  6.139  30.803  -24.272 -2.7462220192
155030  6.388  30.460  -24.250 -2.9602630138
155031  6.819  31.944  -23.967 -2.7014689445
155032  6.754  31.002  -24.070 -2.9413542747
155033  6.731  30.095  -24.055 -3.2106735706
155034  7.135  29.754  -23.729 -3.4852705002
155035  7.686  29.542  -23.026 -3.7626609802
155036  8.295  29.350  -22.225 -4.0143923759
155056  9.373  33.401  -20.875 -2.6182150841
155057  9.273  32.577  -20.970 -2.8806595802
155058  10.407  32.761  -19.509 -2.6688563824
155059  9.796  32.277  -20.238 -2.9462552071
155060  9.143  31.729  -21.100 -3.1712653637
155061  9.074  30.889  -21.164 -3.4908692837
155062  9.021  30.007  -21.221 -3.8386111259
155063  8.901  29.189  -21.306 -4.2111339569
155064  9.435  28.999  -20.447 -4.3312826157
155065  9.899  28.756  -19.664 -4.3671503067
155066  10.324  28.524  -18.985 -4.3257088661
155067  10.909  29.765  -18.479 -3.5409560204
155068  10.821  29.016  -18.439 -3.8822350502
155069  10.737  28.303  -18.330 -4.2238035202
155070  11.108  27.954  -17.793 -4.0814538002
155071  11.471  27.672  -17.312 -3.9169282913
155072  11.837  27.349  -16.898 -3.7441575527
155073  13.086  31.104  -17.579 -2.1596705914
155074  12.950  30.445  -17.357 -2.4047856331
155075  12.791  29.761  -17.179 -2.6515150070
155076  13.740  29.590  -17.186 -2.3534500599
155077  13.205  29.382  -17.000 -2.6032721996
155078  12.644  29.078  -17.000 -2.8958995342
155079  12.501  28.370  -16.855 -3.1341583729
155080  12.362  27.683  -16.678 -3.3617155552
155081  12.226  26.979  -16.520 -3.5723195076
155082  12.625  26.617  -16.196 -3.4067950249
155083  13.033  26.240  -15.941 -3.2501592636
155084  13.443  25.858  -15.729 -3.1034913063
155085  14.061  26.721  -16.221 -2.7533476353
155086  13.962  26.052  -15.868 -2.8709690571
155087  13.813  25.402  -15.574 -2.9675478935
155088  14.185  24.969  -15.465 -2.8436043262
155089  14.528  24.525  -15.466 -2.7349312305
155090  14.430  23.872  -15.111 -2.7774643898
155696  7.181  19.255  -14.216 -1.2637863159
155697  7.142  18.544  -13.450 -1.1099121571
155766  10.460  13.582  -15.685 -2.2964966297
155767  10.551  14.484  -15.579 -2.7579612732
155768  6.451  18.467  -19.810 -2.1558482647
155769  6.735  18.135  -20.006 -2.1570527554
155770  7.038  17.865  -20.053 -2.1739583015
155771  6.865  19.176  -20.959 -2.7524080276
155772  7.077  18.402  -20.504 -2.4940633774
155773  7.277  17.610  -19.992 -2.2103402615
155774  7.540  17.403  -19.880 -2.2682564259
155775  7.861  17.152  -19.723 -2.3480296135
155776  8.173  16.900  -19.486 -2.4482851028
155777  7.318  21.775  -22.289 -4.0632805824
155778  7.454  20.839  -21.838 -3.9755325317
155779  7.618  19.995  -21.386 -3.8037488461
155780  7.984  20.412  -21.205 -4.5525212288
155781  7.883  19.790  -21.054 -4.0515069962
155782  7.784  19.144  -20.834 -3.5581870079
155783  7.976  18.305  -20.320 -3.2562992573
155784  8.189  17.466  -19.782 -2.9188125134
155785  8.487  16.666  -19.179 -2.5658206940
155786  8.819  16.513  -18.818 -2.6952741146
155787  9.171  16.396  -18.287 -2.8290405273
155788  9.503  16.299  -17.710 -2.9573724270
155789  9.291  17.794  -18.363 -3.9726231098
155790  9.575  17.016  -17.716 -3.5195915699
155791  9.802  16.165  -17.118 -3.0692675114
155792  10.068  15.943  -16.482 -3.1537611485
155793  10.362  15.638  -15.929 -3.2021181583
155794  10.647  15.282  -15.483 -3.2095153332
155795  10.775  15.980  -15.389 -3.6132404804
155796  10.938  16.598  -15.243 -3.9365541935
155797  11.068  17.282  -15.044 -4.1606988907
155798  10.665  18.628  -15.904 -4.7994732857
155799  10.945  18.296  -15.354 -4.5600471497
155800  11.242  17.926  -14.847 -4.2834539413
155801  11.433  18.578  -14.649 -4.3156228065
155802  11.626  19.207  -14.469 -4.2743759155
155803  11.848  19.711  -14.361 -4.1776056290
155804  10.040  22.120  -17.628 -6.1050624847
155805  10.379  21.939  -16.960 -5.8571333885
155806  10.724  21.705  -16.304 -5.5278048515
155807  10.872  23.167  -16.496 -5.4137778282
155808  10.961  22.295  -16.109 -5.3266468048
155809  11.062  21.407  -15.709 -5.1543421745
155810  11.418  21.043  -15.172 -4.7681779861
155811  11.768  20.685  -14.701 -4.3921203613
155812  12.095  20.292  -14.301 -4.0404448509
155813  12.367  20.896  -14.260 -3.8747365475
155814  12.664  21.476  -14.249 -3.6898088455
155815  13.012  22.020  -14.280 -3.4941213131
155816  12.549  23.281  -14.881 -3.7810573578
155817  12.940  22.903  -14.596 -3.5251684189
155818  13.339  22.519  -14.404 -3.2960958481
155819  13.693  23.005  -14.578 -3.1047554016
155820  14.066  23.465  -14.806 -2.9291152954
