#!ascii label  , from subject fsaverage vox2ras=TkReg
291
336  26.170  -14.510  -31.673 0.0000000000
1367  26.823  -23.048  -26.373 0.0000000000
1758  24.960  -9.490  -33.272 0.0000000000
2445  26.305  -1.339  -34.964 0.0000000000
3286  25.159  -24.063  -24.717 0.0000000000
3891  28.093  -8.363  -32.994 0.0000000000
3892  28.099  -5.921  -33.592 0.0000000000
5543  23.997  -15.521  -30.231 0.0000000000
5544  26.251  -18.804  -29.349 0.0000000000
5545  28.057  -17.400  -30.383 0.0000000000
7070  28.851  -13.244  -31.683 0.0000000000
7071  30.105  -15.927  -30.587 0.0000000000
7942  25.225  -11.877  -32.499 0.0000000000
7943  28.297  -10.854  -32.434 0.0000000000
9893  26.164  -3.388  -34.531 0.0000000000
9896  28.790  -3.599  -33.949 0.0000000000
9983  28.484  -21.762  -27.657 0.0000000000
11571  26.710  -6.732  -33.884 0.0000000000
11572  26.822  -5.610  -34.087 0.0000000000
13223  25.006  -15.087  -31.147 0.0000000000
13224  25.985  -16.614  -30.656 0.0000000000
13225  27.035  -15.945  -31.106 0.0000000000
15618  25.962  -23.560  -25.596 0.0000000000
17430  24.929  -10.636  -32.897 0.0000000000
17431  26.759  -11.445  -32.695 0.0000000000
17432  26.583  -10.237  -33.091 0.0000000000
17433  29.711  -7.514  -32.632 0.0000000000
17434  29.890  -8.785  -32.249 0.0000000000
22165  25.327  -1.401  -34.234 0.0000000000
22168  25.243  -3.363  -34.140 0.0000000000
22169  26.225  -2.381  -34.764 0.0000000000
22174  30.493  -0.371  -35.734 0.0000000000
22175  30.548  -1.489  -34.993 0.0000000000
22176  29.012  -2.445  -34.353 0.0000000000
22177  30.483  -2.681  -34.284 0.0000000000
22178  30.303  -3.854  -33.662 0.0000000000
22391  28.214  -19.619  -29.082 0.0000000000
22392  27.374  -20.300  -28.542 0.0000000000
24346  24.428  -24.509  -23.849 0.0000000000
25435  26.592  -9.089  -33.389 0.0000000000
25436  26.573  -7.887  -33.655 0.0000000000
25437  28.060  -7.127  -33.283 0.0000000000
25438  29.609  -6.244  -33.017 0.0000000000
28410  24.368  -17.814  -28.981 0.0000000000
28411  25.113  -17.167  -29.885 0.0000000000
28412  27.046  -18.121  -29.973 0.0000000000
28413  29.025  -18.862  -29.479 0.0000000000
31856  27.609  -13.933  -31.799 0.0000000000
31857  28.224  -15.241  -31.259 0.0000000000
31858  29.524  -14.584  -31.154 0.0000000000
34165  24.199  -13.542  -31.407 0.0000000000
34173  23.663  -12.156  -31.655 0.0000000000
34174  25.528  -13.147  -32.088 0.0000000000
34175  27.067  -12.664  -32.280 0.0000000000
34176  28.632  -12.034  -32.030 0.0000000000
34177  30.106  -11.314  -31.784 0.0000000000
34178  28.205  -9.594  -32.731 0.0000000000
34179  29.973  -10.055  -31.969 0.0000000000
39917  26.012  -4.368  -34.360 0.0000000000
39923  27.604  -1.310  -35.118 0.0000000000
39924  27.562  -2.377  -34.697 0.0000000000
39925  27.324  -3.463  -34.435 0.0000000000
39926  27.121  -4.581  -34.212 0.0000000000
39927  28.505  -4.790  -33.718 0.0000000000
39928  29.959  -5.071  -33.287 0.0000000000
40182  25.731  -21.621  -27.086 0.0000000000
40183  25.451  -19.477  -28.542 0.0000000000
40189  29.123  -16.682  -30.574 0.0000000000
40190  29.884  -18.170  -29.719 0.0000000000
42291  26.234  -6.030  -34.158 0.0000000000
42292  26.263  -5.480  -34.229 0.0000000000
43943  25.418  -14.747  -31.342 0.0000000000
43944  26.018  -15.555  -31.193 0.0000000000
43945  26.545  -15.263  -31.369 0.0000000000
46335  24.064  -25.529  -22.697 0.0000000000
46337  24.459  -25.354  -23.168 0.0000000000
46338  26.407  -23.296  -25.991 0.0000000000
48150  24.967  -10.068  -33.079 0.0000000000
48151  25.744  -10.501  -33.110 0.0000000000
48152  25.718  -9.864  -33.270 0.0000000000
48153  30.606  -7.113  -32.717 0.0000000000
48154  30.617  -7.725  -32.367 0.0000000000
52885  25.735  -1.397  -34.687 0.0000000000
52886  25.305  -1.893  -34.185 0.0000000000
52888  25.681  -2.368  -34.573 0.0000000000
52889  26.245  -1.827  -34.896 0.0000000000
52896  30.513  -2.080  -34.661 0.0000000000
52898  31.137  -2.902  -34.443 0.0000000000
53111  29.084  -19.994  -28.821 0.0000000000
53112  28.700  -20.344  -28.594 0.0000000000
55941  24.555  -22.469  -25.629 0.0000000000
57751  25.876  -8.177  -33.703 0.0000000000
57752  25.876  -7.601  -33.835 0.0000000000
57753  27.359  -6.340  -33.750 0.0000000000
57754  27.395  -6.950  -33.621 0.0000000000
57755  28.068  -6.515  -33.454 0.0000000000
57756  28.840  -6.695  -33.136 0.0000000000
57757  28.804  -6.071  -33.270 0.0000000000
62488  25.787  -0.430  -34.942 0.0000000000
62709  24.238  -16.671  -29.632 0.0000000000
62710  24.624  -16.376  -30.099 0.0000000000
62711  27.069  -17.088  -30.647 0.0000000000
62712  26.615  -17.375  -30.347 0.0000000000
62713  27.550  -17.799  -30.222 0.0000000000
62714  28.110  -18.492  -29.780 0.0000000000
62715  28.519  -18.166  -29.962 0.0000000000
69893  24.796  -24.308  -24.291 0.0000000000
69894  25.179  -24.955  -24.028 0.0000000000
69908  28.290  -13.647  -31.747 0.0000000000
69909  28.565  -14.256  -31.487 0.0000000000
69910  29.207  -13.924  -31.434 0.0000000000
75306  23.649  -13.790  -30.936 0.0000000000
75326  24.243  -11.368  -32.305 0.0000000000
75328  24.394  -12.035  -32.189 0.0000000000
75329  24.642  -12.711  -32.010 0.0000000000
75330  25.384  -12.528  -32.334 0.0000000000
75331  26.386  -12.961  -32.286 0.0000000000
75332  26.083  -12.307  -32.547 0.0000000000
75333  27.514  -11.156  -32.582 0.0000000000
75334  27.706  -11.745  -32.352 0.0000000000
75335  28.472  -11.441  -32.193 0.0000000000
75336  29.432  -11.710  -31.819 0.0000000000
75337  29.181  -11.066  -32.070 0.0000000000
75338  27.404  -8.766  -33.207 0.0000000000
75339  27.344  -9.350  -33.076 0.0000000000
75340  28.083  -8.940  -32.854 0.0000000000
75342  29.900  -9.458  -32.217 0.0000000000
75344  30.866  -10.318  -31.799 0.0000000000
89545  25.626  -3.348  -34.430 0.0000000000
89546  25.248  -3.873  -34.082 0.0000000000
89547  25.597  -3.852  -34.330 0.0000000000
89548  25.534  -4.296  -34.258 0.0000000000
89549  26.030  -3.873  -34.476 0.0000000000
89561  29.898  -0.826  -35.281 0.0000000000
89562  29.826  -0.277  -35.654 0.0000000000
89565  28.365  -1.303  -35.045 0.0000000000
89567  28.340  -1.819  -34.773 0.0000000000
89568  28.947  -3.025  -34.149 0.0000000000
89569  28.172  -2.963  -34.373 0.0000000000
89570  28.057  -3.525  -34.222 0.0000000000
89571  27.225  -4.012  -34.325 0.0000000000
89572  27.931  -4.093  -34.086 0.0000000000
89573  27.823  -4.679  -33.966 0.0000000000
89574  28.627  -4.183  -33.822 0.0000000000
89575  31.067  -4.112  -33.771 0.0000000000
89576  30.175  -4.497  -33.448 0.0000000000
89577  30.943  -4.717  -33.491 0.0000000000
89578  30.785  -5.299  -33.267 0.0000000000
90209  24.920  -21.218  -26.880 0.0000000000
90211  25.305  -18.330  -29.241 0.0000000000
90212  24.911  -18.692  -28.798 0.0000000000
90213  25.858  -19.159  -28.972 0.0000000000
90214  27.847  -21.035  -28.122 0.0000000000
90215  26.866  -20.660  -28.231 0.0000000000
90216  27.441  -21.387  -27.804 0.0000000000
90217  27.180  -21.706  -27.516 0.0000000000
90226  29.184  -15.604  -30.945 0.0000000000
90227  28.595  -15.949  -30.931 0.0000000000
90228  29.568  -16.299  -30.566 0.0000000000
94555  25.967  -7.063  -33.916 0.0000000000
94556  26.085  -6.527  -34.032 0.0000000000
94557  26.743  -6.166  -34.008 0.0000000000
94558  27.434  -5.761  -33.873 0.0000000000
97529  24.482  -15.291  -30.697 0.0000000000
97530  24.958  -16.091  -30.509 0.0000000000
97531  25.461  -15.821  -30.905 0.0000000000
97532  26.505  -16.319  -30.971 0.0000000000
97533  27.536  -16.683  -30.772 0.0000000000
101840  25.546  -23.812  -25.208 0.0000000000
101841  26.020  -24.518  -24.857 0.0000000000
101842  26.463  -24.256  -25.244 0.0000000000
101843  27.381  -24.629  -25.244 0.0000000000
101849  29.587  -12.926  -31.593 0.0000000000
101850  29.917  -13.585  -31.365 0.0000000000
105101  24.133  -10.741  -32.521 0.0000000000
105102  24.964  -11.239  -32.699 0.0000000000
105103  25.869  -11.660  -32.668 0.0000000000
105104  25.786  -11.054  -32.836 0.0000000000
105105  26.655  -10.860  -32.907 0.0000000000
105106  27.463  -10.582  -32.792 0.0000000000
105107  28.819  -7.926  -32.809 0.0000000000
105108  28.975  -8.596  -32.623 0.0000000000
105109  29.781  -8.153  -32.492 0.0000000000
105110  30.722  -8.388  -32.290 0.0000000000
113632  25.595  -2.900  -34.486 0.0000000000
113633  26.167  -2.882  -34.636 0.0000000000
113642  30.579  -0.937  -35.346 0.0000000000
113643  29.865  -1.365  -34.924 0.0000000000
113644  29.046  -1.881  -34.660 0.0000000000
113646  29.790  -2.534  -34.240 0.0000000000
113647  29.705  -3.122  -33.970 0.0000000000
113648  29.545  -3.706  -33.754 0.0000000000
113649  30.407  -3.262  -33.935 0.0000000000
113650  31.081  -3.516  -34.097 0.0000000000
114031  27.236  -19.258  -29.330 0.0000000000
114032  26.849  -19.583  -28.962 0.0000000000
114033  27.799  -19.947  -28.820 0.0000000000
114034  28.281  -20.712  -28.351 0.0000000000
118246  24.077  -24.695  -23.347 0.0000000000
118248  24.053  -23.825  -24.047 0.0000000000
118252  24.700  -23.363  -24.995 0.0000000000
118253  25.055  -23.124  -25.464 0.0000000000
118254  25.464  -22.880  -25.869 0.0000000000
118255  25.863  -22.625  -26.292 0.0000000000
120786  25.037  -8.942  -33.484 0.0000000000
120787  25.755  -9.294  -33.418 0.0000000000
120788  25.805  -8.735  -33.580 0.0000000000
120789  26.657  -8.500  -33.493 0.0000000000
120790  27.279  -8.123  -33.350 0.0000000000
120791  26.704  -7.334  -33.730 0.0000000000
120792  27.415  -7.563  -33.458 0.0000000000
120793  28.117  -7.757  -33.146 0.0000000000
120794  28.860  -7.317  -32.945 0.0000000000
120795  29.665  -6.874  -32.823 0.0000000000
120796  30.512  -6.458  -32.858 0.0000000000
127419  25.340  -0.895  -34.219 0.0000000000
127420  25.743  -0.871  -34.750 0.0000000000
127421  26.293  -0.842  -35.151 0.0000000000
127730  24.761  -17.471  -29.456 0.0000000000
127731  25.623  -18.004  -29.625 0.0000000000
127732  25.595  -16.926  -30.327 0.0000000000
127733  26.056  -17.684  -30.022 0.0000000000
127734  26.666  -18.510  -29.718 0.0000000000
127735  27.628  -18.863  -29.560 0.0000000000
127736  28.598  -19.247  -29.296 0.0000000000
127737  29.541  -19.592  -29.016 0.0000000000
136934  26.917  -14.248  -31.784 0.0000000000
136935  27.194  -14.905  -31.513 0.0000000000
136936  27.840  -14.594  -31.534 0.0000000000
136937  28.782  -14.915  -31.228 0.0000000000
136938  29.685  -15.213  -30.936 0.0000000000
136939  30.181  -14.178  -31.102 0.0000000000
136940  30.386  -14.894  -30.870 0.0000000000
136941  30.576  -15.564  -30.649 0.0000000000
143561  23.978  -14.529  -30.778 0.0000000000
143562  24.481  -14.259  -31.272 0.0000000000
143563  25.168  -14.059  -31.604 0.0000000000
143588  23.956  -12.869  -31.566 0.0000000000
143589  24.856  -13.338  -31.811 0.0000000000
143590  25.743  -13.783  -31.915 0.0000000000
143591  26.596  -13.581  -32.005 0.0000000000
143592  27.328  -13.312  -32.046 0.0000000000
143593  28.028  -12.989  -31.982 0.0000000000
143594  26.861  -12.025  -32.499 0.0000000000
143595  27.731  -12.320  -32.237 0.0000000000
143596  28.750  -12.673  -31.891 0.0000000000
143597  29.491  -12.283  -31.734 0.0000000000
143598  30.199  -11.954  -31.599 0.0000000000
143600  26.572  -9.659  -33.241 0.0000000000
143601  27.400  -9.981  -32.945 0.0000000000
143602  28.255  -10.210  -32.559 0.0000000000
143603  29.001  -9.195  -32.499 0.0000000000
143604  29.094  -9.821  -32.327 0.0000000000
143605  29.164  -10.468  -32.196 0.0000000000
143606  30.069  -10.730  -31.866 0.0000000000
160709  25.939  -4.853  -34.293 0.0000000000
160718  26.963  -0.825  -35.363 0.0000000000
160726  27.681  -0.785  -35.390 0.0000000000
160727  26.958  -1.305  -35.111 0.0000000000
160728  26.910  -1.803  -34.952 0.0000000000
160729  26.834  -2.376  -34.838 0.0000000000
160730  26.795  -2.893  -34.659 0.0000000000
160731  28.293  -2.405  -34.526 0.0000000000
160732  27.488  -2.932  -34.585 0.0000000000
160733  26.705  -3.415  -34.541 0.0000000000
160734  26.570  -3.943  -34.478 0.0000000000
160735  26.555  -4.466  -34.348 0.0000000000
160736  26.426  -4.968  -34.268 0.0000000000
160737  26.990  -5.094  -34.141 0.0000000000
160738  27.614  -5.212  -33.925 0.0000000000
160739  28.286  -5.319  -33.611 0.0000000000
160740  29.398  -4.328  -33.561 0.0000000000
160741  29.196  -4.917  -33.474 0.0000000000
160742  29.044  -5.463  -33.341 0.0000000000
160743  29.861  -5.636  -33.124 0.0000000000
160744  30.707  -5.871  -33.029 0.0000000000
161501  25.401  -21.909  -26.604 0.0000000000
161502  26.258  -22.352  -26.708 0.0000000000
161505  25.102  -19.817  -28.117 0.0000000000
161506  26.485  -19.933  -28.638 0.0000000000
161507  26.055  -20.261  -28.280 0.0000000000
161508  25.660  -20.596  -27.819 0.0000000000
161509  26.110  -21.320  -27.492 0.0000000000
161510  26.699  -22.033  -27.138 0.0000000000
161521  27.617  -15.631  -31.259 0.0000000000
161522  28.063  -16.314  -30.906 0.0000000000
161523  28.562  -17.068  -30.470 0.0000000000
161524  29.961  -17.037  -30.227 0.0000000000
161525  29.448  -17.385  -30.128 0.0000000000
161526  28.967  -17.790  -30.106 0.0000000000
161527  29.475  -18.486  -29.637 0.0000000000
